100	0.09	0.12	0.12	0	0	0.09
200	0.1	0.13	0.13	0	0	0.1
300	0.09	0.14	0.14	0	0	0.09
400	0.11	0.14	0.14	0	0	0.11
500	0.12	0.15	0.15	0	0	0.12
600	0.13	0.15	0.15	0	0	0.13
700	0.14	0.17	0.17	0	0	0.14
800	0.14	0.15	0.15	0	0	0.14
900	0.15	0.16	0.16	0	0	0.15
1000	0.15	0.16	0.16	0	0	0.15
1100	0.15	0.16	0.16	0	0	0.15
1200	0.15	0.17	0.17	0	0	0.15
1300	0.15	0.17	0.17	0	0	0.15
1400	0.16	0.17	0.17	0	0	0.16
1500	0.16	0.17	0.17	0	0	0.16
1600	0.15	0.19	0.19	0	0	0.15
1700	0.16	0.2	0.2	0	0	0.16
1800	0.14	0.18	0.18	0	0	0.14
1900	0.15	0.18	0.18	0	0	0.15
2000	0.15	0.2	0.2	0	0	0.15
2100	0.18	0.22	0.22	0	0	0.18
2200	0.2	0.21	0.21	0	0	0.2
2300	0.18	0.19	0.19	0	0	0.18
2400	0.16	0.22	0.22	0	0	0.16
2500	0.16	0.21	0.21	0	0	0.16
2600	0.16	0.2	0.2	0	0	0.16
2700	0.16	0.2	0.2	0	0	0.16
2800	0.17	0.2	0.2	0	0	0.17
2900	0.17	0.21	0.21	0	0	0.17
3000	0.16	0.2	0.2	0	0	0.16
3100	0.18	0.23	0.23	0	0	0.18
3200	0.16	0.22	0.22	0	0	0.16
3300	0.15	0.22	0.22	0	0	0.15
3400	0.16	0.22	0.22	0	0	0.16
3500	0.18	0.21	0.21	0	0	0.18
3600	0.18	0.22	0.22	0	0	0.18
3700	0.19	0.23	0.23	0	0	0.19
3800	0.19	0.24	0.24	0	0	0.19
3900	0.19	0.23	0.23	0	0	0.19
4000	0.19	0.23	0.23	0	0	0.19
4100	0.19	0.24	0.24	0	0	0.19
4200	0.2	0.24	0.24	0	0	0.2
4300	0.21	0.24	0.24	0	0	0.21
4400	0.21	0.24	0.24	0	0	0.21
4500	0.2	0.25	0.25	0	0	0.2
4600	0.2	0.26	0.26	0	0	0.2
4700	0.21	0.26	0.26	0	0	0.21
4800	0.22	0.26	0.26	0	0	0.22
4900	0.22	0.26	0.26	0	0	0.22
5000	0.23	0.25	0.25	0	0	0.23
5100	0.23	0.26	0.26	0	0	0.23
5200	0.23	0.27	0.27	0	0	0.23
5300	0.24	0.27	0.27	0	0	0.24
5400	0.24	0.28	0.28	0	0	0.24
5500	0.25	0.28	0.28	0	0	0.25
5600	0.23	0.28	0.28	0	0	0.23
5700	0.22	0.28	0.28	0	0	0.22
5800	0.22	0.28	0.28	0	0	0.22
5900	0.22	0.28	0.28	0	0	0.22
6000	0.22	0.27	0.27	0	0	0.22
6100	0.23	0.27	0.27	0	0	0.23
6200	0.23	0.27	0.27	0	0	0.23
6300	0.23	0.28	0.28	0	0	0.23
6400	0.23	0.28	0.28	0	0	0.23
6500	0.25	0.28	0.28	0	0	0.25
6600	0.25	0.28	0.28	0	0	0.25
6700	0.25	0.28	0.28	0	0	0.25
6800	0.25	0.27	0.27	0	0	0.25
6900	0.26	0.27	0.27	0	0	0.26
7000	0.27	0.28	0.28	0	0	0.27
7100	0.27	0.28	0.28	0	0	0.27
7200	0.27	0.29	0.29	0	0	0.27
7300	0.27	0.29	0.29	0	0	0.27
7400	0.27	0.3	0.3	0	0	0.27
7500	0.28	0.32	0.32	0	0	0.28
7600	0.26	0.32	0.32	0	0	0.26
7700	0.26	0.32	0.32	0	0	0.26
7800	0.25	0.32	0.32	0	0	0.25
7900	0.24	0.32	0.32	0	0	0.24
8000	0.24	0.31	0.31	0	0	0.24
8100	0.24	0.31	0.31	0	0	0.24
8200	0.24	0.32	0.32	0	0	0.24
8300	0.25	0.32	0.32	0	0	0.25
8400	0.26	0.31	0.31	0	0	0.26
8500	0.26	0.33	0.33	0	0	0.26
8600	0.27	0.31	0.31	0	0	0.27
8700	0.27	0.31	0.31	0	0	0.27
8800	0.29	0.31	0.31	0	0	0.29
8900	0.29	0.32	0.32	0	0	0.29
9000	0.29	0.31	0.31	0	0	0.29
9100	0.27	0.31	0.31	0	0	0.27
9200	0.27	0.31	0.31	0	0	0.27
9300	0.27	0.32	0.32	0	0	0.27
9400	0.28	0.32	0.32	0	0	0.28
9500	0.28	0.3	0.3	0	0	0.28
9600	0.25	0.3	0.3	0	0	0.25
9700	0.26	0.29	0.29	0	0	0.26
9800	0.26	0.29	0.29	0	0	0.26
9900	0.26	0.28	0.28	0	0	0.26
10000	0.26	0.28	0.28	0	0	0.26
10100	0.26	0.29	0.29	0	0	0.26
10200	0.26	0.29	0.29	0	0	0.26
10300	0.26	0.29	0.29	0	0	0.26
10400	0.25	0.29	0.29	0	0	0.25
10500	0.26	0.3	0.3	0	0	0.26
10600	0.26	0.29	0.29	0	0	0.26
10700	0.26	0.3	0.3	0	0	0.26
10800	0.26	0.3	0.3	0	0	0.26
10900	0.26	0.29	0.29	0	0	0.26
11000	0.25	0.27	0.27	0	0	0.25
11100	0.25	0.27	0.27	0	0	0.25
11200	0.25	0.24	0.24	0	0	0.25
11300	0.25	0.23	0.23	0	0	0.25
11400	0.25	0.23	0.23	0	0	0.25
11500	0.26	0.23	0.23	0	0	0.26
11600	0.26	0.22	0.22	0	0	0.26
11700	0.26	0.21	0.21	0	0	0.26
11800	0.27	0.21	0.21	0	0	0.27
11900	0.27	0.23	0.23	0	0	0.27
12000	0.29	0.22	0.22	0	0	0.29
12100	0.29	0.22	0.22	0	0	0.29
12200	0.29	0.23	0.23	0	0	0.29
12300	0.28	0.23	0.23	0	0	0.28
12400	0.28	0.23	0.23	0	0	0.28
12500	0.29	0.24	0.24	0	0	0.29
12600	0.29	0.24	0.24	0	0	0.29
12700	0.29	0.24	0.24	0	0	0.29
12800	0.3	0.24	0.24	0	0	0.3
12900	0.31	0.24	0.24	0	0	0.31
13000	0.31	0.24	0.24	0	0	0.31
13100	0.31	0.24	0.24	0	0	0.31
13200	0.31	0.25	0.25	0	0	0.31
13300	0.31	0.25	0.25	0	0	0.31
13400	0.31	0.25	0.25	0	0	0.31
13500	0.31	0.25	0.25	0	0	0.31
13600	0.31	0.25	0.25	0	0	0.31
13700	0.31	0.26	0.26	0	0	0.31
13800	0.31	0.26	0.26	0	0	0.31
13900	0.31	0.27	0.27	0	0	0.31
14000	0.31	0.26	0.26	0	0	0.31
14100	0.31	0.27	0.27	0	0	0.31
14200	0.29	0.27	0.27	0	0	0.29
14300	0.28	0.27	0.27	0	0	0.28
14400	0.28	0.27	0.27	0	0	0.28
14500	0.28	0.27	0.27	0	0	0.28
14600	0.28	0.27	0.27	0	0	0.28
14700	0.29	0.27	0.27	0	0	0.29
14800	0.3	0.27	0.27	0	0	0.3
14900	0.3	0.28	0.28	0	0	0.3
15000	0.3	0.28	0.28	0	0	0.3
15100	0.29	0.28	0.28	0	0	0.29
15200	0.29	0.28	0.28	0	0	0.29
15300	0.29	0.28	0.28	0	0	0.29
15400	0.31	0.28	0.28	0	0	0.31
15500	0.31	0.28	0.28	0	0	0.31
15600	0.31	0.28	0.28	0	0	0.31
15700	0.3	0.29	0.29	0	0	0.3
15800	0.3	0.31	0.31	0	0	0.3
15900	0.29	0.31	0.31	0	0	0.29
16000	0.29	0.31	0.31	0	0	0.29
16100	0.29	0.3	0.3	0	0	0.29
16200	0.3	0.3	0.3	0	0	0.3
16300	0.29	0.3	0.3	0	0	0.29
16400	0.29	0.3	0.3	0	0	0.29
16500	0.29	0.3	0.3	0	0	0.29
16600	0.29	0.3	0.3	0	0	0.29
16700	0.29	0.31	0.31	0	0	0.29
16800	0.29	0.31	0.31	0	0	0.29
16900	0.3	0.31	0.31	0	0	0.3
17000	0.3	0.31	0.31	0	0	0.3
17100	0.31	0.31	0.31	0	0	0.31
17200	0.32	0.32	0.32	0	0	0.32
17300	0.31	0.34	0.34	0	0	0.31
17400	0.31	0.35	0.35	0	0	0.31
17500	0.31	0.35	0.35	0	0	0.31
17600	0.33	0.35	0.35	0	0	0.33
17700	0.33	0.35	0.35	0	0	0.33
17800	0.34	0.35	0.35	0	0	0.34
17900	0.34	0.34	0.34	0	0	0.34
18000	0.33	0.34	0.34	0	0	0.33
18100	0.33	0.34	0.34	0	0	0.33
18200	0.33	0.34	0.34	0	0	0.33
18300	0.33	0.34	0.34	0	0	0.33
18400	0.34	0.35	0.35	0	0	0.34
18500	0.34	0.34	0.34	0	0	0.34
18600	0.34	0.33	0.33	0	0	0.34
18700	0.34	0.34	0.34	0	0	0.34
18800	0.35	0.34	0.34	0	0	0.35
18900	0.35	0.34	0.34	0	0	0.35
19000	0.34	0.34	0.34	0	0	0.34
19100	0.34	0.34	0.34	0	0	0.34
19200	0.34	0.35	0.35	0	0	0.34
19300	0.34	0.35	0.35	0	0	0.34
19400	0.33	0.35	0.35	0	0	0.33
19500	0.34	0.35	0.35	0	0	0.34
19600	0.33	0.35	0.35	0	0	0.33
19700	0.33	0.37	0.37	0	0	0.33
19800	0.33	0.37	0.37	0	0	0.33
19900	0.34	0.37	0.37	0	0	0.34
20000	0.33	0.37	0.37	0	0	0.33
20100	0.33	0.37	0.37	0	0	0.33
20200	0.33	0.38	0.38	0	0	0.33
20300	0.33	0.39	0.39	0	0	0.33
20400	0.35	0.39	0.39	0	0	0.35
20500	0.35	0.38	0.38	0	0	0.35
20600	0.36	0.37	0.37	0	0	0.36
20700	0.36	0.35	0.35	0	0	0.36
20800	0.37	0.35	0.35	0	0	0.37
20900	0.37	0.35	0.35	0	0	0.37
21000	0.35	0.35	0.35	0	0	0.35
21100	0.35	0.35	0.35	0	0	0.35
21200	0.37	0.35	0.35	0	0	0.37
21300	0.36	0.36	0.36	0	0	0.36
21400	0.36	0.36	0.36	0	0	0.36
21500	0.35	0.36	0.36	0	0	0.35
21600	0.35	0.36	0.36	0	0	0.35
21700	0.36	0.35	0.35	0	0	0.36
21800	0.36	0.35	0.35	0	0	0.36
21900	0.36	0.35	0.35	0	0	0.36
22000	0.36	0.36	0.36	0	0	0.36
22100	0.36	0.36	0.36	0	0	0.36
22200	0.36	0.37	0.37	0	0	0.36
22300	0.37	0.38	0.38	0	0	0.37
22400	0.37	0.38	0.38	0	0	0.37
22500	0.37	0.38	0.38	0	0	0.37
22600	0.37	0.37	0.37	0	0	0.37
22700	0.37	0.38	0.38	0	0	0.37
22800	0.36	0.36	0.36	0	0	0.36
22900	0.36	0.36	0.36	0	0	0.36
23000	0.36	0.36	0.36	0	0	0.36
23100	0.36	0.36	0.36	0	0	0.36
23200	0.35	0.36	0.36	0	0	0.35
23300	0.36	0.36	0.36	0	0	0.36
23400	0.35	0.36	0.36	0	0	0.35
23500	0.35	0.36	0.36	0	0	0.35
23600	0.34	0.36	0.36	0	0	0.34
23700	0.34	0.36	0.36	0	0	0.34
23800	0.34	0.36	0.36	0	0	0.34
23900	0.34	0.36	0.36	0	0	0.34
24000	0.33	0.36	0.36	0	0	0.33
24100	0.33	0.36	0.36	0	0	0.33
24200	0.32	0.36	0.36	0	0	0.32
24300	0.33	0.36	0.36	0	0	0.33
24400	0.34	0.36	0.36	0	0	0.34
24500	0.34	0.36	0.36	0	0	0.34
24600	0.34	0.37	0.37	0	0	0.34
24700	0.35	0.38	0.38	0	0	0.35
24800	0.35	0.37	0.37	0	0	0.35
24900	0.35	0.37	0.37	0	0	0.35
25000	0.35	0.38	0.38	0	0	0.35
25100	0.34	0.38	0.38	0	0	0.34
25200	0.34	0.36	0.36	0	0	0.34
25300	0.34	0.36	0.36	0	0	0.34
25400	0.34	0.36	0.36	0	0	0.34
25500	0.34	0.36	0.36	0	0	0.34
25600	0.34	0.36	0.36	0	0	0.34
25700	0.33	0.35	0.35	0	0	0.33
25800	0.33	0.36	0.36	0	0	0.33
25900	0.33	0.36	0.36	0	0	0.33
26000	0.34	0.36	0.36	0	0	0.34
26100	0.34	0.36	0.36	0	0	0.34
26200	0.34	0.36	0.36	0	0	0.34
26300	0.34	0.36	0.36	0	0	0.34
26400	0.34	0.36	0.36	0	0	0.34
26500	0.34	0.36	0.36	0	0	0.34
26600	0.34	0.36	0.36	0	0	0.34
26700	0.35	0.36	0.36	0	0	0.35
26800	0.35	0.35	0.35	0	0	0.35
26900	0.36	0.35	0.35	0	0	0.36
27000	0.36	0.34	0.34	0	0	0.36
27100	0.36	0.34	0.34	0	0	0.36
27200	0.36	0.35	0.35	0	0	0.36
27300	0.36	0.35	0.35	0	0	0.36
27400	0.36	0.35	0.35	0	0	0.36
27500	0.36	0.36	0.36	0	0	0.36
27600	0.37	0.36	0.36	0	0	0.37
27700	0.35	0.35	0.35	0	0	0.35
27800	0.35	0.34	0.34	0	0	0.35
27900	0.35	0.35	0.35	0	0	0.35
28000	0.35	0.35	0.35	0	0	0.35
28100	0.35	0.36	0.36	0	0	0.35
28200	0.35	0.35	0.35	0	0	0.35
28300	0.37	0.34	0.34	0	0	0.37
28400	0.37	0.34	0.34	0	0	0.37
28500	0.37	0.32	0.32	0	0	0.37
28600	0.38	0.32	0.32	0	0	0.38
28700	0.37	0.32	0.32	0	0	0.37
28800	0.37	0.32	0.32	0	0	0.37
28900	0.37	0.32	0.32	0	0	0.37
29000	0.38	0.31	0.31	0	0	0.38
29100	0.37	0.3	0.3	0	0	0.37
29200	0.37	0.28	0.28	0	0	0.37
29300	0.37	0.31	0.31	0	0	0.37
29400	0.37	0.31	0.31	0	0	0.37
29500	0.37	0.3	0.3	0	0	0.37
29600	0.37	0.3	0.3	0	0	0.37
29700	0.37	0.3	0.3	0	0	0.37
29800	0.37	0.29	0.29	0	0	0.37
29900	0.37	0.3	0.3	0	0	0.37
30000	0.37	0.3	0.3	0	0	0.37
30100	0.37	0.3	0.3	0	0	0.37
30200	0.37	0.3	0.3	0	0	0.37
30300	0.37	0.3	0.3	0	0	0.37
30400	0.38	0.31	0.31	0	0	0.38
30500	0.38	0.31	0.31	0	0	0.38
30600	0.39	0.31	0.31	0	0	0.39
30700	0.4	0.31	0.31	0	0	0.4
30800	0.39	0.32	0.32	0	0	0.39
30900	0.39	0.33	0.33	0	0	0.39
31000	0.4	0.33	0.33	0	0	0.4
31100	0.39	0.33	0.33	0	0	0.39
31200	0.39	0.33	0.33	0	0	0.39
31300	0.39	0.33	0.33	0	0	0.39
31400	0.39	0.34	0.34	0	0	0.39
31500	0.39	0.34	0.34	0	0	0.39
31600	0.39	0.34	0.34	0	0	0.39
31700	0.4	0.34	0.34	0	0	0.4
31800	0.41	0.34	0.34	0	0	0.41
31900	0.41	0.34	0.34	0	0	0.41
32000	0.4	0.34	0.34	0	0	0.4
32100	0.4	0.34	0.34	0	0	0.4
32200	0.39	0.34	0.34	0	0	0.39
32300	0.39	0.34	0.34	0	0	0.39
32400	0.38	0.34	0.34	0	0	0.38
32500	0.38	0.34	0.34	0	0	0.38
32600	0.38	0.35	0.35	0	0	0.38
32700	0.38	0.35	0.35	0	0	0.38
32800	0.38	0.36	0.36	0	0	0.38
32900	0.38	0.37	0.37	0	0	0.38
33000	0.38	0.37	0.37	0	0	0.38
33100	0.38	0.37	0.37	0	0	0.38
33200	0.38	0.37	0.37	0	0	0.38
33300	0.38	0.37	0.37	0	0	0.38
33400	0.38	0.37	0.37	0	0	0.38
33500	0.38	0.37	0.37	0	0	0.38
33600	0.39	0.37	0.37	0	0	0.39
33700	0.4	0.37	0.37	0	0	0.4
33800	0.39	0.37	0.37	0	0	0.39
33900	0.39	0.37	0.37	0	0	0.39
34000	0.38	0.37	0.37	0	0	0.38
34100	0.38	0.37	0.37	0	0	0.38
34200	0.38	0.36	0.36	0	0	0.38
34300	0.38	0.37	0.37	0	0	0.38
34400	0.38	0.37	0.37	0	0	0.38
34500	0.38	0.37	0.37	0	0	0.38
34600	0.38	0.37	0.37	0	0	0.38
34700	0.38	0.37	0.37	0	0	0.38
34800	0.38	0.37	0.37	0	0	0.38
34900	0.38	0.37	0.37	0	0	0.38
35000	0.38	0.38	0.38	0	0	0.38
35100	0.38	0.37	0.37	0	0	0.38
35200	0.38	0.38	0.38	0	0	0.38
35300	0.37	0.38	0.38	0	0	0.37
35400	0.37	0.38	0.38	0	0	0.37
35500	0.37	0.38	0.38	0	0	0.37
35600	0.37	0.36	0.36	0	0	0.37
35700	0.37	0.36	0.36	0	0	0.37
35800	0.37	0.36	0.36	0	0	0.37
35900	0.37	0.36	0.36	0	0	0.37
36000	0.37	0.36	0.36	0	0	0.37
36100	0.37	0.36	0.36	0	0	0.37
36200	0.36	0.36	0.36	0	0	0.36
36300	0.36	0.36	0.36	0	0	0.36
36400	0.36	0.37	0.37	0	0	0.36
36500	0.35	0.37	0.37	0	0	0.35
36600	0.35	0.37	0.37	0	0	0.35
36700	0.35	0.37	0.37	0	0	0.35
36800	0.36	0.38	0.38	0	0	0.36
36900	0.35	0.38	0.38	0	0	0.35
37000	0.35	0.37	0.37	0	0	0.35
37100	0.34	0.37	0.37	0	0	0.34
37200	0.34	0.37	0.37	0	0	0.34
37300	0.34	0.37	0.37	0	0	0.34
37400	0.34	0.37	0.37	0	0	0.34
37500	0.34	0.37	0.37	0	0	0.34
37600	0.34	0.37	0.37	0	0	0.34
37700	0.34	0.37	0.37	0	0	0.34
37800	0.35	0.38	0.38	0	0	0.35
37900	0.35	0.38	0.38	0	0	0.35
38000	0.35	0.38	0.38	0	0	0.35
38100	0.35	0.37	0.37	0	0	0.35
38200	0.35	0.37	0.37	0	0	0.35
38300	0.35	0.38	0.38	0	0	0.35
38400	0.36	0.38	0.38	0	0	0.36
38500	0.37	0.38	0.38	0	0	0.37
38600	0.36	0.37	0.37	0	0	0.36
38700	0.36	0.37	0.37	0	0	0.36
38800	0.35	0.37	0.37	0	0	0.35
38900	0.35	0.37	0.37	0	0	0.35
39000	0.35	0.37	0.37	0	0	0.35
39100	0.37	0.37	0.37	0	0	0.37
39200	0.37	0.36	0.36	0	0	0.37
39300	0.37	0.36	0.36	0	0	0.37
39400	0.37	0.36	0.36	0	0	0.37
39500	0.37	0.36	0.36	0	0	0.37
39600	0.37	0.36	0.36	0	0	0.37
39700	0.37	0.38	0.38	0	0	0.37
39800	0.37	0.38	0.38	0	0	0.37
39900	0.36	0.38	0.38	0	0	0.36
40000	0.35	0.38	0.38	0	0	0.35
40100	0.36	0.39	0.39	0	0	0.36
40200	0.36	0.39	0.39	0	0	0.36
40300	0.36	0.39	0.39	0	0	0.36
40400	0.35	0.39	0.39	0	0	0.35
40500	0.36	0.4	0.4	0	0	0.36
40600	0.36	0.41	0.41	0	0	0.36
40700	0.36	0.41	0.41	0	0	0.36
40800	0.36	0.41	0.41	0	0	0.36
40900	0.36	0.41	0.41	0	0	0.36
41000	0.36	0.41	0.41	0	0	0.36
41100	0.36	0.41	0.41	0	0	0.36
41200	0.36	0.41	0.41	0	0	0.36
41300	0.35	0.41	0.41	0	0	0.35
41400	0.35	0.41	0.41	0	0	0.35
41500	0.35	0.42	0.42	0	0	0.35
41600	0.35	0.43	0.43	0	0	0.35
41700	0.35	0.43	0.43	0	0	0.35
41800	0.35	0.42	0.42	0	0	0.35
41900	0.35	0.42	0.42	0	0	0.35
42000	0.36	0.42	0.42	0	0	0.36
42100	0.35	0.43	0.43	0	0	0.35
42200	0.36	0.43	0.43	0	0	0.36
42300	0.36	0.42	0.42	0	0	0.36
42400	0.36	0.42	0.42	0	0	0.36
42500	0.36	0.42	0.42	0	0	0.36
42600	0.36	0.42	0.42	0	0	0.36
42700	0.35	0.43	0.43	0	0	0.35
42800	0.35	0.43	0.43	0	0	0.35
42900	0.35	0.44	0.44	0	0	0.35
43000	0.36	0.44	0.44	0	0	0.36
43100	0.36	0.44	0.44	0	0	0.36
43200	0.36	0.45	0.45	0	0	0.36
43300	0.36	0.45	0.45	0	0	0.36
43400	0.37	0.45	0.45	0	0	0.37
43500	0.36	0.45	0.45	0	0	0.36
43600	0.36	0.45	0.45	0	0	0.36
43700	0.36	0.45	0.45	0	0	0.36
43800	0.36	0.45	0.45	0	0	0.36
43900	0.36	0.45	0.45	0	0	0.36
44000	0.36	0.45	0.45	0	0	0.36
44100	0.36	0.45	0.45	0	0	0.36
44200	0.36	0.44	0.44	0	0	0.36
44300	0.36	0.43	0.43	0	0	0.36
44400	0.36	0.43	0.43	0	0	0.36
44500	0.36	0.42	0.42	0	0	0.36
44600	0.36	0.42	0.42	0	0	0.36
44700	0.36	0.42	0.42	0	0	0.36
44800	0.36	0.41	0.41	0	0	0.36
44900	0.36	0.41	0.41	0	0	0.36
45000	0.36	0.41	0.41	0	0	0.36
45100	0.36	0.41	0.41	0	0	0.36
45200	0.36	0.41	0.41	0	0	0.36
45300	0.37	0.41	0.41	0	0	0.37
45400	0.37	0.41	0.41	0	0	0.37
45500	0.37	0.41	0.41	0	0	0.37
45600	0.37	0.39	0.39	0	0	0.37
45700	0.37	0.39	0.39	0	0	0.37
45800	0.37	0.39	0.39	0	0	0.37
45900	0.37	0.39	0.39	0	0	0.37
46000	0.36	0.39	0.39	0	0	0.36
46100	0.36	0.4	0.4	0	0	0.36
46200	0.36	0.4	0.4	0	0	0.36
46300	0.36	0.4	0.4	0	0	0.36
46400	0.36	0.41	0.41	0	0	0.36
46500	0.36	0.41	0.41	0	0	0.36
46600	0.36	0.41	0.41	0	0	0.36
46700	0.36	0.41	0.41	0	0	0.36
46800	0.37	0.41	0.41	0	0	0.37
46900	0.37	0.41	0.41	0	0	0.37
47000	0.37	0.41	0.41	0	0	0.37
47100	0.37	0.4	0.4	0	0	0.37
47200	0.37	0.4	0.4	0	0	0.37
47300	0.37	0.4	0.4	0	0	0.37
47400	0.37	0.39	0.39	0	0	0.37
47500	0.37	0.39	0.39	0	0	0.37
47600	0.38	0.39	0.39	0	0	0.38
47700	0.39	0.39	0.39	0	0	0.39
47800	0.39	0.39	0.39	0	0	0.39
47900	0.37	0.4	0.4	0	0	0.37
48000	0.37	0.4	0.4	0	0	0.37
48100	0.35	0.4	0.4	0	0	0.35
48200	0.35	0.39	0.39	0	0	0.35
48300	0.36	0.38	0.38	0	0	0.36
48400	0.36	0.38	0.38	0	0	0.36
48500	0.36	0.38	0.38	0	0	0.36
48600	0.36	0.37	0.37	0	0	0.36
48700	0.35	0.37	0.37	0	0	0.35
48800	0.35	0.37	0.37	0	0	0.35
48900	0.35	0.37	0.37	0	0	0.35
49000	0.35	0.37	0.37	0	0	0.35
49100	0.35	0.37	0.37	0	0	0.35
49200	0.35	0.37	0.37	0	0	0.35
49300	0.35	0.37	0.37	0	0	0.35
49400	0.35	0.37	0.37	0	0	0.35
49500	0.35	0.37	0.37	0	0	0.35
49600	0.36	0.37	0.37	0	0	0.36
49700	0.37	0.37	0.37	0	0	0.37
49800	0.37	0.36	0.36	0	0	0.37
49900	0.36	0.36	0.36	0	0	0.36
50000	0.36	0.36	0.36	0	0	0.36
50100	0.36	0.35	0.35	0	0	0.36
50200	0.37	0.35	0.35	0	0	0.37
50300	0.37	0.35	0.35	0	0	0.37
50400	0.37	0.35	0.35	0	0	0.37
50500	0.37	0.35	0.35	0	0	0.37
50600	0.37	0.36	0.36	0	0	0.37
50700	0.37	0.36	0.36	0	0	0.37
50800	0.37	0.35	0.35	0	0	0.37
50900	0.38	0.35	0.35	0	0	0.38
51000	0.38	0.35	0.35	0	0	0.38
51100	0.38	0.34	0.34	0	0	0.38
51200	0.38	0.34	0.34	0	0	0.38
51300	0.38	0.34	0.34	0	0	0.38
51400	0.38	0.34	0.34	0	0	0.38
51500	0.38	0.34	0.34	0	0	0.38
51600	0.38	0.34	0.34	0	0	0.38
51700	0.38	0.34	0.34	0	0	0.38
51800	0.39	0.34	0.34	0	0	0.39
51900	0.4	0.35	0.35	0	0	0.4
52000	0.39	0.35	0.35	0	0	0.39
52100	0.39	0.35	0.35	0	0	0.39
52200	0.39	0.35	0.35	0	0	0.39
52300	0.39	0.35	0.35	0	0	0.39
52400	0.39	0.34	0.34	0	0	0.39
52500	0.39	0.34	0.34	0	0	0.39
52600	0.38	0.36	0.36	0	0	0.38
52700	0.39	0.36	0.36	0	0	0.39
52800	0.4	0.37	0.37	0	0	0.4
52900	0.4	0.37	0.37	0	0	0.4
53000	0.4	0.37	0.37	0	0	0.4
53100	0.39	0.36	0.36	0	0	0.39
53200	0.4	0.36	0.36	0	0	0.4
53300	0.4	0.36	0.36	0	0	0.4
53400	0.4	0.36	0.36	0	0	0.4
53500	0.4	0.37	0.37	0	0	0.4
53600	0.4	0.36	0.36	0	0	0.4
53700	0.4	0.36	0.36	0	0	0.4
53800	0.4	0.36	0.36	0	0	0.4
53900	0.4	0.36	0.36	0	0	0.4
54000	0.4	0.37	0.37	0	0	0.4
54100	0.4	0.38	0.38	0	0	0.4
54200	0.4	0.38	0.38	0	0	0.4
54300	0.41	0.37	0.37	0	0	0.41
54400	0.41	0.37	0.37	0	0	0.41
54500	0.4	0.37	0.37	0	0	0.4
54600	0.4	0.38	0.38	0	0	0.4
54700	0.4	0.37	0.37	0	0	0.4
54800	0.4	0.37	0.37	0	0	0.4
54900	0.4	0.37	0.37	0	0	0.4
55000	0.39	0.36	0.36	0	0	0.39
55100	0.39	0.36	0.36	0	0	0.39
55200	0.4	0.35	0.35	0	0	0.4
55300	0.39	0.35	0.35	0	0	0.39
55400	0.39	0.35	0.35	0	0	0.39
55500	0.39	0.35	0.35	0	0	0.39
55600	0.39	0.35	0.35	0	0	0.39
55700	0.38	0.35	0.35	0	0	0.38
55800	0.38	0.35	0.35	0	0	0.38
55900	0.38	0.35	0.35	0	0	0.38
56000	0.38	0.36	0.36	0	0	0.38
56100	0.39	0.36	0.36	0	0	0.39
56200	0.39	0.36	0.36	0	0	0.39
56300	0.39	0.36	0.36	0	0	0.39
56400	0.39	0.36	0.36	0	0	0.39
56500	0.39	0.36	0.36	0	0	0.39
56600	0.39	0.36	0.36	0	0	0.39
56700	0.39	0.37	0.37	0	0	0.39
56800	0.39	0.36	0.36	0	0	0.39
56900	0.39	0.36	0.36	0	0	0.39
57000	0.39	0.36	0.36	0	0	0.39
57100	0.39	0.36	0.36	0	0	0.39
57200	0.39	0.37	0.37	0	0	0.39
57300	0.39	0.37	0.37	0	0	0.39
57400	0.39	0.37	0.37	0	0	0.39
57500	0.39	0.37	0.37	0	0	0.39
57600	0.39	0.37	0.37	0	0	0.39
57700	0.39	0.37	0.37	0	0	0.39
57800	0.39	0.37	0.37	0	0	0.39
57900	0.4	0.36	0.36	0	0	0.4
58000	0.41	0.36	0.36	0	0	0.41
58100	0.41	0.36	0.36	0	0	0.41
58200	0.41	0.36	0.36	0	0	0.41
58300	0.41	0.36	0.36	0	0	0.41
58400	0.41	0.36	0.36	0	0	0.41
58500	0.41	0.36	0.36	0	0	0.41
58600	0.41	0.36	0.36	0	0	0.41
58700	0.41	0.36	0.36	0	0	0.41
58800	0.41	0.37	0.37	0	0	0.41
58900	0.41	0.37	0.37	0	0	0.41
59000	0.4	0.37	0.37	0	0	0.4
59100	0.4	0.37	0.37	0	0	0.4
59200	0.4	0.38	0.38	0	0	0.4
59300	0.4	0.38	0.38	0	0	0.4
59400	0.4	0.39	0.39	0	0	0.4
59500	0.4	0.39	0.39	0	0	0.4
59600	0.4	0.39	0.39	0	0	0.4
59700	0.4	0.38	0.38	0	0	0.4
59800	0.4	0.38	0.38	0	0	0.4
59900	0.4	0.38	0.38	0	0	0.4
60000	0.41	0.38	0.38	0	0	0.41
60100	0.41	0.38	0.38	0	0	0.41
60200	0.41	0.38	0.38	0	0	0.41
60300	0.41	0.37	0.37	0	0	0.41
60400	0.41	0.37	0.37	0	0	0.41
60500	0.41	0.37	0.37	0	0	0.41
60600	0.41	0.38	0.38	0	0	0.41
60700	0.41	0.37	0.37	0	0	0.41
60800	0.41	0.37	0.37	0	0	0.41
60900	0.41	0.37	0.37	0	0	0.41
61000	0.41	0.37	0.37	0	0	0.41
61100	0.41	0.37	0.37	0	0	0.41
61200	0.41	0.37	0.37	0	0	0.41
61300	0.41	0.37	0.37	0	0	0.41
61400	0.41	0.38	0.38	0	0	0.41
61500	0.41	0.38	0.38	0	0	0.41
61600	0.41	0.39	0.39	0	0	0.41
61700	0.41	0.39	0.39	0	0	0.41
61800	0.41	0.39	0.39	0	0	0.41
61900	0.41	0.4	0.4	0	0	0.41
62000	0.41	0.4	0.4	0	0	0.41
62100	0.41	0.4	0.4	0	0	0.41
62200	0.41	0.4	0.4	0	0	0.41
62300	0.41	0.4	0.4	0	0	0.41
62400	0.41	0.4	0.4	0	0	0.41
62500	0.41	0.4	0.4	0	0	0.41
62600	0.41	0.4	0.4	0	0	0.41
62700	0.41	0.4	0.4	0	0	0.41
62800	0.41	0.4	0.4	0	0	0.41
62900	0.41	0.4	0.4	0	0	0.41
63000	0.41	0.4	0.4	0	0	0.41
63100	0.41	0.4	0.4	0	0	0.41
63200	0.41	0.4	0.4	0	0	0.41
63300	0.41	0.41	0.41	0	0	0.41
63400	0.41	0.4	0.4	0	0	0.41
63500	0.41	0.4	0.4	0	0	0.41
63600	0.41	0.4	0.4	0	0	0.41
63700	0.41	0.4	0.4	0	0	0.41
63800	0.41	0.41	0.41	0	0	0.41
63900	0.41	0.41	0.41	0	0	0.41
64000	0.41	0.42	0.42	0	0	0.41
64100	0.41	0.41	0.41	0	0	0.41
64200	0.41	0.41	0.41	0	0	0.41
64300	0.42	0.41	0.41	0	0	0.42
64400	0.42	0.41	0.41	0	0	0.42
64500	0.42	0.41	0.41	0	0	0.42
64600	0.42	0.41	0.41	0	0	0.42
64700	0.42	0.41	0.41	0	0	0.42
64800	0.43	0.41	0.41	0	0	0.43
64900	0.43	0.42	0.42	0	0	0.43
65000	0.43	0.42	0.42	0	0	0.43
65100	0.43	0.42	0.42	0	0	0.43
65200	0.43	0.42	0.42	0	0	0.43
65300	0.43	0.42	0.42	0	0	0.43
65400	0.43	0.42	0.42	0	0	0.43
65500	0.43	0.42	0.42	0	0	0.43
65600	0.43	0.42	0.42	0	0	0.43
65700	0.44	0.42	0.42	0	0	0.44
65800	0.44	0.42	0.42	0	0	0.44
65900	0.44	0.42	0.42	0	0	0.44
66000	0.44	0.42	0.42	0	0	0.44
66100	0.44	0.42	0.42	0	0	0.44
66200	0.44	0.42	0.42	0	0	0.44
66300	0.44	0.42	0.42	0	0	0.44
66400	0.44	0.42	0.42	0	0	0.44
66500	0.44	0.42	0.42	0	0	0.44
66600	0.44	0.41	0.41	0	0	0.44
66700	0.44	0.41	0.41	0	0	0.44
66800	0.44	0.4	0.4	0	0	0.44
66900	0.44	0.4	0.4	0	0	0.44
67000	0.44	0.4	0.4	0	0	0.44
67100	0.44	0.4	0.4	0	0	0.44
67200	0.44	0.41	0.41	0	0	0.44
67300	0.44	0.41	0.41	0	0	0.44
67400	0.44	0.4	0.4	0	0	0.44
67500	0.44	0.4	0.4	0	0	0.44
67600	0.44	0.4	0.4	0	0	0.44
67700	0.44	0.39	0.39	0	0	0.44
67800	0.44	0.39	0.39	0	0	0.44
67900	0.44	0.39	0.39	0	0	0.44
68000	0.44	0.38	0.38	0	0	0.44
68100	0.44	0.38	0.38	0	0	0.44
68200	0.44	0.38	0.38	0	0	0.44
68300	0.44	0.39	0.39	0	0	0.44
68400	0.44	0.4	0.4	0	0	0.44
68500	0.44	0.39	0.39	0	0	0.44
68600	0.44	0.39	0.39	0	0	0.44
68700	0.45	0.39	0.39	0	0	0.45
68800	0.44	0.39	0.39	0	0	0.44
68900	0.44	0.38	0.38	0	0	0.44
69000	0.44	0.38	0.38	0	0	0.44
69100	0.45	0.38	0.38	0	0	0.45
69200	0.45	0.38	0.38	0	0	0.45
69300	0.45	0.38	0.38	0	0	0.45
69400	0.45	0.38	0.38	0	0	0.45
69500	0.45	0.38	0.38	0	0	0.45
69600	0.45	0.38	0.38	0	0	0.45
69700	0.45	0.39	0.39	0	0	0.45
69800	0.45	0.38	0.38	0	0	0.45
69900	0.45	0.38	0.38	0	0	0.45
70000	0.45	0.38	0.38	0	0	0.45
70100	0.45	0.38	0.38	0	0	0.45
70200	0.45	0.38	0.38	0	0	0.45
70300	0.46	0.39	0.39	0	0	0.46
70400	0.47	0.39	0.39	0	0	0.47
70500	0.46	0.4	0.4	0	0	0.46
70600	0.47	0.4	0.4	0	0	0.47
70700	0.47	0.4	0.4	0	0	0.47
70800	0.48	0.4	0.4	0	0	0.48
70900	0.48	0.4	0.4	0	0	0.48
71000	0.48	0.4	0.4	0	0	0.48
71100	0.48	0.4	0.4	0	0	0.48
71200	0.49	0.4	0.4	0	0	0.49
71300	0.49	0.4	0.4	0	0	0.49
71400	0.49	0.4	0.4	0	0	0.49
71500	0.49	0.4	0.4	0	0	0.49
71600	0.49	0.4	0.4	0	0	0.49
71700	0.49	0.4	0.4	0	0	0.49
71800	0.49	0.4	0.4	0	0	0.49
71900	0.49	0.4	0.4	0	0	0.49
72000	0.49	0.4	0.4	0	0	0.49
72100	0.49	0.4	0.4	0	0	0.49
72200	0.49	0.4	0.4	0	0	0.49
72300	0.49	0.38	0.38	0	0	0.49
72400	0.49	0.38	0.38	0	0	0.49
72500	0.48	0.38	0.38	0	0	0.48
72600	0.48	0.38	0.38	0	0	0.48
72700	0.49	0.38	0.38	0	0	0.49
72800	0.48	0.38	0.38	0	0	0.48
72900	0.48	0.38	0.38	0	0	0.48
73000	0.47	0.38	0.38	0	0	0.47
73100	0.47	0.38	0.38	0	0	0.47
73200	0.47	0.38	0.38	0	0	0.47
73300	0.47	0.38	0.38	0	0	0.47
73400	0.47	0.37	0.37	0	0	0.47
73500	0.46	0.37	0.37	0	0	0.46
73600	0.47	0.38	0.38	0	0	0.47
73700	0.46	0.38	0.38	0	0	0.46
73800	0.45	0.37	0.37	0	0	0.45
73900	0.45	0.37	0.37	0	0	0.45
74000	0.45	0.37	0.37	0	0	0.45
74100	0.43	0.37	0.37	0	0	0.43
74200	0.43	0.37	0.37	0	0	0.43
74300	0.42	0.37	0.37	0	0	0.42
74400	0.42	0.37	0.37	0	0	0.42
74500	0.42	0.37	0.37	0	0	0.42
74600	0.41	0.38	0.38	0	0	0.41
74700	0.4	0.38	0.38	0	0	0.4
74800	0.4	0.38	0.38	0	0	0.4
74900	0.4	0.37	0.37	0	0	0.4
75000	0.4	0.38	0.38	0	0	0.4
75100	0.4	0.38	0.38	0	0	0.4
75200	0.4	0.38	0.38	0	0	0.4
75300	0.41	0.38	0.38	0	0	0.41
75400	0.41	0.38	0.38	0	0	0.41
75500	0.4	0.38	0.38	0	0	0.4
75600	0.39	0.37	0.37	0	0	0.39
75700	0.39	0.37	0.37	0	0	0.39
75800	0.39	0.37	0.37	0	0	0.39
75900	0.4	0.37	0.37	0	0	0.4
76000	0.39	0.37	0.37	0	0	0.39
76100	0.39	0.37	0.37	0	0	0.39
76200	0.39	0.37	0.37	0	0	0.39
76300	0.4	0.37	0.37	0	0	0.4
76400	0.4	0.36	0.36	0	0	0.4
76500	0.41	0.36	0.36	0	0	0.41
76600	0.41	0.36	0.36	0	0	0.41
76700	0.41	0.36	0.36	0	0	0.41
76800	0.41	0.36	0.36	0	0	0.41
76900	0.41	0.37	0.37	0	0	0.41
77000	0.41	0.36	0.36	0	0	0.41
77100	0.42	0.36	0.36	0	0	0.42
77200	0.42	0.36	0.36	0	0	0.42
77300	0.42	0.36	0.36	0	0	0.42
77400	0.42	0.36	0.36	0	0	0.42
77500	0.42	0.38	0.38	0	0	0.42
77600	0.42	0.38	0.38	0	0	0.42
77700	0.42	0.38	0.38	0	0	0.42
77800	0.42	0.38	0.38	0	0	0.42
77900	0.42	0.38	0.38	0	0	0.42
78000	0.43	0.38	0.38	0	0	0.43
78100	0.42	0.38	0.38	0	0	0.42
78200	0.42	0.39	0.39	0	0	0.42
78300	0.41	0.39	0.39	0	0	0.41
78400	0.41	0.39	0.39	0	0	0.41
78500	0.42	0.4	0.4	0	0	0.42
78600	0.42	0.4	0.4	0	0	0.42
78700	0.43	0.39	0.39	0	0	0.43
78800	0.44	0.39	0.39	0	0	0.44
78900	0.44	0.39	0.39	0	0	0.44
79000	0.44	0.38	0.38	0	0	0.44
79100	0.44	0.38	0.38	0	0	0.44
79200	0.44	0.38	0.38	0	0	0.44
79300	0.45	0.38	0.38	0	0	0.45
79400	0.45	0.37	0.37	0	0	0.45
79500	0.45	0.37	0.37	0	0	0.45
79600	0.45	0.37	0.37	0	0	0.45
79700	0.45	0.37	0.37	0	0	0.45
79800	0.45	0.37	0.37	0	0	0.45
79900	0.45	0.37	0.37	0	0	0.45
80000	0.45	0.38	0.38	0	0	0.45
80100	0.45	0.38	0.38	0	0	0.45
80200	0.46	0.38	0.38	0	0	0.46
80300	0.46	0.38	0.38	0	0	0.46
80400	0.46	0.37	0.37	0	0	0.46
80500	0.46	0.37	0.37	0	0	0.46
80600	0.46	0.37	0.37	0	0	0.46
80700	0.46	0.37	0.37	0	0	0.46
80800	0.46	0.38	0.38	0	0	0.46
80900	0.47	0.38	0.38	0	0	0.47
81000	0.47	0.38	0.38	0	0	0.47
81100	0.47	0.38	0.38	0	0	0.47
81200	0.47	0.38	0.38	0	0	0.47
81300	0.47	0.38	0.38	0	0	0.47
81400	0.47	0.38	0.38	0	0	0.47
81500	0.47	0.38	0.38	0	0	0.47
81600	0.45	0.38	0.38	0	0	0.45
81700	0.44	0.38	0.38	0	0	0.44
81800	0.43	0.38	0.38	0	0	0.43
81900	0.42	0.38	0.38	0	0	0.42
82000	0.42	0.38	0.38	0	0	0.42
82100	0.42	0.38	0.38	0	0	0.42
82200	0.42	0.38	0.38	0	0	0.42
82300	0.42	0.38	0.38	0	0	0.42
82400	0.41	0.38	0.38	0	0	0.41
82500	0.41	0.38	0.38	0	0	0.41
82600	0.41	0.38	0.38	0	0	0.41
82700	0.41	0.38	0.38	0	0	0.41
82800	0.41	0.37	0.37	0	0	0.41
82900	0.42	0.37	0.37	0	0	0.42
83000	0.43	0.37	0.37	0	0	0.43
83100	0.41	0.37	0.37	0	0	0.41
83200	0.41	0.37	0.37	0	0	0.41
83300	0.4	0.37	0.37	0	0	0.4
83400	0.4	0.37	0.37	0	0	0.4
83500	0.41	0.37	0.37	0	0	0.41
83600	0.41	0.37	0.37	0	0	0.41
83700	0.4	0.38	0.38	0	0	0.4
83800	0.4	0.38	0.38	0	0	0.4
83900	0.41	0.37	0.37	0	0	0.41
84000	0.41	0.37	0.37	0	0	0.41
84100	0.41	0.37	0.37	0	0	0.41
84200	0.41	0.37	0.37	0	0	0.41
84300	0.41	0.38	0.38	0	0	0.41
84400	0.41	0.38	0.38	0	0	0.41
84500	0.41	0.38	0.38	0	0	0.41
84600	0.41	0.38	0.38	0	0	0.41
84700	0.41	0.38	0.38	0	0	0.41
84800	0.41	0.38	0.38	0	0	0.41
84900	0.41	0.38	0.38	0	0	0.41
85000	0.41	0.38	0.38	0	0	0.41
85100	0.41	0.38	0.38	0	0	0.41
85200	0.41	0.38	0.38	0	0	0.41
85300	0.41	0.37	0.37	0	0	0.41
85400	0.41	0.37	0.37	0	0	0.41
85500	0.41	0.37	0.37	0	0	0.41
85600	0.41	0.37	0.37	0	0	0.41
85700	0.41	0.37	0.37	0	0	0.41
85800	0.41	0.37	0.37	0	0	0.41
85900	0.42	0.37	0.37	0	0	0.42
86000	0.42	0.37	0.37	0	0	0.42
86100	0.42	0.37	0.37	0	0	0.42
86200	0.42	0.37	0.37	0	0	0.42
86300	0.42	0.37	0.37	0	0	0.42
86400	0.42	0.37	0.37	0	0	0.42
86500	0.42	0.38	0.38	0	0	0.42
86600	0.42	0.37	0.37	0	0	0.42
86700	0.42	0.37	0.37	0	0	0.42
86800	0.42	0.38	0.38	0	0	0.42
86900	0.42	0.38	0.38	0	0	0.42
87000	0.41	0.38	0.38	0	0	0.41
87100	0.41	0.38	0.38	0	0	0.41
87200	0.41	0.38	0.38	0	0	0.41
87300	0.41	0.38	0.38	0	0	0.41
87400	0.41	0.38	0.38	0	0	0.41
87500	0.4	0.38	0.38	0	0	0.4
87600	0.4	0.38	0.38	0	0	0.4
87700	0.4	0.38	0.38	0	0	0.4
87800	0.41	0.38	0.38	0	0	0.41
87900	0.42	0.38	0.38	0	0	0.42
88000	0.42	0.38	0.38	0	0	0.42
88100	0.41	0.38	0.38	0	0	0.41
88200	0.41	0.38	0.38	0	0	0.41
88300	0.41	0.38	0.38	0	0	0.41
88400	0.41	0.38	0.38	0	0	0.41
88500	0.41	0.38	0.38	0	0	0.41
88600	0.41	0.38	0.38	0	0	0.41
88700	0.41	0.38	0.38	0	0	0.41
88800	0.41	0.38	0.38	0	0	0.41
88900	0.41	0.38	0.38	0	0	0.41
89000	0.41	0.38	0.38	0	0	0.41
89100	0.41	0.38	0.38	0	0	0.41
89200	0.41	0.38	0.38	0	0	0.41
89300	0.41	0.38	0.38	0	0	0.41
89400	0.41	0.39	0.39	0	0	0.41
89500	0.41	0.39	0.39	0	0	0.41
89600	0.41	0.39	0.39	0	0	0.41
89700	0.41	0.4	0.4	0	0	0.41
89800	0.42	0.4	0.4	0	0	0.42
89900	0.42	0.41	0.41	0	0	0.42
90000	0.42	0.41	0.41	0	0	0.42
90100	0.42	0.41	0.41	0	0	0.42
90200	0.42	0.41	0.41	0	0	0.42
90300	0.42	0.41	0.41	0	0	0.42
90400	0.42	0.41	0.41	0	0	0.42
90500	0.42	0.41	0.41	0	0	0.42
90600	0.42	0.41	0.41	0	0	0.42
90700	0.42	0.41	0.41	0	0	0.42
90800	0.42	0.41	0.41	0	0	0.42
90900	0.42	0.41	0.41	0	0	0.42
91000	0.42	0.41	0.41	0	0	0.42
91100	0.42	0.41	0.41	0	0	0.42
91200	0.42	0.41	0.41	0	0	0.42
91300	0.42	0.41	0.41	0	0	0.42
91400	0.42	0.41	0.41	0	0	0.42
91500	0.42	0.41	0.41	0	0	0.42
91600	0.42	0.41	0.41	0	0	0.42
91700	0.42	0.41	0.41	0	0	0.42
91800	0.42	0.41	0.41	0	0	0.42
91900	0.42	0.41	0.41	0	0	0.42
92000	0.42	0.41	0.41	0	0	0.42
92100	0.42	0.41	0.41	0	0	0.42
92200	0.42	0.41	0.41	0	0	0.42
92300	0.42	0.41	0.41	0	0	0.42
92400	0.42	0.41	0.41	0	0	0.42
92500	0.43	0.41	0.41	0	0	0.43
92600	0.42	0.41	0.41	0	0	0.42
92700	0.42	0.41	0.41	0	0	0.42
92800	0.44	0.41	0.41	0	0	0.44
92900	0.44	0.41	0.41	0	0	0.44
93000	0.44	0.41	0.41	0	0	0.44
93100	0.44	0.41	0.41	0	0	0.44
93200	0.44	0.41	0.41	0	0	0.44
93300	0.43	0.41	0.41	0	0	0.43
93400	0.43	0.41	0.41	0	0	0.43
93500	0.43	0.41	0.41	0	0	0.43
93600	0.43	0.41	0.41	0	0	0.43
93700	0.43	0.41	0.41	0	0	0.43
93800	0.43	0.41	0.41	0	0	0.43
93900	0.43	0.41	0.41	0	0	0.43
94000	0.44	0.41	0.41	0	0	0.44
94100	0.44	0.41	0.41	0	0	0.44
94200	0.44	0.41	0.41	0	0	0.44
94300	0.44	0.41	0.41	0	0	0.44
94400	0.44	0.41	0.41	0	0	0.44
94500	0.44	0.41	0.41	0	0	0.44
94600	0.44	0.41	0.41	0	0	0.44
94700	0.44	0.41	0.41	0	0	0.44
94800	0.44	0.41	0.41	0	0	0.44
94900	0.44	0.41	0.41	0	0	0.44
95000	0.44	0.41	0.41	0	0	0.44
95100	0.44	0.41	0.41	0	0	0.44
95200	0.44	0.4	0.4	0	0	0.44
95300	0.44	0.39	0.39	0	0	0.44
95400	0.44	0.39	0.39	0	0	0.44
95500	0.44	0.39	0.39	0	0	0.44
95600	0.44	0.39	0.39	0	0	0.44
95700	0.45	0.39	0.39	0	0	0.45
95800	0.44	0.39	0.39	0	0	0.44
95900	0.44	0.39	0.39	0	0	0.44
96000	0.44	0.39	0.39	0	0	0.44
96100	0.44	0.39	0.39	0	0	0.44
96200	0.44	0.39	0.39	0	0	0.44
96300	0.45	0.39	0.39	0	0	0.45
96400	0.46	0.39	0.39	0	0	0.46
96500	0.45	0.39	0.39	0	0	0.45
96600	0.45	0.39	0.39	0	0	0.45
96700	0.45	0.39	0.39	0	0	0.45
96800	0.45	0.39	0.39	0	0	0.45
96900	0.45	0.39	0.39	0	0	0.45
97000	0.45	0.39	0.39	0	0	0.45
97100	0.45	0.39	0.39	0	0	0.45
97200	0.45	0.39	0.39	0	0	0.45
97300	0.44	0.39	0.39	0	0	0.44
97400	0.44	0.4	0.4	0	0	0.44
97500	0.44	0.4	0.4	0	0	0.44
97600	0.44	0.4	0.4	0	0	0.44
97700	0.44	0.4	0.4	0	0	0.44
97800	0.44	0.4	0.4	0	0	0.44
97900	0.45	0.4	0.4	0	0	0.45
98000	0.45	0.4	0.4	0	0	0.45
98100	0.45	0.41	0.41	0	0	0.45
98200	0.45	0.41	0.41	0	0	0.45
98300	0.45	0.41	0.41	0	0	0.45
98400	0.45	0.41	0.41	0	0	0.45
98500	0.45	0.41	0.41	0	0	0.45
98600	0.43	0.42	0.42	0	0	0.43
98700	0.43	0.42	0.42	0	0	0.43
98800	0.43	0.42	0.42	0	0	0.43
98900	0.43	0.42	0.42	0	0	0.43
99000	0.44	0.42	0.42	0	0	0.44
99100	0.45	0.42	0.42	0	0	0.45
99200	0.45	0.42	0.42	0	0	0.45
99300	0.45	0.42	0.42	0	0	0.45
99400	0.45	0.42	0.42	0	0	0.45
99500	0.45	0.42	0.42	0	0	0.45
99600	0.45	0.43	0.43	0	0	0.45
99700	0.45	0.43	0.43	0	0	0.45
99800	0.45	0.43	0.43	0	0	0.45
99900	0.46	0.43	0.43	0	0	0.46
100000	0.46	0.44	0.44	0	0	0.46
100100	0.47	0.45	0.45	0	0	0.47
100200	0.46	0.44	0.44	0	0	0.46
100300	0.46	0.44	0.44	0	0	0.46
100400	0.46	0.43	0.43	0	0	0.46
100500	0.45	0.43	0.43	0	0	0.45
100600	0.45	0.43	0.43	0	0	0.45
100700	0.45	0.43	0.43	0	0	0.45
100800	0.45	0.43	0.43	0	0	0.45
100900	0.45	0.43	0.43	0	0	0.45
101000	0.44	0.43	0.43	0	0	0.44
101100	0.44	0.44	0.44	0	0	0.44
101200	0.44	0.43	0.43	0	0	0.44
101300	0.44	0.43	0.43	0	0	0.44
101400	0.44	0.44	0.44	0	0	0.44
101500	0.44	0.43	0.43	0	0	0.44
101600	0.44	0.43	0.43	0	0	0.44
101700	0.44	0.43	0.43	0	0	0.44
101800	0.44	0.43	0.43	0	0	0.44
101900	0.44	0.43	0.43	0	0	0.44
102000	0.44	0.43	0.43	0	0	0.44
102100	0.44	0.43	0.43	0	0	0.44
102200	0.43	0.43	0.43	0	0	0.43
102300	0.43	0.43	0.43	0	0	0.43
102400	0.43	0.43	0.43	0	0	0.43
102500	0.43	0.43	0.43	0	0	0.43
102600	0.43	0.43	0.43	0	0	0.43
102700	0.43	0.43	0.43	0	0	0.43
102800	0.43	0.43	0.43	0	0	0.43
102900	0.43	0.43	0.43	0	0	0.43
103000	0.43	0.44	0.44	0	0	0.43
103100	0.43	0.44	0.44	0	0	0.43
103200	0.42	0.45	0.45	0	0	0.42
103300	0.41	0.45	0.45	0	0	0.41
103400	0.4	0.45	0.45	0	0	0.4
103500	0.4	0.45	0.45	0	0	0.4
103600	0.4	0.46	0.46	0	0	0.4
103700	0.4	0.46	0.46	0	0	0.4
103800	0.4	0.46	0.46	0	0	0.4
103900	0.4	0.47	0.47	0	0	0.4
104000	0.4	0.47	0.47	0	0	0.4
104100	0.4	0.47	0.47	0	0	0.4
104200	0.4	0.47	0.47	0	0	0.4
104300	0.4	0.46	0.46	0	0	0.4
104400	0.4	0.46	0.46	0	0	0.4
104500	0.4	0.47	0.47	0	0	0.4
104600	0.41	0.47	0.47	0	0	0.41
104700	0.4	0.46	0.46	0	0	0.4
104800	0.4	0.46	0.46	0	0	0.4
104900	0.4	0.45	0.45	0	0	0.4
105000	0.4	0.45	0.45	0	0	0.4
105100	0.4	0.45	0.45	0	0	0.4
105200	0.41	0.45	0.45	0	0	0.41
105300	0.41	0.45	0.45	0	0	0.41
105400	0.41	0.45	0.45	0	0	0.41
105500	0.41	0.45	0.45	0	0	0.41
105600	0.41	0.45	0.45	0	0	0.41
105700	0.41	0.45	0.45	0	0	0.41
105800	0.41	0.45	0.45	0	0	0.41
105900	0.41	0.45	0.45	0	0	0.41
106000	0.41	0.45	0.45	0	0	0.41
106100	0.41	0.45	0.45	0	0	0.41
106200	0.41	0.45	0.45	0	0	0.41
106300	0.41	0.45	0.45	0	0	0.41
106400	0.41	0.46	0.46	0	0	0.41
106500	0.41	0.47	0.47	0	0	0.41
106600	0.41	0.47	0.47	0	0	0.41
106700	0.41	0.47	0.47	0	0	0.41
106800	0.41	0.47	0.47	0	0	0.41
106900	0.41	0.47	0.47	0	0	0.41
107000	0.41	0.48	0.48	0	0	0.41
107100	0.41	0.48	0.48	0	0	0.41
107200	0.4	0.48	0.48	0	0	0.4
107300	0.4	0.47	0.47	0	0	0.4
107400	0.4	0.47	0.47	0	0	0.4
107500	0.4	0.47	0.47	0	0	0.4
107600	0.4	0.47	0.47	0	0	0.4
107700	0.4	0.47	0.47	0	0	0.4
107800	0.41	0.48	0.48	0	0	0.41
107900	0.41	0.48	0.48	0	0	0.41
108000	0.41	0.49	0.49	0	0	0.41
108100	0.41	0.49	0.49	0	0	0.41
108200	0.41	0.49	0.49	0	0	0.41
108300	0.41	0.49	0.49	0	0	0.41
108400	0.41	0.49	0.49	0	0	0.41
108500	0.41	0.49	0.49	0	0	0.41
108600	0.41	0.49	0.49	0	0	0.41
108700	0.42	0.49	0.49	0	0	0.42
108800	0.42	0.49	0.49	0	0	0.42
108900	0.41	0.49	0.49	0	0	0.41
109000	0.41	0.49	0.49	0	0	0.41
109100	0.41	0.49	0.49	0	0	0.41
109200	0.41	0.49	0.49	0	0	0.41
109300	0.41	0.49	0.49	0	0	0.41
109400	0.41	0.49	0.49	0	0	0.41
109500	0.4	0.49	0.49	0	0	0.4
109600	0.4	0.49	0.49	0	0	0.4
109700	0.4	0.49	0.49	0	0	0.4
109800	0.4	0.49	0.49	0	0	0.4
109900	0.4	0.49	0.49	0	0	0.4
110000	0.4	0.49	0.49	0	0	0.4
110100	0.4	0.49	0.49	0	0	0.4
110200	0.4	0.49	0.49	0	0	0.4
110300	0.39	0.49	0.49	0	0	0.39
110400	0.4	0.49	0.49	0	0	0.4
110500	0.4	0.49	0.49	0	0	0.4
110600	0.4	0.49	0.49	0	0	0.4
110700	0.4	0.49	0.49	0	0	0.4
110800	0.4	0.49	0.49	0	0	0.4
110900	0.4	0.49	0.49	0	0	0.4
111000	0.4	0.49	0.49	0	0	0.4
111100	0.4	0.49	0.49	0	0	0.4
111200	0.4	0.49	0.49	0	0	0.4
111300	0.41	0.49	0.49	0	0	0.41
111400	0.41	0.49	0.49	0	0	0.41
111500	0.4	0.5	0.5	0	0	0.4
111600	0.4	0.5	0.5	0	0	0.4
111700	0.41	0.5	0.5	0	0	0.41
111800	0.4	0.49	0.49	0	0	0.4
111900	0.4	0.49	0.49	0	0	0.4
112000	0.4	0.49	0.49	0	0	0.4
112100	0.4	0.49	0.49	0	0	0.4
112200	0.4	0.49	0.49	0	0	0.4
112300	0.41	0.49	0.49	0	0	0.41
112400	0.41	0.49	0.49	0	0	0.41
112500	0.41	0.49	0.49	0	0	0.41
112600	0.41	0.49	0.49	0	0	0.41
112700	0.41	0.49	0.49	0	0	0.41
112800	0.41	0.49	0.49	0	0	0.41
112900	0.41	0.49	0.49	0	0	0.41
113000	0.41	0.49	0.49	0	0	0.41
113100	0.41	0.49	0.49	0	0	0.41
113200	0.41	0.49	0.49	0	0	0.41
113300	0.41	0.49	0.49	0	0	0.41
113400	0.41	0.49	0.49	0	0	0.41
113500	0.41	0.49	0.49	0	0	0.41
113600	0.41	0.49	0.49	0	0	0.41
113700	0.42	0.49	0.49	0	0	0.42
113800	0.42	0.49	0.49	0	0	0.42
113900	0.4	0.49	0.49	0	0	0.4
114000	0.4	0.49	0.49	0	0	0.4
114100	0.4	0.49	0.49	0	0	0.4
114200	0.4	0.49	0.49	0	0	0.4
114300	0.4	0.49	0.49	0	0	0.4
114400	0.39	0.48	0.48	0	0	0.39
114500	0.39	0.48	0.48	0	0	0.39
114600	0.39	0.49	0.49	0	0	0.39
114700	0.39	0.49	0.49	0	0	0.39
114800	0.38	0.49	0.49	0	0	0.38
114900	0.38	0.49	0.49	0	0	0.38
115000	0.37	0.49	0.49	0	0	0.37
115100	0.37	0.49	0.49	0	0	0.37
115200	0.37	0.5	0.5	0	0	0.37
115300	0.37	0.5	0.5	0	0	0.37
115400	0.38	0.51	0.51	0	0	0.38
115500	0.39	0.5	0.5	0	0	0.39
115600	0.38	0.5	0.5	0	0	0.38
115700	0.38	0.5	0.5	0	0	0.38
115800	0.38	0.5	0.5	0	0	0.38
115900	0.38	0.5	0.5	0	0	0.38
116000	0.38	0.5	0.5	0	0	0.38
116100	0.38	0.5	0.5	0	0	0.38
116200	0.38	0.49	0.49	0	0	0.38
116300	0.38	0.49	0.49	0	0	0.38
116400	0.38	0.49	0.49	0	0	0.38
116500	0.38	0.49	0.49	0	0	0.38
116600	0.38	0.49	0.49	0	0	0.38
116700	0.38	0.5	0.5	0	0	0.38
116800	0.38	0.49	0.49	0	0	0.38
116900	0.38	0.49	0.49	0	0	0.38
117000	0.38	0.49	0.49	0	0	0.38
117100	0.38	0.49	0.49	0	0	0.38
117200	0.38	0.49	0.49	0	0	0.38
117300	0.38	0.5	0.5	0	0	0.38
117400	0.38	0.5	0.5	0	0	0.38
117500	0.38	0.49	0.49	0	0	0.38
117600	0.39	0.49	0.49	0	0	0.39
117700	0.39	0.49	0.49	0	0	0.39
117800	0.39	0.49	0.49	0	0	0.39
117900	0.4	0.49	0.49	0	0	0.4
118000	0.4	0.49	0.49	0	0	0.4
118100	0.41	0.49	0.49	0	0	0.41
118200	0.41	0.49	0.49	0	0	0.41
118300	0.41	0.48	0.48	0	0	0.41
118400	0.41	0.48	0.48	0	0	0.41
118500	0.41	0.48	0.48	0	0	0.41
118600	0.41	0.48	0.48	0	0	0.41
118700	0.41	0.48	0.48	0	0	0.41
118800	0.41	0.48	0.48	0	0	0.41
118900	0.41	0.47	0.47	0	0	0.41
119000	0.41	0.47	0.47	0	0	0.41
119100	0.41	0.47	0.47	0	0	0.41
119200	0.41	0.47	0.47	0	0	0.41
119300	0.41	0.47	0.47	0	0	0.41
119400	0.41	0.47	0.47	0	0	0.41
119500	0.41	0.47	0.47	0	0	0.41
119600	0.41	0.47	0.47	0	0	0.41
119700	0.41	0.47	0.47	0	0	0.41
119800	0.41	0.47	0.47	0	0	0.41
119900	0.41	0.47	0.47	0	0	0.41
120000	0.41	0.48	0.48	0	0	0.41
120100	0.41	0.48	0.48	0	0	0.41
120200	0.41	0.48	0.48	0	0	0.41
120300	0.4	0.47	0.47	0	0	0.4
120400	0.4	0.47	0.47	0	0	0.4
120500	0.4	0.46	0.46	0	0	0.4
120600	0.4	0.46	0.46	0	0	0.4
120700	0.4	0.46	0.46	0	0	0.4
120800	0.4	0.46	0.46	0	0	0.4
120900	0.4	0.46	0.46	0	0	0.4
121000	0.4	0.46	0.46	0	0	0.4
121100	0.4	0.46	0.46	0	0	0.4
121200	0.4	0.46	0.46	0	0	0.4
121300	0.4	0.46	0.46	0	0	0.4
121400	0.4	0.46	0.46	0	0	0.4
121500	0.41	0.46	0.46	0	0	0.41
121600	0.4	0.46	0.46	0	0	0.4
121700	0.4	0.46	0.46	0	0	0.4
121800	0.4	0.46	0.46	0	0	0.4
121900	0.4	0.46	0.46	0	0	0.4
122000	0.4	0.46	0.46	0	0	0.4
122100	0.4	0.46	0.46	0	0	0.4
122200	0.4	0.46	0.46	0	0	0.4
122300	0.4	0.46	0.46	0	0	0.4
122400	0.41	0.46	0.46	0	0	0.41
122500	0.42	0.47	0.47	0	0	0.42
122600	0.41	0.47	0.47	0	0	0.41
122700	0.41	0.47	0.47	0	0	0.41
122800	0.41	0.47	0.47	0	0	0.41
122900	0.41	0.47	0.47	0	0	0.41
123000	0.41	0.47	0.47	0	0	0.41
123100	0.41	0.47	0.47	0	0	0.41
123200	0.42	0.47	0.47	0	0	0.42
123300	0.42	0.47	0.47	0	0	0.42
123400	0.42	0.48	0.48	0	0	0.42
123500	0.41	0.48	0.48	0	0	0.41
123600	0.41	0.48	0.48	0	0	0.41
123700	0.41	0.48	0.48	0	0	0.41
123800	0.41	0.48	0.48	0	0	0.41
123900	0.42	0.48	0.48	0	0	0.42
124000	0.43	0.48	0.48	0	0	0.43
124100	0.43	0.48	0.48	0	0	0.43
124200	0.43	0.48	0.48	0	0	0.43
124300	0.43	0.5	0.5	0	0	0.43
124400	0.43	0.5	0.5	0	0	0.43
124500	0.43	0.49	0.49	0	0	0.43
124600	0.43	0.49	0.49	0	0	0.43
124700	0.44	0.49	0.49	0	0	0.44
124800	0.44	0.49	0.49	0	0	0.44
124900	0.43	0.49	0.49	0	0	0.43
125000	0.43	0.49	0.49	0	0	0.43
125100	0.44	0.49	0.49	0	0	0.44
125200	0.44	0.49	0.49	0	0	0.44
125300	0.43	0.49	0.49	0	0	0.43
125400	0.43	0.49	0.49	0	0	0.43
125500	0.43	0.49	0.49	0	0	0.43
125600	0.43	0.49	0.49	0	0	0.43
125700	0.43	0.49	0.49	0	0	0.43
125800	0.43	0.49	0.49	0	0	0.43
125900	0.43	0.49	0.49	0	0	0.43
126000	0.43	0.49	0.49	0	0	0.43
126100	0.43	0.49	0.49	0	0	0.43
126200	0.43	0.49	0.49	0	0	0.43
126300	0.43	0.49	0.49	0	0	0.43
126400	0.43	0.49	0.49	0	0	0.43
126500	0.43	0.49	0.49	0	0	0.43
126600	0.43	0.49	0.49	0	0	0.43
126700	0.43	0.49	0.49	0	0	0.43
126800	0.44	0.49	0.49	0	0	0.44
126900	0.43	0.49	0.49	0	0	0.43
127000	0.42	0.49	0.49	0	0	0.42
127100	0.42	0.49	0.49	0	0	0.42
127200	0.42	0.49	0.49	0	0	0.42
127300	0.42	0.49	0.49	0	0	0.42
127400	0.42	0.49	0.49	0	0	0.42
127500	0.42	0.49	0.49	0	0	0.42
127600	0.42	0.49	0.49	0	0	0.42
127700	0.42	0.49	0.49	0	0	0.42
127800	0.42	0.49	0.49	0	0	0.42
127900	0.42	0.49	0.49	0	0	0.42
128000	0.42	0.49	0.49	0	0	0.42
128100	0.42	0.49	0.49	0	0	0.42
128200	0.42	0.49	0.49	0	0	0.42
128300	0.42	0.49	0.49	0	0	0.42
128400	0.42	0.49	0.49	0	0	0.42
128500	0.42	0.49	0.49	0	0	0.42
128600	0.42	0.49	0.49	0	0	0.42
128700	0.42	0.49	0.49	0	0	0.42
128800	0.43	0.49	0.49	0	0	0.43
128900	0.43	0.49	0.49	0	0	0.43
129000	0.43	0.49	0.49	0	0	0.43
129100	0.43	0.49	0.49	0	0	0.43
129200	0.43	0.49	0.49	0	0	0.43
129300	0.43	0.49	0.49	0	0	0.43
129400	0.44	0.49	0.49	0	0	0.44
129500	0.44	0.49	0.49	0	0	0.44
129600	0.43	0.49	0.49	0	0	0.43
129700	0.43	0.5	0.5	0	0	0.43
129800	0.44	0.5	0.5	0	0	0.44
129900	0.44	0.5	0.5	0	0	0.44
130000	0.44	0.5	0.5	0	0	0.44
130100	0.44	0.49	0.49	0	0	0.44
130200	0.44	0.49	0.49	0	0	0.44
130300	0.44	0.49	0.49	0	0	0.44
130400	0.44	0.49	0.49	0	0	0.44
130500	0.45	0.49	0.49	0	0	0.45
130600	0.45	0.49	0.49	0	0	0.45
130700	0.45	0.49	0.49	0	0	0.45
130800	0.45	0.49	0.49	0	0	0.45
130900	0.45	0.49	0.49	0	0	0.45
131000	0.45	0.49	0.49	0	0	0.45
131100	0.45	0.49	0.49	0	0	0.45
131200	0.45	0.49	0.49	0	0	0.45
131300	0.45	0.49	0.49	0	0	0.45
131400	0.45	0.49	0.49	0	0	0.45
131500	0.45	0.49	0.49	0	0	0.45
131600	0.45	0.49	0.49	0	0	0.45
131700	0.45	0.48	0.48	0	0	0.45
131800	0.45	0.48	0.48	0	0	0.45
131900	0.45	0.48	0.48	0	0	0.45
132000	0.45	0.48	0.48	0	0	0.45
132100	0.45	0.48	0.48	0	0	0.45
132200	0.45	0.48	0.48	0	0	0.45
132300	0.44	0.48	0.48	0	0	0.44
132400	0.43	0.47	0.47	0	0	0.43
132500	0.44	0.47	0.47	0	0	0.44
132600	0.44	0.47	0.47	0	0	0.44
132700	0.44	0.47	0.47	0	0	0.44
132800	0.44	0.47	0.47	0	0	0.44
132900	0.44	0.47	0.47	0	0	0.44
133000	0.44	0.47	0.47	0	0	0.44
133100	0.44	0.47	0.47	0	0	0.44
133200	0.44	0.46	0.46	0	0	0.44
133300	0.45	0.46	0.46	0	0	0.45
133400	0.44	0.46	0.46	0	0	0.44
133500	0.44	0.46	0.46	0	0	0.44
133600	0.44	0.46	0.46	0	0	0.44
133700	0.44	0.46	0.46	0	0	0.44
133800	0.44	0.46	0.46	0	0	0.44
133900	0.44	0.46	0.46	0	0	0.44
134000	0.44	0.46	0.46	0	0	0.44
134100	0.43	0.46	0.46	0	0	0.43
134200	0.43	0.46	0.46	0	0	0.43
134300	0.43	0.47	0.47	0	0	0.43
134400	0.43	0.47	0.47	0	0	0.43
134500	0.43	0.47	0.47	0	0	0.43
134600	0.43	0.47	0.47	0	0	0.43
134700	0.43	0.47	0.47	0	0	0.43
134800	0.43	0.47	0.47	0	0	0.43
134900	0.43	0.47	0.47	0	0	0.43
135000	0.43	0.47	0.47	0	0	0.43
135100	0.44	0.47	0.47	0	0	0.44
135200	0.44	0.47	0.47	0	0	0.44
135300	0.44	0.47	0.47	0	0	0.44
135400	0.44	0.47	0.47	0	0	0.44
135500	0.44	0.47	0.47	0	0	0.44
135600	0.44	0.47	0.47	0	0	0.44
135700	0.44	0.47	0.47	0	0	0.44
135800	0.44	0.47	0.47	0	0	0.44
135900	0.44	0.47	0.47	0	0	0.44
136000	0.44	0.47	0.47	0	0	0.44
136100	0.43	0.48	0.48	0	0	0.43
136200	0.43	0.48	0.48	0	0	0.43
136300	0.43	0.48	0.48	0	0	0.43
136400	0.43	0.48	0.48	0	0	0.43
136500	0.43	0.48	0.48	0	0	0.43
136600	0.43	0.48	0.48	0	0	0.43
136700	0.43	0.48	0.48	0	0	0.43
136800	0.43	0.49	0.49	0	0	0.43
136900	0.43	0.5	0.5	0	0	0.43
137000	0.43	0.5	0.5	0	0	0.43
137100	0.44	0.5	0.5	0	0	0.44
137200	0.44	0.5	0.5	0	0	0.44
137300	0.44	0.48	0.48	0	0	0.44
137400	0.44	0.48	0.48	0	0	0.44
137500	0.44	0.48	0.48	0	0	0.44
137600	0.44	0.48	0.48	0	0	0.44
137700	0.44	0.48	0.48	0	0	0.44
137800	0.44	0.48	0.48	0	0	0.44
137900	0.45	0.48	0.48	0	0	0.45
138000	0.45	0.48	0.48	0	0	0.45
138100	0.45	0.48	0.48	0	0	0.45
138200	0.45	0.48	0.48	0	0	0.45
138300	0.45	0.48	0.48	0	0	0.45
138400	0.45	0.47	0.47	0	0	0.45
138500	0.45	0.47	0.47	0	0	0.45
138600	0.45	0.46	0.46	0	0	0.45
138700	0.45	0.46	0.46	0	0	0.45
138800	0.45	0.46	0.46	0	0	0.45
138900	0.45	0.46	0.46	0	0	0.45
139000	0.46	0.46	0.46	0	0	0.46
139100	0.46	0.46	0.46	0	0	0.46
139200	0.46	0.46	0.46	0	0	0.46
139300	0.46	0.46	0.46	0	0	0.46
139400	0.46	0.46	0.46	0	0	0.46
139500	0.46	0.46	0.46	0	0	0.46
139600	0.46	0.46	0.46	0	0	0.46
139700	0.46	0.46	0.46	0	0	0.46
139800	0.46	0.46	0.46	0	0	0.46
139900	0.46	0.46	0.46	0	0	0.46
140000	0.46	0.46	0.46	0	0	0.46
140100	0.47	0.46	0.46	0	0	0.47
140200	0.47	0.46	0.46	0	0	0.47
140300	0.47	0.46	0.46	0	0	0.47
140400	0.47	0.46	0.46	0	0	0.47
140500	0.47	0.46	0.46	0	0	0.47
140600	0.47	0.47	0.47	0	0	0.47
140700	0.47	0.47	0.47	0	0	0.47
140800	0.47	0.47	0.47	0	0	0.47
140900	0.47	0.47	0.47	0	0	0.47
141000	0.47	0.47	0.47	0	0	0.47
141100	0.47	0.47	0.47	0	0	0.47
141200	0.47	0.47	0.47	0	0	0.47
141300	0.47	0.46	0.46	0	0	0.47
141400	0.47	0.46	0.46	0	0	0.47
141500	0.47	0.46	0.46	0	0	0.47
141600	0.47	0.46	0.46	0	0	0.47
141700	0.47	0.46	0.46	0	0	0.47
141800	0.47	0.46	0.46	0	0	0.47
141900	0.47	0.47	0.47	0	0	0.47
142000	0.47	0.48	0.48	0	0	0.47
142100	0.47	0.47	0.47	0	0	0.47
142200	0.47	0.48	0.48	0	0	0.47
142300	0.47	0.47	0.47	0	0	0.47
142400	0.47	0.47	0.47	0	0	0.47
142500	0.47	0.47	0.47	0	0	0.47
142600	0.48	0.47	0.47	0	0	0.48
142700	0.48	0.47	0.47	0	0	0.48
142800	0.48	0.47	0.47	0	0	0.48
142900	0.48	0.47	0.47	0	0	0.48
143000	0.48	0.47	0.47	0	0	0.48
143100	0.47	0.47	0.47	0	0	0.47
143200	0.46	0.47	0.47	0	0	0.46
143300	0.46	0.47	0.47	0	0	0.46
143400	0.46	0.46	0.46	0	0	0.46
143500	0.46	0.46	0.46	0	0	0.46
143600	0.46	0.45	0.45	0	0	0.46
143700	0.46	0.45	0.45	0	0	0.46
143800	0.46	0.45	0.45	0	0	0.46
143900	0.46	0.46	0.46	0	0	0.46
144000	0.46	0.46	0.46	0	0	0.46
144100	0.46	0.46	0.46	0	0	0.46
144200	0.45	0.45	0.45	0	0	0.45
144300	0.45	0.45	0.45	0	0	0.45
144400	0.46	0.45	0.45	0	0	0.46
144500	0.46	0.45	0.45	0	0	0.46
144600	0.46	0.45	0.45	0	0	0.46
144700	0.46	0.45	0.45	0	0	0.46
144800	0.46	0.45	0.45	0	0	0.46
144900	0.46	0.45	0.45	0	0	0.46
145000	0.45	0.45	0.45	0	0	0.45
145100	0.45	0.45	0.45	0	0	0.45
145200	0.45	0.45	0.45	0	0	0.45
145300	0.45	0.45	0.45	0	0	0.45
145400	0.45	0.45	0.45	0	0	0.45
145500	0.45	0.45	0.45	0	0	0.45
145600	0.45	0.45	0.45	0	0	0.45
145700	0.45	0.45	0.45	0	0	0.45
145800	0.45	0.45	0.45	0	0	0.45
145900	0.45	0.45	0.45	0	0	0.45
146000	0.44	0.45	0.45	0	0	0.44
146100	0.44	0.46	0.46	0	0	0.44
146200	0.44	0.46	0.46	0	0	0.44
146300	0.44	0.46	0.46	0	0	0.44
146400	0.44	0.46	0.46	0	0	0.44
146500	0.44	0.45	0.45	0	0	0.44
146600	0.44	0.45	0.45	0	0	0.44
146700	0.44	0.45	0.45	0	0	0.44
146800	0.44	0.45	0.45	0	0	0.44
146900	0.44	0.45	0.45	0	0	0.44
147000	0.44	0.46	0.46	0	0	0.44
147100	0.43	0.47	0.47	0	0	0.43
147200	0.43	0.47	0.47	0	0	0.43
147300	0.43	0.48	0.48	0	0	0.43
147400	0.44	0.49	0.49	0	0	0.44
147500	0.44	0.49	0.49	0	0	0.44
147600	0.44	0.49	0.49	0	0	0.44
147700	0.44	0.49	0.49	0	0	0.44
147800	0.44	0.49	0.49	0	0	0.44
147900	0.44	0.49	0.49	0	0	0.44
148000	0.44	0.49	0.49	0	0	0.44
148100	0.44	0.49	0.49	0	0	0.44
148200	0.44	0.49	0.49	0	0	0.44
148300	0.44	0.49	0.49	0	0	0.44
148400	0.44	0.49	0.49	0	0	0.44
148500	0.44	0.49	0.49	0	0	0.44
148600	0.44	0.49	0.49	0	0	0.44
148700	0.44	0.49	0.49	0	0	0.44
148800	0.44	0.5	0.5	0	0	0.44
148900	0.44	0.5	0.5	0	0	0.44
149000	0.44	0.5	0.5	0	0	0.44
149100	0.44	0.5	0.5	0	0	0.44
149200	0.44	0.51	0.51	0	0	0.44
149300	0.45	0.51	0.51	0	0	0.45
149400	0.45	0.51	0.51	0	0	0.45
149500	0.45	0.51	0.51	0	0	0.45
149600	0.45	0.51	0.51	0	0	0.45
149700	0.45	0.51	0.51	0	0	0.45
149800	0.45	0.51	0.51	0	0	0.45
149900	0.45	0.51	0.51	0	0	0.45
150000	0.45	0.51	0.51	0	0	0.45
150100	0.45	0.51	0.51	0	0	0.45
150200	0.45	0.51	0.51	0	0	0.45
150300	0.45	0.51	0.51	0	0	0.45
150400	0.45	0.51	0.51	0	0	0.45
150500	0.45	0.51	0.51	0	0	0.45
150600	0.45	0.51	0.51	0	0	0.45
150700	0.46	0.51	0.51	0	0	0.46
150800	0.46	0.51	0.51	0	0	0.46
150900	0.46	0.51	0.51	0	0	0.46
151000	0.46	0.51	0.51	0	0	0.46
151100	0.46	0.51	0.51	0	0	0.46
151200	0.46	0.5	0.5	0	0	0.46
151300	0.46	0.5	0.5	0	0	0.46
151400	0.46	0.5	0.5	0	0	0.46
151500	0.46	0.5	0.5	0	0	0.46
151600	0.46	0.5	0.5	0	0	0.46
151700	0.46	0.5	0.5	0	0	0.46
151800	0.46	0.5	0.5	0	0	0.46
151900	0.46	0.5	0.5	0	0	0.46
152000	0.46	0.5	0.5	0	0	0.46
152100	0.46	0.5	0.5	0	0	0.46
152200	0.46	0.5	0.5	0	0	0.46
152300	0.46	0.5	0.5	0	0	0.46
152400	0.46	0.5	0.5	0	0	0.46
152500	0.46	0.5	0.5	0	0	0.46
152600	0.46	0.5	0.5	0	0	0.46
152700	0.46	0.5	0.5	0	0	0.46
152800	0.47	0.5	0.5	0	0	0.47
152900	0.46	0.5	0.5	0	0	0.46
153000	0.46	0.5	0.5	0	0	0.46
153100	0.47	0.5	0.5	0	0	0.47
153200	0.46	0.5	0.5	0	0	0.46
153300	0.46	0.5	0.5	0	0	0.46
153400	0.46	0.5	0.5	0	0	0.46
153500	0.46	0.5	0.5	0	0	0.46
153600	0.46	0.5	0.5	0	0	0.46
153700	0.46	0.5	0.5	0	0	0.46
153800	0.46	0.5	0.5	0	0	0.46
153900	0.46	0.5	0.5	0	0	0.46
154000	0.46	0.5	0.5	0	0	0.46
154100	0.46	0.5	0.5	0	0	0.46
154200	0.46	0.5	0.5	0	0	0.46
154300	0.46	0.5	0.5	0	0	0.46
154400	0.46	0.5	0.5	0	0	0.46
154500	0.46	0.5	0.5	0	0	0.46
154600	0.46	0.5	0.5	0	0	0.46
154700	0.46	0.5	0.5	0	0	0.46
154800	0.46	0.5	0.5	0	0	0.46
154900	0.46	0.5	0.5	0	0	0.46
155000	0.45	0.5	0.5	0	0	0.45
155100	0.45	0.5	0.5	0	0	0.45
155200	0.45	0.5	0.5	0	0	0.45
155300	0.45	0.5	0.5	0	0	0.45
155400	0.45	0.5	0.5	0	0	0.45
155500	0.45	0.5	0.5	0	0	0.45
155600	0.45	0.5	0.5	0	0	0.45
155700	0.45	0.5	0.5	0	0	0.45
155800	0.45	0.5	0.5	0	0	0.45
155900	0.45	0.5	0.5	0	0	0.45
156000	0.45	0.5	0.5	0	0	0.45
156100	0.45	0.5	0.5	0	0	0.45
156200	0.45	0.5	0.5	0	0	0.45
156300	0.45	0.5	0.5	0	0	0.45
156400	0.45	0.5	0.5	0	0	0.45
156500	0.45	0.5	0.5	0	0	0.45
156600	0.45	0.5	0.5	0	0	0.45
156700	0.45	0.5	0.5	0	0	0.45
156800	0.45	0.5	0.5	0	0	0.45
156900	0.44	0.5	0.5	0	0	0.44
157000	0.44	0.5	0.5	0	0	0.44
157100	0.44	0.5	0.5	0	0	0.44
157200	0.44	0.5	0.5	0	0	0.44
157300	0.44	0.5	0.5	0	0	0.44
157400	0.44	0.5	0.5	0	0	0.44
157500	0.44	0.5	0.5	0	0	0.44
157600	0.44	0.5	0.5	0	0	0.44
157700	0.44	0.5	0.5	0	0	0.44
157800	0.44	0.5	0.5	0	0	0.44
157900	0.44	0.5	0.5	0	0	0.44
158000	0.44	0.5	0.5	0	0	0.44
158100	0.43	0.5	0.5	0	0	0.43
158200	0.43	0.5	0.5	0	0	0.43
158300	0.43	0.5	0.5	0	0	0.43
158400	0.42	0.5	0.5	0	0	0.42
158500	0.42	0.5	0.5	0	0	0.42
158600	0.42	0.5	0.5	0	0	0.42
158700	0.42	0.5	0.5	0	0	0.42
158800	0.42	0.5	0.5	0	0	0.42
158900	0.42	0.51	0.51	0	0	0.42
159000	0.42	0.51	0.51	0	0	0.42
159100	0.42	0.51	0.51	0	0	0.42
159200	0.42	0.51	0.51	0	0	0.42
159300	0.42	0.51	0.51	0	0	0.42
159400	0.42	0.51	0.51	0	0	0.42
159500	0.42	0.51	0.51	0	0	0.42
159600	0.42	0.51	0.51	0	0	0.42
159700	0.42	0.51	0.51	0	0	0.42
159800	0.42	0.51	0.51	0	0	0.42
159900	0.42	0.51	0.51	0	0	0.42
160000	0.42	0.51	0.51	0	0	0.42
160100	0.42	0.51	0.51	0	0	0.42
160200	0.42	0.51	0.51	0	0	0.42
160300	0.42	0.51	0.51	0	0	0.42
160400	0.42	0.51	0.51	0	0	0.42
160500	0.42	0.51	0.51	0	0	0.42
160600	0.42	0.51	0.51	0	0	0.42
160700	0.42	0.51	0.51	0	0	0.42
160800	0.42	0.52	0.52	0	0	0.42
160900	0.42	0.51	0.51	0	0	0.42
161000	0.42	0.51	0.51	0	0	0.42
161100	0.42	0.51	0.51	0	0	0.42
161200	0.42	0.51	0.51	0	0	0.42
161300	0.42	0.51	0.51	0	0	0.42
161400	0.42	0.51	0.51	0	0	0.42
161500	0.42	0.51	0.51	0	0	0.42
161600	0.42	0.51	0.51	0	0	0.42
161700	0.43	0.51	0.51	0	0	0.43
161800	0.43	0.51	0.51	0	0	0.43
161900	0.43	0.5	0.5	0	0	0.43
162000	0.43	0.5	0.5	0	0	0.43
162100	0.43	0.5	0.5	0	0	0.43
162200	0.43	0.5	0.5	0	0	0.43
162300	0.43	0.5	0.5	0	0	0.43
162400	0.43	0.5	0.5	0	0	0.43
162500	0.43	0.5	0.5	0	0	0.43
162600	0.43	0.5	0.5	0	0	0.43
162700	0.43	0.5	0.5	0	0	0.43
162800	0.43	0.5	0.5	0	0	0.43
162900	0.43	0.5	0.5	0	0	0.43
163000	0.43	0.5	0.5	0	0	0.43
163100	0.43	0.5	0.5	0	0	0.43
163200	0.43	0.5	0.5	0	0	0.43
163300	0.43	0.5	0.5	0	0	0.43
163400	0.43	0.5	0.5	0	0	0.43
163500	0.42	0.5	0.5	0	0	0.42
163600	0.42	0.5	0.5	0	0	0.42
163700	0.43	0.5	0.5	0	0	0.43
163800	0.42	0.5	0.5	0	0	0.42
163900	0.42	0.5	0.5	0	0	0.42
164000	0.42	0.5	0.5	0	0	0.42
164100	0.42	0.49	0.49	0	0	0.42
164200	0.43	0.49	0.49	0	0	0.43
164300	0.43	0.49	0.49	0	0	0.43
164400	0.43	0.48	0.48	0	0	0.43
164500	0.43	0.48	0.48	0	0	0.43
164600	0.43	0.48	0.48	0	0	0.43
164700	0.43	0.48	0.48	0	0	0.43
164800	0.43	0.48	0.48	0	0	0.43
164900	0.43	0.48	0.48	0	0	0.43
165000	0.44	0.48	0.48	0	0	0.44
165100	0.44	0.48	0.48	0	0	0.44
165200	0.44	0.48	0.48	0	0	0.44
165300	0.44	0.48	0.48	0	0	0.44
165400	0.44	0.48	0.48	0	0	0.44
165500	0.44	0.49	0.49	0	0	0.44
165600	0.44	0.5	0.5	0	0	0.44
165700	0.44	0.5	0.5	0	0	0.44
165800	0.44	0.5	0.5	0	0	0.44
165900	0.44	0.5	0.5	0	0	0.44
166000	0.44	0.5	0.5	0	0	0.44
166100	0.44	0.5	0.5	0	0	0.44
166200	0.44	0.5	0.5	0	0	0.44
166300	0.43	0.5	0.5	0	0	0.43
166400	0.43	0.5	0.5	0	0	0.43
166500	0.43	0.5	0.5	0	0	0.43
166600	0.42	0.5	0.5	0	0	0.42
166700	0.42	0.5	0.5	0	0	0.42
166800	0.41	0.5	0.5	0	0	0.41
166900	0.41	0.5	0.5	0	0	0.41
167000	0.41	0.5	0.5	0	0	0.41
167100	0.41	0.5	0.5	0	0	0.41
167200	0.41	0.51	0.51	0	0	0.41
167300	0.4	0.5	0.5	0	0	0.4
167400	0.4	0.5	0.5	0	0	0.4
167500	0.4	0.5	0.5	0	0	0.4
167600	0.4	0.5	0.5	0	0	0.4
167700	0.4	0.5	0.5	0	0	0.4
167800	0.4	0.5	0.5	0	0	0.4
167900	0.4	0.5	0.5	0	0	0.4
168000	0.4	0.5	0.5	0	0	0.4
168100	0.4	0.5	0.5	0	0	0.4
168200	0.4	0.5	0.5	0	0	0.4
168300	0.4	0.5	0.5	0	0	0.4
168400	0.4	0.5	0.5	0	0	0.4
168500	0.4	0.5	0.5	0	0	0.4
168600	0.4	0.5	0.5	0	0	0.4
168700	0.4	0.5	0.5	0	0	0.4
168800	0.4	0.5	0.5	0	0	0.4
168900	0.41	0.51	0.51	0	0	0.41
169000	0.41	0.51	0.51	0	0	0.41
169100	0.41	0.51	0.51	0	0	0.41
169200	0.41	0.51	0.51	0	0	0.41
169300	0.43	0.51	0.51	0	0	0.43
169400	0.43	0.5	0.5	0	0	0.43
169500	0.42	0.5	0.5	0	0	0.42
169600	0.42	0.5	0.5	0	0	0.42
169700	0.42	0.5	0.5	0	0	0.42
169800	0.42	0.5	0.5	0	0	0.42
169900	0.42	0.5	0.5	0	0	0.42
170000	0.42	0.5	0.5	0	0	0.42
170100	0.42	0.5	0.5	0	0	0.42
170200	0.42	0.5	0.5	0	0	0.42
170300	0.42	0.5	0.5	0	0	0.42
170400	0.42	0.5	0.5	0	0	0.42
170500	0.42	0.51	0.51	0	0	0.42
170600	0.42	0.51	0.51	0	0	0.42
170700	0.42	0.51	0.51	0	0	0.42
170800	0.42	0.51	0.51	0	0	0.42
170900	0.42	0.51	0.51	0	0	0.42
171000	0.42	0.51	0.51	0	0	0.42
171100	0.42	0.51	0.51	0	0	0.42
171200	0.42	0.51	0.51	0	0	0.42
171300	0.42	0.51	0.51	0	0	0.42
171400	0.42	0.52	0.52	0	0	0.42
171500	0.42	0.52	0.52	0	0	0.42
171600	0.42	0.52	0.52	0	0	0.42
171700	0.42	0.52	0.52	0	0	0.42
171800	0.42	0.52	0.52	0	0	0.42
171900	0.42	0.52	0.52	0	0	0.42
172000	0.42	0.52	0.52	0	0	0.42
172100	0.42	0.52	0.52	0	0	0.42
172200	0.42	0.52	0.52	0	0	0.42
172300	0.42	0.52	0.52	0	0	0.42
172400	0.42	0.52	0.52	0	0	0.42
172500	0.42	0.52	0.52	0	0	0.42
172600	0.42	0.52	0.52	0	0	0.42
172700	0.42	0.52	0.52	0	0	0.42
172800	0.42	0.52	0.52	0	0	0.42
172900	0.42	0.52	0.52	0	0	0.42
173000	0.42	0.52	0.52	0	0	0.42
173100	0.42	0.52	0.52	0	0	0.42
173200	0.42	0.52	0.52	0	0	0.42
173300	0.42	0.52	0.52	0	0	0.42
173400	0.42	0.52	0.52	0	0	0.42
173500	0.42	0.52	0.52	0	0	0.42
173600	0.43	0.52	0.52	0	0	0.43
173700	0.43	0.52	0.52	0	0	0.43
173800	0.43	0.52	0.52	0	0	0.43
173900	0.42	0.52	0.52	0	0	0.42
174000	0.42	0.53	0.53	0	0	0.42
174100	0.42	0.52	0.52	0	0	0.42
174200	0.42	0.52	0.52	0	0	0.42
174300	0.42	0.52	0.52	0	0	0.42
174400	0.42	0.52	0.52	0	0	0.42
174500	0.42	0.52	0.52	0	0	0.42
174600	0.42	0.52	0.52	0	0	0.42
174700	0.42	0.52	0.52	0	0	0.42
174800	0.42	0.52	0.52	0	0	0.42
174900	0.42	0.52	0.52	0	0	0.42
175000	0.42	0.52	0.52	0	0	0.42
175100	0.42	0.52	0.52	0	0	0.42
175200	0.42	0.52	0.52	0	0	0.42
175300	0.42	0.52	0.52	0	0	0.42
175400	0.43	0.52	0.52	0	0	0.43
175500	0.43	0.52	0.52	0	0	0.43
175600	0.43	0.52	0.52	0	0	0.43
175700	0.43	0.52	0.52	0	0	0.43
175800	0.43	0.52	0.52	0	0	0.43
175900	0.43	0.52	0.52	0	0	0.43
176000	0.43	0.52	0.52	0	0	0.43
176100	0.43	0.52	0.52	0	0	0.43
176200	0.43	0.52	0.52	0	0	0.43
176300	0.43	0.52	0.52	0	0	0.43
176400	0.43	0.52	0.52	0	0	0.43
176500	0.43	0.52	0.52	0	0	0.43
176600	0.42	0.52	0.52	0	0	0.42
176700	0.42	0.52	0.52	0	0	0.42
176800	0.42	0.52	0.52	0	0	0.42
176900	0.42	0.51	0.51	0	0	0.42
177000	0.42	0.51	0.51	0	0	0.42
177100	0.42	0.51	0.51	0	0	0.42
177200	0.42	0.51	0.51	0	0	0.42
177300	0.42	0.51	0.51	0	0	0.42
177400	0.42	0.51	0.51	0	0	0.42
177500	0.42	0.51	0.51	0	0	0.42
177600	0.42	0.51	0.51	0	0	0.42
177700	0.42	0.51	0.51	0	0	0.42
177800	0.42	0.51	0.51	0	0	0.42
177900	0.42	0.51	0.51	0	0	0.42
178000	0.42	0.51	0.51	0	0	0.42
178100	0.42	0.51	0.51	0	0	0.42
178200	0.42	0.51	0.51	0	0	0.42
178300	0.42	0.51	0.51	0	0	0.42
178400	0.42	0.51	0.51	0	0	0.42
178500	0.42	0.51	0.51	0	0	0.42
178600	0.42	0.51	0.51	0	0	0.42
178700	0.42	0.51	0.51	0	0	0.42
178800	0.42	0.51	0.51	0	0	0.42
178900	0.42	0.51	0.51	0	0	0.42
179000	0.42	0.52	0.52	0	0	0.42
179100	0.42	0.52	0.52	0	0	0.42
179200	0.42	0.52	0.52	0	0	0.42
179300	0.42	0.52	0.52	0	0	0.42
179400	0.42	0.52	0.52	0	0	0.42
179500	0.42	0.52	0.52	0	0	0.42
179600	0.42	0.52	0.52	0	0	0.42
179700	0.42	0.52	0.52	0	0	0.42
179800	0.42	0.52	0.52	0	0	0.42
179900	0.42	0.52	0.52	0	0	0.42
180000	0.42	0.52	0.52	0	0	0.42
