100	0.11	0.12	0.12	0	0	0.11
200	0.13	0.11	0.11	0	0	0.13
300	0.12	0.09	0.09	0	0	0.12
400	0.14	0.1	0.1	0	0	0.14
500	0.15	0.1	0.1	0	0	0.15
600	0.16	0.12	0.12	0	0	0.16
700	0.16	0.11	0.11	0	0	0.16
800	0.16	0.11	0.11	0	0	0.16
900	0.18	0.11	0.11	0	0	0.18
1000	0.17	0.13	0.13	0	0	0.17
1100	0.18	0.13	0.13	0	0	0.18
1200	0.16	0.13	0.13	0	0	0.16
1300	0.15	0.14	0.14	0	0	0.15
1400	0.15	0.14	0.14	0	0	0.15
1500	0.14	0.16	0.16	0	0	0.14
1600	0.15	0.16	0.16	0	0	0.15
1700	0.17	0.16	0.16	0	0	0.17
1800	0.17	0.15	0.15	0	0	0.17
1900	0.17	0.16	0.16	0	0	0.17
2000	0.18	0.16	0.16	0	0	0.18
2100	0.18	0.16	0.16	0	0	0.18
2200	0.21	0.16	0.16	0	0	0.21
2300	0.23	0.16	0.16	0	0	0.23
2400	0.21	0.16	0.16	0	0	0.21
2500	0.21	0.12	0.12	0	0	0.21
2600	0.21	0.11	0.11	0	0	0.21
2700	0.22	0.12	0.12	0	0	0.22
2800	0.22	0.12	0.12	0	0	0.22
2900	0.22	0.12	0.12	0	0	0.22
3000	0.22	0.14	0.14	0	0	0.22
3100	0.22	0.16	0.16	0	0	0.22
3200	0.22	0.15	0.15	0	0	0.22
3300	0.22	0.16	0.16	0	0	0.22
3400	0.23	0.17	0.17	0	0	0.23
3500	0.23	0.16	0.16	0	0	0.23
3600	0.24	0.18	0.18	0	0	0.24
3700	0.25	0.18	0.18	0	0	0.25
3800	0.25	0.18	0.18	0	0	0.25
3900	0.24	0.17	0.17	0	0	0.24
4000	0.24	0.18	0.18	0	0	0.24
4100	0.25	0.18	0.18	0	0	0.25
4200	0.25	0.18	0.18	0	0	0.25
4300	0.25	0.18	0.18	0	0	0.25
4400	0.25	0.19	0.19	0	0	0.25
4500	0.25	0.19	0.19	0	0	0.25
4600	0.25	0.19	0.19	0	0	0.25
4700	0.26	0.18	0.18	0	0	0.26
4800	0.25	0.18	0.18	0	0	0.25
4900	0.26	0.17	0.17	0	0	0.26
5000	0.26	0.17	0.17	0	0	0.26
5100	0.26	0.17	0.17	0	0	0.26
5200	0.29	0.17	0.17	0	0	0.29
5300	0.29	0.19	0.19	0	0	0.29
5400	0.3	0.18	0.18	0	0	0.3
5500	0.3	0.17	0.17	0	0	0.3
5600	0.29	0.16	0.16	0	0	0.29
5700	0.29	0.16	0.16	0	0	0.29
5800	0.3	0.16	0.16	0	0	0.3
5900	0.31	0.17	0.17	0	0	0.31
6000	0.31	0.17	0.17	0	0	0.31
6100	0.33	0.16	0.16	0	0	0.33
6200	0.32	0.17	0.17	0	0	0.32
6300	0.3	0.17	0.17	0	0	0.3
6400	0.29	0.17	0.17	0	0	0.29
6500	0.3	0.18	0.18	0	0	0.3
6600	0.3	0.18	0.18	0	0	0.3
6700	0.3	0.18	0.18	0	0	0.3
6800	0.3	0.17	0.17	0	0	0.3
6900	0.3	0.17	0.17	0	0	0.3
7000	0.3	0.19	0.19	0	0	0.3
7100	0.31	0.19	0.19	0	0	0.31
7200	0.32	0.19	0.19	0	0	0.32
7300	0.32	0.19	0.19	0	0	0.32
7400	0.33	0.21	0.21	0	0	0.33
7500	0.33	0.2	0.2	0	0	0.33
7600	0.33	0.2	0.2	0	0	0.33
7700	0.32	0.21	0.21	0	0	0.32
7800	0.32	0.21	0.21	0	0	0.32
7900	0.32	0.21	0.21	0	0	0.32
8000	0.33	0.23	0.23	0	0	0.33
8100	0.33	0.25	0.25	0	0	0.33
8200	0.34	0.23	0.23	0	0	0.34
8300	0.34	0.24	0.24	0	0	0.34
8400	0.33	0.26	0.26	0	0	0.33
8500	0.33	0.25	0.25	0	0	0.33
8600	0.36	0.24	0.24	0	0	0.36
8700	0.36	0.25	0.25	0	0	0.36
8800	0.37	0.25	0.25	0	0	0.37
8900	0.37	0.25	0.25	0	0	0.37
9000	0.37	0.25	0.25	0	0	0.37
9100	0.37	0.26	0.26	0	0	0.37
9200	0.37	0.27	0.27	0	0	0.37
9300	0.37	0.27	0.27	0	0	0.37
9400	0.37	0.26	0.26	0	0	0.37
9500	0.36	0.26	0.26	0	0	0.36
9600	0.35	0.27	0.27	0	0	0.35
9700	0.36	0.27	0.27	0	0	0.36
9800	0.36	0.27	0.27	0	0	0.36
9900	0.36	0.26	0.26	0	0	0.36
10000	0.36	0.27	0.27	0	0	0.36
10100	0.36	0.26	0.26	0	0	0.36
10200	0.36	0.26	0.26	0	0	0.36
10300	0.36	0.26	0.26	0	0	0.36
10400	0.36	0.26	0.26	0	0	0.36
10500	0.37	0.26	0.26	0	0	0.37
10600	0.36	0.26	0.26	0	0	0.36
10700	0.36	0.27	0.27	0	0	0.36
10800	0.36	0.28	0.28	0	0	0.36
10900	0.37	0.28	0.28	0	0	0.37
11000	0.36	0.28	0.28	0	0	0.36
11100	0.36	0.28	0.28	0	0	0.36
11200	0.36	0.29	0.29	0	0	0.36
11300	0.35	0.28	0.28	0	0	0.35
11400	0.34	0.29	0.29	0	0	0.34
11500	0.34	0.29	0.29	0	0	0.34
11600	0.32	0.3	0.3	0	0	0.32
11700	0.32	0.3	0.3	0	0	0.32
11800	0.33	0.31	0.31	0	0	0.33
11900	0.32	0.32	0.32	0	0	0.32
12000	0.32	0.33	0.33	0	0	0.32
12100	0.33	0.32	0.32	0	0	0.33
12200	0.33	0.31	0.31	0	0	0.33
12300	0.33	0.3	0.3	0	0	0.33
12400	0.33	0.29	0.29	0	0	0.33
12500	0.34	0.28	0.28	0	0	0.34
12600	0.34	0.3	0.3	0	0	0.34
12700	0.34	0.29	0.29	0	0	0.34
12800	0.33	0.29	0.29	0	0	0.33
12900	0.34	0.28	0.28	0	0	0.34
13000	0.35	0.28	0.28	0	0	0.35
13100	0.34	0.3	0.3	0	0	0.34
13200	0.34	0.3	0.3	0	0	0.34
13300	0.34	0.3	0.3	0	0	0.34
13400	0.35	0.3	0.3	0	0	0.35
13500	0.36	0.3	0.3	0	0	0.36
13600	0.36	0.3	0.3	0	0	0.36
13700	0.36	0.3	0.3	0	0	0.36
13800	0.36	0.3	0.3	0	0	0.36
13900	0.37	0.31	0.31	0	0	0.37
14000	0.38	0.32	0.32	0	0	0.38
14100	0.38	0.32	0.32	0	0	0.38
14200	0.37	0.32	0.32	0	0	0.37
14300	0.37	0.32	0.32	0	0	0.37
14400	0.38	0.33	0.33	0	0	0.38
14500	0.38	0.34	0.34	0	0	0.38
14600	0.38	0.34	0.34	0	0	0.38
14700	0.36	0.33	0.33	0	0	0.36
14800	0.36	0.32	0.32	0	0	0.36
14900	0.37	0.33	0.33	0	0	0.37
15000	0.37	0.32	0.32	0	0	0.37
15100	0.37	0.29	0.29	0	0	0.37
15200	0.37	0.3	0.3	0	0	0.37
15300	0.37	0.3	0.3	0	0	0.37
15400	0.36	0.31	0.31	0	0	0.36
15500	0.35	0.31	0.31	0	0	0.35
15600	0.35	0.31	0.31	0	0	0.35
15700	0.35	0.32	0.32	0	0	0.35
15800	0.35	0.33	0.33	0	0	0.35
15900	0.35	0.32	0.32	0	0	0.35
16000	0.35	0.32	0.32	0	0	0.35
16100	0.34	0.32	0.32	0	0	0.34
16200	0.34	0.32	0.32	0	0	0.34
16300	0.35	0.33	0.33	0	0	0.35
16400	0.34	0.34	0.34	0	0	0.34
16500	0.34	0.35	0.35	0	0	0.34
16600	0.35	0.33	0.33	0	0	0.35
16700	0.35	0.32	0.32	0	0	0.35
16800	0.35	0.29	0.29	0	0	0.35
16900	0.34	0.29	0.29	0	0	0.34
17000	0.34	0.28	0.28	0	0	0.34
17100	0.34	0.27	0.27	0	0	0.34
17200	0.35	0.26	0.26	0	0	0.35
17300	0.35	0.26	0.26	0	0	0.35
17400	0.35	0.26	0.26	0	0	0.35
17500	0.35	0.26	0.26	0	0	0.35
17600	0.36	0.26	0.26	0	0	0.36
17700	0.36	0.26	0.26	0	0	0.36
17800	0.37	0.27	0.27	0	0	0.37
17900	0.37	0.27	0.27	0	0	0.37
18000	0.37	0.27	0.27	0	0	0.37
18100	0.37	0.27	0.27	0	0	0.37
18200	0.37	0.27	0.27	0	0	0.37
18300	0.38	0.27	0.27	0	0	0.38
18400	0.38	0.27	0.27	0	0	0.38
18500	0.38	0.27	0.27	0	0	0.38
18600	0.38	0.29	0.29	0	0	0.38
18700	0.38	0.29	0.29	0	0	0.38
18800	0.39	0.3	0.3	0	0	0.39
18900	0.39	0.3	0.3	0	0	0.39
19000	0.39	0.3	0.3	0	0	0.39
19100	0.39	0.3	0.3	0	0	0.39
19200	0.39	0.3	0.3	0	0	0.39
19300	0.41	0.3	0.3	0	0	0.41
19400	0.42	0.3	0.3	0	0	0.42
19500	0.41	0.3	0.3	0	0	0.41
19600	0.41	0.3	0.3	0	0	0.41
19700	0.4	0.3	0.3	0	0	0.4
19800	0.41	0.3	0.3	0	0	0.41
19900	0.38	0.31	0.31	0	0	0.38
20000	0.38	0.32	0.32	0	0	0.38
20100	0.39	0.33	0.33	0	0	0.39
20200	0.38	0.33	0.33	0	0	0.38
20300	0.38	0.34	0.34	0	0	0.38
20400	0.38	0.34	0.34	0	0	0.38
20500	0.38	0.35	0.35	0	0	0.38
20600	0.36	0.35	0.35	0	0	0.36
20700	0.35	0.36	0.36	0	0	0.35
20800	0.34	0.36	0.36	0	0	0.34
20900	0.33	0.36	0.36	0	0	0.33
21000	0.31	0.36	0.36	0	0	0.31
21100	0.3	0.36	0.36	0	0	0.3
21200	0.3	0.36	0.36	0	0	0.3
21300	0.3	0.37	0.37	0	0	0.3
21400	0.3	0.36	0.36	0	0	0.3
21500	0.3	0.35	0.35	0	0	0.3
21600	0.3	0.32	0.32	0	0	0.3
21700	0.3	0.32	0.32	0	0	0.3
21800	0.3	0.33	0.33	0	0	0.3
21900	0.31	0.33	0.33	0	0	0.31
22000	0.32	0.33	0.33	0	0	0.32
22100	0.32	0.33	0.33	0	0	0.32
22200	0.32	0.33	0.33	0	0	0.32
22300	0.33	0.35	0.35	0	0	0.33
22400	0.33	0.35	0.35	0	0	0.33
22500	0.33	0.35	0.35	0	0	0.33
22600	0.33	0.35	0.35	0	0	0.33
22700	0.35	0.34	0.34	0	0	0.35
22800	0.34	0.34	0.34	0	0	0.34
22900	0.33	0.35	0.35	0	0	0.33
23000	0.33	0.36	0.36	0	0	0.33
23100	0.33	0.37	0.37	0	0	0.33
23200	0.33	0.37	0.37	0	0	0.33
23300	0.33	0.37	0.37	0	0	0.33
23400	0.32	0.38	0.38	0	0	0.32
23500	0.32	0.38	0.38	0	0	0.32
23600	0.32	0.38	0.38	0	0	0.32
23700	0.32	0.37	0.37	0	0	0.32
23800	0.33	0.39	0.39	0	0	0.33
23900	0.33	0.39	0.39	0	0	0.33
24000	0.33	0.38	0.38	0	0	0.33
24100	0.34	0.38	0.38	0	0	0.34
24200	0.34	0.38	0.38	0	0	0.34
24300	0.35	0.39	0.39	0	0	0.35
24400	0.35	0.39	0.39	0	0	0.35
24500	0.34	0.38	0.38	0	0	0.34
24600	0.34	0.37	0.37	0	0	0.34
24700	0.34	0.37	0.37	0	0	0.34
24800	0.33	0.38	0.38	0	0	0.33
24900	0.33	0.38	0.38	0	0	0.33
25000	0.33	0.38	0.38	0	0	0.33
25100	0.33	0.39	0.39	0	0	0.33
25200	0.33	0.39	0.39	0	0	0.33
25300	0.34	0.39	0.39	0	0	0.34
25400	0.34	0.39	0.39	0	0	0.34
25500	0.33	0.39	0.39	0	0	0.33
25600	0.33	0.39	0.39	0	0	0.33
25700	0.33	0.39	0.39	0	0	0.33
25800	0.33	0.39	0.39	0	0	0.33
25900	0.34	0.39	0.39	0	0	0.34
26000	0.35	0.39	0.39	0	0	0.35
26100	0.35	0.4	0.4	0	0	0.35
26200	0.35	0.41	0.41	0	0	0.35
26300	0.35	0.41	0.41	0	0	0.35
26400	0.35	0.4	0.4	0	0	0.35
26500	0.35	0.4	0.4	0	0	0.35
26600	0.35	0.4	0.4	0	0	0.35
26700	0.35	0.4	0.4	0	0	0.35
26800	0.36	0.4	0.4	0	0	0.36
26900	0.36	0.4	0.4	0	0	0.36
27000	0.36	0.4	0.4	0	0	0.36
27100	0.36	0.4	0.4	0	0	0.36
27200	0.36	0.4	0.4	0	0	0.36
27300	0.36	0.4	0.4	0	0	0.36
27400	0.36	0.4	0.4	0	0	0.36
27500	0.36	0.4	0.4	0	0	0.36
27600	0.36	0.41	0.41	0	0	0.36
27700	0.36	0.41	0.41	0	0	0.36
27800	0.36	0.41	0.41	0	0	0.36
27900	0.35	0.41	0.41	0	0	0.35
28000	0.34	0.41	0.41	0	0	0.34
28100	0.34	0.42	0.42	0	0	0.34
28200	0.34	0.42	0.42	0	0	0.34
28300	0.33	0.42	0.42	0	0	0.33
28400	0.34	0.42	0.42	0	0	0.34
28500	0.33	0.42	0.42	0	0	0.33
28600	0.32	0.41	0.41	0	0	0.32
28700	0.32	0.41	0.41	0	0	0.32
28800	0.32	0.41	0.41	0	0	0.32
28900	0.33	0.41	0.41	0	0	0.33
29000	0.33	0.41	0.41	0	0	0.33
29100	0.34	0.42	0.42	0	0	0.34
29200	0.33	0.42	0.42	0	0	0.33
29300	0.33	0.42	0.42	0	0	0.33
29400	0.34	0.42	0.42	0	0	0.34
29500	0.33	0.41	0.41	0	0	0.33
29600	0.33	0.41	0.41	0	0	0.33
29700	0.33	0.41	0.41	0	0	0.33
29800	0.33	0.41	0.41	0	0	0.33
29900	0.33	0.41	0.41	0	0	0.33
30000	0.34	0.41	0.41	0	0	0.34
30100	0.34	0.43	0.43	0	0	0.34
30200	0.34	0.43	0.43	0	0	0.34
30300	0.34	0.43	0.43	0	0	0.34
30400	0.34	0.43	0.43	0	0	0.34
30500	0.33	0.42	0.42	0	0	0.33
30600	0.33	0.42	0.42	0	0	0.33
30700	0.33	0.42	0.42	0	0	0.33
30800	0.34	0.42	0.42	0	0	0.34
30900	0.34	0.42	0.42	0	0	0.34
31000	0.34	0.42	0.42	0	0	0.34
31100	0.34	0.42	0.42	0	0	0.34
31200	0.34	0.42	0.42	0	0	0.34
31300	0.34	0.42	0.42	0	0	0.34
31400	0.34	0.42	0.42	0	0	0.34
31500	0.35	0.41	0.41	0	0	0.35
31600	0.36	0.41	0.41	0	0	0.36
31700	0.36	0.41	0.41	0	0	0.36
31800	0.36	0.4	0.4	0	0	0.36
31900	0.37	0.39	0.39	0	0	0.37
32000	0.37	0.39	0.39	0	0	0.37
32100	0.37	0.39	0.39	0	0	0.37
32200	0.37	0.39	0.39	0	0	0.37
32300	0.37	0.39	0.39	0	0	0.37
32400	0.36	0.4	0.4	0	0	0.36
32500	0.36	0.4	0.4	0	0	0.36
32600	0.36	0.4	0.4	0	0	0.36
32700	0.36	0.41	0.41	0	0	0.36
32800	0.35	0.41	0.41	0	0	0.35
32900	0.35	0.41	0.41	0	0	0.35
33000	0.35	0.41	0.41	0	0	0.35
33100	0.35	0.41	0.41	0	0	0.35
33200	0.36	0.41	0.41	0	0	0.36
33300	0.36	0.41	0.41	0	0	0.36
33400	0.36	0.41	0.41	0	0	0.36
33500	0.37	0.41	0.41	0	0	0.37
33600	0.38	0.41	0.41	0	0	0.38
33700	0.38	0.41	0.41	0	0	0.38
33800	0.38	0.41	0.41	0	0	0.38
33900	0.39	0.41	0.41	0	0	0.39
34000	0.39	0.41	0.41	0	0	0.39
34100	0.39	0.41	0.41	0	0	0.39
34200	0.39	0.39	0.39	0	0	0.39
34300	0.39	0.4	0.4	0	0	0.39
34400	0.39	0.4	0.4	0	0	0.39
34500	0.39	0.4	0.4	0	0	0.39
34600	0.39	0.4	0.4	0	0	0.39
34700	0.39	0.4	0.4	0	0	0.39
34800	0.39	0.4	0.4	0	0	0.39
34900	0.39	0.4	0.4	0	0	0.39
35000	0.39	0.4	0.4	0	0	0.39
35100	0.39	0.39	0.39	0	0	0.39
35200	0.38	0.39	0.39	0	0	0.38
35300	0.38	0.39	0.39	0	0	0.38
35400	0.39	0.41	0.41	0	0	0.39
35500	0.39	0.41	0.41	0	0	0.39
35600	0.39	0.41	0.41	0	0	0.39
35700	0.39	0.41	0.41	0	0	0.39
35800	0.39	0.41	0.41	0	0	0.39
35900	0.39	0.41	0.41	0	0	0.39
36000	0.38	0.42	0.42	0	0	0.38
36100	0.39	0.42	0.42	0	0	0.39
36200	0.39	0.41	0.41	0	0	0.39
36300	0.38	0.41	0.41	0	0	0.38
36400	0.38	0.41	0.41	0	0	0.38
36500	0.38	0.41	0.41	0	0	0.38
36600	0.38	0.42	0.42	0	0	0.38
36700	0.37	0.42	0.42	0	0	0.37
36800	0.38	0.41	0.41	0	0	0.38
36900	0.38	0.41	0.41	0	0	0.38
37000	0.39	0.41	0.41	0	0	0.39
37100	0.39	0.41	0.41	0	0	0.39
37200	0.39	0.41	0.41	0	0	0.39
37300	0.39	0.41	0.41	0	0	0.39
37400	0.39	0.41	0.41	0	0	0.39
37500	0.39	0.41	0.41	0	0	0.39
37600	0.39	0.41	0.41	0	0	0.39
37700	0.39	0.41	0.41	0	0	0.39
37800	0.4	0.41	0.41	0	0	0.4
37900	0.4	0.41	0.41	0	0	0.4
38000	0.41	0.41	0.41	0	0	0.41
38100	0.4	0.4	0.4	0	0	0.4
38200	0.4	0.4	0.4	0	0	0.4
38300	0.4	0.4	0.4	0	0	0.4
38400	0.4	0.39	0.39	0	0	0.4
38500	0.4	0.39	0.39	0	0	0.4
38600	0.4	0.39	0.39	0	0	0.4
38700	0.4	0.39	0.39	0	0	0.4
38800	0.4	0.38	0.38	0	0	0.4
38900	0.4	0.38	0.38	0	0	0.4
39000	0.4	0.38	0.38	0	0	0.4
39100	0.4	0.38	0.38	0	0	0.4
39200	0.4	0.38	0.38	0	0	0.4
39300	0.4	0.38	0.38	0	0	0.4
39400	0.4	0.38	0.38	0	0	0.4
39500	0.4	0.38	0.38	0	0	0.4
39600	0.4	0.38	0.38	0	0	0.4
39700	0.4	0.38	0.38	0	0	0.4
39800	0.4	0.38	0.38	0	0	0.4
39900	0.4	0.38	0.38	0	0	0.4
40000	0.4	0.38	0.38	0	0	0.4
40100	0.4	0.38	0.38	0	0	0.4
40200	0.41	0.38	0.38	0	0	0.41
40300	0.41	0.38	0.38	0	0	0.41
40400	0.41	0.38	0.38	0	0	0.41
40500	0.42	0.38	0.38	0	0	0.42
40600	0.42	0.39	0.39	0	0	0.42
40700	0.42	0.39	0.39	0	0	0.42
40800	0.42	0.39	0.39	0	0	0.42
40900	0.42	0.39	0.39	0	0	0.42
41000	0.42	0.39	0.39	0	0	0.42
41100	0.42	0.39	0.39	0	0	0.42
41200	0.42	0.39	0.39	0	0	0.42
41300	0.42	0.39	0.39	0	0	0.42
41400	0.42	0.39	0.39	0	0	0.42
41500	0.42	0.39	0.39	0	0	0.42
41600	0.41	0.4	0.4	0	0	0.41
41700	0.41	0.4	0.4	0	0	0.41
41800	0.42	0.4	0.4	0	0	0.42
41900	0.42	0.39	0.39	0	0	0.42
42000	0.42	0.4	0.4	0	0	0.42
42100	0.42	0.39	0.39	0	0	0.42
42200	0.42	0.39	0.39	0	0	0.42
42300	0.43	0.38	0.38	0	0	0.43
42400	0.41	0.38	0.38	0	0	0.41
42500	0.41	0.38	0.38	0	0	0.41
42600	0.41	0.38	0.38	0	0	0.41
42700	0.41	0.38	0.38	0	0	0.41
42800	0.41	0.38	0.38	0	0	0.41
42900	0.41	0.39	0.39	0	0	0.41
43000	0.42	0.39	0.39	0	0	0.42
43100	0.42	0.4	0.4	0	0	0.42
43200	0.41	0.39	0.39	0	0	0.41
43300	0.4	0.4	0.4	0	0	0.4
43400	0.4	0.39	0.39	0	0	0.4
43500	0.4	0.39	0.39	0	0	0.4
43600	0.4	0.39	0.39	0	0	0.4
43700	0.4	0.39	0.39	0	0	0.4
43800	0.4	0.39	0.39	0	0	0.4
43900	0.4	0.39	0.39	0	0	0.4
44000	0.4	0.39	0.39	0	0	0.4
44100	0.4	0.39	0.39	0	0	0.4
44200	0.4	0.39	0.39	0	0	0.4
44300	0.4	0.39	0.39	0	0	0.4
44400	0.41	0.39	0.39	0	0	0.41
44500	0.4	0.39	0.39	0	0	0.4
44600	0.4	0.39	0.39	0	0	0.4
44700	0.4	0.39	0.39	0	0	0.4
44800	0.4	0.39	0.39	0	0	0.4
44900	0.4	0.4	0.4	0	0	0.4
45000	0.4	0.4	0.4	0	0	0.4
45100	0.4	0.4	0.4	0	0	0.4
45200	0.4	0.4	0.4	0	0	0.4
45300	0.4	0.4	0.4	0	0	0.4
45400	0.4	0.4	0.4	0	0	0.4
45500	0.4	0.4	0.4	0	0	0.4
45600	0.4	0.4	0.4	0	0	0.4
45700	0.4	0.4	0.4	0	0	0.4
45800	0.4	0.4	0.4	0	0	0.4
45900	0.41	0.4	0.4	0	0	0.41
46000	0.41	0.4	0.4	0	0	0.41
46100	0.41	0.4	0.4	0	0	0.41
46200	0.41	0.4	0.4	0	0	0.41
46300	0.42	0.4	0.4	0	0	0.42
46400	0.41	0.4	0.4	0	0	0.41
46500	0.41	0.39	0.39	0	0	0.41
46600	0.41	0.39	0.39	0	0	0.41
46700	0.41	0.39	0.39	0	0	0.41
46800	0.41	0.39	0.39	0	0	0.41
46900	0.41	0.39	0.39	0	0	0.41
47000	0.41	0.38	0.38	0	0	0.41
47100	0.41	0.38	0.38	0	0	0.41
47200	0.41	0.38	0.38	0	0	0.41
47300	0.41	0.38	0.38	0	0	0.41
47400	0.41	0.38	0.38	0	0	0.41
47500	0.41	0.38	0.38	0	0	0.41
47600	0.41	0.38	0.38	0	0	0.41
47700	0.41	0.39	0.39	0	0	0.41
47800	0.41	0.39	0.39	0	0	0.41
47900	0.41	0.39	0.39	0	0	0.41
48000	0.41	0.38	0.38	0	0	0.41
48100	0.41	0.38	0.38	0	0	0.41
48200	0.41	0.38	0.38	0	0	0.41
48300	0.41	0.38	0.38	0	0	0.41
48400	0.41	0.38	0.38	0	0	0.41
48500	0.4	0.39	0.39	0	0	0.4
48600	0.4	0.39	0.39	0	0	0.4
48700	0.4	0.39	0.39	0	0	0.4
48800	0.4	0.39	0.39	0	0	0.4
48900	0.4	0.39	0.39	0	0	0.4
49000	0.4	0.4	0.4	0	0	0.4
49100	0.4	0.4	0.4	0	0	0.4
49200	0.4	0.4	0.4	0	0	0.4
49300	0.4	0.4	0.4	0	0	0.4
49400	0.4	0.4	0.4	0	0	0.4
49500	0.4	0.4	0.4	0	0	0.4
49600	0.4	0.4	0.4	0	0	0.4
49700	0.41	0.41	0.41	0	0	0.41
49800	0.42	0.41	0.41	0	0	0.42
49900	0.42	0.41	0.41	0	0	0.42
50000	0.42	0.41	0.41	0	0	0.42
50100	0.42	0.41	0.41	0	0	0.42
50200	0.41	0.4	0.4	0	0	0.41
50300	0.41	0.4	0.4	0	0	0.41
50400	0.41	0.4	0.4	0	0	0.41
50500	0.41	0.4	0.4	0	0	0.41
50600	0.41	0.41	0.41	0	0	0.41
50700	0.41	0.41	0.41	0	0	0.41
50800	0.41	0.41	0.41	0	0	0.41
50900	0.41	0.41	0.41	0	0	0.41
51000	0.41	0.41	0.41	0	0	0.41
51100	0.41	0.41	0.41	0	0	0.41
51200	0.41	0.42	0.42	0	0	0.41
51300	0.41	0.42	0.42	0	0	0.41
51400	0.4	0.41	0.41	0	0	0.4
51500	0.4	0.41	0.41	0	0	0.4
51600	0.4	0.41	0.41	0	0	0.4
51700	0.41	0.41	0.41	0	0	0.41
51800	0.41	0.41	0.41	0	0	0.41
51900	0.41	0.41	0.41	0	0	0.41
52000	0.41	0.41	0.41	0	0	0.41
52100	0.41	0.41	0.41	0	0	0.41
52200	0.41	0.42	0.42	0	0	0.41
52300	0.41	0.41	0.41	0	0	0.41
52400	0.41	0.41	0.41	0	0	0.41
52500	0.41	0.41	0.41	0	0	0.41
52600	0.41	0.41	0.41	0	0	0.41
52700	0.41	0.41	0.41	0	0	0.41
52800	0.41	0.41	0.41	0	0	0.41
52900	0.41	0.41	0.41	0	0	0.41
53000	0.4	0.41	0.41	0	0	0.4
53100	0.4	0.41	0.41	0	0	0.4
53200	0.4	0.42	0.42	0	0	0.4
53300	0.4	0.42	0.42	0	0	0.4
53400	0.4	0.42	0.42	0	0	0.4
53500	0.39	0.42	0.42	0	0	0.39
53600	0.39	0.42	0.42	0	0	0.39
53700	0.39	0.42	0.42	0	0	0.39
53800	0.4	0.42	0.42	0	0	0.4
53900	0.39	0.42	0.42	0	0	0.39
54000	0.4	0.42	0.42	0	0	0.4
54100	0.4	0.42	0.42	0	0	0.4
54200	0.4	0.42	0.42	0	0	0.4
54300	0.4	0.42	0.42	0	0	0.4
54400	0.4	0.42	0.42	0	0	0.4
54500	0.4	0.42	0.42	0	0	0.4
54600	0.4	0.42	0.42	0	0	0.4
54700	0.4	0.42	0.42	0	0	0.4
54800	0.4	0.42	0.42	0	0	0.4
54900	0.4	0.42	0.42	0	0	0.4
55000	0.4	0.42	0.42	0	0	0.4
55100	0.4	0.42	0.42	0	0	0.4
55200	0.41	0.43	0.43	0	0	0.41
55300	0.42	0.43	0.43	0	0	0.42
55400	0.42	0.43	0.43	0	0	0.42
55500	0.42	0.43	0.43	0	0	0.42
55600	0.42	0.43	0.43	0	0	0.42
55700	0.42	0.44	0.44	0	0	0.42
55800	0.42	0.44	0.44	0	0	0.42
55900	0.42	0.44	0.44	0	0	0.42
56000	0.42	0.45	0.45	0	0	0.42
56100	0.42	0.45	0.45	0	0	0.42
56200	0.42	0.45	0.45	0	0	0.42
56300	0.43	0.45	0.45	0	0	0.43
56400	0.43	0.45	0.45	0	0	0.43
56500	0.43	0.45	0.45	0	0	0.43
56600	0.43	0.45	0.45	0	0	0.43
56700	0.42	0.45	0.45	0	0	0.42
56800	0.42	0.46	0.46	0	0	0.42
56900	0.42	0.46	0.46	0	0	0.42
57000	0.42	0.46	0.46	0	0	0.42
57100	0.42	0.46	0.46	0	0	0.42
57200	0.42	0.46	0.46	0	0	0.42
57300	0.42	0.47	0.47	0	0	0.42
57400	0.42	0.47	0.47	0	0	0.42
57500	0.42	0.47	0.47	0	0	0.42
57600	0.42	0.47	0.47	0	0	0.42
57700	0.42	0.47	0.47	0	0	0.42
57800	0.42	0.46	0.46	0	0	0.42
57900	0.42	0.46	0.46	0	0	0.42
58000	0.42	0.46	0.46	0	0	0.42
58100	0.42	0.46	0.46	0	0	0.42
58200	0.42	0.46	0.46	0	0	0.42
58300	0.42	0.46	0.46	0	0	0.42
58400	0.42	0.46	0.46	0	0	0.42
58500	0.42	0.46	0.46	0	0	0.42
58600	0.42	0.47	0.47	0	0	0.42
58700	0.43	0.47	0.47	0	0	0.43
58800	0.43	0.47	0.47	0	0	0.43
58900	0.43	0.47	0.47	0	0	0.43
59000	0.43	0.47	0.47	0	0	0.43
59100	0.43	0.47	0.47	0	0	0.43
59200	0.43	0.47	0.47	0	0	0.43
59300	0.43	0.47	0.47	0	0	0.43
59400	0.43	0.47	0.47	0	0	0.43
59500	0.44	0.47	0.47	0	0	0.44
59600	0.44	0.47	0.47	0	0	0.44
59700	0.44	0.47	0.47	0	0	0.44
59800	0.44	0.47	0.47	0	0	0.44
59900	0.44	0.47	0.47	0	0	0.44
60000	0.44	0.47	0.47	0	0	0.44
60100	0.44	0.47	0.47	0	0	0.44
60200	0.44	0.47	0.47	0	0	0.44
60300	0.44	0.47	0.47	0	0	0.44
60400	0.44	0.47	0.47	0	0	0.44
60500	0.44	0.47	0.47	0	0	0.44
60600	0.44	0.47	0.47	0	0	0.44
60700	0.44	0.47	0.47	0	0	0.44
60800	0.44	0.47	0.47	0	0	0.44
60900	0.44	0.47	0.47	0	0	0.44
61000	0.44	0.47	0.47	0	0	0.44
61100	0.44	0.47	0.47	0	0	0.44
61200	0.44	0.47	0.47	0	0	0.44
61300	0.44	0.47	0.47	0	0	0.44
61400	0.44	0.47	0.47	0	0	0.44
61500	0.44	0.47	0.47	0	0	0.44
61600	0.44	0.47	0.47	0	0	0.44
61700	0.44	0.47	0.47	0	0	0.44
61800	0.45	0.47	0.47	0	0	0.45
61900	0.45	0.47	0.47	0	0	0.45
62000	0.45	0.47	0.47	0	0	0.45
62100	0.45	0.46	0.46	0	0	0.45
62200	0.45	0.46	0.46	0	0	0.45
62300	0.46	0.46	0.46	0	0	0.46
62400	0.46	0.46	0.46	0	0	0.46
62500	0.46	0.47	0.47	0	0	0.46
62600	0.46	0.47	0.47	0	0	0.46
62700	0.46	0.47	0.47	0	0	0.46
62800	0.46	0.47	0.47	0	0	0.46
62900	0.46	0.47	0.47	0	0	0.46
63000	0.46	0.48	0.48	0	0	0.46
63100	0.46	0.48	0.48	0	0	0.46
63200	0.46	0.48	0.48	0	0	0.46
63300	0.46	0.48	0.48	0	0	0.46
63400	0.46	0.48	0.48	0	0	0.46
63500	0.46	0.48	0.48	0	0	0.46
63600	0.46	0.48	0.48	0	0	0.46
63700	0.45	0.48	0.48	0	0	0.45
63800	0.45	0.48	0.48	0	0	0.45
63900	0.45	0.48	0.48	0	0	0.45
64000	0.45	0.47	0.47	0	0	0.45
64100	0.45	0.47	0.47	0	0	0.45
64200	0.45	0.47	0.47	0	0	0.45
64300	0.44	0.47	0.47	0	0	0.44
64400	0.44	0.47	0.47	0	0	0.44
64500	0.44	0.47	0.47	0	0	0.44
64600	0.44	0.47	0.47	0	0	0.44
64700	0.44	0.47	0.47	0	0	0.44
64800	0.44	0.47	0.47	0	0	0.44
64900	0.44	0.47	0.47	0	0	0.44
65000	0.45	0.47	0.47	0	0	0.45
65100	0.45	0.47	0.47	0	0	0.45
65200	0.45	0.47	0.47	0	0	0.45
65300	0.46	0.47	0.47	0	0	0.46
65400	0.46	0.47	0.47	0	0	0.46
65500	0.46	0.47	0.47	0	0	0.46
65600	0.46	0.47	0.47	0	0	0.46
65700	0.46	0.47	0.47	0	0	0.46
65800	0.46	0.47	0.47	0	0	0.46
65900	0.46	0.47	0.47	0	0	0.46
66000	0.46	0.47	0.47	0	0	0.46
66100	0.46	0.47	0.47	0	0	0.46
66200	0.46	0.47	0.47	0	0	0.46
66300	0.46	0.47	0.47	0	0	0.46
66400	0.45	0.47	0.47	0	0	0.45
66500	0.45	0.47	0.47	0	0	0.45
66600	0.42	0.47	0.47	0	0	0.42
66700	0.42	0.47	0.47	0	0	0.42
66800	0.42	0.47	0.47	0	0	0.42
66900	0.42	0.47	0.47	0	0	0.42
67000	0.42	0.48	0.48	0	0	0.42
67100	0.42	0.5	0.5	0	0	0.42
67200	0.42	0.49	0.49	0	0	0.42
67300	0.42	0.5	0.5	0	0	0.42
67400	0.42	0.5	0.5	0	0	0.42
67500	0.42	0.5	0.5	0	0	0.42
67600	0.42	0.5	0.5	0	0	0.42
67700	0.42	0.5	0.5	0	0	0.42
67800	0.42	0.5	0.5	0	0	0.42
67900	0.42	0.5	0.5	0	0	0.42
68000	0.42	0.5	0.5	0	0	0.42
68100	0.42	0.5	0.5	0	0	0.42
68200	0.42	0.5	0.5	0	0	0.42
68300	0.42	0.5	0.5	0	0	0.42
68400	0.42	0.5	0.5	0	0	0.42
68500	0.42	0.5	0.5	0	0	0.42
68600	0.42	0.5	0.5	0	0	0.42
68700	0.42	0.5	0.5	0	0	0.42
68800	0.42	0.5	0.5	0	0	0.42
68900	0.42	0.5	0.5	0	0	0.42
69000	0.42	0.48	0.48	0	0	0.42
69100	0.42	0.48	0.48	0	0	0.42
69200	0.42	0.48	0.48	0	0	0.42
69300	0.42	0.48	0.48	0	0	0.42
69400	0.42	0.49	0.49	0	0	0.42
69500	0.42	0.48	0.48	0	0	0.42
69600	0.42	0.48	0.48	0	0	0.42
69700	0.42	0.48	0.48	0	0	0.42
69800	0.42	0.48	0.48	0	0	0.42
69900	0.42	0.48	0.48	0	0	0.42
70000	0.42	0.48	0.48	0	0	0.42
70100	0.42	0.48	0.48	0	0	0.42
70200	0.42	0.48	0.48	0	0	0.42
70300	0.42	0.48	0.48	0	0	0.42
70400	0.42	0.47	0.47	0	0	0.42
70500	0.42	0.47	0.47	0	0	0.42
70600	0.42	0.47	0.47	0	0	0.42
70700	0.42	0.47	0.47	0	0	0.42
70800	0.42	0.47	0.47	0	0	0.42
70900	0.42	0.48	0.48	0	0	0.42
71000	0.42	0.48	0.48	0	0	0.42
71100	0.42	0.48	0.48	0	0	0.42
71200	0.42	0.48	0.48	0	0	0.42
71300	0.42	0.48	0.48	0	0	0.42
71400	0.42	0.48	0.48	0	0	0.42
71500	0.42	0.48	0.48	0	0	0.42
71600	0.42	0.48	0.48	0	0	0.42
71700	0.42	0.48	0.48	0	0	0.42
71800	0.42	0.48	0.48	0	0	0.42
71900	0.42	0.48	0.48	0	0	0.42
72000	0.42	0.48	0.48	0	0	0.42
72100	0.42	0.48	0.48	0	0	0.42
72200	0.42	0.48	0.48	0	0	0.42
72300	0.42	0.48	0.48	0	0	0.42
72400	0.42	0.48	0.48	0	0	0.42
72500	0.42	0.48	0.48	0	0	0.42
72600	0.42	0.48	0.48	0	0	0.42
72700	0.42	0.48	0.48	0	0	0.42
72800	0.42	0.48	0.48	0	0	0.42
72900	0.42	0.48	0.48	0	0	0.42
73000	0.42	0.48	0.48	0	0	0.42
73100	0.42	0.48	0.48	0	0	0.42
73200	0.42	0.48	0.48	0	0	0.42
73300	0.42	0.48	0.48	0	0	0.42
73400	0.42	0.48	0.48	0	0	0.42
73500	0.42	0.48	0.48	0	0	0.42
73600	0.43	0.48	0.48	0	0	0.43
73700	0.43	0.48	0.48	0	0	0.43
73800	0.43	0.49	0.49	0	0	0.43
73900	0.43	0.49	0.49	0	0	0.43
74000	0.43	0.49	0.49	0	0	0.43
74100	0.43	0.49	0.49	0	0	0.43
74200	0.43	0.49	0.49	0	0	0.43
74300	0.43	0.49	0.49	0	0	0.43
74400	0.43	0.49	0.49	0	0	0.43
74500	0.43	0.49	0.49	0	0	0.43
74600	0.44	0.49	0.49	0	0	0.44
74700	0.43	0.49	0.49	0	0	0.43
74800	0.43	0.49	0.49	0	0	0.43
74900	0.43	0.49	0.49	0	0	0.43
75000	0.43	0.49	0.49	0	0	0.43
75100	0.43	0.49	0.49	0	0	0.43
75200	0.43	0.49	0.49	0	0	0.43
75300	0.42	0.49	0.49	0	0	0.42
75400	0.42	0.49	0.49	0	0	0.42
75500	0.42	0.49	0.49	0	0	0.42
75600	0.42	0.49	0.49	0	0	0.42
75700	0.42	0.49	0.49	0	0	0.42
75800	0.42	0.49	0.49	0	0	0.42
75900	0.42	0.49	0.49	0	0	0.42
76000	0.41	0.49	0.49	0	0	0.41
76100	0.41	0.49	0.49	0	0	0.41
76200	0.41	0.49	0.49	0	0	0.41
76300	0.41	0.49	0.49	0	0	0.41
76400	0.41	0.49	0.49	0	0	0.41
76500	0.41	0.49	0.49	0	0	0.41
76600	0.41	0.49	0.49	0	0	0.41
76700	0.41	0.49	0.49	0	0	0.41
76800	0.41	0.49	0.49	0	0	0.41
76900	0.41	0.49	0.49	0	0	0.41
77000	0.41	0.49	0.49	0	0	0.41
77100	0.41	0.49	0.49	0	0	0.41
77200	0.41	0.49	0.49	0	0	0.41
77300	0.41	0.49	0.49	0	0	0.41
77400	0.41	0.49	0.49	0	0	0.41
77500	0.41	0.49	0.49	0	0	0.41
77600	0.41	0.49	0.49	0	0	0.41
77700	0.41	0.49	0.49	0	0	0.41
77800	0.41	0.49	0.49	0	0	0.41
77900	0.41	0.49	0.49	0	0	0.41
78000	0.41	0.49	0.49	0	0	0.41
78100	0.41	0.49	0.49	0	0	0.41
78200	0.41	0.5	0.5	0	0	0.41
78300	0.41	0.5	0.5	0	0	0.41
78400	0.41	0.5	0.5	0	0	0.41
78500	0.41	0.5	0.5	0	0	0.41
78600	0.41	0.5	0.5	0	0	0.41
78700	0.41	0.5	0.5	0	0	0.41
78800	0.41	0.5	0.5	0	0	0.41
78900	0.41	0.5	0.5	0	0	0.41
79000	0.41	0.5	0.5	0	0	0.41
79100	0.41	0.5	0.5	0	0	0.41
79200	0.41	0.5	0.5	0	0	0.41
79300	0.41	0.5	0.5	0	0	0.41
79400	0.41	0.5	0.5	0	0	0.41
79500	0.41	0.5	0.5	0	0	0.41
79600	0.41	0.5	0.5	0	0	0.41
79700	0.41	0.5	0.5	0	0	0.41
79800	0.41	0.51	0.51	0	0	0.41
79900	0.41	0.51	0.51	0	0	0.41
80000	0.41	0.5	0.5	0	0	0.41
80100	0.41	0.5	0.5	0	0	0.41
80200	0.41	0.5	0.5	0	0	0.41
80300	0.41	0.5	0.5	0	0	0.41
80400	0.41	0.5	0.5	0	0	0.41
80500	0.41	0.5	0.5	0	0	0.41
80600	0.41	0.5	0.5	0	0	0.41
80700	0.41	0.5	0.5	0	0	0.41
80800	0.41	0.5	0.5	0	0	0.41
80900	0.41	0.5	0.5	0	0	0.41
81000	0.41	0.5	0.5	0	0	0.41
81100	0.41	0.5	0.5	0	0	0.41
81200	0.41	0.5	0.5	0	0	0.41
81300	0.41	0.5	0.5	0	0	0.41
81400	0.41	0.5	0.5	0	0	0.41
81500	0.41	0.5	0.5	0	0	0.41
81600	0.41	0.5	0.5	0	0	0.41
81700	0.41	0.5	0.5	0	0	0.41
81800	0.41	0.5	0.5	0	0	0.41
81900	0.41	0.5	0.5	0	0	0.41
82000	0.41	0.5	0.5	0	0	0.41
82100	0.41	0.5	0.5	0	0	0.41
82200	0.41	0.5	0.5	0	0	0.41
82300	0.41	0.5	0.5	0	0	0.41
82400	0.41	0.5	0.5	0	0	0.41
82500	0.41	0.5	0.5	0	0	0.41
82600	0.41	0.5	0.5	0	0	0.41
82700	0.41	0.5	0.5	0	0	0.41
82800	0.41	0.5	0.5	0	0	0.41
82900	0.41	0.51	0.51	0	0	0.41
83000	0.41	0.51	0.51	0	0	0.41
83100	0.41	0.51	0.51	0	0	0.41
83200	0.42	0.51	0.51	0	0	0.42
83300	0.42	0.51	0.51	0	0	0.42
83400	0.42	0.51	0.51	0	0	0.42
83500	0.42	0.51	0.51	0	0	0.42
83600	0.42	0.5	0.5	0	0	0.42
83700	0.42	0.5	0.5	0	0	0.42
83800	0.42	0.5	0.5	0	0	0.42
83900	0.42	0.5	0.5	0	0	0.42
84000	0.42	0.5	0.5	0	0	0.42
84100	0.41	0.5	0.5	0	0	0.41
84200	0.4	0.5	0.5	0	0	0.4
84300	0.4	0.51	0.51	0	0	0.4
84400	0.4	0.51	0.51	0	0	0.4
84500	0.4	0.5	0.5	0	0	0.4
84600	0.4	0.5	0.5	0	0	0.4
84700	0.4	0.5	0.5	0	0	0.4
84800	0.4	0.5	0.5	0	0	0.4
84900	0.41	0.5	0.5	0	0	0.41
85000	0.41	0.51	0.51	0	0	0.41
85100	0.41	0.51	0.51	0	0	0.41
85200	0.41	0.51	0.51	0	0	0.41
85300	0.41	0.51	0.51	0	0	0.41
85400	0.41	0.51	0.51	0	0	0.41
85500	0.41	0.51	0.51	0	0	0.41
85600	0.41	0.5	0.5	0	0	0.41
85700	0.41	0.5	0.5	0	0	0.41
85800	0.41	0.5	0.5	0	0	0.41
85900	0.41	0.5	0.5	0	0	0.41
86000	0.42	0.5	0.5	0	0	0.42
86100	0.41	0.5	0.5	0	0	0.41
86200	0.41	0.5	0.5	0	0	0.41
86300	0.41	0.5	0.5	0	0	0.41
86400	0.41	0.5	0.5	0	0	0.41
86500	0.41	0.5	0.5	0	0	0.41
86600	0.41	0.5	0.5	0	0	0.41
86700	0.42	0.5	0.5	0	0	0.42
86800	0.42	0.5	0.5	0	0	0.42
86900	0.42	0.5	0.5	0	0	0.42
87000	0.42	0.5	0.5	0	0	0.42
87100	0.42	0.5	0.5	0	0	0.42
87200	0.42	0.5	0.5	0	0	0.42
87300	0.42	0.5	0.5	0	0	0.42
87400	0.42	0.5	0.5	0	0	0.42
87500	0.42	0.5	0.5	0	0	0.42
87600	0.41	0.5	0.5	0	0	0.41
87700	0.41	0.5	0.5	0	0	0.41
87800	0.41	0.5	0.5	0	0	0.41
87900	0.41	0.5	0.5	0	0	0.41
88000	0.41	0.5	0.5	0	0	0.41
88100	0.41	0.5	0.5	0	0	0.41
88200	0.41	0.5	0.5	0	0	0.41
88300	0.41	0.5	0.5	0	0	0.41
88400	0.41	0.5	0.5	0	0	0.41
88500	0.41	0.5	0.5	0	0	0.41
88600	0.42	0.5	0.5	0	0	0.42
88700	0.41	0.5	0.5	0	0	0.41
88800	0.41	0.5	0.5	0	0	0.41
88900	0.41	0.5	0.5	0	0	0.41
89000	0.41	0.5	0.5	0	0	0.41
89100	0.41	0.5	0.5	0	0	0.41
89200	0.41	0.5	0.5	0	0	0.41
89300	0.41	0.5	0.5	0	0	0.41
89400	0.41	0.5	0.5	0	0	0.41
89500	0.41	0.5	0.5	0	0	0.41
89600	0.41	0.5	0.5	0	0	0.41
89700	0.41	0.5	0.5	0	0	0.41
89800	0.41	0.5	0.5	0	0	0.41
89900	0.41	0.5	0.5	0	0	0.41
90000	0.41	0.5	0.5	0	0	0.41
90100	0.4	0.5	0.5	0	0	0.4
90200	0.41	0.5	0.5	0	0	0.41
90300	0.41	0.5	0.5	0	0	0.41
90400	0.41	0.51	0.51	0	0	0.41
90500	0.41	0.51	0.51	0	0	0.41
90600	0.41	0.51	0.51	0	0	0.41
90700	0.41	0.51	0.51	0	0	0.41
90800	0.41	0.51	0.51	0	0	0.41
90900	0.41	0.51	0.51	0	0	0.41
91000	0.41	0.51	0.51	0	0	0.41
91100	0.41	0.51	0.51	0	0	0.41
91200	0.41	0.51	0.51	0	0	0.41
91300	0.41	0.51	0.51	0	0	0.41
91400	0.41	0.51	0.51	0	0	0.41
91500	0.41	0.51	0.51	0	0	0.41
91600	0.41	0.51	0.51	0	0	0.41
91700	0.41	0.52	0.52	0	0	0.41
91800	0.41	0.52	0.52	0	0	0.41
91900	0.41	0.51	0.51	0	0	0.41
92000	0.41	0.51	0.51	0	0	0.41
92100	0.41	0.51	0.51	0	0	0.41
92200	0.41	0.51	0.51	0	0	0.41
92300	0.41	0.51	0.51	0	0	0.41
92400	0.41	0.51	0.51	0	0	0.41
92500	0.41	0.51	0.51	0	0	0.41
92600	0.41	0.51	0.51	0	0	0.41
92700	0.41	0.51	0.51	0	0	0.41
92800	0.4	0.51	0.51	0	0	0.4
92900	0.4	0.51	0.51	0	0	0.4
93000	0.4	0.51	0.51	0	0	0.4
93100	0.4	0.51	0.51	0	0	0.4
93200	0.4	0.51	0.51	0	0	0.4
93300	0.4	0.51	0.51	0	0	0.4
93400	0.4	0.51	0.51	0	0	0.4
93500	0.4	0.51	0.51	0	0	0.4
93600	0.4	0.51	0.51	0	0	0.4
93700	0.4	0.51	0.51	0	0	0.4
93800	0.4	0.51	0.51	0	0	0.4
93900	0.4	0.51	0.51	0	0	0.4
94000	0.4	0.51	0.51	0	0	0.4
94100	0.4	0.51	0.51	0	0	0.4
94200	0.4	0.51	0.51	0	0	0.4
94300	0.4	0.51	0.51	0	0	0.4
94400	0.4	0.51	0.51	0	0	0.4
94500	0.4	0.51	0.51	0	0	0.4
94600	0.4	0.51	0.51	0	0	0.4
94700	0.4	0.51	0.51	0	0	0.4
94800	0.4	0.51	0.51	0	0	0.4
94900	0.4	0.51	0.51	0	0	0.4
95000	0.4	0.51	0.51	0	0	0.4
95100	0.4	0.51	0.51	0	0	0.4
95200	0.4	0.51	0.51	0	0	0.4
95300	0.4	0.51	0.51	0	0	0.4
95400	0.4	0.51	0.51	0	0	0.4
95500	0.4	0.51	0.51	0	0	0.4
95600	0.4	0.51	0.51	0	0	0.4
95700	0.4	0.51	0.51	0	0	0.4
95800	0.4	0.51	0.51	0	0	0.4
95900	0.4	0.51	0.51	0	0	0.4
96000	0.4	0.51	0.51	0	0	0.4
96100	0.4	0.5	0.5	0	0	0.4
96200	0.4	0.5	0.5	0	0	0.4
96300	0.4	0.5	0.5	0	0	0.4
96400	0.4	0.5	0.5	0	0	0.4
96500	0.4	0.5	0.5	0	0	0.4
96600	0.4	0.5	0.5	0	0	0.4
96700	0.4	0.5	0.5	0	0	0.4
96800	0.4	0.5	0.5	0	0	0.4
96900	0.4	0.5	0.5	0	0	0.4
97000	0.4	0.5	0.5	0	0	0.4
97100	0.4	0.5	0.5	0	0	0.4
97200	0.4	0.5	0.5	0	0	0.4
97300	0.4	0.51	0.51	0	0	0.4
97400	0.4	0.5	0.5	0	0	0.4
97500	0.4	0.5	0.5	0	0	0.4
97600	0.4	0.5	0.5	0	0	0.4
97700	0.4	0.5	0.5	0	0	0.4
97800	0.4	0.5	0.5	0	0	0.4
97900	0.4	0.5	0.5	0	0	0.4
98000	0.4	0.5	0.5	0	0	0.4
98100	0.4	0.5	0.5	0	0	0.4
98200	0.4	0.5	0.5	0	0	0.4
98300	0.4	0.5	0.5	0	0	0.4
98400	0.4	0.5	0.5	0	0	0.4
98500	0.4	0.5	0.5	0	0	0.4
98600	0.39	0.5	0.5	0	0	0.39
98700	0.39	0.5	0.5	0	0	0.39
98800	0.39	0.5	0.5	0	0	0.39
98900	0.39	0.5	0.5	0	0	0.39
99000	0.39	0.5	0.5	0	0	0.39
99100	0.39	0.5	0.5	0	0	0.39
99200	0.39	0.51	0.51	0	0	0.39
99300	0.4	0.51	0.51	0	0	0.4
99400	0.39	0.51	0.51	0	0	0.39
99500	0.39	0.51	0.51	0	0	0.39
99600	0.39	0.51	0.51	0	0	0.39
99700	0.39	0.51	0.51	0	0	0.39
99800	0.39	0.51	0.51	0	0	0.39
99900	0.39	0.51	0.51	0	0	0.39
100000	0.39	0.51	0.51	0	0	0.39
100100	0.39	0.51	0.51	0	0	0.39
100200	0.39	0.51	0.51	0	0	0.39
100300	0.39	0.51	0.51	0	0	0.39
100400	0.39	0.51	0.51	0	0	0.39
100500	0.39	0.51	0.51	0	0	0.39
100600	0.39	0.52	0.52	0	0	0.39
100700	0.39	0.52	0.52	0	0	0.39
100800	0.39	0.53	0.53	0	0	0.39
100900	0.39	0.52	0.52	0	0	0.39
101000	0.39	0.51	0.51	0	0	0.39
101100	0.39	0.51	0.51	0	0	0.39
101200	0.39	0.51	0.51	0	0	0.39
101300	0.39	0.51	0.51	0	0	0.39
101400	0.39	0.51	0.51	0	0	0.39
101500	0.4	0.51	0.51	0	0	0.4
101600	0.4	0.51	0.51	0	0	0.4
101700	0.4	0.51	0.51	0	0	0.4
101800	0.39	0.51	0.51	0	0	0.39
101900	0.39	0.51	0.51	0	0	0.39
102000	0.39	0.51	0.51	0	0	0.39
102100	0.39	0.51	0.51	0	0	0.39
102200	0.39	0.51	0.51	0	0	0.39
102300	0.39	0.51	0.51	0	0	0.39
102400	0.39	0.51	0.51	0	0	0.39
102500	0.4	0.51	0.51	0	0	0.4
102600	0.4	0.51	0.51	0	0	0.4
102700	0.4	0.51	0.51	0	0	0.4
102800	0.4	0.51	0.51	0	0	0.4
102900	0.4	0.51	0.51	0	0	0.4
103000	0.4	0.51	0.51	0	0	0.4
103100	0.4	0.51	0.51	0	0	0.4
103200	0.4	0.51	0.51	0	0	0.4
103300	0.4	0.51	0.51	0	0	0.4
103400	0.4	0.51	0.51	0	0	0.4
103500	0.4	0.51	0.51	0	0	0.4
103600	0.4	0.51	0.51	0	0	0.4
103700	0.4	0.51	0.51	0	0	0.4
103800	0.4	0.51	0.51	0	0	0.4
103900	0.4	0.51	0.51	0	0	0.4
104000	0.4	0.51	0.51	0	0	0.4
104100	0.4	0.51	0.51	0	0	0.4
104200	0.4	0.51	0.51	0	0	0.4
104300	0.4	0.51	0.51	0	0	0.4
104400	0.4	0.51	0.51	0	0	0.4
104500	0.4	0.51	0.51	0	0	0.4
104600	0.4	0.51	0.51	0	0	0.4
104700	0.4	0.51	0.51	0	0	0.4
104800	0.4	0.51	0.51	0	0	0.4
104900	0.4	0.51	0.51	0	0	0.4
105000	0.4	0.51	0.51	0	0	0.4
105100	0.4	0.51	0.51	0	0	0.4
105200	0.4	0.52	0.52	0	0	0.4
105300	0.4	0.52	0.52	0	0	0.4
105400	0.4	0.52	0.52	0	0	0.4
105500	0.4	0.52	0.52	0	0	0.4
105600	0.4	0.52	0.52	0	0	0.4
105700	0.4	0.52	0.52	0	0	0.4
105800	0.4	0.52	0.52	0	0	0.4
105900	0.4	0.52	0.52	0	0	0.4
106000	0.4	0.52	0.52	0	0	0.4
106100	0.41	0.52	0.52	0	0	0.41
106200	0.41	0.52	0.52	0	0	0.41
106300	0.41	0.52	0.52	0	0	0.41
106400	0.41	0.52	0.52	0	0	0.41
106500	0.41	0.52	0.52	0	0	0.41
106600	0.41	0.52	0.52	0	0	0.41
106700	0.41	0.52	0.52	0	0	0.41
106800	0.41	0.52	0.52	0	0	0.41
106900	0.41	0.52	0.52	0	0	0.41
107000	0.41	0.52	0.52	0	0	0.41
107100	0.41	0.52	0.52	0	0	0.41
107200	0.41	0.52	0.52	0	0	0.41
107300	0.41	0.52	0.52	0	0	0.41
107400	0.41	0.52	0.52	0	0	0.41
107500	0.41	0.52	0.52	0	0	0.41
107600	0.41	0.52	0.52	0	0	0.41
107700	0.41	0.52	0.52	0	0	0.41
107800	0.41	0.53	0.53	0	0	0.41
107900	0.42	0.53	0.53	0	0	0.42
108000	0.42	0.54	0.54	0	0	0.42
108100	0.42	0.54	0.54	0	0	0.42
108200	0.41	0.54	0.54	0	0	0.41
108300	0.41	0.54	0.54	0	0	0.41
108400	0.41	0.54	0.54	0	0	0.41
108500	0.4	0.54	0.54	0	0	0.4
108600	0.4	0.54	0.54	0	0	0.4
108700	0.4	0.54	0.54	0	0	0.4
108800	0.4	0.54	0.54	0	0	0.4
108900	0.4	0.54	0.54	0	0	0.4
109000	0.4	0.53	0.53	0	0	0.4
109100	0.4	0.53	0.53	0	0	0.4
109200	0.4	0.53	0.53	0	0	0.4
109300	0.4	0.53	0.53	0	0	0.4
109400	0.4	0.53	0.53	0	0	0.4
109500	0.4	0.53	0.53	0	0	0.4
109600	0.4	0.53	0.53	0	0	0.4
109700	0.4	0.53	0.53	0	0	0.4
109800	0.4	0.53	0.53	0	0	0.4
109900	0.4	0.53	0.53	0	0	0.4
110000	0.4	0.53	0.53	0	0	0.4
110100	0.4	0.53	0.53	0	0	0.4
110200	0.4	0.53	0.53	0	0	0.4
110300	0.4	0.53	0.53	0	0	0.4
110400	0.4	0.53	0.53	0	0	0.4
110500	0.4	0.53	0.53	0	0	0.4
110600	0.4	0.53	0.53	0	0	0.4
110700	0.4	0.53	0.53	0	0	0.4
110800	0.4	0.53	0.53	0	0	0.4
110900	0.41	0.53	0.53	0	0	0.41
111000	0.41	0.52	0.52	0	0	0.41
111100	0.41	0.52	0.52	0	0	0.41
111200	0.41	0.54	0.54	0	0	0.41
111300	0.42	0.53	0.53	0	0	0.42
111400	0.42	0.53	0.53	0	0	0.42
111500	0.42	0.53	0.53	0	0	0.42
111600	0.42	0.52	0.52	0	0	0.42
111700	0.42	0.52	0.52	0	0	0.42
111800	0.42	0.52	0.52	0	0	0.42
111900	0.42	0.52	0.52	0	0	0.42
112000	0.42	0.52	0.52	0	0	0.42
112100	0.42	0.52	0.52	0	0	0.42
112200	0.42	0.52	0.52	0	0	0.42
112300	0.42	0.52	0.52	0	0	0.42
112400	0.42	0.52	0.52	0	0	0.42
112500	0.42	0.52	0.52	0	0	0.42
112600	0.42	0.52	0.52	0	0	0.42
112700	0.42	0.52	0.52	0	0	0.42
112800	0.42	0.52	0.52	0	0	0.42
112900	0.42	0.52	0.52	0	0	0.42
113000	0.42	0.53	0.53	0	0	0.42
113100	0.42	0.53	0.53	0	0	0.42
113200	0.42	0.53	0.53	0	0	0.42
113300	0.42	0.53	0.53	0	0	0.42
113400	0.42	0.53	0.53	0	0	0.42
113500	0.42	0.53	0.53	0	0	0.42
113600	0.42	0.53	0.53	0	0	0.42
113700	0.42	0.53	0.53	0	0	0.42
113800	0.42	0.53	0.53	0	0	0.42
113900	0.42	0.53	0.53	0	0	0.42
114000	0.42	0.53	0.53	0	0	0.42
114100	0.42	0.53	0.53	0	0	0.42
114200	0.42	0.53	0.53	0	0	0.42
114300	0.42	0.52	0.52	0	0	0.42
114400	0.42	0.52	0.52	0	0	0.42
114500	0.42	0.52	0.52	0	0	0.42
114600	0.42	0.52	0.52	0	0	0.42
114700	0.42	0.51	0.51	0	0	0.42
114800	0.42	0.51	0.51	0	0	0.42
114900	0.42	0.52	0.52	0	0	0.42
115000	0.42	0.51	0.51	0	0	0.42
115100	0.42	0.51	0.51	0	0	0.42
115200	0.43	0.51	0.51	0	0	0.43
115300	0.43	0.51	0.51	0	0	0.43
115400	0.43	0.51	0.51	0	0	0.43
115500	0.43	0.51	0.51	0	0	0.43
115600	0.43	0.51	0.51	0	0	0.43
115700	0.43	0.51	0.51	0	0	0.43
115800	0.43	0.51	0.51	0	0	0.43
115900	0.43	0.51	0.51	0	0	0.43
116000	0.43	0.51	0.51	0	0	0.43
116100	0.43	0.51	0.51	0	0	0.43
116200	0.43	0.51	0.51	0	0	0.43
116300	0.43	0.51	0.51	0	0	0.43
116400	0.43	0.51	0.51	0	0	0.43
116500	0.43	0.51	0.51	0	0	0.43
116600	0.43	0.51	0.51	0	0	0.43
116700	0.43	0.51	0.51	0	0	0.43
116800	0.43	0.51	0.51	0	0	0.43
116900	0.43	0.51	0.51	0	0	0.43
117000	0.43	0.51	0.51	0	0	0.43
117100	0.43	0.51	0.51	0	0	0.43
117200	0.43	0.51	0.51	0	0	0.43
117300	0.43	0.51	0.51	0	0	0.43
117400	0.43	0.51	0.51	0	0	0.43
117500	0.43	0.51	0.51	0	0	0.43
117600	0.43	0.51	0.51	0	0	0.43
117700	0.43	0.51	0.51	0	0	0.43
117800	0.43	0.51	0.51	0	0	0.43
117900	0.43	0.51	0.51	0	0	0.43
118000	0.43	0.51	0.51	0	0	0.43
118100	0.43	0.51	0.51	0	0	0.43
118200	0.43	0.51	0.51	0	0	0.43
118300	0.43	0.51	0.51	0	0	0.43
118400	0.43	0.51	0.51	0	0	0.43
118500	0.43	0.51	0.51	0	0	0.43
118600	0.43	0.51	0.51	0	0	0.43
118700	0.43	0.51	0.51	0	0	0.43
118800	0.43	0.51	0.51	0	0	0.43
118900	0.43	0.51	0.51	0	0	0.43
119000	0.43	0.51	0.51	0	0	0.43
119100	0.43	0.51	0.51	0	0	0.43
119200	0.43	0.51	0.51	0	0	0.43
119300	0.43	0.51	0.51	0	0	0.43
119400	0.43	0.51	0.51	0	0	0.43
119500	0.43	0.51	0.51	0	0	0.43
119600	0.43	0.51	0.51	0	0	0.43
119700	0.43	0.51	0.51	0	0	0.43
119800	0.43	0.51	0.51	0	0	0.43
119900	0.43	0.5	0.5	0	0	0.43
120000	0.43	0.5	0.5	0	0	0.43
120100	0.43	0.5	0.5	0	0	0.43
120200	0.43	0.5	0.5	0	0	0.43
120300	0.43	0.5	0.5	0	0	0.43
120400	0.43	0.5	0.5	0	0	0.43
120500	0.43	0.49	0.49	0	0	0.43
120600	0.43	0.49	0.49	0	0	0.43
120700	0.43	0.49	0.49	0	0	0.43
120800	0.43	0.49	0.49	0	0	0.43
120900	0.43	0.49	0.49	0	0	0.43
121000	0.43	0.49	0.49	0	0	0.43
121100	0.43	0.49	0.49	0	0	0.43
121200	0.43	0.49	0.49	0	0	0.43
121300	0.43	0.49	0.49	0	0	0.43
121400	0.43	0.49	0.49	0	0	0.43
121500	0.43	0.49	0.49	0	0	0.43
121600	0.43	0.5	0.5	0	0	0.43
121700	0.43	0.5	0.5	0	0	0.43
121800	0.43	0.5	0.5	0	0	0.43
121900	0.43	0.49	0.49	0	0	0.43
122000	0.43	0.49	0.49	0	0	0.43
122100	0.43	0.49	0.49	0	0	0.43
122200	0.43	0.49	0.49	0	0	0.43
122300	0.43	0.49	0.49	0	0	0.43
122400	0.44	0.49	0.49	0	0	0.44
122500	0.44	0.49	0.49	0	0	0.44
122600	0.44	0.49	0.49	0	0	0.44
122700	0.44	0.49	0.49	0	0	0.44
122800	0.44	0.49	0.49	0	0	0.44
122900	0.44	0.49	0.49	0	0	0.44
123000	0.44	0.49	0.49	0	0	0.44
123100	0.44	0.49	0.49	0	0	0.44
123200	0.43	0.49	0.49	0	0	0.43
123300	0.43	0.49	0.49	0	0	0.43
123400	0.43	0.5	0.5	0	0	0.43
123500	0.43	0.5	0.5	0	0	0.43
123600	0.43	0.5	0.5	0	0	0.43
123700	0.43	0.5	0.5	0	0	0.43
123800	0.43	0.5	0.5	0	0	0.43
123900	0.43	0.5	0.5	0	0	0.43
124000	0.43	0.5	0.5	0	0	0.43
124100	0.43	0.5	0.5	0	0	0.43
124200	0.43	0.5	0.5	0	0	0.43
124300	0.43	0.5	0.5	0	0	0.43
124400	0.43	0.5	0.5	0	0	0.43
124500	0.43	0.5	0.5	0	0	0.43
124600	0.43	0.5	0.5	0	0	0.43
124700	0.43	0.5	0.5	0	0	0.43
124800	0.43	0.5	0.5	0	0	0.43
124900	0.43	0.5	0.5	0	0	0.43
125000	0.43	0.5	0.5	0	0	0.43
125100	0.43	0.5	0.5	0	0	0.43
125200	0.43	0.5	0.5	0	0	0.43
125300	0.43	0.5	0.5	0	0	0.43
125400	0.43	0.5	0.5	0	0	0.43
125500	0.43	0.49	0.49	0	0	0.43
125600	0.43	0.49	0.49	0	0	0.43
125700	0.43	0.49	0.49	0	0	0.43
125800	0.43	0.5	0.5	0	0	0.43
125900	0.43	0.5	0.5	0	0	0.43
126000	0.43	0.5	0.5	0	0	0.43
126100	0.43	0.5	0.5	0	0	0.43
126200	0.43	0.49	0.49	0	0	0.43
126300	0.43	0.49	0.49	0	0	0.43
126400	0.43	0.49	0.49	0	0	0.43
126500	0.43	0.49	0.49	0	0	0.43
126600	0.43	0.49	0.49	0	0	0.43
126700	0.43	0.49	0.49	0	0	0.43
126800	0.43	0.49	0.49	0	0	0.43
126900	0.43	0.49	0.49	0	0	0.43
127000	0.43	0.49	0.49	0	0	0.43
127100	0.42	0.5	0.5	0	0	0.42
127200	0.42	0.5	0.5	0	0	0.42
127300	0.42	0.5	0.5	0	0	0.42
127400	0.42	0.5	0.5	0	0	0.42
127500	0.42	0.5	0.5	0	0	0.42
127600	0.42	0.5	0.5	0	0	0.42
127700	0.42	0.5	0.5	0	0	0.42
127800	0.42	0.5	0.5	0	0	0.42
127900	0.42	0.5	0.5	0	0	0.42
128000	0.41	0.5	0.5	0	0	0.41
128100	0.41	0.5	0.5	0	0	0.41
128200	0.41	0.5	0.5	0	0	0.41
128300	0.41	0.5	0.5	0	0	0.41
128400	0.41	0.5	0.5	0	0	0.41
128500	0.41	0.5	0.5	0	0	0.41
128600	0.41	0.5	0.5	0	0	0.41
128700	0.41	0.5	0.5	0	0	0.41
128800	0.42	0.5	0.5	0	0	0.42
128900	0.42	0.5	0.5	0	0	0.42
129000	0.42	0.5	0.5	0	0	0.42
129100	0.42	0.51	0.51	0	0	0.42
129200	0.42	0.5	0.5	0	0	0.42
129300	0.42	0.5	0.5	0	0	0.42
129400	0.42	0.49	0.49	0	0	0.42
129500	0.43	0.49	0.49	0	0	0.43
129600	0.43	0.49	0.49	0	0	0.43
129700	0.43	0.49	0.49	0	0	0.43
129800	0.42	0.49	0.49	0	0	0.42
129900	0.41	0.49	0.49	0	0	0.41
130000	0.41	0.5	0.5	0	0	0.41
130100	0.41	0.5	0.5	0	0	0.41
130200	0.41	0.5	0.5	0	0	0.41
130300	0.4	0.5	0.5	0	0	0.4
130400	0.4	0.5	0.5	0	0	0.4
130500	0.39	0.5	0.5	0	0	0.39
130600	0.39	0.5	0.5	0	0	0.39
130700	0.39	0.5	0.5	0	0	0.39
130800	0.39	0.5	0.5	0	0	0.39
130900	0.39	0.5	0.5	0	0	0.39
131000	0.39	0.5	0.5	0	0	0.39
131100	0.39	0.5	0.5	0	0	0.39
131200	0.39	0.51	0.51	0	0	0.39
131300	0.39	0.51	0.51	0	0	0.39
131400	0.39	0.51	0.51	0	0	0.39
131500	0.39	0.51	0.51	0	0	0.39
131600	0.39	0.51	0.51	0	0	0.39
131700	0.39	0.51	0.51	0	0	0.39
131800	0.39	0.51	0.51	0	0	0.39
131900	0.39	0.51	0.51	0	0	0.39
132000	0.39	0.51	0.51	0	0	0.39
132100	0.39	0.51	0.51	0	0	0.39
132200	0.39	0.51	0.51	0	0	0.39
132300	0.39	0.51	0.51	0	0	0.39
132400	0.39	0.51	0.51	0	0	0.39
132500	0.39	0.51	0.51	0	0	0.39
132600	0.39	0.51	0.51	0	0	0.39
132700	0.39	0.51	0.51	0	0	0.39
132800	0.39	0.51	0.51	0	0	0.39
132900	0.39	0.51	0.51	0	0	0.39
133000	0.39	0.51	0.51	0	0	0.39
133100	0.39	0.51	0.51	0	0	0.39
133200	0.39	0.51	0.51	0	0	0.39
133300	0.39	0.51	0.51	0	0	0.39
133400	0.39	0.51	0.51	0	0	0.39
133500	0.39	0.51	0.51	0	0	0.39
133600	0.39	0.51	0.51	0	0	0.39
133700	0.39	0.51	0.51	0	0	0.39
133800	0.39	0.51	0.51	0	0	0.39
133900	0.39	0.51	0.51	0	0	0.39
134000	0.39	0.52	0.52	0	0	0.39
134100	0.39	0.52	0.52	0	0	0.39
134200	0.39	0.52	0.52	0	0	0.39
134300	0.39	0.52	0.52	0	0	0.39
134400	0.39	0.52	0.52	0	0	0.39
134500	0.39	0.52	0.52	0	0	0.39
134600	0.39	0.52	0.52	0	0	0.39
134700	0.38	0.52	0.52	0	0	0.38
134800	0.39	0.52	0.52	0	0	0.39
134900	0.39	0.52	0.52	0	0	0.39
135000	0.39	0.52	0.52	0	0	0.39
135100	0.4	0.52	0.52	0	0	0.4
135200	0.4	0.52	0.52	0	0	0.4
135300	0.4	0.51	0.51	0	0	0.4
135400	0.4	0.51	0.51	0	0	0.4
135500	0.4	0.51	0.51	0	0	0.4
135600	0.4	0.51	0.51	0	0	0.4
135700	0.4	0.5	0.5	0	0	0.4
135800	0.4	0.5	0.5	0	0	0.4
135900	0.4	0.5	0.5	0	0	0.4
136000	0.4	0.5	0.5	0	0	0.4
136100	0.4	0.5	0.5	0	0	0.4
136200	0.4	0.5	0.5	0	0	0.4
136300	0.4	0.5	0.5	0	0	0.4
136400	0.4	0.5	0.5	0	0	0.4
136500	0.4	0.5	0.5	0	0	0.4
136600	0.4	0.5	0.5	0	0	0.4
136700	0.4	0.5	0.5	0	0	0.4
136800	0.4	0.5	0.5	0	0	0.4
136900	0.4	0.5	0.5	0	0	0.4
137000	0.4	0.5	0.5	0	0	0.4
137100	0.4	0.5	0.5	0	0	0.4
137200	0.4	0.5	0.5	0	0	0.4
137300	0.4	0.5	0.5	0	0	0.4
137400	0.4	0.5	0.5	0	0	0.4
137500	0.4	0.5	0.5	0	0	0.4
137600	0.4	0.5	0.5	0	0	0.4
137700	0.4	0.51	0.51	0	0	0.4
137800	0.4	0.51	0.51	0	0	0.4
137900	0.4	0.51	0.51	0	0	0.4
138000	0.4	0.51	0.51	0	0	0.4
138100	0.4	0.51	0.51	0	0	0.4
138200	0.4	0.51	0.51	0	0	0.4
138300	0.41	0.51	0.51	0	0	0.41
138400	0.41	0.51	0.51	0	0	0.41
138500	0.41	0.51	0.51	0	0	0.41
138600	0.41	0.51	0.51	0	0	0.41
138700	0.41	0.51	0.51	0	0	0.41
138800	0.41	0.51	0.51	0	0	0.41
138900	0.4	0.51	0.51	0	0	0.4
139000	0.4	0.51	0.51	0	0	0.4
139100	0.4	0.51	0.51	0	0	0.4
139200	0.4	0.51	0.51	0	0	0.4
139300	0.4	0.51	0.51	0	0	0.4
139400	0.39	0.51	0.51	0	0	0.39
139500	0.39	0.51	0.51	0	0	0.39
139600	0.39	0.51	0.51	0	0	0.39
139700	0.39	0.51	0.51	0	0	0.39
139800	0.39	0.51	0.51	0	0	0.39
139900	0.39	0.51	0.51	0	0	0.39
140000	0.39	0.51	0.51	0	0	0.39
140100	0.39	0.51	0.51	0	0	0.39
140200	0.39	0.51	0.51	0	0	0.39
140300	0.39	0.51	0.51	0	0	0.39
140400	0.39	0.51	0.51	0	0	0.39
140500	0.39	0.51	0.51	0	0	0.39
140600	0.39	0.51	0.51	0	0	0.39
140700	0.39	0.51	0.51	0	0	0.39
140800	0.39	0.51	0.51	0	0	0.39
140900	0.39	0.51	0.51	0	0	0.39
141000	0.39	0.5	0.5	0	0	0.39
141100	0.39	0.5	0.5	0	0	0.39
141200	0.39	0.5	0.5	0	0	0.39
141300	0.39	0.5	0.5	0	0	0.39
141400	0.39	0.5	0.5	0	0	0.39
141500	0.39	0.5	0.5	0	0	0.39
141600	0.39	0.5	0.5	0	0	0.39
141700	0.39	0.5	0.5	0	0	0.39
141800	0.39	0.5	0.5	0	0	0.39
141900	0.39	0.5	0.5	0	0	0.39
142000	0.39	0.5	0.5	0	0	0.39
142100	0.39	0.5	0.5	0	0	0.39
142200	0.39	0.5	0.5	0	0	0.39
142300	0.39	0.5	0.5	0	0	0.39
142400	0.39	0.5	0.5	0	0	0.39
142500	0.39	0.5	0.5	0	0	0.39
142600	0.39	0.5	0.5	0	0	0.39
142700	0.39	0.5	0.5	0	0	0.39
142800	0.39	0.5	0.5	0	0	0.39
142900	0.39	0.5	0.5	0	0	0.39
143000	0.39	0.5	0.5	0	0	0.39
143100	0.39	0.5	0.5	0	0	0.39
143200	0.4	0.5	0.5	0	0	0.4
143300	0.4	0.5	0.5	0	0	0.4
143400	0.4	0.5	0.5	0	0	0.4
143500	0.4	0.5	0.5	0	0	0.4
143600	0.4	0.51	0.51	0	0	0.4
143700	0.4	0.51	0.51	0	0	0.4
143800	0.41	0.51	0.51	0	0	0.41
143900	0.41	0.51	0.51	0	0	0.41
144000	0.41	0.51	0.51	0	0	0.41
144100	0.41	0.51	0.51	0	0	0.41
144200	0.41	0.51	0.51	0	0	0.41
144300	0.41	0.51	0.51	0	0	0.41
144400	0.41	0.51	0.51	0	0	0.41
144500	0.41	0.51	0.51	0	0	0.41
144600	0.41	0.51	0.51	0	0	0.41
144700	0.41	0.51	0.51	0	0	0.41
144800	0.41	0.51	0.51	0	0	0.41
144900	0.41	0.51	0.51	0	0	0.41
145000	0.41	0.51	0.51	0	0	0.41
145100	0.41	0.51	0.51	0	0	0.41
145200	0.41	0.51	0.51	0	0	0.41
145300	0.41	0.51	0.51	0	0	0.41
145400	0.41	0.51	0.51	0	0	0.41
145500	0.41	0.51	0.51	0	0	0.41
145600	0.41	0.51	0.51	0	0	0.41
145700	0.41	0.51	0.51	0	0	0.41
145800	0.42	0.51	0.51	0	0	0.42
145900	0.42	0.51	0.51	0	0	0.42
146000	0.42	0.51	0.51	0	0	0.42
146100	0.41	0.52	0.52	0	0	0.41
146200	0.41	0.52	0.52	0	0	0.41
146300	0.41	0.52	0.52	0	0	0.41
146400	0.41	0.52	0.52	0	0	0.41
146500	0.41	0.52	0.52	0	0	0.41
146600	0.41	0.52	0.52	0	0	0.41
146700	0.41	0.52	0.52	0	0	0.41
146800	0.41	0.52	0.52	0	0	0.41
146900	0.41	0.52	0.52	0	0	0.41
147000	0.42	0.52	0.52	0	0	0.42
147100	0.42	0.52	0.52	0	0	0.42
147200	0.42	0.52	0.52	0	0	0.42
147300	0.42	0.53	0.53	0	0	0.42
147400	0.42	0.52	0.52	0	0	0.42
147500	0.41	0.52	0.52	0	0	0.41
147600	0.41	0.52	0.52	0	0	0.41
147700	0.41	0.52	0.52	0	0	0.41
147800	0.41	0.52	0.52	0	0	0.41
147900	0.41	0.52	0.52	0	0	0.41
148000	0.41	0.52	0.52	0	0	0.41
148100	0.41	0.52	0.52	0	0	0.41
148200	0.41	0.52	0.52	0	0	0.41
148300	0.41	0.52	0.52	0	0	0.41
148400	0.41	0.52	0.52	0	0	0.41
148500	0.41	0.52	0.52	0	0	0.41
148600	0.42	0.52	0.52	0	0	0.42
148700	0.42	0.52	0.52	0	0	0.42
148800	0.42	0.52	0.52	0	0	0.42
148900	0.42	0.52	0.52	0	0	0.42
149000	0.42	0.52	0.52	0	0	0.42
149100	0.42	0.52	0.52	0	0	0.42
149200	0.42	0.52	0.52	0	0	0.42
149300	0.42	0.52	0.52	0	0	0.42
149400	0.42	0.52	0.52	0	0	0.42
149500	0.42	0.52	0.52	0	0	0.42
149600	0.42	0.52	0.52	0	0	0.42
149700	0.42	0.51	0.51	0	0	0.42
149800	0.42	0.51	0.51	0	0	0.42
149900	0.42	0.51	0.51	0	0	0.42
150000	0.42	0.51	0.51	0	0	0.42
150100	0.42	0.51	0.51	0	0	0.42
150200	0.42	0.51	0.51	0	0	0.42
150300	0.42	0.51	0.51	0	0	0.42
150400	0.42	0.51	0.51	0	0	0.42
150500	0.42	0.51	0.51	0	0	0.42
150600	0.42	0.51	0.51	0	0	0.42
150700	0.42	0.51	0.51	0	0	0.42
150800	0.42	0.51	0.51	0	0	0.42
150900	0.42	0.51	0.51	0	0	0.42
151000	0.42	0.51	0.51	0	0	0.42
151100	0.42	0.51	0.51	0	0	0.42
151200	0.42	0.51	0.51	0	0	0.42
151300	0.42	0.51	0.51	0	0	0.42
151400	0.42	0.51	0.51	0	0	0.42
151500	0.42	0.51	0.51	0	0	0.42
151600	0.42	0.51	0.51	0	0	0.42
151700	0.42	0.52	0.52	0	0	0.42
151800	0.42	0.52	0.52	0	0	0.42
151900	0.42	0.52	0.52	0	0	0.42
152000	0.42	0.52	0.52	0	0	0.42
152100	0.42	0.52	0.52	0	0	0.42
152200	0.43	0.52	0.52	0	0	0.43
152300	0.43	0.52	0.52	0	0	0.43
152400	0.43	0.52	0.52	0	0	0.43
152500	0.43	0.52	0.52	0	0	0.43
152600	0.43	0.52	0.52	0	0	0.43
152700	0.43	0.52	0.52	0	0	0.43
152800	0.43	0.52	0.52	0	0	0.43
152900	0.43	0.52	0.52	0	0	0.43
153000	0.43	0.52	0.52	0	0	0.43
153100	0.43	0.52	0.52	0	0	0.43
153200	0.43	0.52	0.52	0	0	0.43
153300	0.44	0.52	0.52	0	0	0.44
153400	0.44	0.52	0.52	0	0	0.44
153500	0.44	0.52	0.52	0	0	0.44
153600	0.44	0.52	0.52	0	0	0.44
153700	0.44	0.52	0.52	0	0	0.44
153800	0.44	0.52	0.52	0	0	0.44
153900	0.44	0.52	0.52	0	0	0.44
154000	0.44	0.52	0.52	0	0	0.44
154100	0.44	0.52	0.52	0	0	0.44
154200	0.44	0.52	0.52	0	0	0.44
154300	0.44	0.52	0.52	0	0	0.44
154400	0.44	0.52	0.52	0	0	0.44
154500	0.44	0.52	0.52	0	0	0.44
154600	0.44	0.52	0.52	0	0	0.44
154700	0.44	0.52	0.52	0	0	0.44
154800	0.45	0.52	0.52	0	0	0.45
154900	0.45	0.52	0.52	0	0	0.45
155000	0.45	0.52	0.52	0	0	0.45
155100	0.45	0.52	0.52	0	0	0.45
155200	0.45	0.52	0.52	0	0	0.45
155300	0.45	0.52	0.52	0	0	0.45
155400	0.45	0.52	0.52	0	0	0.45
155500	0.44	0.52	0.52	0	0	0.44
155600	0.44	0.52	0.52	0	0	0.44
155700	0.44	0.52	0.52	0	0	0.44
155800	0.44	0.52	0.52	0	0	0.44
155900	0.44	0.52	0.52	0	0	0.44
156000	0.44	0.52	0.52	0	0	0.44
156100	0.44	0.52	0.52	0	0	0.44
156200	0.44	0.51	0.51	0	0	0.44
156300	0.44	0.51	0.51	0	0	0.44
156400	0.44	0.51	0.51	0	0	0.44
156500	0.44	0.51	0.51	0	0	0.44
156600	0.44	0.51	0.51	0	0	0.44
156700	0.44	0.51	0.51	0	0	0.44
156800	0.44	0.51	0.51	0	0	0.44
156900	0.44	0.51	0.51	0	0	0.44
157000	0.44	0.51	0.51	0	0	0.44
157100	0.44	0.51	0.51	0	0	0.44
157200	0.44	0.51	0.51	0	0	0.44
157300	0.44	0.51	0.51	0	0	0.44
157400	0.44	0.51	0.51	0	0	0.44
157500	0.44	0.51	0.51	0	0	0.44
157600	0.44	0.51	0.51	0	0	0.44
157700	0.44	0.51	0.51	0	0	0.44
157800	0.44	0.51	0.51	0	0	0.44
157900	0.44	0.51	0.51	0	0	0.44
158000	0.44	0.5	0.5	0	0	0.44
158100	0.44	0.5	0.5	0	0	0.44
158200	0.44	0.5	0.5	0	0	0.44
158300	0.44	0.5	0.5	0	0	0.44
158400	0.44	0.5	0.5	0	0	0.44
158500	0.44	0.5	0.5	0	0	0.44
158600	0.44	0.5	0.5	0	0	0.44
158700	0.43	0.5	0.5	0	0	0.43
158800	0.43	0.5	0.5	0	0	0.43
158900	0.43	0.5	0.5	0	0	0.43
159000	0.43	0.5	0.5	0	0	0.43
159100	0.43	0.5	0.5	0	0	0.43
159200	0.43	0.5	0.5	0	0	0.43
159300	0.43	0.5	0.5	0	0	0.43
159400	0.43	0.5	0.5	0	0	0.43
159500	0.43	0.5	0.5	0	0	0.43
159600	0.43	0.5	0.5	0	0	0.43
159700	0.43	0.5	0.5	0	0	0.43
159800	0.43	0.5	0.5	0	0	0.43
159900	0.43	0.5	0.5	0	0	0.43
160000	0.43	0.5	0.5	0	0	0.43
160100	0.43	0.5	0.5	0	0	0.43
160200	0.43	0.5	0.5	0	0	0.43
160300	0.43	0.5	0.5	0	0	0.43
160400	0.43	0.5	0.5	0	0	0.43
160500	0.43	0.5	0.5	0	0	0.43
160600	0.43	0.5	0.5	0	0	0.43
160700	0.43	0.5	0.5	0	0	0.43
160800	0.43	0.5	0.5	0	0	0.43
160900	0.43	0.5	0.5	0	0	0.43
161000	0.43	0.5	0.5	0	0	0.43
161100	0.44	0.5	0.5	0	0	0.44
161200	0.44	0.5	0.5	0	0	0.44
161300	0.44	0.5	0.5	0	0	0.44
161400	0.44	0.51	0.51	0	0	0.44
161500	0.44	0.51	0.51	0	0	0.44
161600	0.44	0.51	0.51	0	0	0.44
161700	0.44	0.51	0.51	0	0	0.44
161800	0.44	0.51	0.51	0	0	0.44
161900	0.44	0.51	0.51	0	0	0.44
162000	0.43	0.51	0.51	0	0	0.43
162100	0.43	0.51	0.51	0	0	0.43
162200	0.43	0.51	0.51	0	0	0.43
162300	0.43	0.51	0.51	0	0	0.43
162400	0.42	0.51	0.51	0	0	0.42
162500	0.42	0.51	0.51	0	0	0.42
162600	0.42	0.51	0.51	0	0	0.42
162700	0.42	0.51	0.51	0	0	0.42
162800	0.42	0.51	0.51	0	0	0.42
162900	0.42	0.51	0.51	0	0	0.42
163000	0.42	0.51	0.51	0	0	0.42
163100	0.43	0.51	0.51	0	0	0.43
163200	0.43	0.51	0.51	0	0	0.43
163300	0.43	0.51	0.51	0	0	0.43
163400	0.44	0.51	0.51	0	0	0.44
163500	0.45	0.51	0.51	0	0	0.45
163600	0.45	0.51	0.51	0	0	0.45
163700	0.45	0.51	0.51	0	0	0.45
163800	0.44	0.51	0.51	0	0	0.44
163900	0.44	0.51	0.51	0	0	0.44
164000	0.44	0.51	0.51	0	0	0.44
164100	0.44	0.51	0.51	0	0	0.44
164200	0.44	0.51	0.51	0	0	0.44
164300	0.44	0.51	0.51	0	0	0.44
164400	0.44	0.51	0.51	0	0	0.44
164500	0.44	0.51	0.51	0	0	0.44
164600	0.44	0.51	0.51	0	0	0.44
164700	0.44	0.51	0.51	0	0	0.44
164800	0.44	0.51	0.51	0	0	0.44
164900	0.44	0.51	0.51	0	0	0.44
165000	0.44	0.51	0.51	0	0	0.44
165100	0.44	0.51	0.51	0	0	0.44
165200	0.44	0.51	0.51	0	0	0.44
165300	0.44	0.51	0.51	0	0	0.44
165400	0.45	0.51	0.51	0	0	0.45
165500	0.44	0.51	0.51	0	0	0.44
165600	0.44	0.51	0.51	0	0	0.44
165700	0.44	0.51	0.51	0	0	0.44
165800	0.44	0.51	0.51	0	0	0.44
165900	0.44	0.5	0.5	0	0	0.44
166000	0.44	0.5	0.5	0	0	0.44
166100	0.44	0.5	0.5	0	0	0.44
166200	0.44	0.5	0.5	0	0	0.44
166300	0.44	0.5	0.5	0	0	0.44
166400	0.44	0.5	0.5	0	0	0.44
166500	0.44	0.5	0.5	0	0	0.44
166600	0.44	0.5	0.5	0	0	0.44
166700	0.44	0.5	0.5	0	0	0.44
166800	0.44	0.5	0.5	0	0	0.44
166900	0.44	0.5	0.5	0	0	0.44
167000	0.45	0.5	0.5	0	0	0.45
167100	0.45	0.5	0.5	0	0	0.45
167200	0.45	0.5	0.5	0	0	0.45
167300	0.45	0.5	0.5	0	0	0.45
167400	0.45	0.5	0.5	0	0	0.45
167500	0.44	0.5	0.5	0	0	0.44
167600	0.44	0.5	0.5	0	0	0.44
167700	0.44	0.5	0.5	0	0	0.44
167800	0.44	0.5	0.5	0	0	0.44
167900	0.44	0.5	0.5	0	0	0.44
168000	0.44	0.5	0.5	0	0	0.44
168100	0.44	0.5	0.5	0	0	0.44
168200	0.44	0.5	0.5	0	0	0.44
168300	0.44	0.5	0.5	0	0	0.44
168400	0.44	0.5	0.5	0	0	0.44
168500	0.44	0.5	0.5	0	0	0.44
168600	0.44	0.5	0.5	0	0	0.44
168700	0.44	0.5	0.5	0	0	0.44
168800	0.44	0.5	0.5	0	0	0.44
168900	0.44	0.5	0.5	0	0	0.44
169000	0.44	0.49	0.49	0	0	0.44
169100	0.44	0.49	0.49	0	0	0.44
169200	0.44	0.49	0.49	0	0	0.44
169300	0.44	0.49	0.49	0	0	0.44
169400	0.44	0.49	0.49	0	0	0.44
169500	0.44	0.49	0.49	0	0	0.44
169600	0.44	0.49	0.49	0	0	0.44
169700	0.44	0.49	0.49	0	0	0.44
169800	0.44	0.49	0.49	0	0	0.44
169900	0.44	0.49	0.49	0	0	0.44
170000	0.44	0.49	0.49	0	0	0.44
170100	0.44	0.49	0.49	0	0	0.44
170200	0.44	0.49	0.49	0	0	0.44
170300	0.44	0.49	0.49	0	0	0.44
170400	0.44	0.49	0.49	0	0	0.44
170500	0.44	0.49	0.49	0	0	0.44
170600	0.44	0.49	0.49	0	0	0.44
170700	0.44	0.49	0.49	0	0	0.44
170800	0.44	0.49	0.49	0	0	0.44
170900	0.44	0.49	0.49	0	0	0.44
171000	0.44	0.49	0.49	0	0	0.44
171100	0.44	0.49	0.49	0	0	0.44
171200	0.44	0.49	0.49	0	0	0.44
171300	0.45	0.49	0.49	0	0	0.45
171400	0.45	0.49	0.49	0	0	0.45
171500	0.45	0.49	0.49	0	0	0.45
171600	0.45	0.49	0.49	0	0	0.45
171700	0.45	0.49	0.49	0	0	0.45
171800	0.45	0.49	0.49	0	0	0.45
171900	0.45	0.49	0.49	0	0	0.45
172000	0.45	0.49	0.49	0	0	0.45
172100	0.45	0.49	0.49	0	0	0.45
172200	0.45	0.49	0.49	0	0	0.45
172300	0.45	0.49	0.49	0	0	0.45
172400	0.45	0.49	0.49	0	0	0.45
172500	0.45	0.49	0.49	0	0	0.45
172600	0.45	0.49	0.49	0	0	0.45
172700	0.45	0.49	0.49	0	0	0.45
172800	0.45	0.49	0.49	0	0	0.45
172900	0.45	0.49	0.49	0	0	0.45
173000	0.45	0.49	0.49	0	0	0.45
173100	0.45	0.49	0.49	0	0	0.45
173200	0.45	0.49	0.49	0	0	0.45
173300	0.45	0.49	0.49	0	0	0.45
173400	0.45	0.49	0.49	0	0	0.45
173500	0.45	0.49	0.49	0	0	0.45
173600	0.45	0.48	0.48	0	0	0.45
173700	0.45	0.48	0.48	0	0	0.45
173800	0.45	0.48	0.48	0	0	0.45
173900	0.45	0.48	0.48	0	0	0.45
174000	0.45	0.48	0.48	0	0	0.45
174100	0.45	0.48	0.48	0	0	0.45
174200	0.45	0.48	0.48	0	0	0.45
174300	0.45	0.48	0.48	0	0	0.45
174400	0.45	0.48	0.48	0	0	0.45
174500	0.45	0.48	0.48	0	0	0.45
174600	0.45	0.48	0.48	0	0	0.45
174700	0.45	0.48	0.48	0	0	0.45
174800	0.45	0.48	0.48	0	0	0.45
174900	0.45	0.48	0.48	0	0	0.45
175000	0.45	0.48	0.48	0	0	0.45
175100	0.45	0.48	0.48	0	0	0.45
175200	0.45	0.48	0.48	0	0	0.45
175300	0.46	0.48	0.48	0	0	0.46
175400	0.46	0.48	0.48	0	0	0.46
175500	0.46	0.48	0.48	0	0	0.46
175600	0.46	0.48	0.48	0	0	0.46
175700	0.46	0.48	0.48	0	0	0.46
175800	0.46	0.48	0.48	0	0	0.46
175900	0.46	0.48	0.48	0	0	0.46
176000	0.46	0.48	0.48	0	0	0.46
176100	0.46	0.48	0.48	0	0	0.46
176200	0.46	0.48	0.48	0	0	0.46
176300	0.46	0.48	0.48	0	0	0.46
176400	0.46	0.48	0.48	0	0	0.46
176500	0.46	0.48	0.48	0	0	0.46
176600	0.45	0.48	0.48	0	0	0.45
176700	0.45	0.48	0.48	0	0	0.45
176800	0.45	0.48	0.48	0	0	0.45
176900	0.45	0.48	0.48	0	0	0.45
177000	0.45	0.48	0.48	0	0	0.45
177100	0.45	0.48	0.48	0	0	0.45
177200	0.45	0.48	0.48	0	0	0.45
177300	0.45	0.48	0.48	0	0	0.45
177400	0.45	0.48	0.48	0	0	0.45
177500	0.45	0.48	0.48	0	0	0.45
177600	0.45	0.48	0.48	0	0	0.45
177700	0.45	0.48	0.48	0	0	0.45
177800	0.45	0.49	0.49	0	0	0.45
177900	0.45	0.48	0.48	0	0	0.45
178000	0.45	0.48	0.48	0	0	0.45
178100	0.45	0.48	0.48	0	0	0.45
178200	0.45	0.48	0.48	0	0	0.45
178300	0.45	0.48	0.48	0	0	0.45
178400	0.45	0.48	0.48	0	0	0.45
178500	0.45	0.48	0.48	0	0	0.45
178600	0.46	0.48	0.48	0	0	0.46
178700	0.46	0.48	0.48	0	0	0.46
178800	0.46	0.48	0.48	0	0	0.46
178900	0.46	0.48	0.48	0	0	0.46
179000	0.46	0.48	0.48	0	0	0.46
179100	0.46	0.48	0.48	0	0	0.46
179200	0.47	0.48	0.48	0	0	0.47
179300	0.48	0.48	0.48	0	0	0.48
179400	0.48	0.48	0.48	0	0	0.48
179500	0.47	0.48	0.48	0	0	0.47
179600	0.47	0.48	0.48	0	0	0.47
179700	0.47	0.48	0.48	0	0	0.47
179800	0.47	0.48	0.48	0	0	0.47
179900	0.47	0.48	0.48	0	0	0.47
180000	0.47	0.48	0.48	0	0	0.47
180100	0.47	0.48	0.48	0	0	0.47
180200	0.47	0.48	0.48	0	0	0.47
180300	0.47	0.48	0.48	0	0	0.47
180400	0.47	0.48	0.48	0	0	0.47
180500	0.47	0.48	0.48	0	0	0.47
180600	0.47	0.48	0.48	0	0	0.47
180700	0.48	0.48	0.48	0	0	0.48
180800	0.48	0.48	0.48	0	0	0.48
180900	0.48	0.49	0.49	0	0	0.48
181000	0.48	0.49	0.49	0	0	0.48
181100	0.48	0.49	0.49	0	0	0.48
181200	0.48	0.49	0.49	0	0	0.48
181300	0.48	0.49	0.49	0	0	0.48
181400	0.48	0.49	0.49	0	0	0.48
181500	0.48	0.49	0.49	0	0	0.48
181600	0.48	0.49	0.49	0	0	0.48
181700	0.48	0.49	0.49	0	0	0.48
181800	0.48	0.49	0.49	0	0	0.48
181900	0.48	0.49	0.49	0	0	0.48
182000	0.48	0.49	0.49	0	0	0.48
182100	0.48	0.49	0.49	0	0	0.48
182200	0.48	0.49	0.49	0	0	0.48
182300	0.48	0.49	0.49	0	0	0.48
182400	0.48	0.49	0.49	0	0	0.48
182500	0.48	0.49	0.49	0	0	0.48
182600	0.48	0.49	0.49	0	0	0.48
182700	0.48	0.49	0.49	0	0	0.48
182800	0.48	0.49	0.49	0	0	0.48
182900	0.48	0.49	0.49	0	0	0.48
183000	0.48	0.49	0.49	0	0	0.48
183100	0.48	0.49	0.49	0	0	0.48
183200	0.47	0.49	0.49	0	0	0.47
183300	0.47	0.49	0.49	0	0	0.47
183400	0.47	0.48	0.48	0	0	0.47
183500	0.47	0.48	0.48	0	0	0.47
183600	0.47	0.48	0.48	0	0	0.47
183700	0.47	0.48	0.48	0	0	0.47
183800	0.47	0.48	0.48	0	0	0.47
183900	0.47	0.48	0.48	0	0	0.47
184000	0.47	0.48	0.48	0	0	0.47
184100	0.47	0.48	0.48	0	0	0.47
184200	0.47	0.48	0.48	0	0	0.47
184300	0.47	0.48	0.48	0	0	0.47
184400	0.47	0.48	0.48	0	0	0.47
184500	0.47	0.48	0.48	0	0	0.47
184600	0.47	0.48	0.48	0	0	0.47
184700	0.47	0.48	0.48	0	0	0.47
184800	0.47	0.48	0.48	0	0	0.47
184900	0.47	0.48	0.48	0	0	0.47
185000	0.47	0.48	0.48	0	0	0.47
185100	0.47	0.48	0.48	0	0	0.47
185200	0.46	0.48	0.48	0	0	0.46
185300	0.46	0.47	0.47	0	0	0.46
185400	0.46	0.47	0.47	0	0	0.46
185500	0.46	0.47	0.47	0	0	0.46
185600	0.46	0.47	0.47	0	0	0.46
185700	0.46	0.47	0.47	0	0	0.46
185800	0.46	0.47	0.47	0	0	0.46
185900	0.46	0.47	0.47	0	0	0.46
186000	0.47	0.47	0.47	0	0	0.47
186100	0.47	0.47	0.47	0	0	0.47
186200	0.47	0.47	0.47	0	0	0.47
186300	0.47	0.47	0.47	0	0	0.47
186400	0.46	0.47	0.47	0	0	0.46
186500	0.46	0.47	0.47	0	0	0.46
186600	0.46	0.47	0.47	0	0	0.46
186700	0.46	0.47	0.47	0	0	0.46
186800	0.46	0.47	0.47	0	0	0.46
186900	0.46	0.47	0.47	0	0	0.46
187000	0.47	0.47	0.47	0	0	0.47
187100	0.46	0.47	0.47	0	0	0.46
187200	0.46	0.47	0.47	0	0	0.46
187300	0.46	0.47	0.47	0	0	0.46
187400	0.46	0.47	0.47	0	0	0.46
187500	0.46	0.47	0.47	0	0	0.46
187600	0.46	0.47	0.47	0	0	0.46
187700	0.46	0.47	0.47	0	0	0.46
187800	0.46	0.47	0.47	0	0	0.46
187900	0.46	0.47	0.47	0	0	0.46
188000	0.46	0.47	0.47	0	0	0.46
188100	0.46	0.47	0.47	0	0	0.46
188200	0.46	0.47	0.47	0	0	0.46
188300	0.46	0.47	0.47	0	0	0.46
188400	0.46	0.47	0.47	0	0	0.46
188500	0.46	0.47	0.47	0	0	0.46
188600	0.46	0.47	0.47	0	0	0.46
188700	0.46	0.47	0.47	0	0	0.46
188800	0.46	0.47	0.47	0	0	0.46
188900	0.46	0.47	0.47	0	0	0.46
189000	0.46	0.47	0.47	0	0	0.46
189100	0.46	0.47	0.47	0	0	0.46
189200	0.46	0.47	0.47	0	0	0.46
189300	0.46	0.47	0.47	0	0	0.46
189400	0.46	0.47	0.47	0	0	0.46
189500	0.46	0.47	0.47	0	0	0.46
189600	0.46	0.47	0.47	0	0	0.46
189700	0.46	0.47	0.47	0	0	0.46
189800	0.46	0.47	0.47	0	0	0.46
189900	0.46	0.47	0.47	0	0	0.46
190000	0.46	0.47	0.47	0	0	0.46
190100	0.46	0.47	0.47	0	0	0.46
190200	0.45	0.47	0.47	0	0	0.45
190300	0.45	0.47	0.47	0	0	0.45
190400	0.45	0.47	0.47	0	0	0.45
190500	0.45	0.47	0.47	0	0	0.45
190600	0.45	0.48	0.48	0	0	0.45
190700	0.45	0.48	0.48	0	0	0.45
190800	0.45	0.48	0.48	0	0	0.45
190900	0.45	0.48	0.48	0	0	0.45
191000	0.45	0.48	0.48	0	0	0.45
191100	0.45	0.49	0.49	0	0	0.45
191200	0.45	0.49	0.49	0	0	0.45
191300	0.44	0.49	0.49	0	0	0.44
191400	0.43	0.49	0.49	0	0	0.43
191500	0.43	0.49	0.49	0	0	0.43
191600	0.43	0.5	0.5	0	0	0.43
191700	0.43	0.5	0.5	0	0	0.43
191800	0.43	0.5	0.5	0	0	0.43
191900	0.43	0.5	0.5	0	0	0.43
192000	0.43	0.5	0.5	0	0	0.43
192100	0.43	0.5	0.5	0	0	0.43
192200	0.43	0.5	0.5	0	0	0.43
192300	0.43	0.5	0.5	0	0	0.43
192400	0.43	0.5	0.5	0	0	0.43
192500	0.43	0.5	0.5	0	0	0.43
192600	0.43	0.5	0.5	0	0	0.43
192700	0.43	0.5	0.5	0	0	0.43
192800	0.43	0.5	0.5	0	0	0.43
192900	0.43	0.5	0.5	0	0	0.43
193000	0.43	0.5	0.5	0	0	0.43
193100	0.43	0.5	0.5	0	0	0.43
193200	0.43	0.5	0.5	0	0	0.43
193300	0.43	0.5	0.5	0	0	0.43
193400	0.43	0.5	0.5	0	0	0.43
193500	0.43	0.5	0.5	0	0	0.43
193600	0.43	0.5	0.5	0	0	0.43
193700	0.43	0.5	0.5	0	0	0.43
193800	0.44	0.5	0.5	0	0	0.44
193900	0.44	0.5	0.5	0	0	0.44
194000	0.44	0.5	0.5	0	0	0.44
194100	0.44	0.5	0.5	0	0	0.44
194200	0.44	0.5	0.5	0	0	0.44
194300	0.44	0.5	0.5	0	0	0.44
194400	0.44	0.5	0.5	0	0	0.44
194500	0.44	0.5	0.5	0	0	0.44
194600	0.44	0.5	0.5	0	0	0.44
194700	0.44	0.5	0.5	0	0	0.44
194800	0.44	0.5	0.5	0	0	0.44
194900	0.44	0.5	0.5	0	0	0.44
195000	0.43	0.49	0.49	0	0	0.43
195100	0.43	0.49	0.49	0	0	0.43
195200	0.43	0.5	0.5	0	0	0.43
195300	0.43	0.5	0.5	0	0	0.43
195400	0.43	0.5	0.5	0	0	0.43
195500	0.43	0.5	0.5	0	0	0.43
195600	0.43	0.5	0.5	0	0	0.43
195700	0.43	0.51	0.51	0	0	0.43
195800	0.43	0.51	0.51	0	0	0.43
195900	0.43	0.51	0.51	0	0	0.43
196000	0.43	0.51	0.51	0	0	0.43
196100	0.43	0.51	0.51	0	0	0.43
196200	0.43	0.5	0.5	0	0	0.43
196300	0.43	0.5	0.5	0	0	0.43
196400	0.43	0.5	0.5	0	0	0.43
196500	0.43	0.5	0.5	0	0	0.43
196600	0.43	0.5	0.5	0	0	0.43
196700	0.43	0.5	0.5	0	0	0.43
196800	0.43	0.51	0.51	0	0	0.43
196900	0.43	0.51	0.51	0	0	0.43
197000	0.43	0.51	0.51	0	0	0.43
197100	0.43	0.51	0.51	0	0	0.43
197200	0.43	0.52	0.52	0	0	0.43
197300	0.43	0.52	0.52	0	0	0.43
197400	0.43	0.52	0.52	0	0	0.43
197500	0.43	0.52	0.52	0	0	0.43
197600	0.43	0.52	0.52	0	0	0.43
197700	0.43	0.52	0.52	0	0	0.43
197800	0.43	0.52	0.52	0	0	0.43
197900	0.43	0.52	0.52	0	0	0.43
198000	0.43	0.52	0.52	0	0	0.43
198100	0.43	0.52	0.52	0	0	0.43
198200	0.43	0.52	0.52	0	0	0.43
198300	0.43	0.52	0.52	0	0	0.43
198400	0.43	0.52	0.52	0	0	0.43
198500	0.43	0.52	0.52	0	0	0.43
198600	0.43	0.52	0.52	0	0	0.43
198700	0.43	0.52	0.52	0	0	0.43
198800	0.43	0.52	0.52	0	0	0.43
198900	0.43	0.52	0.52	0	0	0.43
199000	0.43	0.51	0.51	0	0	0.43
199100	0.43	0.51	0.51	0	0	0.43
199200	0.43	0.51	0.51	0	0	0.43
199300	0.43	0.51	0.51	0	0	0.43
199400	0.43	0.51	0.51	0	0	0.43
199500	0.43	0.51	0.51	0	0	0.43
199600	0.43	0.51	0.51	0	0	0.43
199700	0.43	0.51	0.51	0	0	0.43
199800	0.44	0.51	0.51	0	0	0.44
199900	0.44	0.51	0.51	0	0	0.44
200000	0.44	0.51	0.51	0	0	0.44
200100	0.44	0.51	0.51	0	0	0.44
200200	0.44	0.51	0.51	0	0	0.44
200300	0.44	0.51	0.51	0	0	0.44
200400	0.44	0.51	0.51	0	0	0.44
200500	0.44	0.51	0.51	0	0	0.44
200600	0.44	0.51	0.51	0	0	0.44
200700	0.44	0.51	0.51	0	0	0.44
200800	0.44	0.51	0.51	0	0	0.44
200900	0.44	0.51	0.51	0	0	0.44
201000	0.44	0.51	0.51	0	0	0.44
201100	0.44	0.52	0.52	0	0	0.44
201200	0.44	0.52	0.52	0	0	0.44
201300	0.44	0.52	0.52	0	0	0.44
201400	0.44	0.51	0.51	0	0	0.44
201500	0.44	0.51	0.51	0	0	0.44
201600	0.44	0.51	0.51	0	0	0.44
201700	0.44	0.51	0.51	0	0	0.44
201800	0.44	0.51	0.51	0	0	0.44
201900	0.44	0.51	0.51	0	0	0.44
202000	0.44	0.51	0.51	0	0	0.44
202100	0.44	0.51	0.51	0	0	0.44
202200	0.44	0.5	0.5	0	0	0.44
202300	0.44	0.5	0.5	0	0	0.44
202400	0.44	0.5	0.5	0	0	0.44
202500	0.44	0.5	0.5	0	0	0.44
202600	0.44	0.5	0.5	0	0	0.44
202700	0.44	0.5	0.5	0	0	0.44
202800	0.44	0.5	0.5	0	0	0.44
202900	0.44	0.5	0.5	0	0	0.44
203000	0.44	0.5	0.5	0	0	0.44
203100	0.44	0.5	0.5	0	0	0.44
203200	0.44	0.5	0.5	0	0	0.44
203300	0.44	0.5	0.5	0	0	0.44
203400	0.44	0.5	0.5	0	0	0.44
203500	0.44	0.5	0.5	0	0	0.44
203600	0.44	0.5	0.5	0	0	0.44
203700	0.44	0.5	0.5	0	0	0.44
203800	0.44	0.5	0.5	0	0	0.44
203900	0.43	0.5	0.5	0	0	0.43
204000	0.43	0.5	0.5	0	0	0.43
204100	0.43	0.5	0.5	0	0	0.43
204200	0.43	0.5	0.5	0	0	0.43
204300	0.43	0.5	0.5	0	0	0.43
204400	0.43	0.5	0.5	0	0	0.43
204500	0.43	0.5	0.5	0	0	0.43
204600	0.43	0.5	0.5	0	0	0.43
204700	0.43	0.5	0.5	0	0	0.43
204800	0.43	0.5	0.5	0	0	0.43
204900	0.43	0.5	0.5	0	0	0.43
205000	0.43	0.5	0.5	0	0	0.43
205100	0.43	0.5	0.5	0	0	0.43
205200	0.43	0.5	0.5	0	0	0.43
205300	0.43	0.5	0.5	0	0	0.43
205400	0.43	0.5	0.5	0	0	0.43
205500	0.43	0.5	0.5	0	0	0.43
205600	0.43	0.5	0.5	0	0	0.43
205700	0.43	0.5	0.5	0	0	0.43
205800	0.43	0.5	0.5	0	0	0.43
205900	0.43	0.5	0.5	0	0	0.43
206000	0.43	0.5	0.5	0	0	0.43
206100	0.43	0.5	0.5	0	0	0.43
206200	0.43	0.5	0.5	0	0	0.43
206300	0.43	0.5	0.5	0	0	0.43
206400	0.43	0.5	0.5	0	0	0.43
206500	0.43	0.5	0.5	0	0	0.43
206600	0.43	0.5	0.5	0	0	0.43
206700	0.43	0.5	0.5	0	0	0.43
206800	0.43	0.5	0.5	0	0	0.43
206900	0.43	0.5	0.5	0	0	0.43
207000	0.43	0.5	0.5	0	0	0.43
207100	0.43	0.49	0.49	0	0	0.43
207200	0.42	0.49	0.49	0	0	0.42
207300	0.42	0.49	0.49	0	0	0.42
207400	0.42	0.49	0.49	0	0	0.42
207500	0.42	0.49	0.49	0	0	0.42
207600	0.42	0.49	0.49	0	0	0.42
207700	0.42	0.49	0.49	0	0	0.42
207800	0.42	0.49	0.49	0	0	0.42
207900	0.42	0.48	0.48	0	0	0.42
208000	0.42	0.48	0.48	0	0	0.42
208100	0.42	0.48	0.48	0	0	0.42
208200	0.42	0.48	0.48	0	0	0.42
208300	0.42	0.48	0.48	0	0	0.42
208400	0.42	0.48	0.48	0	0	0.42
208500	0.42	0.48	0.48	0	0	0.42
208600	0.42	0.48	0.48	0	0	0.42
208700	0.42	0.48	0.48	0	0	0.42
208800	0.42	0.48	0.48	0	0	0.42
208900	0.42	0.48	0.48	0	0	0.42
209000	0.42	0.48	0.48	0	0	0.42
209100	0.42	0.48	0.48	0	0	0.42
209200	0.42	0.48	0.48	0	0	0.42
209300	0.42	0.48	0.48	0	0	0.42
209400	0.42	0.48	0.48	0	0	0.42
209500	0.42	0.48	0.48	0	0	0.42
209600	0.42	0.48	0.48	0	0	0.42
209700	0.43	0.48	0.48	0	0	0.43
209800	0.42	0.48	0.48	0	0	0.42
209900	0.42	0.48	0.48	0	0	0.42
210000	0.42	0.48	0.48	0	0	0.42
210100	0.42	0.48	0.48	0	0	0.42
210200	0.42	0.48	0.48	0	0	0.42
210300	0.42	0.49	0.49	0	0	0.42
210400	0.42	0.48	0.48	0	0	0.42
210500	0.42	0.48	0.48	0	0	0.42
210600	0.42	0.48	0.48	0	0	0.42
210700	0.42	0.48	0.48	0	0	0.42
210800	0.42	0.48	0.48	0	0	0.42
210900	0.42	0.48	0.48	0	0	0.42
211000	0.42	0.48	0.48	0	0	0.42
211100	0.42	0.48	0.48	0	0	0.42
211200	0.42	0.48	0.48	0	0	0.42
211300	0.42	0.48	0.48	0	0	0.42
211400	0.42	0.48	0.48	0	0	0.42
211500	0.42	0.48	0.48	0	0	0.42
211600	0.42	0.48	0.48	0	0	0.42
211700	0.42	0.48	0.48	0	0	0.42
211800	0.41	0.48	0.48	0	0	0.41
211900	0.41	0.48	0.48	0	0	0.41
212000	0.41	0.48	0.48	0	0	0.41
212100	0.4	0.48	0.48	0	0	0.4
212200	0.4	0.48	0.48	0	0	0.4
212300	0.4	0.48	0.48	0	0	0.4
212400	0.4	0.48	0.48	0	0	0.4
212500	0.4	0.48	0.48	0	0	0.4
212600	0.41	0.48	0.48	0	0	0.41
212700	0.41	0.48	0.48	0	0	0.41
212800	0.41	0.48	0.48	0	0	0.41
212900	0.41	0.48	0.48	0	0	0.41
213000	0.41	0.48	0.48	0	0	0.41
213100	0.41	0.48	0.48	0	0	0.41
213200	0.41	0.48	0.48	0	0	0.41
213300	0.41	0.48	0.48	0	0	0.41
213400	0.41	0.48	0.48	0	0	0.41
213500	0.41	0.48	0.48	0	0	0.41
213600	0.41	0.48	0.48	0	0	0.41
213700	0.41	0.48	0.48	0	0	0.41
213800	0.41	0.48	0.48	0	0	0.41
213900	0.41	0.48	0.48	0	0	0.41
214000	0.41	0.48	0.48	0	0	0.41
214100	0.41	0.48	0.48	0	0	0.41
214200	0.41	0.48	0.48	0	0	0.41
214300	0.41	0.48	0.48	0	0	0.41
214400	0.41	0.48	0.48	0	0	0.41
214500	0.41	0.48	0.48	0	0	0.41
214600	0.41	0.48	0.48	0	0	0.41
214700	0.41	0.48	0.48	0	0	0.41
214800	0.41	0.48	0.48	0	0	0.41
214900	0.41	0.48	0.48	0	0	0.41
215000	0.41	0.47	0.47	0	0	0.41
215100	0.41	0.47	0.47	0	0	0.41
215200	0.41	0.47	0.47	0	0	0.41
215300	0.41	0.47	0.47	0	0	0.41
215400	0.41	0.47	0.47	0	0	0.41
215500	0.41	0.47	0.47	0	0	0.41
215600	0.41	0.47	0.47	0	0	0.41
215700	0.41	0.47	0.47	0	0	0.41
215800	0.41	0.47	0.47	0	0	0.41
215900	0.41	0.47	0.47	0	0	0.41
216000	0.41	0.47	0.47	0	0	0.41
216100	0.42	0.47	0.47	0	0	0.42
216200	0.42	0.47	0.47	0	0	0.42
216300	0.42	0.47	0.47	0	0	0.42
216400	0.42	0.47	0.47	0	0	0.42
216500	0.42	0.47	0.47	0	0	0.42
216600	0.42	0.47	0.47	0	0	0.42
216700	0.42	0.47	0.47	0	0	0.42
216800	0.42	0.47	0.47	0	0	0.42
216900	0.42	0.47	0.47	0	0	0.42
217000	0.42	0.47	0.47	0	0	0.42
217100	0.42	0.47	0.47	0	0	0.42
217200	0.42	0.47	0.47	0	0	0.42
217300	0.42	0.47	0.47	0	0	0.42
217400	0.42	0.47	0.47	0	0	0.42
217500	0.42	0.47	0.47	0	0	0.42
217600	0.42	0.47	0.47	0	0	0.42
217700	0.42	0.47	0.47	0	0	0.42
217800	0.42	0.47	0.47	0	0	0.42
217900	0.42	0.47	0.47	0	0	0.42
218000	0.42	0.47	0.47	0	0	0.42
218100	0.42	0.47	0.47	0	0	0.42
218200	0.42	0.47	0.47	0	0	0.42
218300	0.42	0.47	0.47	0	0	0.42
218400	0.42	0.47	0.47	0	0	0.42
218500	0.42	0.47	0.47	0	0	0.42
218600	0.42	0.47	0.47	0	0	0.42
218700	0.42	0.47	0.47	0	0	0.42
218800	0.42	0.47	0.47	0	0	0.42
218900	0.42	0.47	0.47	0	0	0.42
219000	0.42	0.47	0.47	0	0	0.42
219100	0.42	0.47	0.47	0	0	0.42
219200	0.42	0.47	0.47	0	0	0.42
219300	0.42	0.47	0.47	0	0	0.42
219400	0.42	0.47	0.47	0	0	0.42
219500	0.42	0.47	0.47	0	0	0.42
219600	0.42	0.47	0.47	0	0	0.42
219700	0.42	0.47	0.47	0	0	0.42
219800	0.42	0.47	0.47	0	0	0.42
219900	0.42	0.47	0.47	0	0	0.42
220000	0.42	0.47	0.47	0	0	0.42
220100	0.42	0.47	0.47	0	0	0.42
220200	0.42	0.47	0.47	0	0	0.42
220300	0.41	0.47	0.47	0	0	0.41
220400	0.41	0.47	0.47	0	0	0.41
220500	0.41	0.47	0.47	0	0	0.41
220600	0.41	0.47	0.47	0	0	0.41
220700	0.41	0.47	0.47	0	0	0.41
220800	0.41	0.47	0.47	0	0	0.41
220900	0.41	0.47	0.47	0	0	0.41
221000	0.4	0.47	0.47	0	0	0.4
221100	0.4	0.47	0.47	0	0	0.4
221200	0.4	0.47	0.47	0	0	0.4
221300	0.4	0.48	0.48	0	0	0.4
221400	0.39	0.48	0.48	0	0	0.39
221500	0.39	0.48	0.48	0	0	0.39
221600	0.39	0.49	0.49	0	0	0.39
221700	0.39	0.49	0.49	0	0	0.39
221800	0.39	0.49	0.49	0	0	0.39
221900	0.39	0.49	0.49	0	0	0.39
222000	0.39	0.48	0.48	0	0	0.39
222100	0.39	0.48	0.48	0	0	0.39
222200	0.39	0.48	0.48	0	0	0.39
222300	0.39	0.48	0.48	0	0	0.39
222400	0.39	0.48	0.48	0	0	0.39
222500	0.39	0.48	0.48	0	0	0.39
222600	0.39	0.48	0.48	0	0	0.39
222700	0.39	0.48	0.48	0	0	0.39
222800	0.41	0.48	0.48	0	0	0.41
222900	0.41	0.48	0.48	0	0	0.41
223000	0.41	0.49	0.49	0	0	0.41
223100	0.41	0.49	0.49	0	0	0.41
223200	0.41	0.49	0.49	0	0	0.41
223300	0.41	0.49	0.49	0	0	0.41
223400	0.41	0.49	0.49	0	0	0.41
223500	0.41	0.49	0.49	0	0	0.41
223600	0.41	0.49	0.49	0	0	0.41
223700	0.41	0.49	0.49	0	0	0.41
223800	0.41	0.49	0.49	0	0	0.41
223900	0.41	0.49	0.49	0	0	0.41
224000	0.41	0.49	0.49	0	0	0.41
224100	0.41	0.49	0.49	0	0	0.41
224200	0.41	0.49	0.49	0	0	0.41
224300	0.41	0.49	0.49	0	0	0.41
224400	0.41	0.49	0.49	0	0	0.41
224500	0.41	0.49	0.49	0	0	0.41
224600	0.41	0.49	0.49	0	0	0.41
224700	0.41	0.49	0.49	0	0	0.41
224800	0.41	0.49	0.49	0	0	0.41
224900	0.41	0.49	0.49	0	0	0.41
225000	0.41	0.49	0.49	0	0	0.41
225100	0.41	0.49	0.49	0	0	0.41
225200	0.41	0.49	0.49	0	0	0.41
225300	0.41	0.49	0.49	0	0	0.41
225400	0.41	0.49	0.49	0	0	0.41
225500	0.41	0.49	0.49	0	0	0.41
225600	0.41	0.49	0.49	0	0	0.41
225700	0.42	0.49	0.49	0	0	0.42
225800	0.42	0.49	0.49	0	0	0.42
225900	0.42	0.49	0.49	0	0	0.42
226000	0.41	0.49	0.49	0	0	0.41
226100	0.41	0.49	0.49	0	0	0.41
226200	0.41	0.49	0.49	0	0	0.41
226300	0.41	0.49	0.49	0	0	0.41
226400	0.41	0.49	0.49	0	0	0.41
226500	0.41	0.49	0.49	0	0	0.41
226600	0.41	0.49	0.49	0	0	0.41
226700	0.41	0.49	0.49	0	0	0.41
226800	0.41	0.49	0.49	0	0	0.41
226900	0.41	0.49	0.49	0	0	0.41
227000	0.41	0.49	0.49	0	0	0.41
227100	0.41	0.49	0.49	0	0	0.41
227200	0.41	0.49	0.49	0	0	0.41
227300	0.41	0.49	0.49	0	0	0.41
227400	0.41	0.49	0.49	0	0	0.41
227500	0.41	0.49	0.49	0	0	0.41
227600	0.41	0.49	0.49	0	0	0.41
227700	0.41	0.49	0.49	0	0	0.41
227800	0.41	0.49	0.49	0	0	0.41
227900	0.41	0.49	0.49	0	0	0.41
228000	0.41	0.49	0.49	0	0	0.41
228100	0.41	0.49	0.49	0	0	0.41
228200	0.4	0.49	0.49	0	0	0.4
228300	0.4	0.49	0.49	0	0	0.4
228400	0.4	0.49	0.49	0	0	0.4
228500	0.4	0.49	0.49	0	0	0.4
228600	0.4	0.49	0.49	0	0	0.4
228700	0.4	0.49	0.49	0	0	0.4
228800	0.4	0.49	0.49	0	0	0.4
228900	0.4	0.5	0.5	0	0	0.4
229000	0.4	0.49	0.49	0	0	0.4
229100	0.4	0.49	0.49	0	0	0.4
229200	0.4	0.49	0.49	0	0	0.4
229300	0.4	0.49	0.49	0	0	0.4
229400	0.4	0.48	0.48	0	0	0.4
229500	0.4	0.48	0.48	0	0	0.4
229600	0.4	0.48	0.48	0	0	0.4
229700	0.4	0.48	0.48	0	0	0.4
229800	0.4	0.48	0.48	0	0	0.4
229900	0.4	0.48	0.48	0	0	0.4
230000	0.41	0.48	0.48	0	0	0.41
230100	0.41	0.48	0.48	0	0	0.41
230200	0.41	0.48	0.48	0	0	0.41
230300	0.42	0.48	0.48	0	0	0.42
230400	0.41	0.48	0.48	0	0	0.41
230500	0.41	0.48	0.48	0	0	0.41
230600	0.41	0.48	0.48	0	0	0.41
230700	0.41	0.47	0.47	0	0	0.41
230800	0.41	0.47	0.47	0	0	0.41
230900	0.41	0.47	0.47	0	0	0.41
231000	0.41	0.47	0.47	0	0	0.41
231100	0.41	0.47	0.47	0	0	0.41
231200	0.41	0.47	0.47	0	0	0.41
