100	0.09	0.06	0.06	0	0	0.09
200	0.13	0.09	0.09	0	0	0.13
300	0.13	0.11	0.11	0	0	0.13
400	0.13	0.12	0.12	0	0	0.13
500	0.15	0.15	0.15	0	0	0.15
600	0.16	0.15	0.15	0	0	0.16
700	0.19	0.15	0.15	0	0	0.19
800	0.17	0.15	0.15	0	0	0.17
900	0.17	0.15	0.15	0	0	0.17
1000	0.17	0.17	0.17	0	0	0.17
1100	0.17	0.15	0.15	0	0	0.17
1200	0.2	0.16	0.16	0	0	0.2
1300	0.22	0.18	0.18	0	0	0.22
1400	0.23	0.2	0.2	0	0	0.23
1500	0.23	0.2	0.2	0	0	0.23
1600	0.23	0.2	0.2	0	0	0.23
1700	0.25	0.19	0.19	0	0	0.25
1800	0.25	0.19	0.19	0	0	0.25
1900	0.25	0.21	0.21	0	0	0.25
2000	0.25	0.22	0.22	0	0	0.25
2100	0.25	0.23	0.23	0	0	0.25
2200	0.27	0.25	0.25	0	0	0.27
2300	0.25	0.24	0.24	0	0	0.25
2400	0.24	0.24	0.24	0	0	0.24
2500	0.25	0.25	0.25	0	0	0.25
2600	0.23	0.25	0.25	0	0	0.23
2700	0.22	0.25	0.25	0	0	0.22
2800	0.23	0.26	0.26	0	0	0.23
2900	0.24	0.24	0.24	0	0	0.24
3000	0.24	0.25	0.25	0	0	0.24
3100	0.24	0.23	0.23	0	0	0.24
3200	0.22	0.23	0.23	0	0	0.22
3300	0.22	0.24	0.24	0	0	0.22
3400	0.21	0.24	0.24	0	0	0.21
3500	0.21	0.24	0.24	0	0	0.21
3600	0.23	0.23	0.23	0	0	0.23
3700	0.23	0.21	0.21	0	0	0.23
3800	0.24	0.2	0.2	0	0	0.24
3900	0.24	0.19	0.19	0	0	0.24
4000	0.25	0.19	0.19	0	0	0.25
4100	0.25	0.21	0.21	0	0	0.25
4200	0.25	0.21	0.21	0	0	0.25
4300	0.25	0.22	0.22	0	0	0.25
4400	0.27	0.22	0.22	0	0	0.27
4500	0.27	0.22	0.22	0	0	0.27
4600	0.28	0.23	0.23	0	0	0.28
4700	0.27	0.24	0.24	0	0	0.27
4800	0.28	0.26	0.26	0	0	0.28
4900	0.27	0.26	0.26	0	0	0.27
5000	0.28	0.27	0.27	0	0	0.28
5100	0.29	0.27	0.27	0	0	0.29
5200	0.28	0.27	0.27	0	0	0.28
5300	0.27	0.28	0.28	0	0	0.27
5400	0.28	0.28	0.28	0	0	0.28
5500	0.29	0.28	0.28	0	0	0.29
5600	0.3	0.28	0.28	0	0	0.3
5700	0.3	0.29	0.29	0	0	0.3
5800	0.3	0.29	0.29	0	0	0.3
5900	0.31	0.29	0.29	0	0	0.31
6000	0.32	0.29	0.29	0	0	0.32
6100	0.32	0.29	0.29	0	0	0.32
6200	0.31	0.28	0.28	0	0	0.31
6300	0.3	0.27	0.27	0	0	0.3
6400	0.3	0.29	0.29	0	0	0.3
6500	0.3	0.29	0.29	0	0	0.3
6600	0.31	0.29	0.29	0	0	0.31
6700	0.3	0.29	0.29	0	0	0.3
6800	0.28	0.31	0.31	0	0	0.28
6900	0.28	0.31	0.31	0	0	0.28
7000	0.28	0.32	0.32	0	0	0.28
7100	0.3	0.31	0.31	0	0	0.3
7200	0.32	0.31	0.31	0	0	0.32
7300	0.31	0.28	0.28	0	0	0.31
7400	0.31	0.29	0.29	0	0	0.31
7500	0.33	0.3	0.3	0	0	0.33
7600	0.34	0.3	0.3	0	0	0.34
7700	0.34	0.29	0.29	0	0	0.34
7800	0.35	0.27	0.27	0	0	0.35
7900	0.35	0.27	0.27	0	0	0.35
8000	0.35	0.26	0.26	0	0	0.35
8100	0.34	0.27	0.27	0	0	0.34
8200	0.34	0.28	0.28	0	0	0.34
8300	0.33	0.29	0.29	0	0	0.33
8400	0.33	0.28	0.28	0	0	0.33
8500	0.33	0.28	0.28	0	0	0.33
8600	0.32	0.28	0.28	0	0	0.32
8700	0.32	0.28	0.28	0	0	0.32
8800	0.32	0.29	0.29	0	0	0.32
8900	0.3	0.29	0.29	0	0	0.3
9000	0.3	0.29	0.29	0	0	0.3
9100	0.29	0.3	0.3	0	0	0.29
9200	0.29	0.31	0.31	0	0	0.29
9300	0.27	0.31	0.31	0	0	0.27
9400	0.26	0.31	0.31	0	0	0.26
9500	0.26	0.31	0.31	0	0	0.26
9600	0.26	0.32	0.32	0	0	0.26
9700	0.27	0.33	0.33	0	0	0.27
9800	0.28	0.31	0.31	0	0	0.28
9900	0.29	0.32	0.32	0	0	0.29
10000	0.29	0.33	0.33	0	0	0.29
10100	0.29	0.32	0.32	0	0	0.29
10200	0.3	0.3	0.3	0	0	0.3
10300	0.32	0.3	0.3	0	0	0.32
10400	0.32	0.3	0.3	0	0	0.32
10500	0.32	0.3	0.3	0	0	0.32
10600	0.31	0.3	0.3	0	0	0.31
10700	0.31	0.3	0.3	0	0	0.31
10800	0.3	0.3	0.3	0	0	0.3
10900	0.3	0.3	0.3	0	0	0.3
11000	0.29	0.31	0.31	0	0	0.29
11100	0.3	0.31	0.31	0	0	0.3
11200	0.3	0.32	0.32	0	0	0.3
11300	0.3	0.33	0.33	0	0	0.3
11400	0.31	0.34	0.34	0	0	0.31
11500	0.3	0.34	0.34	0	0	0.3
11600	0.31	0.33	0.33	0	0	0.31
11700	0.31	0.34	0.34	0	0	0.31
11800	0.31	0.35	0.35	0	0	0.31
11900	0.31	0.36	0.36	0	0	0.31
12000	0.32	0.35	0.35	0	0	0.32
12100	0.32	0.36	0.36	0	0	0.32
12200	0.32	0.36	0.36	0	0	0.32
12300	0.32	0.36	0.36	0	0	0.32
12400	0.33	0.36	0.36	0	0	0.33
12500	0.33	0.36	0.36	0	0	0.33
12600	0.33	0.36	0.36	0	0	0.33
12700	0.33	0.37	0.37	0	0	0.33
12800	0.34	0.37	0.37	0	0	0.34
12900	0.34	0.37	0.37	0	0	0.34
13000	0.34	0.37	0.37	0	0	0.34
13100	0.34	0.38	0.38	0	0	0.34
13200	0.34	0.39	0.39	0	0	0.34
13300	0.35	0.39	0.39	0	0	0.35
13400	0.35	0.4	0.4	0	0	0.35
13500	0.35	0.4	0.4	0	0	0.35
13600	0.34	0.4	0.4	0	0	0.34
13700	0.35	0.39	0.39	0	0	0.35
13800	0.35	0.38	0.38	0	0	0.35
13900	0.34	0.37	0.37	0	0	0.34
14000	0.34	0.37	0.37	0	0	0.34
14100	0.34	0.38	0.38	0	0	0.34
14200	0.34	0.36	0.36	0	0	0.34
14300	0.35	0.37	0.37	0	0	0.35
14400	0.34	0.36	0.36	0	0	0.34
14500	0.34	0.36	0.36	0	0	0.34
14600	0.34	0.36	0.36	0	0	0.34
14700	0.35	0.37	0.37	0	0	0.35
14800	0.35	0.36	0.36	0	0	0.35
14900	0.34	0.36	0.36	0	0	0.34
15000	0.34	0.37	0.37	0	0	0.34
15100	0.34	0.39	0.39	0	0	0.34
15200	0.35	0.39	0.39	0	0	0.35
15300	0.35	0.39	0.39	0	0	0.35
15400	0.35	0.39	0.39	0	0	0.35
15500	0.35	0.39	0.39	0	0	0.35
15600	0.36	0.39	0.39	0	0	0.36
15700	0.36	0.38	0.38	0	0	0.36
15800	0.33	0.39	0.39	0	0	0.33
15900	0.33	0.39	0.39	0	0	0.33
16000	0.32	0.4	0.4	0	0	0.32
16100	0.32	0.4	0.4	0	0	0.32
16200	0.32	0.41	0.41	0	0	0.32
16300	0.33	0.41	0.41	0	0	0.33
16400	0.34	0.41	0.41	0	0	0.34
16500	0.34	0.4	0.4	0	0	0.34
16600	0.34	0.4	0.4	0	0	0.34
16700	0.34	0.4	0.4	0	0	0.34
16800	0.34	0.4	0.4	0	0	0.34
16900	0.34	0.4	0.4	0	0	0.34
17000	0.34	0.4	0.4	0	0	0.34
17100	0.34	0.39	0.39	0	0	0.34
17200	0.35	0.39	0.39	0	0	0.35
17300	0.35	0.39	0.39	0	0	0.35
17400	0.35	0.39	0.39	0	0	0.35
17500	0.35	0.39	0.39	0	0	0.35
17600	0.35	0.39	0.39	0	0	0.35
17700	0.36	0.39	0.39	0	0	0.36
17800	0.36	0.4	0.4	0	0	0.36
17900	0.36	0.4	0.4	0	0	0.36
18000	0.36	0.4	0.4	0	0	0.36
18100	0.36	0.4	0.4	0	0	0.36
18200	0.36	0.4	0.4	0	0	0.36
18300	0.37	0.41	0.41	0	0	0.37
18400	0.37	0.41	0.41	0	0	0.37
18500	0.37	0.41	0.41	0	0	0.37
18600	0.37	0.43	0.43	0	0	0.37
18700	0.37	0.42	0.42	0	0	0.37
18800	0.37	0.42	0.42	0	0	0.37
18900	0.37	0.41	0.41	0	0	0.37
19000	0.37	0.41	0.41	0	0	0.37
19100	0.38	0.41	0.41	0	0	0.38
19200	0.37	0.42	0.42	0	0	0.37
19300	0.37	0.42	0.42	0	0	0.37
19400	0.37	0.42	0.42	0	0	0.37
19500	0.37	0.42	0.42	0	0	0.37
19600	0.36	0.42	0.42	0	0	0.36
19700	0.36	0.42	0.42	0	0	0.36
19800	0.36	0.42	0.42	0	0	0.36
19900	0.36	0.42	0.42	0	0	0.36
20000	0.36	0.42	0.42	0	0	0.36
20100	0.36	0.42	0.42	0	0	0.36
20200	0.36	0.43	0.43	0	0	0.36
20300	0.36	0.42	0.42	0	0	0.36
20400	0.35	0.42	0.42	0	0	0.35
20500	0.35	0.41	0.41	0	0	0.35
20600	0.35	0.43	0.43	0	0	0.35
20700	0.35	0.43	0.43	0	0	0.35
20800	0.36	0.42	0.42	0	0	0.36
20900	0.37	0.42	0.42	0	0	0.37
21000	0.36	0.42	0.42	0	0	0.36
21100	0.36	0.42	0.42	0	0	0.36
21200	0.37	0.42	0.42	0	0	0.37
21300	0.37	0.42	0.42	0	0	0.37
21400	0.37	0.42	0.42	0	0	0.37
21500	0.37	0.42	0.42	0	0	0.37
21600	0.38	0.42	0.42	0	0	0.38
21700	0.38	0.43	0.43	0	0	0.38
21800	0.38	0.42	0.42	0	0	0.38
21900	0.38	0.42	0.42	0	0	0.38
22000	0.4	0.42	0.42	0	0	0.4
22100	0.4	0.43	0.43	0	0	0.4
22200	0.39	0.43	0.43	0	0	0.39
22300	0.39	0.43	0.43	0	0	0.39
22400	0.39	0.43	0.43	0	0	0.39
22500	0.39	0.44	0.44	0	0	0.39
22600	0.39	0.44	0.44	0	0	0.39
22700	0.39	0.44	0.44	0	0	0.39
22800	0.39	0.44	0.44	0	0	0.39
22900	0.39	0.44	0.44	0	0	0.39
23000	0.39	0.44	0.44	0	0	0.39
23100	0.39	0.44	0.44	0	0	0.39
23200	0.39	0.44	0.44	0	0	0.39
23300	0.41	0.45	0.45	0	0	0.41
23400	0.41	0.45	0.45	0	0	0.41
23500	0.41	0.45	0.45	0	0	0.41
23600	0.41	0.46	0.46	0	0	0.41
23700	0.41	0.46	0.46	0	0	0.41
23800	0.41	0.45	0.45	0	0	0.41
23900	0.41	0.45	0.45	0	0	0.41
24000	0.41	0.45	0.45	0	0	0.41
24100	0.41	0.45	0.45	0	0	0.41
24200	0.41	0.45	0.45	0	0	0.41
24300	0.41	0.45	0.45	0	0	0.41
24400	0.41	0.45	0.45	0	0	0.41
24500	0.41	0.45	0.45	0	0	0.41
24600	0.41	0.45	0.45	0	0	0.41
24700	0.41	0.45	0.45	0	0	0.41
24800	0.41	0.45	0.45	0	0	0.41
24900	0.41	0.45	0.45	0	0	0.41
25000	0.41	0.44	0.44	0	0	0.41
25100	0.41	0.44	0.44	0	0	0.41
25200	0.41	0.44	0.44	0	0	0.41
25300	0.41	0.44	0.44	0	0	0.41
25400	0.41	0.44	0.44	0	0	0.41
25500	0.4	0.44	0.44	0	0	0.4
25600	0.4	0.43	0.43	0	0	0.4
25700	0.4	0.42	0.42	0	0	0.4
25800	0.4	0.42	0.42	0	0	0.4
25900	0.4	0.42	0.42	0	0	0.4
26000	0.41	0.42	0.42	0	0	0.41
26100	0.4	0.42	0.42	0	0	0.4
26200	0.4	0.42	0.42	0	0	0.4
26300	0.4	0.42	0.42	0	0	0.4
26400	0.4	0.43	0.43	0	0	0.4
26500	0.4	0.43	0.43	0	0	0.4
26600	0.39	0.43	0.43	0	0	0.39
26700	0.39	0.43	0.43	0	0	0.39
26800	0.39	0.42	0.42	0	0	0.39
26900	0.39	0.42	0.42	0	0	0.39
27000	0.39	0.42	0.42	0	0	0.39
27100	0.39	0.42	0.42	0	0	0.39
27200	0.39	0.42	0.42	0	0	0.39
27300	0.4	0.43	0.43	0	0	0.4
27400	0.4	0.43	0.43	0	0	0.4
27500	0.4	0.43	0.43	0	0	0.4
27600	0.4	0.43	0.43	0	0	0.4
27700	0.4	0.43	0.43	0	0	0.4
27800	0.4	0.43	0.43	0	0	0.4
27900	0.4	0.43	0.43	0	0	0.4
28000	0.41	0.44	0.44	0	0	0.41
28100	0.41	0.44	0.44	0	0	0.41
28200	0.41	0.44	0.44	0	0	0.41
28300	0.41	0.44	0.44	0	0	0.41
28400	0.42	0.44	0.44	0	0	0.42
28500	0.42	0.44	0.44	0	0	0.42
28600	0.43	0.44	0.44	0	0	0.43
28700	0.43	0.44	0.44	0	0	0.43
28800	0.43	0.44	0.44	0	0	0.43
28900	0.43	0.44	0.44	0	0	0.43
29000	0.42	0.44	0.44	0	0	0.42
29100	0.42	0.44	0.44	0	0	0.42
29200	0.42	0.44	0.44	0	0	0.42
29300	0.44	0.44	0.44	0	0	0.44
29400	0.43	0.44	0.44	0	0	0.43
29500	0.43	0.44	0.44	0	0	0.43
29600	0.43	0.44	0.44	0	0	0.43
29700	0.43	0.44	0.44	0	0	0.43
29800	0.43	0.44	0.44	0	0	0.43
29900	0.43	0.44	0.44	0	0	0.43
30000	0.43	0.44	0.44	0	0	0.43
30100	0.43	0.44	0.44	0	0	0.43
30200	0.43	0.44	0.44	0	0	0.43
30300	0.43	0.44	0.44	0	0	0.43
30400	0.43	0.44	0.44	0	0	0.43
30500	0.43	0.44	0.44	0	0	0.43
30600	0.44	0.43	0.43	0	0	0.44
30700	0.44	0.43	0.43	0	0	0.44
30800	0.43	0.43	0.43	0	0	0.43
30900	0.43	0.43	0.43	0	0	0.43
31000	0.43	0.43	0.43	0	0	0.43
31100	0.43	0.43	0.43	0	0	0.43
31200	0.43	0.43	0.43	0	0	0.43
31300	0.44	0.43	0.43	0	0	0.44
31400	0.44	0.43	0.43	0	0	0.44
31500	0.43	0.43	0.43	0	0	0.43
31600	0.43	0.43	0.43	0	0	0.43
31700	0.43	0.43	0.43	0	0	0.43
31800	0.43	0.43	0.43	0	0	0.43
31900	0.43	0.43	0.43	0	0	0.43
32000	0.43	0.45	0.45	0	0	0.43
32100	0.42	0.45	0.45	0	0	0.42
32200	0.42	0.45	0.45	0	0	0.42
32300	0.42	0.45	0.45	0	0	0.42
32400	0.41	0.46	0.46	0	0	0.41
32500	0.41	0.46	0.46	0	0	0.41
32600	0.41	0.46	0.46	0	0	0.41
32700	0.41	0.46	0.46	0	0	0.41
32800	0.41	0.45	0.45	0	0	0.41
32900	0.41	0.46	0.46	0	0	0.41
33000	0.41	0.46	0.46	0	0	0.41
33100	0.41	0.46	0.46	0	0	0.41
33200	0.41	0.46	0.46	0	0	0.41
33300	0.41	0.47	0.47	0	0	0.41
33400	0.41	0.47	0.47	0	0	0.41
33500	0.42	0.47	0.47	0	0	0.42
33600	0.42	0.47	0.47	0	0	0.42
33700	0.42	0.47	0.47	0	0	0.42
33800	0.42	0.45	0.45	0	0	0.42
33900	0.41	0.45	0.45	0	0	0.41
34000	0.41	0.44	0.44	0	0	0.41
34100	0.41	0.44	0.44	0	0	0.41
34200	0.41	0.44	0.44	0	0	0.41
34300	0.41	0.44	0.44	0	0	0.41
34400	0.41	0.44	0.44	0	0	0.41
34500	0.41	0.44	0.44	0	0	0.41
34600	0.42	0.44	0.44	0	0	0.42
34700	0.41	0.44	0.44	0	0	0.41
34800	0.41	0.44	0.44	0	0	0.41
34900	0.41	0.44	0.44	0	0	0.41
35000	0.41	0.44	0.44	0	0	0.41
35100	0.41	0.44	0.44	0	0	0.41
35200	0.41	0.45	0.45	0	0	0.41
35300	0.41	0.45	0.45	0	0	0.41
35400	0.41	0.45	0.45	0	0	0.41
35500	0.41	0.47	0.47	0	0	0.41
35600	0.42	0.47	0.47	0	0	0.42
35700	0.42	0.47	0.47	0	0	0.42
35800	0.42	0.47	0.47	0	0	0.42
35900	0.42	0.47	0.47	0	0	0.42
36000	0.42	0.47	0.47	0	0	0.42
36100	0.43	0.47	0.47	0	0	0.43
36200	0.42	0.47	0.47	0	0	0.42
36300	0.42	0.47	0.47	0	0	0.42
36400	0.42	0.47	0.47	0	0	0.42
36500	0.42	0.47	0.47	0	0	0.42
36600	0.42	0.48	0.48	0	0	0.42
36700	0.43	0.47	0.47	0	0	0.43
36800	0.43	0.47	0.47	0	0	0.43
36900	0.43	0.47	0.47	0	0	0.43
37000	0.43	0.47	0.47	0	0	0.43
37100	0.43	0.47	0.47	0	0	0.43
37200	0.44	0.47	0.47	0	0	0.44
37300	0.44	0.47	0.47	0	0	0.44
37400	0.45	0.48	0.48	0	0	0.45
37500	0.44	0.48	0.48	0	0	0.44
37600	0.44	0.48	0.48	0	0	0.44
37700	0.44	0.48	0.48	0	0	0.44
37800	0.44	0.48	0.48	0	0	0.44
37900	0.44	0.48	0.48	0	0	0.44
38000	0.45	0.48	0.48	0	0	0.45
38100	0.45	0.48	0.48	0	0	0.45
38200	0.44	0.48	0.48	0	0	0.44
38300	0.44	0.48	0.48	0	0	0.44
38400	0.44	0.48	0.48	0	0	0.44
38500	0.44	0.48	0.48	0	0	0.44
38600	0.44	0.48	0.48	0	0	0.44
38700	0.44	0.48	0.48	0	0	0.44
38800	0.44	0.48	0.48	0	0	0.44
38900	0.44	0.48	0.48	0	0	0.44
39000	0.44	0.49	0.49	0	0	0.44
39100	0.44	0.49	0.49	0	0	0.44
39200	0.44	0.49	0.49	0	0	0.44
39300	0.44	0.48	0.48	0	0	0.44
39400	0.44	0.48	0.48	0	0	0.44
39500	0.44	0.48	0.48	0	0	0.44
39600	0.44	0.48	0.48	0	0	0.44
39700	0.44	0.48	0.48	0	0	0.44
39800	0.44	0.48	0.48	0	0	0.44
39900	0.44	0.48	0.48	0	0	0.44
40000	0.44	0.48	0.48	0	0	0.44
40100	0.44	0.48	0.48	0	0	0.44
40200	0.44	0.48	0.48	0	0	0.44
40300	0.44	0.48	0.48	0	0	0.44
40400	0.44	0.48	0.48	0	0	0.44
40500	0.44	0.48	0.48	0	0	0.44
40600	0.44	0.48	0.48	0	0	0.44
40700	0.44	0.48	0.48	0	0	0.44
40800	0.44	0.48	0.48	0	0	0.44
40900	0.44	0.48	0.48	0	0	0.44
41000	0.44	0.48	0.48	0	0	0.44
41100	0.44	0.48	0.48	0	0	0.44
41200	0.44	0.49	0.49	0	0	0.44
41300	0.44	0.5	0.5	0	0	0.44
41400	0.44	0.5	0.5	0	0	0.44
41500	0.44	0.5	0.5	0	0	0.44
41600	0.44	0.5	0.5	0	0	0.44
41700	0.44	0.5	0.5	0	0	0.44
41800	0.44	0.5	0.5	0	0	0.44
41900	0.44	0.5	0.5	0	0	0.44
42000	0.44	0.5	0.5	0	0	0.44
42100	0.44	0.5	0.5	0	0	0.44
42200	0.44	0.5	0.5	0	0	0.44
42300	0.44	0.5	0.5	0	0	0.44
42400	0.44	0.5	0.5	0	0	0.44
42500	0.44	0.5	0.5	0	0	0.44
42600	0.45	0.5	0.5	0	0	0.45
42700	0.45	0.5	0.5	0	0	0.45
42800	0.45	0.5	0.5	0	0	0.45
42900	0.45	0.5	0.5	0	0	0.45
43000	0.45	0.5	0.5	0	0	0.45
43100	0.45	0.5	0.5	0	0	0.45
43200	0.45	0.5	0.5	0	0	0.45
43300	0.45	0.5	0.5	0	0	0.45
43400	0.44	0.5	0.5	0	0	0.44
43500	0.44	0.5	0.5	0	0	0.44
43600	0.44	0.5	0.5	0	0	0.44
43700	0.44	0.5	0.5	0	0	0.44
43800	0.44	0.5	0.5	0	0	0.44
43900	0.44	0.5	0.5	0	0	0.44
44000	0.44	0.5	0.5	0	0	0.44
44100	0.44	0.5	0.5	0	0	0.44
44200	0.44	0.5	0.5	0	0	0.44
44300	0.44	0.5	0.5	0	0	0.44
44400	0.44	0.5	0.5	0	0	0.44
44500	0.44	0.5	0.5	0	0	0.44
44600	0.44	0.5	0.5	0	0	0.44
44700	0.44	0.5	0.5	0	0	0.44
44800	0.44	0.5	0.5	0	0	0.44
44900	0.44	0.5	0.5	0	0	0.44
45000	0.44	0.5	0.5	0	0	0.44
45100	0.44	0.5	0.5	0	0	0.44
45200	0.44	0.5	0.5	0	0	0.44
45300	0.45	0.5	0.5	0	0	0.45
45400	0.45	0.5	0.5	0	0	0.45
45500	0.45	0.5	0.5	0	0	0.45
45600	0.45	0.5	0.5	0	0	0.45
45700	0.45	0.5	0.5	0	0	0.45
45800	0.45	0.5	0.5	0	0	0.45
45900	0.45	0.5	0.5	0	0	0.45
46000	0.45	0.5	0.5	0	0	0.45
46100	0.45	0.5	0.5	0	0	0.45
46200	0.45	0.5	0.5	0	0	0.45
46300	0.45	0.5	0.5	0	0	0.45
46400	0.45	0.5	0.5	0	0	0.45
46500	0.45	0.5	0.5	0	0	0.45
46600	0.45	0.5	0.5	0	0	0.45
46700	0.45	0.5	0.5	0	0	0.45
46800	0.45	0.5	0.5	0	0	0.45
46900	0.45	0.5	0.5	0	0	0.45
47000	0.45	0.5	0.5	0	0	0.45
47100	0.45	0.5	0.5	0	0	0.45
47200	0.45	0.5	0.5	0	0	0.45
47300	0.45	0.5	0.5	0	0	0.45
47400	0.45	0.5	0.5	0	0	0.45
47500	0.45	0.5	0.5	0	0	0.45
47600	0.45	0.5	0.5	0	0	0.45
47700	0.45	0.5	0.5	0	0	0.45
47800	0.45	0.5	0.5	0	0	0.45
47900	0.45	0.5	0.5	0	0	0.45
48000	0.45	0.5	0.5	0	0	0.45
48100	0.45	0.5	0.5	0	0	0.45
48200	0.45	0.5	0.5	0	0	0.45
48300	0.45	0.5	0.5	0	0	0.45
48400	0.45	0.5	0.5	0	0	0.45
48500	0.45	0.5	0.5	0	0	0.45
48600	0.45	0.5	0.5	0	0	0.45
48700	0.45	0.5	0.5	0	0	0.45
48800	0.45	0.5	0.5	0	0	0.45
48900	0.45	0.5	0.5	0	0	0.45
49000	0.45	0.5	0.5	0	0	0.45
49100	0.45	0.5	0.5	0	0	0.45
49200	0.45	0.5	0.5	0	0	0.45
49300	0.45	0.5	0.5	0	0	0.45
49400	0.45	0.5	0.5	0	0	0.45
49500	0.45	0.5	0.5	0	0	0.45
49600	0.45	0.5	0.5	0	0	0.45
49700	0.45	0.5	0.5	0	0	0.45
49800	0.45	0.5	0.5	0	0	0.45
49900	0.45	0.5	0.5	0	0	0.45
50000	0.45	0.5	0.5	0	0	0.45
50100	0.45	0.5	0.5	0	0	0.45
50200	0.45	0.5	0.5	0	0	0.45
50300	0.45	0.5	0.5	0	0	0.45
50400	0.45	0.5	0.5	0	0	0.45
50500	0.45	0.5	0.5	0	0	0.45
50600	0.45	0.5	0.5	0	0	0.45
50700	0.45	0.51	0.51	0	0	0.45
50800	0.45	0.51	0.51	0	0	0.45
50900	0.45	0.51	0.51	0	0	0.45
51000	0.45	0.51	0.51	0	0	0.45
51100	0.45	0.51	0.51	0	0	0.45
51200	0.45	0.51	0.51	0	0	0.45
51300	0.46	0.51	0.51	0	0	0.46
51400	0.46	0.51	0.51	0	0	0.46
51500	0.46	0.51	0.51	0	0	0.46
51600	0.46	0.5	0.5	0	0	0.46
51700	0.46	0.5	0.5	0	0	0.46
51800	0.46	0.5	0.5	0	0	0.46
51900	0.46	0.5	0.5	0	0	0.46
52000	0.46	0.5	0.5	0	0	0.46
52100	0.46	0.5	0.5	0	0	0.46
52200	0.46	0.5	0.5	0	0	0.46
52300	0.46	0.5	0.5	0	0	0.46
52400	0.46	0.5	0.5	0	0	0.46
52500	0.46	0.5	0.5	0	0	0.46
52600	0.46	0.5	0.5	0	0	0.46
52700	0.46	0.5	0.5	0	0	0.46
52800	0.46	0.5	0.5	0	0	0.46
52900	0.46	0.5	0.5	0	0	0.46
53000	0.46	0.49	0.49	0	0	0.46
53100	0.46	0.49	0.49	0	0	0.46
53200	0.46	0.49	0.49	0	0	0.46
53300	0.46	0.49	0.49	0	0	0.46
53400	0.46	0.49	0.49	0	0	0.46
53500	0.46	0.49	0.49	0	0	0.46
53600	0.46	0.49	0.49	0	0	0.46
53700	0.46	0.49	0.49	0	0	0.46
53800	0.46	0.49	0.49	0	0	0.46
53900	0.46	0.49	0.49	0	0	0.46
54000	0.46	0.49	0.49	0	0	0.46
54100	0.46	0.49	0.49	0	0	0.46
54200	0.46	0.49	0.49	0	0	0.46
54300	0.46	0.49	0.49	0	0	0.46
54400	0.46	0.49	0.49	0	0	0.46
54500	0.46	0.49	0.49	0	0	0.46
54600	0.46	0.49	0.49	0	0	0.46
54700	0.46	0.49	0.49	0	0	0.46
54800	0.46	0.49	0.49	0	0	0.46
54900	0.46	0.49	0.49	0	0	0.46
55000	0.46	0.49	0.49	0	0	0.46
55100	0.46	0.49	0.49	0	0	0.46
55200	0.46	0.49	0.49	0	0	0.46
55300	0.46	0.49	0.49	0	0	0.46
55400	0.46	0.49	0.49	0	0	0.46
55500	0.46	0.48	0.48	0	0	0.46
55600	0.46	0.48	0.48	0	0	0.46
55700	0.46	0.48	0.48	0	0	0.46
55800	0.46	0.48	0.48	0	0	0.46
55900	0.46	0.48	0.48	0	0	0.46
56000	0.46	0.48	0.48	0	0	0.46
56100	0.46	0.48	0.48	0	0	0.46
56200	0.46	0.48	0.48	0	0	0.46
56300	0.46	0.48	0.48	0	0	0.46
56400	0.46	0.48	0.48	0	0	0.46
56500	0.46	0.48	0.48	0	0	0.46
56600	0.46	0.48	0.48	0	0	0.46
56700	0.46	0.48	0.48	0	0	0.46
56800	0.46	0.48	0.48	0	0	0.46
56900	0.46	0.48	0.48	0	0	0.46
57000	0.46	0.48	0.48	0	0	0.46
57100	0.46	0.48	0.48	0	0	0.46
57200	0.46	0.48	0.48	0	0	0.46
57300	0.46	0.48	0.48	0	0	0.46
57400	0.46	0.48	0.48	0	0	0.46
57500	0.46	0.48	0.48	0	0	0.46
57600	0.46	0.48	0.48	0	0	0.46
57700	0.46	0.48	0.48	0	0	0.46
57800	0.46	0.48	0.48	0	0	0.46
57900	0.46	0.48	0.48	0	0	0.46
58000	0.46	0.48	0.48	0	0	0.46
58100	0.46	0.48	0.48	0	0	0.46
58200	0.46	0.48	0.48	0	0	0.46
58300	0.46	0.48	0.48	0	0	0.46
58400	0.46	0.48	0.48	0	0	0.46
58500	0.46	0.48	0.48	0	0	0.46
58600	0.46	0.48	0.48	0	0	0.46
58700	0.46	0.48	0.48	0	0	0.46
58800	0.46	0.48	0.48	0	0	0.46
58900	0.46	0.48	0.48	0	0	0.46
59000	0.46	0.48	0.48	0	0	0.46
59100	0.46	0.48	0.48	0	0	0.46
59200	0.46	0.48	0.48	0	0	0.46
59300	0.46	0.48	0.48	0	0	0.46
59400	0.46	0.48	0.48	0	0	0.46
59500	0.46	0.48	0.48	0	0	0.46
59600	0.46	0.48	0.48	0	0	0.46
59700	0.46	0.48	0.48	0	0	0.46
59800	0.46	0.48	0.48	0	0	0.46
59900	0.46	0.48	0.48	0	0	0.46
60000	0.46	0.48	0.48	0	0	0.46
60100	0.46	0.48	0.48	0	0	0.46
60200	0.46	0.48	0.48	0	0	0.46
60300	0.46	0.48	0.48	0	0	0.46
60400	0.46	0.48	0.48	0	0	0.46
60500	0.46	0.48	0.48	0	0	0.46
60600	0.46	0.48	0.48	0	0	0.46
60700	0.46	0.48	0.48	0	0	0.46
60800	0.46	0.48	0.48	0	0	0.46
60900	0.46	0.48	0.48	0	0	0.46
61000	0.45	0.48	0.48	0	0	0.45
61100	0.45	0.48	0.48	0	0	0.45
61200	0.45	0.48	0.48	0	0	0.45
61300	0.45	0.48	0.48	0	0	0.45
61400	0.45	0.48	0.48	0	0	0.45
61500	0.45	0.48	0.48	0	0	0.45
61600	0.45	0.48	0.48	0	0	0.45
61700	0.45	0.48	0.48	0	0	0.45
61800	0.45	0.48	0.48	0	0	0.45
61900	0.45	0.48	0.48	0	0	0.45
62000	0.45	0.48	0.48	0	0	0.45
62100	0.45	0.48	0.48	0	0	0.45
62200	0.45	0.49	0.49	0	0	0.45
62300	0.45	0.5	0.5	0	0	0.45
62400	0.45	0.5	0.5	0	0	0.45
62500	0.45	0.51	0.51	0	0	0.45
62600	0.45	0.5	0.5	0	0	0.45
62700	0.45	0.5	0.5	0	0	0.45
62800	0.45	0.5	0.5	0	0	0.45
62900	0.45	0.5	0.5	0	0	0.45
63000	0.45	0.5	0.5	0	0	0.45
63100	0.45	0.5	0.5	0	0	0.45
63200	0.45	0.5	0.5	0	0	0.45
63300	0.45	0.5	0.5	0	0	0.45
63400	0.45	0.5	0.5	0	0	0.45
63500	0.45	0.5	0.5	0	0	0.45
63600	0.45	0.5	0.5	0	0	0.45
63700	0.45	0.5	0.5	0	0	0.45
63800	0.45	0.5	0.5	0	0	0.45
63900	0.45	0.5	0.5	0	0	0.45
64000	0.45	0.5	0.5	0	0	0.45
64100	0.45	0.5	0.5	0	0	0.45
64200	0.45	0.5	0.5	0	0	0.45
64300	0.45	0.5	0.5	0	0	0.45
64400	0.45	0.5	0.5	0	0	0.45
64500	0.46	0.5	0.5	0	0	0.46
64600	0.45	0.5	0.5	0	0	0.45
64700	0.45	0.5	0.5	0	0	0.45
64800	0.45	0.5	0.5	0	0	0.45
64900	0.45	0.5	0.5	0	0	0.45
65000	0.45	0.5	0.5	0	0	0.45
65100	0.45	0.5	0.5	0	0	0.45
65200	0.45	0.5	0.5	0	0	0.45
65300	0.45	0.5	0.5	0	0	0.45
65400	0.45	0.5	0.5	0	0	0.45
65500	0.45	0.5	0.5	0	0	0.45
65600	0.45	0.5	0.5	0	0	0.45
65700	0.45	0.5	0.5	0	0	0.45
65800	0.45	0.5	0.5	0	0	0.45
65900	0.45	0.5	0.5	0	0	0.45
66000	0.45	0.5	0.5	0	0	0.45
66100	0.45	0.51	0.51	0	0	0.45
66200	0.45	0.51	0.51	0	0	0.45
66300	0.45	0.51	0.51	0	0	0.45
66400	0.45	0.51	0.51	0	0	0.45
66500	0.45	0.51	0.51	0	0	0.45
66600	0.45	0.51	0.51	0	0	0.45
66700	0.45	0.51	0.51	0	0	0.45
66800	0.45	0.51	0.51	0	0	0.45
66900	0.45	0.51	0.51	0	0	0.45
67000	0.45	0.51	0.51	0	0	0.45
67100	0.45	0.51	0.51	0	0	0.45
67200	0.45	0.51	0.51	0	0	0.45
67300	0.45	0.51	0.51	0	0	0.45
67400	0.45	0.51	0.51	0	0	0.45
67500	0.45	0.51	0.51	0	0	0.45
67600	0.45	0.51	0.51	0	0	0.45
67700	0.45	0.51	0.51	0	0	0.45
67800	0.45	0.51	0.51	0	0	0.45
67900	0.45	0.51	0.51	0	0	0.45
68000	0.45	0.51	0.51	0	0	0.45
68100	0.45	0.52	0.52	0	0	0.45
68200	0.45	0.52	0.52	0	0	0.45
68300	0.45	0.52	0.52	0	0	0.45
68400	0.45	0.52	0.52	0	0	0.45
68500	0.45	0.52	0.52	0	0	0.45
68600	0.45	0.52	0.52	0	0	0.45
68700	0.45	0.52	0.52	0	0	0.45
68800	0.45	0.52	0.52	0	0	0.45
68900	0.45	0.52	0.52	0	0	0.45
69000	0.44	0.52	0.52	0	0	0.44
69100	0.44	0.51	0.51	0	0	0.44
69200	0.44	0.51	0.51	0	0	0.44
69300	0.43	0.51	0.51	0	0	0.43
69400	0.43	0.51	0.51	0	0	0.43
69500	0.43	0.51	0.51	0	0	0.43
69600	0.43	0.5	0.5	0	0	0.43
69700	0.44	0.5	0.5	0	0	0.44
69800	0.44	0.49	0.49	0	0	0.44
69900	0.43	0.5	0.5	0	0	0.43
70000	0.43	0.49	0.49	0	0	0.43
70100	0.43	0.49	0.49	0	0	0.43
70200	0.43	0.49	0.49	0	0	0.43
70300	0.43	0.49	0.49	0	0	0.43
70400	0.43	0.49	0.49	0	0	0.43
70500	0.43	0.48	0.48	0	0	0.43
70600	0.43	0.48	0.48	0	0	0.43
70700	0.43	0.48	0.48	0	0	0.43
70800	0.43	0.47	0.47	0	0	0.43
70900	0.43	0.47	0.47	0	0	0.43
71000	0.43	0.47	0.47	0	0	0.43
71100	0.43	0.47	0.47	0	0	0.43
71200	0.43	0.47	0.47	0	0	0.43
71300	0.43	0.47	0.47	0	0	0.43
71400	0.43	0.47	0.47	0	0	0.43
71500	0.43	0.47	0.47	0	0	0.43
71600	0.43	0.47	0.47	0	0	0.43
71700	0.44	0.47	0.47	0	0	0.44
71800	0.44	0.47	0.47	0	0	0.44
71900	0.44	0.47	0.47	0	0	0.44
72000	0.42	0.47	0.47	0	0	0.42
72100	0.42	0.47	0.47	0	0	0.42
72200	0.42	0.48	0.48	0	0	0.42
72300	0.42	0.48	0.48	0	0	0.42
72400	0.42	0.48	0.48	0	0	0.42
72500	0.42	0.48	0.48	0	0	0.42
72600	0.42	0.48	0.48	0	0	0.42
72700	0.42	0.48	0.48	0	0	0.42
72800	0.42	0.48	0.48	0	0	0.42
72900	0.43	0.48	0.48	0	0	0.43
73000	0.42	0.48	0.48	0	0	0.42
73100	0.43	0.48	0.48	0	0	0.43
73200	0.43	0.48	0.48	0	0	0.43
73300	0.43	0.48	0.48	0	0	0.43
73400	0.43	0.48	0.48	0	0	0.43
73500	0.43	0.48	0.48	0	0	0.43
73600	0.43	0.48	0.48	0	0	0.43
73700	0.43	0.48	0.48	0	0	0.43
73800	0.43	0.48	0.48	0	0	0.43
73900	0.43	0.49	0.49	0	0	0.43
74000	0.43	0.48	0.48	0	0	0.43
74100	0.43	0.48	0.48	0	0	0.43
74200	0.43	0.48	0.48	0	0	0.43
74300	0.43	0.48	0.48	0	0	0.43
74400	0.43	0.48	0.48	0	0	0.43
74500	0.43	0.49	0.49	0	0	0.43
74600	0.43	0.49	0.49	0	0	0.43
74700	0.43	0.49	0.49	0	0	0.43
74800	0.43	0.49	0.49	0	0	0.43
74900	0.43	0.49	0.49	0	0	0.43
75000	0.43	0.5	0.5	0	0	0.43
75100	0.43	0.5	0.5	0	0	0.43
75200	0.43	0.5	0.5	0	0	0.43
75300	0.43	0.5	0.5	0	0	0.43
75400	0.43	0.5	0.5	0	0	0.43
75500	0.43	0.5	0.5	0	0	0.43
75600	0.43	0.5	0.5	0	0	0.43
75700	0.43	0.5	0.5	0	0	0.43
75800	0.43	0.5	0.5	0	0	0.43
75900	0.43	0.5	0.5	0	0	0.43
76000	0.43	0.5	0.5	0	0	0.43
76100	0.43	0.5	0.5	0	0	0.43
76200	0.43	0.5	0.5	0	0	0.43
76300	0.43	0.5	0.5	0	0	0.43
76400	0.43	0.5	0.5	0	0	0.43
76500	0.44	0.5	0.5	0	0	0.44
76600	0.44	0.5	0.5	0	0	0.44
76700	0.44	0.5	0.5	0	0	0.44
76800	0.43	0.5	0.5	0	0	0.43
76900	0.43	0.5	0.5	0	0	0.43
77000	0.43	0.5	0.5	0	0	0.43
77100	0.43	0.49	0.49	0	0	0.43
77200	0.43	0.49	0.49	0	0	0.43
77300	0.43	0.49	0.49	0	0	0.43
77400	0.43	0.49	0.49	0	0	0.43
77500	0.43	0.49	0.49	0	0	0.43
77600	0.43	0.49	0.49	0	0	0.43
77700	0.43	0.49	0.49	0	0	0.43
77800	0.43	0.49	0.49	0	0	0.43
77900	0.43	0.49	0.49	0	0	0.43
78000	0.43	0.49	0.49	0	0	0.43
78100	0.43	0.49	0.49	0	0	0.43
78200	0.43	0.49	0.49	0	0	0.43
78300	0.43	0.49	0.49	0	0	0.43
78400	0.43	0.47	0.47	0	0	0.43
78500	0.43	0.47	0.47	0	0	0.43
78600	0.43	0.45	0.45	0	0	0.43
78700	0.43	0.45	0.45	0	0	0.43
78800	0.43	0.45	0.45	0	0	0.43
78900	0.43	0.45	0.45	0	0	0.43
79000	0.43	0.45	0.45	0	0	0.43
79100	0.43	0.45	0.45	0	0	0.43
79200	0.43	0.45	0.45	0	0	0.43
79300	0.43	0.45	0.45	0	0	0.43
79400	0.43	0.45	0.45	0	0	0.43
79500	0.43	0.45	0.45	0	0	0.43
79600	0.43	0.45	0.45	0	0	0.43
79700	0.43	0.45	0.45	0	0	0.43
79800	0.43	0.45	0.45	0	0	0.43
79900	0.43	0.45	0.45	0	0	0.43
80000	0.43	0.45	0.45	0	0	0.43
80100	0.43	0.46	0.46	0	0	0.43
80200	0.43	0.46	0.46	0	0	0.43
80300	0.43	0.46	0.46	0	0	0.43
80400	0.43	0.46	0.46	0	0	0.43
80500	0.43	0.46	0.46	0	0	0.43
80600	0.43	0.46	0.46	0	0	0.43
80700	0.43	0.46	0.46	0	0	0.43
80800	0.43	0.46	0.46	0	0	0.43
80900	0.43	0.46	0.46	0	0	0.43
81000	0.43	0.46	0.46	0	0	0.43
81100	0.43	0.46	0.46	0	0	0.43
81200	0.43	0.46	0.46	0	0	0.43
81300	0.43	0.46	0.46	0	0	0.43
81400	0.43	0.47	0.47	0	0	0.43
81500	0.43	0.46	0.46	0	0	0.43
81600	0.43	0.46	0.46	0	0	0.43
81700	0.42	0.46	0.46	0	0	0.42
81800	0.42	0.46	0.46	0	0	0.42
81900	0.42	0.46	0.46	0	0	0.42
82000	0.42	0.46	0.46	0	0	0.42
82100	0.43	0.46	0.46	0	0	0.43
82200	0.43	0.46	0.46	0	0	0.43
82300	0.43	0.46	0.46	0	0	0.43
82400	0.43	0.46	0.46	0	0	0.43
82500	0.43	0.46	0.46	0	0	0.43
82600	0.43	0.46	0.46	0	0	0.43
82700	0.43	0.46	0.46	0	0	0.43
82800	0.43	0.46	0.46	0	0	0.43
82900	0.43	0.46	0.46	0	0	0.43
83000	0.44	0.46	0.46	0	0	0.44
83100	0.44	0.46	0.46	0	0	0.44
83200	0.44	0.46	0.46	0	0	0.44
83300	0.44	0.46	0.46	0	0	0.44
83400	0.44	0.47	0.47	0	0	0.44
83500	0.44	0.46	0.46	0	0	0.44
83600	0.44	0.46	0.46	0	0	0.44
83700	0.44	0.46	0.46	0	0	0.44
83800	0.44	0.46	0.46	0	0	0.44
83900	0.44	0.47	0.47	0	0	0.44
84000	0.44	0.47	0.47	0	0	0.44
84100	0.44	0.47	0.47	0	0	0.44
84200	0.44	0.47	0.47	0	0	0.44
84300	0.44	0.48	0.48	0	0	0.44
84400	0.44	0.48	0.48	0	0	0.44
84500	0.46	0.48	0.48	0	0	0.46
84600	0.46	0.48	0.48	0	0	0.46
84700	0.46	0.49	0.49	0	0	0.46
84800	0.46	0.49	0.49	0	0	0.46
84900	0.46	0.49	0.49	0	0	0.46
85000	0.46	0.49	0.49	0	0	0.46
85100	0.46	0.49	0.49	0	0	0.46
85200	0.46	0.49	0.49	0	0	0.46
85300	0.46	0.49	0.49	0	0	0.46
85400	0.46	0.49	0.49	0	0	0.46
85500	0.46	0.49	0.49	0	0	0.46
85600	0.46	0.49	0.49	0	0	0.46
85700	0.46	0.49	0.49	0	0	0.46
85800	0.46	0.49	0.49	0	0	0.46
85900	0.46	0.49	0.49	0	0	0.46
86000	0.46	0.49	0.49	0	0	0.46
86100	0.46	0.49	0.49	0	0	0.46
86200	0.46	0.49	0.49	0	0	0.46
86300	0.46	0.49	0.49	0	0	0.46
86400	0.46	0.49	0.49	0	0	0.46
86500	0.46	0.49	0.49	0	0	0.46
86600	0.45	0.49	0.49	0	0	0.45
86700	0.45	0.49	0.49	0	0	0.45
86800	0.45	0.49	0.49	0	0	0.45
86900	0.45	0.49	0.49	0	0	0.45
87000	0.45	0.49	0.49	0	0	0.45
87100	0.45	0.49	0.49	0	0	0.45
87200	0.45	0.49	0.49	0	0	0.45
87300	0.45	0.49	0.49	0	0	0.45
87400	0.46	0.49	0.49	0	0	0.46
87500	0.46	0.49	0.49	0	0	0.46
87600	0.46	0.49	0.49	0	0	0.46
87700	0.46	0.49	0.49	0	0	0.46
87800	0.46	0.49	0.49	0	0	0.46
87900	0.46	0.49	0.49	0	0	0.46
88000	0.46	0.49	0.49	0	0	0.46
88100	0.46	0.49	0.49	0	0	0.46
88200	0.46	0.49	0.49	0	0	0.46
88300	0.46	0.49	0.49	0	0	0.46
88400	0.46	0.49	0.49	0	0	0.46
88500	0.46	0.49	0.49	0	0	0.46
88600	0.46	0.49	0.49	0	0	0.46
88700	0.45	0.49	0.49	0	0	0.45
88800	0.45	0.49	0.49	0	0	0.45
88900	0.44	0.49	0.49	0	0	0.44
89000	0.44	0.49	0.49	0	0	0.44
89100	0.44	0.49	0.49	0	0	0.44
89200	0.44	0.49	0.49	0	0	0.44
89300	0.44	0.49	0.49	0	0	0.44
89400	0.44	0.49	0.49	0	0	0.44
89500	0.44	0.49	0.49	0	0	0.44
89600	0.44	0.49	0.49	0	0	0.44
89700	0.44	0.49	0.49	0	0	0.44
89800	0.44	0.49	0.49	0	0	0.44
89900	0.44	0.49	0.49	0	0	0.44
90000	0.44	0.49	0.49	0	0	0.44
90100	0.44	0.49	0.49	0	0	0.44
90200	0.44	0.49	0.49	0	0	0.44
90300	0.44	0.49	0.49	0	0	0.44
90400	0.44	0.49	0.49	0	0	0.44
90500	0.44	0.49	0.49	0	0	0.44
90600	0.44	0.49	0.49	0	0	0.44
90700	0.44	0.48	0.48	0	0	0.44
90800	0.44	0.48	0.48	0	0	0.44
90900	0.44	0.48	0.48	0	0	0.44
91000	0.44	0.48	0.48	0	0	0.44
91100	0.44	0.48	0.48	0	0	0.44
91200	0.44	0.48	0.48	0	0	0.44
91300	0.44	0.48	0.48	0	0	0.44
91400	0.44	0.47	0.47	0	0	0.44
91500	0.45	0.47	0.47	0	0	0.45
91600	0.45	0.47	0.47	0	0	0.45
91700	0.46	0.47	0.47	0	0	0.46
91800	0.46	0.47	0.47	0	0	0.46
91900	0.46	0.47	0.47	0	0	0.46
92000	0.46	0.47	0.47	0	0	0.46
92100	0.46	0.47	0.47	0	0	0.46
92200	0.46	0.47	0.47	0	0	0.46
92300	0.46	0.47	0.47	0	0	0.46
92400	0.46	0.47	0.47	0	0	0.46
92500	0.46	0.47	0.47	0	0	0.46
92600	0.46	0.47	0.47	0	0	0.46
92700	0.45	0.47	0.47	0	0	0.45
92800	0.45	0.47	0.47	0	0	0.45
92900	0.46	0.47	0.47	0	0	0.46
93000	0.46	0.47	0.47	0	0	0.46
93100	0.46	0.47	0.47	0	0	0.46
93200	0.46	0.47	0.47	0	0	0.46
93300	0.46	0.48	0.48	0	0	0.46
93400	0.46	0.48	0.48	0	0	0.46
93500	0.46	0.48	0.48	0	0	0.46
93600	0.46	0.48	0.48	0	0	0.46
93700	0.46	0.48	0.48	0	0	0.46
93800	0.46	0.48	0.48	0	0	0.46
93900	0.46	0.48	0.48	0	0	0.46
94000	0.46	0.48	0.48	0	0	0.46
94100	0.46	0.48	0.48	0	0	0.46
94200	0.46	0.48	0.48	0	0	0.46
94300	0.46	0.48	0.48	0	0	0.46
94400	0.46	0.48	0.48	0	0	0.46
94500	0.46	0.48	0.48	0	0	0.46
94600	0.46	0.48	0.48	0	0	0.46
94700	0.46	0.48	0.48	0	0	0.46
94800	0.46	0.48	0.48	0	0	0.46
94900	0.45	0.48	0.48	0	0	0.45
95000	0.45	0.48	0.48	0	0	0.45
95100	0.45	0.48	0.48	0	0	0.45
95200	0.45	0.48	0.48	0	0	0.45
95300	0.45	0.48	0.48	0	0	0.45
95400	0.45	0.48	0.48	0	0	0.45
95500	0.44	0.48	0.48	0	0	0.44
95600	0.44	0.48	0.48	0	0	0.44
95700	0.44	0.48	0.48	0	0	0.44
95800	0.44	0.48	0.48	0	0	0.44
95900	0.44	0.48	0.48	0	0	0.44
96000	0.44	0.48	0.48	0	0	0.44
96100	0.44	0.48	0.48	0	0	0.44
96200	0.44	0.48	0.48	0	0	0.44
96300	0.44	0.48	0.48	0	0	0.44
96400	0.44	0.48	0.48	0	0	0.44
96500	0.44	0.48	0.48	0	0	0.44
96600	0.44	0.47	0.47	0	0	0.44
96700	0.44	0.47	0.47	0	0	0.44
96800	0.44	0.47	0.47	0	0	0.44
96900	0.44	0.47	0.47	0	0	0.44
97000	0.44	0.47	0.47	0	0	0.44
97100	0.44	0.47	0.47	0	0	0.44
97200	0.44	0.49	0.49	0	0	0.44
97300	0.44	0.49	0.49	0	0	0.44
97400	0.44	0.48	0.48	0	0	0.44
97500	0.44	0.48	0.48	0	0	0.44
97600	0.44	0.48	0.48	0	0	0.44
97700	0.44	0.48	0.48	0	0	0.44
97800	0.44	0.48	0.48	0	0	0.44
97900	0.44	0.48	0.48	0	0	0.44
98000	0.44	0.48	0.48	0	0	0.44
98100	0.44	0.48	0.48	0	0	0.44
98200	0.44	0.48	0.48	0	0	0.44
98300	0.44	0.48	0.48	0	0	0.44
98400	0.44	0.48	0.48	0	0	0.44
98500	0.44	0.49	0.49	0	0	0.44
98600	0.44	0.49	0.49	0	0	0.44
98700	0.44	0.49	0.49	0	0	0.44
98800	0.44	0.49	0.49	0	0	0.44
98900	0.44	0.49	0.49	0	0	0.44
99000	0.44	0.48	0.48	0	0	0.44
99100	0.44	0.48	0.48	0	0	0.44
99200	0.44	0.48	0.48	0	0	0.44
99300	0.44	0.48	0.48	0	0	0.44
99400	0.44	0.49	0.49	0	0	0.44
99500	0.44	0.49	0.49	0	0	0.44
99600	0.44	0.49	0.49	0	0	0.44
99700	0.44	0.49	0.49	0	0	0.44
99800	0.44	0.49	0.49	0	0	0.44
99900	0.44	0.49	0.49	0	0	0.44
100000	0.44	0.49	0.49	0	0	0.44
100100	0.44	0.49	0.49	0	0	0.44
100200	0.44	0.49	0.49	0	0	0.44
100300	0.44	0.49	0.49	0	0	0.44
100400	0.45	0.49	0.49	0	0	0.45
100500	0.45	0.49	0.49	0	0	0.45
100600	0.45	0.49	0.49	0	0	0.45
100700	0.45	0.49	0.49	0	0	0.45
100800	0.45	0.49	0.49	0	0	0.45
100900	0.45	0.49	0.49	0	0	0.45
101000	0.45	0.49	0.49	0	0	0.45
101100	0.45	0.49	0.49	0	0	0.45
101200	0.45	0.49	0.49	0	0	0.45
101300	0.45	0.49	0.49	0	0	0.45
101400	0.45	0.49	0.49	0	0	0.45
101500	0.45	0.49	0.49	0	0	0.45
101600	0.45	0.49	0.49	0	0	0.45
101700	0.45	0.49	0.49	0	0	0.45
101800	0.45	0.49	0.49	0	0	0.45
101900	0.45	0.49	0.49	0	0	0.45
102000	0.45	0.48	0.48	0	0	0.45
102100	0.45	0.48	0.48	0	0	0.45
102200	0.46	0.48	0.48	0	0	0.46
102300	0.45	0.48	0.48	0	0	0.45
102400	0.45	0.48	0.48	0	0	0.45
102500	0.45	0.48	0.48	0	0	0.45
102600	0.45	0.48	0.48	0	0	0.45
102700	0.45	0.49	0.49	0	0	0.45
102800	0.45	0.48	0.48	0	0	0.45
102900	0.45	0.48	0.48	0	0	0.45
103000	0.45	0.48	0.48	0	0	0.45
103100	0.45	0.48	0.48	0	0	0.45
103200	0.45	0.48	0.48	0	0	0.45
103300	0.45	0.48	0.48	0	0	0.45
103400	0.45	0.48	0.48	0	0	0.45
103500	0.45	0.48	0.48	0	0	0.45
103600	0.45	0.48	0.48	0	0	0.45
103700	0.45	0.48	0.48	0	0	0.45
103800	0.45	0.48	0.48	0	0	0.45
103900	0.45	0.48	0.48	0	0	0.45
104000	0.45	0.48	0.48	0	0	0.45
104100	0.45	0.48	0.48	0	0	0.45
104200	0.45	0.48	0.48	0	0	0.45
104300	0.45	0.48	0.48	0	0	0.45
104400	0.45	0.48	0.48	0	0	0.45
104500	0.45	0.48	0.48	0	0	0.45
104600	0.45	0.48	0.48	0	0	0.45
104700	0.45	0.48	0.48	0	0	0.45
104800	0.45	0.48	0.48	0	0	0.45
104900	0.45	0.48	0.48	0	0	0.45
105000	0.45	0.48	0.48	0	0	0.45
105100	0.45	0.48	0.48	0	0	0.45
105200	0.46	0.48	0.48	0	0	0.46
105300	0.45	0.48	0.48	0	0	0.45
105400	0.45	0.48	0.48	0	0	0.45
105500	0.45	0.48	0.48	0	0	0.45
105600	0.45	0.48	0.48	0	0	0.45
105700	0.45	0.48	0.48	0	0	0.45
105800	0.45	0.48	0.48	0	0	0.45
105900	0.45	0.48	0.48	0	0	0.45
106000	0.45	0.48	0.48	0	0	0.45
106100	0.45	0.48	0.48	0	0	0.45
106200	0.45	0.48	0.48	0	0	0.45
106300	0.45	0.48	0.48	0	0	0.45
106400	0.45	0.48	0.48	0	0	0.45
106500	0.45	0.48	0.48	0	0	0.45
106600	0.45	0.48	0.48	0	0	0.45
106700	0.45	0.48	0.48	0	0	0.45
106800	0.45	0.48	0.48	0	0	0.45
106900	0.45	0.48	0.48	0	0	0.45
107000	0.45	0.48	0.48	0	0	0.45
107100	0.45	0.48	0.48	0	0	0.45
107200	0.45	0.48	0.48	0	0	0.45
107300	0.45	0.48	0.48	0	0	0.45
107400	0.45	0.48	0.48	0	0	0.45
107500	0.45	0.48	0.48	0	0	0.45
107600	0.45	0.48	0.48	0	0	0.45
107700	0.45	0.48	0.48	0	0	0.45
107800	0.45	0.48	0.48	0	0	0.45
107900	0.45	0.48	0.48	0	0	0.45
108000	0.45	0.48	0.48	0	0	0.45
108100	0.45	0.48	0.48	0	0	0.45
108200	0.45	0.48	0.48	0	0	0.45
108300	0.45	0.48	0.48	0	0	0.45
108400	0.45	0.48	0.48	0	0	0.45
108500	0.45	0.48	0.48	0	0	0.45
108600	0.45	0.48	0.48	0	0	0.45
108700	0.45	0.49	0.49	0	0	0.45
108800	0.45	0.49	0.49	0	0	0.45
108900	0.45	0.49	0.49	0	0	0.45
109000	0.45	0.49	0.49	0	0	0.45
109100	0.45	0.49	0.49	0	0	0.45
109200	0.45	0.49	0.49	0	0	0.45
109300	0.45	0.49	0.49	0	0	0.45
109400	0.45	0.5	0.5	0	0	0.45
109500	0.45	0.5	0.5	0	0	0.45
109600	0.45	0.5	0.5	0	0	0.45
109700	0.45	0.5	0.5	0	0	0.45
109800	0.45	0.5	0.5	0	0	0.45
109900	0.44	0.5	0.5	0	0	0.44
110000	0.45	0.5	0.5	0	0	0.45
110100	0.45	0.5	0.5	0	0	0.45
110200	0.45	0.5	0.5	0	0	0.45
110300	0.45	0.5	0.5	0	0	0.45
110400	0.45	0.5	0.5	0	0	0.45
110500	0.45	0.5	0.5	0	0	0.45
110600	0.45	0.5	0.5	0	0	0.45
110700	0.45	0.51	0.51	0	0	0.45
110800	0.45	0.51	0.51	0	0	0.45
110900	0.45	0.51	0.51	0	0	0.45
111000	0.45	0.51	0.51	0	0	0.45
111100	0.45	0.52	0.52	0	0	0.45
111200	0.45	0.52	0.52	0	0	0.45
111300	0.45	0.52	0.52	0	0	0.45
111400	0.45	0.52	0.52	0	0	0.45
111500	0.45	0.52	0.52	0	0	0.45
111600	0.45	0.51	0.51	0	0	0.45
111700	0.45	0.51	0.51	0	0	0.45
111800	0.45	0.51	0.51	0	0	0.45
111900	0.45	0.51	0.51	0	0	0.45
112000	0.45	0.51	0.51	0	0	0.45
112100	0.45	0.51	0.51	0	0	0.45
112200	0.45	0.51	0.51	0	0	0.45
112300	0.45	0.51	0.51	0	0	0.45
112400	0.45	0.51	0.51	0	0	0.45
112500	0.45	0.51	0.51	0	0	0.45
112600	0.45	0.51	0.51	0	0	0.45
112700	0.45	0.51	0.51	0	0	0.45
112800	0.45	0.52	0.52	0	0	0.45
112900	0.45	0.52	0.52	0	0	0.45
113000	0.45	0.51	0.51	0	0	0.45
113100	0.45	0.51	0.51	0	0	0.45
113200	0.45	0.52	0.52	0	0	0.45
113300	0.45	0.52	0.52	0	0	0.45
113400	0.45	0.52	0.52	0	0	0.45
113500	0.45	0.52	0.52	0	0	0.45
113600	0.45	0.52	0.52	0	0	0.45
113700	0.45	0.52	0.52	0	0	0.45
113800	0.45	0.52	0.52	0	0	0.45
113900	0.45	0.52	0.52	0	0	0.45
114000	0.45	0.52	0.52	0	0	0.45
114100	0.45	0.52	0.52	0	0	0.45
114200	0.45	0.51	0.51	0	0	0.45
114300	0.45	0.51	0.51	0	0	0.45
114400	0.45	0.51	0.51	0	0	0.45
114500	0.45	0.51	0.51	0	0	0.45
114600	0.45	0.51	0.51	0	0	0.45
114700	0.45	0.51	0.51	0	0	0.45
114800	0.45	0.51	0.51	0	0	0.45
114900	0.45	0.52	0.52	0	0	0.45
115000	0.45	0.52	0.52	0	0	0.45
115100	0.45	0.52	0.52	0	0	0.45
115200	0.45	0.52	0.52	0	0	0.45
115300	0.45	0.52	0.52	0	0	0.45
115400	0.45	0.52	0.52	0	0	0.45
115500	0.45	0.52	0.52	0	0	0.45
115600	0.45	0.52	0.52	0	0	0.45
115700	0.45	0.52	0.52	0	0	0.45
115800	0.45	0.52	0.52	0	0	0.45
115900	0.45	0.52	0.52	0	0	0.45
116000	0.45	0.52	0.52	0	0	0.45
116100	0.45	0.52	0.52	0	0	0.45
116200	0.45	0.52	0.52	0	0	0.45
116300	0.45	0.52	0.52	0	0	0.45
116400	0.45	0.52	0.52	0	0	0.45
116500	0.45	0.51	0.51	0	0	0.45
116600	0.45	0.51	0.51	0	0	0.45
116700	0.45	0.5	0.5	0	0	0.45
116800	0.45	0.5	0.5	0	0	0.45
116900	0.45	0.5	0.5	0	0	0.45
117000	0.45	0.5	0.5	0	0	0.45
117100	0.45	0.5	0.5	0	0	0.45
117200	0.45	0.5	0.5	0	0	0.45
117300	0.45	0.5	0.5	0	0	0.45
117400	0.45	0.49	0.49	0	0	0.45
117500	0.45	0.49	0.49	0	0	0.45
117600	0.46	0.49	0.49	0	0	0.46
117700	0.46	0.49	0.49	0	0	0.46
117800	0.46	0.49	0.49	0	0	0.46
117900	0.46	0.49	0.49	0	0	0.46
118000	0.46	0.49	0.49	0	0	0.46
118100	0.46	0.49	0.49	0	0	0.46
118200	0.46	0.49	0.49	0	0	0.46
118300	0.46	0.49	0.49	0	0	0.46
118400	0.46	0.49	0.49	0	0	0.46
118500	0.46	0.49	0.49	0	0	0.46
118600	0.46	0.49	0.49	0	0	0.46
118700	0.47	0.49	0.49	0	0	0.47
118800	0.47	0.49	0.49	0	0	0.47
118900	0.47	0.49	0.49	0	0	0.47
119000	0.47	0.49	0.49	0	0	0.47
119100	0.47	0.49	0.49	0	0	0.47
119200	0.47	0.49	0.49	0	0	0.47
119300	0.47	0.49	0.49	0	0	0.47
119400	0.47	0.49	0.49	0	0	0.47
119500	0.47	0.49	0.49	0	0	0.47
119600	0.47	0.49	0.49	0	0	0.47
119700	0.46	0.49	0.49	0	0	0.46
119800	0.46	0.49	0.49	0	0	0.46
119900	0.46	0.49	0.49	0	0	0.46
120000	0.46	0.49	0.49	0	0	0.46
120100	0.46	0.49	0.49	0	0	0.46
120200	0.46	0.49	0.49	0	0	0.46
120300	0.46	0.48	0.48	0	0	0.46
120400	0.46	0.48	0.48	0	0	0.46
120500	0.46	0.48	0.48	0	0	0.46
120600	0.45	0.48	0.48	0	0	0.45
120700	0.45	0.48	0.48	0	0	0.45
120800	0.45	0.48	0.48	0	0	0.45
120900	0.45	0.48	0.48	0	0	0.45
121000	0.45	0.47	0.47	0	0	0.45
121100	0.45	0.47	0.47	0	0	0.45
121200	0.45	0.47	0.47	0	0	0.45
121300	0.45	0.47	0.47	0	0	0.45
121400	0.45	0.47	0.47	0	0	0.45
121500	0.45	0.47	0.47	0	0	0.45
121600	0.44	0.47	0.47	0	0	0.44
121700	0.44	0.47	0.47	0	0	0.44
121800	0.44	0.47	0.47	0	0	0.44
121900	0.44	0.47	0.47	0	0	0.44
122000	0.44	0.47	0.47	0	0	0.44
122100	0.44	0.47	0.47	0	0	0.44
122200	0.44	0.47	0.47	0	0	0.44
122300	0.44	0.47	0.47	0	0	0.44
122400	0.44	0.47	0.47	0	0	0.44
122500	0.44	0.47	0.47	0	0	0.44
122600	0.44	0.47	0.47	0	0	0.44
122700	0.45	0.47	0.47	0	0	0.45
122800	0.44	0.47	0.47	0	0	0.44
122900	0.44	0.47	0.47	0	0	0.44
123000	0.44	0.47	0.47	0	0	0.44
123100	0.44	0.47	0.47	0	0	0.44
123200	0.45	0.47	0.47	0	0	0.45
123300	0.45	0.47	0.47	0	0	0.45
123400	0.45	0.47	0.47	0	0	0.45
123500	0.45	0.47	0.47	0	0	0.45
123600	0.45	0.48	0.48	0	0	0.45
123700	0.45	0.48	0.48	0	0	0.45
123800	0.45	0.48	0.48	0	0	0.45
123900	0.45	0.48	0.48	0	0	0.45
124000	0.45	0.48	0.48	0	0	0.45
124100	0.45	0.49	0.49	0	0	0.45
124200	0.45	0.49	0.49	0	0	0.45
124300	0.45	0.49	0.49	0	0	0.45
124400	0.45	0.49	0.49	0	0	0.45
124500	0.45	0.49	0.49	0	0	0.45
124600	0.45	0.5	0.5	0	0	0.45
124700	0.45	0.5	0.5	0	0	0.45
124800	0.45	0.5	0.5	0	0	0.45
124900	0.45	0.5	0.5	0	0	0.45
125000	0.45	0.5	0.5	0	0	0.45
125100	0.45	0.5	0.5	0	0	0.45
125200	0.45	0.5	0.5	0	0	0.45
125300	0.45	0.5	0.5	0	0	0.45
125400	0.45	0.5	0.5	0	0	0.45
125500	0.45	0.5	0.5	0	0	0.45
125600	0.45	0.5	0.5	0	0	0.45
125700	0.45	0.5	0.5	0	0	0.45
125800	0.45	0.5	0.5	0	0	0.45
125900	0.45	0.5	0.5	0	0	0.45
126000	0.45	0.51	0.51	0	0	0.45
126100	0.45	0.51	0.51	0	0	0.45
126200	0.45	0.51	0.51	0	0	0.45
126300	0.45	0.51	0.51	0	0	0.45
126400	0.45	0.51	0.51	0	0	0.45
126500	0.45	0.51	0.51	0	0	0.45
126600	0.45	0.51	0.51	0	0	0.45
126700	0.45	0.5	0.5	0	0	0.45
126800	0.45	0.5	0.5	0	0	0.45
126900	0.45	0.5	0.5	0	0	0.45
127000	0.45	0.5	0.5	0	0	0.45
127100	0.45	0.5	0.5	0	0	0.45
127200	0.45	0.5	0.5	0	0	0.45
127300	0.45	0.5	0.5	0	0	0.45
127400	0.45	0.5	0.5	0	0	0.45
127500	0.45	0.5	0.5	0	0	0.45
127600	0.45	0.5	0.5	0	0	0.45
127700	0.45	0.5	0.5	0	0	0.45
127800	0.45	0.5	0.5	0	0	0.45
127900	0.45	0.5	0.5	0	0	0.45
128000	0.45	0.5	0.5	0	0	0.45
128100	0.46	0.5	0.5	0	0	0.46
128200	0.46	0.5	0.5	0	0	0.46
128300	0.46	0.5	0.5	0	0	0.46
128400	0.46	0.5	0.5	0	0	0.46
128500	0.46	0.5	0.5	0	0	0.46
128600	0.46	0.5	0.5	0	0	0.46
128700	0.46	0.49	0.49	0	0	0.46
128800	0.46	0.5	0.5	0	0	0.46
128900	0.46	0.5	0.5	0	0	0.46
129000	0.46	0.5	0.5	0	0	0.46
129100	0.46	0.5	0.5	0	0	0.46
129200	0.46	0.5	0.5	0	0	0.46
129300	0.46	0.5	0.5	0	0	0.46
129400	0.46	0.5	0.5	0	0	0.46
129500	0.46	0.5	0.5	0	0	0.46
129600	0.46	0.5	0.5	0	0	0.46
129700	0.46	0.5	0.5	0	0	0.46
129800	0.46	0.5	0.5	0	0	0.46
129900	0.46	0.5	0.5	0	0	0.46
130000	0.46	0.49	0.49	0	0	0.46
130100	0.46	0.49	0.49	0	0	0.46
130200	0.46	0.49	0.49	0	0	0.46
130300	0.46	0.49	0.49	0	0	0.46
130400	0.46	0.49	0.49	0	0	0.46
130500	0.46	0.49	0.49	0	0	0.46
130600	0.46	0.49	0.49	0	0	0.46
130700	0.46	0.49	0.49	0	0	0.46
130800	0.46	0.49	0.49	0	0	0.46
130900	0.46	0.49	0.49	0	0	0.46
131000	0.46	0.49	0.49	0	0	0.46
131100	0.46	0.49	0.49	0	0	0.46
131200	0.46	0.49	0.49	0	0	0.46
131300	0.46	0.49	0.49	0	0	0.46
131400	0.46	0.49	0.49	0	0	0.46
131500	0.46	0.49	0.49	0	0	0.46
131600	0.46	0.49	0.49	0	0	0.46
131700	0.46	0.49	0.49	0	0	0.46
131800	0.46	0.49	0.49	0	0	0.46
131900	0.46	0.49	0.49	0	0	0.46
132000	0.46	0.49	0.49	0	0	0.46
132100	0.46	0.49	0.49	0	0	0.46
132200	0.46	0.49	0.49	0	0	0.46
132300	0.46	0.49	0.49	0	0	0.46
132400	0.46	0.49	0.49	0	0	0.46
132500	0.46	0.49	0.49	0	0	0.46
132600	0.46	0.48	0.48	0	0	0.46
132700	0.46	0.48	0.48	0	0	0.46
132800	0.46	0.48	0.48	0	0	0.46
132900	0.46	0.48	0.48	0	0	0.46
133000	0.46	0.48	0.48	0	0	0.46
133100	0.46	0.48	0.48	0	0	0.46
133200	0.46	0.48	0.48	0	0	0.46
133300	0.46	0.48	0.48	0	0	0.46
133400	0.46	0.48	0.48	0	0	0.46
133500	0.46	0.48	0.48	0	0	0.46
133600	0.46	0.48	0.48	0	0	0.46
133700	0.46	0.48	0.48	0	0	0.46
133800	0.46	0.48	0.48	0	0	0.46
133900	0.46	0.48	0.48	0	0	0.46
134000	0.46	0.48	0.48	0	0	0.46
134100	0.46	0.48	0.48	0	0	0.46
134200	0.46	0.48	0.48	0	0	0.46
134300	0.46	0.48	0.48	0	0	0.46
134400	0.46	0.48	0.48	0	0	0.46
134500	0.46	0.48	0.48	0	0	0.46
134600	0.46	0.48	0.48	0	0	0.46
134700	0.46	0.48	0.48	0	0	0.46
134800	0.46	0.48	0.48	0	0	0.46
134900	0.46	0.48	0.48	0	0	0.46
135000	0.46	0.48	0.48	0	0	0.46
135100	0.46	0.48	0.48	0	0	0.46
135200	0.46	0.48	0.48	0	0	0.46
135300	0.46	0.48	0.48	0	0	0.46
135400	0.46	0.48	0.48	0	0	0.46
135500	0.46	0.48	0.48	0	0	0.46
135600	0.46	0.48	0.48	0	0	0.46
135700	0.46	0.48	0.48	0	0	0.46
135800	0.46	0.48	0.48	0	0	0.46
135900	0.47	0.48	0.48	0	0	0.47
136000	0.47	0.48	0.48	0	0	0.47
136100	0.47	0.48	0.48	0	0	0.47
136200	0.47	0.48	0.48	0	0	0.47
136300	0.47	0.48	0.48	0	0	0.47
136400	0.47	0.48	0.48	0	0	0.47
136500	0.47	0.48	0.48	0	0	0.47
136600	0.47	0.48	0.48	0	0	0.47
136700	0.47	0.48	0.48	0	0	0.47
136800	0.47	0.48	0.48	0	0	0.47
136900	0.47	0.48	0.48	0	0	0.47
137000	0.47	0.48	0.48	0	0	0.47
137100	0.47	0.48	0.48	0	0	0.47
137200	0.47	0.48	0.48	0	0	0.47
137300	0.47	0.48	0.48	0	0	0.47
137400	0.47	0.48	0.48	0	0	0.47
137500	0.47	0.48	0.48	0	0	0.47
137600	0.47	0.48	0.48	0	0	0.47
137700	0.47	0.48	0.48	0	0	0.47
137800	0.47	0.48	0.48	0	0	0.47
137900	0.47	0.48	0.48	0	0	0.47
138000	0.47	0.48	0.48	0	0	0.47
138100	0.47	0.48	0.48	0	0	0.47
138200	0.47	0.48	0.48	0	0	0.47
138300	0.47	0.48	0.48	0	0	0.47
138400	0.46	0.48	0.48	0	0	0.46
138500	0.46	0.47	0.47	0	0	0.46
138600	0.46	0.47	0.47	0	0	0.46
138700	0.46	0.47	0.47	0	0	0.46
138800	0.46	0.47	0.47	0	0	0.46
138900	0.46	0.47	0.47	0	0	0.46
139000	0.46	0.47	0.47	0	0	0.46
139100	0.46	0.47	0.47	0	0	0.46
139200	0.46	0.47	0.47	0	0	0.46
139300	0.46	0.47	0.47	0	0	0.46
139400	0.46	0.47	0.47	0	0	0.46
139500	0.46	0.47	0.47	0	0	0.46
139600	0.46	0.47	0.47	0	0	0.46
139700	0.46	0.47	0.47	0	0	0.46
139800	0.46	0.47	0.47	0	0	0.46
139900	0.46	0.47	0.47	0	0	0.46
140000	0.46	0.47	0.47	0	0	0.46
140100	0.46	0.47	0.47	0	0	0.46
140200	0.46	0.47	0.47	0	0	0.46
140300	0.46	0.48	0.48	0	0	0.46
140400	0.46	0.48	0.48	0	0	0.46
140500	0.46	0.48	0.48	0	0	0.46
140600	0.46	0.48	0.48	0	0	0.46
140700	0.46	0.48	0.48	0	0	0.46
140800	0.46	0.48	0.48	0	0	0.46
140900	0.46	0.48	0.48	0	0	0.46
141000	0.46	0.48	0.48	0	0	0.46
141100	0.46	0.48	0.48	0	0	0.46
141200	0.46	0.48	0.48	0	0	0.46
141300	0.46	0.48	0.48	0	0	0.46
141400	0.46	0.48	0.48	0	0	0.46
141500	0.46	0.48	0.48	0	0	0.46
141600	0.46	0.48	0.48	0	0	0.46
141700	0.46	0.48	0.48	0	0	0.46
141800	0.46	0.47	0.47	0	0	0.46
141900	0.45	0.47	0.47	0	0	0.45
142000	0.45	0.47	0.47	0	0	0.45
142100	0.45	0.47	0.47	0	0	0.45
142200	0.45	0.47	0.47	0	0	0.45
142300	0.45	0.47	0.47	0	0	0.45
142400	0.45	0.47	0.47	0	0	0.45
142500	0.45	0.47	0.47	0	0	0.45
142600	0.45	0.47	0.47	0	0	0.45
142700	0.45	0.47	0.47	0	0	0.45
142800	0.45	0.47	0.47	0	0	0.45
142900	0.45	0.47	0.47	0	0	0.45
143000	0.45	0.47	0.47	0	0	0.45
143100	0.45	0.47	0.47	0	0	0.45
143200	0.45	0.47	0.47	0	0	0.45
143300	0.45	0.47	0.47	0	0	0.45
143400	0.45	0.47	0.47	0	0	0.45
143500	0.45	0.47	0.47	0	0	0.45
143600	0.45	0.47	0.47	0	0	0.45
143700	0.45	0.47	0.47	0	0	0.45
143800	0.45	0.47	0.47	0	0	0.45
143900	0.45	0.47	0.47	0	0	0.45
144000	0.45	0.47	0.47	0	0	0.45
144100	0.45	0.47	0.47	0	0	0.45
144200	0.45	0.47	0.47	0	0	0.45
144300	0.45	0.47	0.47	0	0	0.45
144400	0.45	0.47	0.47	0	0	0.45
144500	0.46	0.47	0.47	0	0	0.46
144600	0.46	0.47	0.47	0	0	0.46
144700	0.46	0.47	0.47	0	0	0.46
144800	0.46	0.47	0.47	0	0	0.46
144900	0.46	0.47	0.47	0	0	0.46
145000	0.46	0.47	0.47	0	0	0.46
145100	0.46	0.47	0.47	0	0	0.46
145200	0.46	0.47	0.47	0	0	0.46
145300	0.46	0.47	0.47	0	0	0.46
145400	0.46	0.47	0.47	0	0	0.46
145500	0.46	0.47	0.47	0	0	0.46
145600	0.46	0.47	0.47	0	0	0.46
145700	0.46	0.47	0.47	0	0	0.46
145800	0.46	0.47	0.47	0	0	0.46
145900	0.46	0.47	0.47	0	0	0.46
146000	0.46	0.47	0.47	0	0	0.46
146100	0.46	0.47	0.47	0	0	0.46
146200	0.46	0.47	0.47	0	0	0.46
146300	0.46	0.47	0.47	0	0	0.46
146400	0.46	0.47	0.47	0	0	0.46
146500	0.46	0.47	0.47	0	0	0.46
146600	0.46	0.47	0.47	0	0	0.46
146700	0.46	0.48	0.48	0	0	0.46
146800	0.48	0.48	0.48	0	0	0.48
146900	0.48	0.48	0.48	0	0	0.48
147000	0.48	0.48	0.48	0	0	0.48
147100	0.48	0.48	0.48	0	0	0.48
147200	0.47	0.48	0.48	0	0	0.47
147300	0.47	0.48	0.48	0	0	0.47
147400	0.47	0.48	0.48	0	0	0.47
147500	0.47	0.47	0.47	0	0	0.47
147600	0.47	0.47	0.47	0	0	0.47
147700	0.47	0.47	0.47	0	0	0.47
147800	0.47	0.47	0.47	0	0	0.47
147900	0.47	0.47	0.47	0	0	0.47
148000	0.47	0.47	0.47	0	0	0.47
148100	0.47	0.47	0.47	0	0	0.47
148200	0.47	0.47	0.47	0	0	0.47
148300	0.47	0.47	0.47	0	0	0.47
148400	0.47	0.47	0.47	0	0	0.47
148500	0.47	0.47	0.47	0	0	0.47
148600	0.47	0.47	0.47	0	0	0.47
148700	0.47	0.47	0.47	0	0	0.47
148800	0.47	0.47	0.47	0	0	0.47
148900	0.47	0.47	0.47	0	0	0.47
149000	0.47	0.47	0.47	0	0	0.47
149100	0.47	0.47	0.47	0	0	0.47
149200	0.47	0.47	0.47	0	0	0.47
149300	0.47	0.47	0.47	0	0	0.47
149400	0.47	0.48	0.48	0	0	0.47
149500	0.47	0.47	0.47	0	0	0.47
149600	0.47	0.47	0.47	0	0	0.47
149700	0.47	0.47	0.47	0	0	0.47
149800	0.47	0.47	0.47	0	0	0.47
149900	0.47	0.47	0.47	0	0	0.47
150000	0.47	0.47	0.47	0	0	0.47
150100	0.47	0.47	0.47	0	0	0.47
150200	0.47	0.47	0.47	0	0	0.47
150300	0.47	0.47	0.47	0	0	0.47
150400	0.47	0.47	0.47	0	0	0.47
150500	0.47	0.47	0.47	0	0	0.47
150600	0.47	0.47	0.47	0	0	0.47
150700	0.47	0.47	0.47	0	0	0.47
150800	0.47	0.47	0.47	0	0	0.47
150900	0.47	0.47	0.47	0	0	0.47
151000	0.47	0.47	0.47	0	0	0.47
151100	0.47	0.47	0.47	0	0	0.47
151200	0.47	0.47	0.47	0	0	0.47
151300	0.47	0.47	0.47	0	0	0.47
151400	0.47	0.47	0.47	0	0	0.47
151500	0.47	0.47	0.47	0	0	0.47
151600	0.47	0.46	0.46	0	0	0.47
151700	0.47	0.46	0.46	0	0	0.47
151800	0.47	0.46	0.46	0	0	0.47
151900	0.47	0.46	0.46	0	0	0.47
152000	0.47	0.46	0.46	0	0	0.47
152100	0.47	0.46	0.46	0	0	0.47
152200	0.47	0.46	0.46	0	0	0.47
152300	0.47	0.46	0.46	0	0	0.47
152400	0.48	0.46	0.46	0	0	0.48
152500	0.47	0.47	0.47	0	0	0.47
152600	0.47	0.47	0.47	0	0	0.47
152700	0.47	0.47	0.47	0	0	0.47
152800	0.47	0.47	0.47	0	0	0.47
152900	0.47	0.47	0.47	0	0	0.47
153000	0.47	0.47	0.47	0	0	0.47
153100	0.47	0.47	0.47	0	0	0.47
153200	0.47	0.47	0.47	0	0	0.47
153300	0.47	0.47	0.47	0	0	0.47
153400	0.47	0.47	0.47	0	0	0.47
153500	0.46	0.47	0.47	0	0	0.46
153600	0.46	0.47	0.47	0	0	0.46
153700	0.46	0.47	0.47	0	0	0.46
153800	0.46	0.47	0.47	0	0	0.46
153900	0.46	0.47	0.47	0	0	0.46
154000	0.46	0.47	0.47	0	0	0.46
154100	0.46	0.47	0.47	0	0	0.46
154200	0.46	0.47	0.47	0	0	0.46
154300	0.46	0.48	0.48	0	0	0.46
154400	0.46	0.47	0.47	0	0	0.46
154500	0.46	0.47	0.47	0	0	0.46
154600	0.46	0.47	0.47	0	0	0.46
154700	0.46	0.47	0.47	0	0	0.46
154800	0.46	0.47	0.47	0	0	0.46
154900	0.46	0.47	0.47	0	0	0.46
155000	0.46	0.47	0.47	0	0	0.46
155100	0.46	0.47	0.47	0	0	0.46
155200	0.46	0.47	0.47	0	0	0.46
155300	0.46	0.47	0.47	0	0	0.46
155400	0.46	0.47	0.47	0	0	0.46
155500	0.46	0.47	0.47	0	0	0.46
155600	0.46	0.47	0.47	0	0	0.46
155700	0.46	0.47	0.47	0	0	0.46
155800	0.46	0.47	0.47	0	0	0.46
155900	0.46	0.47	0.47	0	0	0.46
156000	0.46	0.47	0.47	0	0	0.46
156100	0.46	0.47	0.47	0	0	0.46
156200	0.46	0.47	0.47	0	0	0.46
156300	0.46	0.47	0.47	0	0	0.46
156400	0.46	0.47	0.47	0	0	0.46
156500	0.46	0.47	0.47	0	0	0.46
156600	0.46	0.48	0.48	0	0	0.46
156700	0.46	0.48	0.48	0	0	0.46
156800	0.46	0.48	0.48	0	0	0.46
156900	0.46	0.48	0.48	0	0	0.46
157000	0.46	0.48	0.48	0	0	0.46
157100	0.46	0.48	0.48	0	0	0.46
157200	0.46	0.48	0.48	0	0	0.46
157300	0.46	0.48	0.48	0	0	0.46
157400	0.47	0.48	0.48	0	0	0.47
157500	0.46	0.48	0.48	0	0	0.46
157600	0.46	0.48	0.48	0	0	0.46
157700	0.46	0.48	0.48	0	0	0.46
157800	0.46	0.48	0.48	0	0	0.46
157900	0.46	0.48	0.48	0	0	0.46
158000	0.46	0.48	0.48	0	0	0.46
158100	0.46	0.48	0.48	0	0	0.46
158200	0.46	0.48	0.48	0	0	0.46
158300	0.46	0.48	0.48	0	0	0.46
158400	0.46	0.48	0.48	0	0	0.46
158500	0.46	0.48	0.48	0	0	0.46
158600	0.46	0.49	0.49	0	0	0.46
158700	0.46	0.49	0.49	0	0	0.46
158800	0.46	0.49	0.49	0	0	0.46
158900	0.46	0.49	0.49	0	0	0.46
159000	0.46	0.49	0.49	0	0	0.46
159100	0.46	0.49	0.49	0	0	0.46
159200	0.46	0.49	0.49	0	0	0.46
159300	0.46	0.49	0.49	0	0	0.46
159400	0.46	0.49	0.49	0	0	0.46
159500	0.46	0.49	0.49	0	0	0.46
159600	0.46	0.49	0.49	0	0	0.46
159700	0.46	0.49	0.49	0	0	0.46
159800	0.46	0.49	0.49	0	0	0.46
159900	0.46	0.49	0.49	0	0	0.46
160000	0.46	0.49	0.49	0	0	0.46
160100	0.46	0.49	0.49	0	0	0.46
160200	0.46	0.49	0.49	0	0	0.46
160300	0.46	0.49	0.49	0	0	0.46
160400	0.46	0.49	0.49	0	0	0.46
160500	0.46	0.49	0.49	0	0	0.46
160600	0.46	0.49	0.49	0	0	0.46
160700	0.46	0.49	0.49	0	0	0.46
160800	0.46	0.49	0.49	0	0	0.46
160900	0.46	0.49	0.49	0	0	0.46
161000	0.46	0.49	0.49	0	0	0.46
161100	0.46	0.49	0.49	0	0	0.46
161200	0.46	0.49	0.49	0	0	0.46
161300	0.46	0.49	0.49	0	0	0.46
161400	0.46	0.49	0.49	0	0	0.46
161500	0.46	0.49	0.49	0	0	0.46
161600	0.46	0.49	0.49	0	0	0.46
161700	0.46	0.49	0.49	0	0	0.46
161800	0.46	0.49	0.49	0	0	0.46
161900	0.46	0.49	0.49	0	0	0.46
162000	0.46	0.49	0.49	0	0	0.46
162100	0.46	0.49	0.49	0	0	0.46
162200	0.46	0.49	0.49	0	0	0.46
162300	0.46	0.49	0.49	0	0	0.46
162400	0.46	0.49	0.49	0	0	0.46
162500	0.46	0.49	0.49	0	0	0.46
162600	0.46	0.49	0.49	0	0	0.46
162700	0.46	0.49	0.49	0	0	0.46
162800	0.46	0.49	0.49	0	0	0.46
162900	0.46	0.49	0.49	0	0	0.46
163000	0.46	0.49	0.49	0	0	0.46
163100	0.46	0.49	0.49	0	0	0.46
163200	0.46	0.49	0.49	0	0	0.46
163300	0.46	0.49	0.49	0	0	0.46
163400	0.46	0.49	0.49	0	0	0.46
163500	0.46	0.49	0.49	0	0	0.46
163600	0.46	0.49	0.49	0	0	0.46
163700	0.46	0.49	0.49	0	0	0.46
163800	0.46	0.49	0.49	0	0	0.46
163900	0.46	0.49	0.49	0	0	0.46
164000	0.46	0.49	0.49	0	0	0.46
164100	0.46	0.49	0.49	0	0	0.46
164200	0.46	0.49	0.49	0	0	0.46
164300	0.46	0.49	0.49	0	0	0.46
164400	0.46	0.49	0.49	0	0	0.46
164500	0.46	0.49	0.49	0	0	0.46
164600	0.46	0.49	0.49	0	0	0.46
164700	0.46	0.49	0.49	0	0	0.46
164800	0.46	0.49	0.49	0	0	0.46
164900	0.46	0.49	0.49	0	0	0.46
165000	0.46	0.49	0.49	0	0	0.46
165100	0.46	0.49	0.49	0	0	0.46
165200	0.46	0.49	0.49	0	0	0.46
165300	0.46	0.49	0.49	0	0	0.46
165400	0.46	0.49	0.49	0	0	0.46
165500	0.46	0.49	0.49	0	0	0.46
165600	0.46	0.49	0.49	0	0	0.46
165700	0.46	0.49	0.49	0	0	0.46
165800	0.46	0.49	0.49	0	0	0.46
165900	0.46	0.49	0.49	0	0	0.46
166000	0.46	0.49	0.49	0	0	0.46
166100	0.46	0.49	0.49	0	0	0.46
166200	0.46	0.49	0.49	0	0	0.46
166300	0.46	0.49	0.49	0	0	0.46
166400	0.46	0.49	0.49	0	0	0.46
166500	0.46	0.49	0.49	0	0	0.46
166600	0.46	0.49	0.49	0	0	0.46
166700	0.46	0.49	0.49	0	0	0.46
166800	0.46	0.49	0.49	0	0	0.46
166900	0.46	0.49	0.49	0	0	0.46
167000	0.46	0.49	0.49	0	0	0.46
167100	0.46	0.49	0.49	0	0	0.46
167200	0.46	0.49	0.49	0	0	0.46
167300	0.46	0.49	0.49	0	0	0.46
167400	0.46	0.49	0.49	0	0	0.46
167500	0.47	0.49	0.49	0	0	0.47
167600	0.47	0.49	0.49	0	0	0.47
167700	0.47	0.49	0.49	0	0	0.47
167800	0.47	0.49	0.49	0	0	0.47
167900	0.47	0.49	0.49	0	0	0.47
168000	0.47	0.49	0.49	0	0	0.47
168100	0.47	0.49	0.49	0	0	0.47
168200	0.47	0.49	0.49	0	0	0.47
168300	0.47	0.49	0.49	0	0	0.47
168400	0.47	0.49	0.49	0	0	0.47
168500	0.47	0.49	0.49	0	0	0.47
168600	0.47	0.49	0.49	0	0	0.47
168700	0.47	0.49	0.49	0	0	0.47
168800	0.47	0.49	0.49	0	0	0.47
168900	0.47	0.49	0.49	0	0	0.47
169000	0.47	0.49	0.49	0	0	0.47
169100	0.47	0.49	0.49	0	0	0.47
169200	0.47	0.49	0.49	0	0	0.47
169300	0.47	0.49	0.49	0	0	0.47
169400	0.48	0.49	0.49	0	0	0.48
169500	0.47	0.49	0.49	0	0	0.47
169600	0.47	0.49	0.49	0	0	0.47
169700	0.47	0.49	0.49	0	0	0.47
169800	0.47	0.49	0.49	0	0	0.47
169900	0.47	0.49	0.49	0	0	0.47
170000	0.47	0.49	0.49	0	0	0.47
170100	0.47	0.49	0.49	0	0	0.47
170200	0.47	0.49	0.49	0	0	0.47
170300	0.47	0.49	0.49	0	0	0.47
170400	0.47	0.49	0.49	0	0	0.47
170500	0.47	0.49	0.49	0	0	0.47
170600	0.47	0.49	0.49	0	0	0.47
170700	0.47	0.49	0.49	0	0	0.47
170800	0.47	0.49	0.49	0	0	0.47
170900	0.47	0.49	0.49	0	0	0.47
171000	0.47	0.49	0.49	0	0	0.47
171100	0.47	0.49	0.49	0	0	0.47
171200	0.47	0.49	0.49	0	0	0.47
171300	0.47	0.49	0.49	0	0	0.47
171400	0.47	0.49	0.49	0	0	0.47
171500	0.47	0.49	0.49	0	0	0.47
171600	0.47	0.49	0.49	0	0	0.47
171700	0.47	0.49	0.49	0	0	0.47
171800	0.47	0.49	0.49	0	0	0.47
171900	0.47	0.49	0.49	0	0	0.47
172000	0.47	0.49	0.49	0	0	0.47
172100	0.47	0.49	0.49	0	0	0.47
172200	0.47	0.49	0.49	0	0	0.47
172300	0.47	0.49	0.49	0	0	0.47
172400	0.47	0.49	0.49	0	0	0.47
172500	0.47	0.49	0.49	0	0	0.47
172600	0.47	0.49	0.49	0	0	0.47
172700	0.47	0.49	0.49	0	0	0.47
172800	0.47	0.49	0.49	0	0	0.47
172900	0.47	0.49	0.49	0	0	0.47
173000	0.47	0.49	0.49	0	0	0.47
173100	0.47	0.49	0.49	0	0	0.47
173200	0.47	0.48	0.48	0	0	0.47
173300	0.47	0.48	0.48	0	0	0.47
173400	0.47	0.48	0.48	0	0	0.47
173500	0.47	0.48	0.48	0	0	0.47
173600	0.47	0.48	0.48	0	0	0.47
173700	0.47	0.48	0.48	0	0	0.47
173800	0.47	0.48	0.48	0	0	0.47
173900	0.47	0.48	0.48	0	0	0.47
174000	0.47	0.48	0.48	0	0	0.47
174100	0.47	0.48	0.48	0	0	0.47
174200	0.47	0.48	0.48	0	0	0.47
174300	0.47	0.48	0.48	0	0	0.47
174400	0.47	0.48	0.48	0	0	0.47
174500	0.47	0.48	0.48	0	0	0.47
174600	0.47	0.48	0.48	0	0	0.47
174700	0.47	0.48	0.48	0	0	0.47
174800	0.47	0.48	0.48	0	0	0.47
174900	0.47	0.48	0.48	0	0	0.47
175000	0.47	0.48	0.48	0	0	0.47
175100	0.47	0.49	0.49	0	0	0.47
175200	0.47	0.49	0.49	0	0	0.47
175300	0.47	0.49	0.49	0	0	0.47
175400	0.47	0.49	0.49	0	0	0.47
175500	0.47	0.5	0.5	0	0	0.47
175600	0.47	0.49	0.49	0	0	0.47
175700	0.47	0.49	0.49	0	0	0.47
175800	0.47	0.49	0.49	0	0	0.47
175900	0.47	0.49	0.49	0	0	0.47
176000	0.47	0.49	0.49	0	0	0.47
176100	0.48	0.49	0.49	0	0	0.48
176200	0.48	0.49	0.49	0	0	0.48
176300	0.47	0.49	0.49	0	0	0.47
176400	0.47	0.49	0.49	0	0	0.47
176500	0.47	0.49	0.49	0	0	0.47
176600	0.47	0.49	0.49	0	0	0.47
176700	0.47	0.5	0.5	0	0	0.47
176800	0.47	0.5	0.5	0	0	0.47
176900	0.47	0.5	0.5	0	0	0.47
177000	0.47	0.5	0.5	0	0	0.47
177100	0.47	0.5	0.5	0	0	0.47
177200	0.47	0.5	0.5	0	0	0.47
177300	0.47	0.5	0.5	0	0	0.47
177400	0.47	0.5	0.5	0	0	0.47
177500	0.47	0.5	0.5	0	0	0.47
177600	0.47	0.5	0.5	0	0	0.47
177700	0.47	0.5	0.5	0	0	0.47
177800	0.47	0.5	0.5	0	0	0.47
177900	0.47	0.5	0.5	0	0	0.47
178000	0.47	0.5	0.5	0	0	0.47
178100	0.47	0.5	0.5	0	0	0.47
178200	0.47	0.5	0.5	0	0	0.47
178300	0.47	0.5	0.5	0	0	0.47
178400	0.47	0.5	0.5	0	0	0.47
178500	0.47	0.5	0.5	0	0	0.47
178600	0.47	0.5	0.5	0	0	0.47
178700	0.47	0.5	0.5	0	0	0.47
178800	0.47	0.5	0.5	0	0	0.47
178900	0.47	0.5	0.5	0	0	0.47
179000	0.47	0.5	0.5	0	0	0.47
179100	0.47	0.5	0.5	0	0	0.47
179200	0.47	0.5	0.5	0	0	0.47
179300	0.47	0.5	0.5	0	0	0.47
179400	0.47	0.5	0.5	0	0	0.47
179500	0.47	0.5	0.5	0	0	0.47
179600	0.47	0.5	0.5	0	0	0.47
179700	0.47	0.5	0.5	0	0	0.47
179800	0.47	0.5	0.5	0	0	0.47
179900	0.47	0.5	0.5	0	0	0.47
180000	0.47	0.5	0.5	0	0	0.47
180100	0.47	0.5	0.5	0	0	0.47
180200	0.47	0.5	0.5	0	0	0.47
180300	0.47	0.5	0.5	0	0	0.47
180400	0.47	0.5	0.5	0	0	0.47
180500	0.47	0.5	0.5	0	0	0.47
180600	0.47	0.5	0.5	0	0	0.47
180700	0.47	0.5	0.5	0	0	0.47
180800	0.47	0.5	0.5	0	0	0.47
180900	0.47	0.5	0.5	0	0	0.47
181000	0.47	0.5	0.5	0	0	0.47
181100	0.47	0.5	0.5	0	0	0.47
181200	0.47	0.5	0.5	0	0	0.47
181300	0.47	0.5	0.5	0	0	0.47
181400	0.47	0.5	0.5	0	0	0.47
181500	0.47	0.5	0.5	0	0	0.47
181600	0.47	0.5	0.5	0	0	0.47
181700	0.47	0.5	0.5	0	0	0.47
181800	0.47	0.5	0.5	0	0	0.47
181900	0.47	0.5	0.5	0	0	0.47
182000	0.47	0.5	0.5	0	0	0.47
182100	0.47	0.5	0.5	0	0	0.47
182200	0.47	0.5	0.5	0	0	0.47
182300	0.47	0.5	0.5	0	0	0.47
182400	0.47	0.5	0.5	0	0	0.47
182500	0.47	0.5	0.5	0	0	0.47
182600	0.47	0.5	0.5	0	0	0.47
182700	0.47	0.5	0.5	0	0	0.47
182800	0.47	0.5	0.5	0	0	0.47
182900	0.47	0.5	0.5	0	0	0.47
183000	0.47	0.5	0.5	0	0	0.47
183100	0.47	0.5	0.5	0	0	0.47
183200	0.47	0.5	0.5	0	0	0.47
183300	0.47	0.5	0.5	0	0	0.47
183400	0.47	0.5	0.5	0	0	0.47
183500	0.47	0.5	0.5	0	0	0.47
183600	0.47	0.5	0.5	0	0	0.47
183700	0.47	0.5	0.5	0	0	0.47
183800	0.47	0.5	0.5	0	0	0.47
183900	0.47	0.5	0.5	0	0	0.47
184000	0.47	0.5	0.5	0	0	0.47
184100	0.47	0.5	0.5	0	0	0.47
184200	0.47	0.5	0.5	0	0	0.47
184300	0.47	0.5	0.5	0	0	0.47
184400	0.47	0.5	0.5	0	0	0.47
184500	0.47	0.5	0.5	0	0	0.47
184600	0.47	0.5	0.5	0	0	0.47
184700	0.47	0.5	0.5	0	0	0.47
184800	0.47	0.5	0.5	0	0	0.47
184900	0.47	0.5	0.5	0	0	0.47
185000	0.47	0.5	0.5	0	0	0.47
185100	0.47	0.5	0.5	0	0	0.47
185200	0.47	0.5	0.5	0	0	0.47
185300	0.47	0.5	0.5	0	0	0.47
185400	0.47	0.5	0.5	0	0	0.47
185500	0.47	0.5	0.5	0	0	0.47
185600	0.47	0.5	0.5	0	0	0.47
185700	0.47	0.5	0.5	0	0	0.47
185800	0.47	0.5	0.5	0	0	0.47
185900	0.47	0.5	0.5	0	0	0.47
186000	0.47	0.5	0.5	0	0	0.47
186100	0.47	0.5	0.5	0	0	0.47
186200	0.47	0.5	0.5	0	0	0.47
186300	0.47	0.5	0.5	0	0	0.47
186400	0.47	0.5	0.5	0	0	0.47
186500	0.47	0.5	0.5	0	0	0.47
186600	0.47	0.5	0.5	0	0	0.47
186700	0.47	0.5	0.5	0	0	0.47
186800	0.47	0.5	0.5	0	0	0.47
186900	0.47	0.5	0.5	0	0	0.47
187000	0.47	0.5	0.5	0	0	0.47
187100	0.47	0.5	0.5	0	0	0.47
187200	0.47	0.5	0.5	0	0	0.47
187300	0.47	0.5	0.5	0	0	0.47
187400	0.47	0.5	0.5	0	0	0.47
187500	0.47	0.5	0.5	0	0	0.47
187600	0.47	0.5	0.5	0	0	0.47
187700	0.47	0.5	0.5	0	0	0.47
187800	0.47	0.5	0.5	0	0	0.47
187900	0.47	0.49	0.49	0	0	0.47
188000	0.47	0.49	0.49	0	0	0.47
188100	0.47	0.49	0.49	0	0	0.47
188200	0.47	0.49	0.49	0	0	0.47
188300	0.47	0.49	0.49	0	0	0.47
188400	0.47	0.49	0.49	0	0	0.47
188500	0.47	0.49	0.49	0	0	0.47
188600	0.47	0.49	0.49	0	0	0.47
188700	0.47	0.49	0.49	0	0	0.47
188800	0.47	0.49	0.49	0	0	0.47
188900	0.47	0.49	0.49	0	0	0.47
189000	0.47	0.49	0.49	0	0	0.47
189100	0.47	0.49	0.49	0	0	0.47
189200	0.47	0.49	0.49	0	0	0.47
189300	0.47	0.49	0.49	0	0	0.47
189400	0.47	0.49	0.49	0	0	0.47
189500	0.47	0.48	0.48	0	0	0.47
189600	0.47	0.48	0.48	0	0	0.47
189700	0.47	0.48	0.48	0	0	0.47
189800	0.47	0.48	0.48	0	0	0.47
189900	0.47	0.48	0.48	0	0	0.47
190000	0.47	0.48	0.48	0	0	0.47
190100	0.47	0.48	0.48	0	0	0.47
190200	0.47	0.48	0.48	0	0	0.47
190300	0.47	0.48	0.48	0	0	0.47
190400	0.47	0.48	0.48	0	0	0.47
190500	0.47	0.48	0.48	0	0	0.47
190600	0.47	0.48	0.48	0	0	0.47
190700	0.47	0.48	0.48	0	0	0.47
190800	0.47	0.48	0.48	0	0	0.47
190900	0.47	0.48	0.48	0	0	0.47
191000	0.47	0.48	0.48	0	0	0.47
191100	0.47	0.48	0.48	0	0	0.47
191200	0.47	0.48	0.48	0	0	0.47
191300	0.47	0.48	0.48	0	0	0.47
191400	0.47	0.48	0.48	0	0	0.47
191500	0.47	0.48	0.48	0	0	0.47
191600	0.47	0.48	0.48	0	0	0.47
191700	0.47	0.48	0.48	0	0	0.47
191800	0.47	0.48	0.48	0	0	0.47
191900	0.47	0.48	0.48	0	0	0.47
192000	0.47	0.48	0.48	0	0	0.47
192100	0.47	0.48	0.48	0	0	0.47
192200	0.47	0.48	0.48	0	0	0.47
192300	0.47	0.48	0.48	0	0	0.47
192400	0.47	0.48	0.48	0	0	0.47
192500	0.47	0.48	0.48	0	0	0.47
192600	0.47	0.48	0.48	0	0	0.47
192700	0.48	0.48	0.48	0	0	0.48
192800	0.48	0.48	0.48	0	0	0.48
192900	0.48	0.48	0.48	0	0	0.48
193000	0.48	0.48	0.48	0	0	0.48
193100	0.48	0.48	0.48	0	0	0.48
193200	0.48	0.48	0.48	0	0	0.48
193300	0.48	0.48	0.48	0	0	0.48
193400	0.48	0.48	0.48	0	0	0.48
193500	0.47	0.48	0.48	0	0	0.47
193600	0.47	0.48	0.48	0	0	0.47
193700	0.46	0.48	0.48	0	0	0.46
193800	0.46	0.48	0.48	0	0	0.46
193900	0.46	0.48	0.48	0	0	0.46
194000	0.46	0.48	0.48	0	0	0.46
194100	0.46	0.48	0.48	0	0	0.46
194200	0.46	0.48	0.48	0	0	0.46
194300	0.46	0.48	0.48	0	0	0.46
194400	0.46	0.48	0.48	0	0	0.46
194500	0.46	0.48	0.48	0	0	0.46
194600	0.46	0.48	0.48	0	0	0.46
194700	0.46	0.48	0.48	0	0	0.46
194800	0.46	0.48	0.48	0	0	0.46
194900	0.46	0.48	0.48	0	0	0.46
195000	0.46	0.47	0.47	0	0	0.46
195100	0.46	0.47	0.47	0	0	0.46
195200	0.46	0.48	0.48	0	0	0.46
195300	0.46	0.48	0.48	0	0	0.46
195400	0.46	0.48	0.48	0	0	0.46
195500	0.46	0.48	0.48	0	0	0.46
195600	0.46	0.48	0.48	0	0	0.46
195700	0.46	0.48	0.48	0	0	0.46
195800	0.46	0.48	0.48	0	0	0.46
195900	0.46	0.48	0.48	0	0	0.46
196000	0.46	0.48	0.48	0	0	0.46
196100	0.46	0.48	0.48	0	0	0.46
196200	0.46	0.48	0.48	0	0	0.46
196300	0.46	0.48	0.48	0	0	0.46
196400	0.46	0.48	0.48	0	0	0.46
196500	0.45	0.48	0.48	0	0	0.45
196600	0.45	0.48	0.48	0	0	0.45
196700	0.45	0.49	0.49	0	0	0.45
196800	0.45	0.48	0.48	0	0	0.45
196900	0.45	0.48	0.48	0	0	0.45
197000	0.45	0.48	0.48	0	0	0.45
197100	0.45	0.48	0.48	0	0	0.45
197200	0.45	0.48	0.48	0	0	0.45
197300	0.45	0.48	0.48	0	0	0.45
197400	0.45	0.48	0.48	0	0	0.45
197500	0.45	0.48	0.48	0	0	0.45
197600	0.45	0.48	0.48	0	0	0.45
197700	0.45	0.48	0.48	0	0	0.45
197800	0.45	0.48	0.48	0	0	0.45
197900	0.45	0.48	0.48	0	0	0.45
198000	0.45	0.49	0.49	0	0	0.45
198100	0.45	0.49	0.49	0	0	0.45
198200	0.45	0.49	0.49	0	0	0.45
198300	0.45	0.49	0.49	0	0	0.45
198400	0.45	0.49	0.49	0	0	0.45
198500	0.45	0.49	0.49	0	0	0.45
198600	0.45	0.49	0.49	0	0	0.45
198700	0.45	0.49	0.49	0	0	0.45
198800	0.45	0.49	0.49	0	0	0.45
198900	0.46	0.49	0.49	0	0	0.46
199000	0.46	0.49	0.49	0	0	0.46
199100	0.46	0.49	0.49	0	0	0.46
199200	0.46	0.49	0.49	0	0	0.46
199300	0.46	0.49	0.49	0	0	0.46
199400	0.46	0.49	0.49	0	0	0.46
199500	0.46	0.48	0.48	0	0	0.46
199600	0.46	0.48	0.48	0	0	0.46
199700	0.46	0.48	0.48	0	0	0.46
199800	0.46	0.48	0.48	0	0	0.46
199900	0.46	0.49	0.49	0	0	0.46
200000	0.46	0.49	0.49	0	0	0.46
200100	0.46	0.49	0.49	0	0	0.46
200200	0.46	0.49	0.49	0	0	0.46
200300	0.46	0.49	0.49	0	0	0.46
200400	0.46	0.49	0.49	0	0	0.46
200500	0.46	0.49	0.49	0	0	0.46
200600	0.46	0.48	0.48	0	0	0.46
200700	0.46	0.48	0.48	0	0	0.46
200800	0.46	0.48	0.48	0	0	0.46
200900	0.46	0.47	0.47	0	0	0.46
201000	0.46	0.47	0.47	0	0	0.46
201100	0.46	0.45	0.45	0	0	0.46
201200	0.46	0.45	0.45	0	0	0.46
201300	0.46	0.45	0.45	0	0	0.46
201400	0.46	0.45	0.45	0	0	0.46
201500	0.46	0.45	0.45	0	0	0.46
201600	0.46	0.45	0.45	0	0	0.46
201700	0.46	0.45	0.45	0	0	0.46
201800	0.46	0.45	0.45	0	0	0.46
201900	0.46	0.45	0.45	0	0	0.46
202000	0.47	0.45	0.45	0	0	0.47
202100	0.47	0.45	0.45	0	0	0.47
202200	0.47	0.45	0.45	0	0	0.47
202300	0.47	0.45	0.45	0	0	0.47
202400	0.47	0.45	0.45	0	0	0.47
202500	0.47	0.45	0.45	0	0	0.47
202600	0.47	0.45	0.45	0	0	0.47
202700	0.47	0.45	0.45	0	0	0.47
202800	0.47	0.45	0.45	0	0	0.47
202900	0.47	0.45	0.45	0	0	0.47
203000	0.47	0.45	0.45	0	0	0.47
203100	0.46	0.45	0.45	0	0	0.46
203200	0.46	0.45	0.45	0	0	0.46
203300	0.46	0.45	0.45	0	0	0.46
203400	0.46	0.45	0.45	0	0	0.46
203500	0.46	0.45	0.45	0	0	0.46
203600	0.46	0.45	0.45	0	0	0.46
203700	0.46	0.45	0.45	0	0	0.46
203800	0.46	0.45	0.45	0	0	0.46
203900	0.46	0.45	0.45	0	0	0.46
204000	0.46	0.45	0.45	0	0	0.46
204100	0.46	0.45	0.45	0	0	0.46
204200	0.46	0.45	0.45	0	0	0.46
204300	0.46	0.45	0.45	0	0	0.46
204400	0.46	0.45	0.45	0	0	0.46
204500	0.46	0.45	0.45	0	0	0.46
204600	0.46	0.45	0.45	0	0	0.46
204700	0.46	0.46	0.46	0	0	0.46
204800	0.46	0.46	0.46	0	0	0.46
204900	0.46	0.46	0.46	0	0	0.46
205000	0.46	0.46	0.46	0	0	0.46
205100	0.47	0.46	0.46	0	0	0.47
205200	0.47	0.46	0.46	0	0	0.47
205300	0.47	0.46	0.46	0	0	0.47
205400	0.47	0.46	0.46	0	0	0.47
205500	0.47	0.46	0.46	0	0	0.47
205600	0.46	0.46	0.46	0	0	0.46
205700	0.46	0.45	0.45	0	0	0.46
205800	0.46	0.45	0.45	0	0	0.46
205900	0.46	0.45	0.45	0	0	0.46
206000	0.47	0.45	0.45	0	0	0.47
206100	0.47	0.45	0.45	0	0	0.47
206200	0.47	0.45	0.45	0	0	0.47
206300	0.47	0.45	0.45	0	0	0.47
206400	0.47	0.45	0.45	0	0	0.47
206500	0.47	0.45	0.45	0	0	0.47
206600	0.47	0.45	0.45	0	0	0.47
206700	0.47	0.45	0.45	0	0	0.47
206800	0.48	0.45	0.45	0	0	0.48
206900	0.48	0.45	0.45	0	0	0.48
207000	0.48	0.45	0.45	0	0	0.48
207100	0.48	0.45	0.45	0	0	0.48
207200	0.49	0.45	0.45	0	0	0.49
207300	0.49	0.45	0.45	0	0	0.49
207400	0.49	0.45	0.45	0	0	0.49
207500	0.49	0.45	0.45	0	0	0.49
207600	0.49	0.45	0.45	0	0	0.49
207700	0.49	0.45	0.45	0	0	0.49
207800	0.49	0.45	0.45	0	0	0.49
207900	0.49	0.45	0.45	0	0	0.49
208000	0.49	0.45	0.45	0	0	0.49
208100	0.49	0.45	0.45	0	0	0.49
208200	0.49	0.45	0.45	0	0	0.49
208300	0.49	0.45	0.45	0	0	0.49
208400	0.49	0.45	0.45	0	0	0.49
208500	0.49	0.45	0.45	0	0	0.49
208600	0.49	0.45	0.45	0	0	0.49
208700	0.49	0.45	0.45	0	0	0.49
208800	0.49	0.45	0.45	0	0	0.49
208900	0.49	0.45	0.45	0	0	0.49
209000	0.49	0.45	0.45	0	0	0.49
209100	0.49	0.46	0.46	0	0	0.49
209200	0.49	0.46	0.46	0	0	0.49
209300	0.48	0.46	0.46	0	0	0.48
209400	0.48	0.46	0.46	0	0	0.48
209500	0.48	0.46	0.46	0	0	0.48
209600	0.48	0.46	0.46	0	0	0.48
209700	0.48	0.46	0.46	0	0	0.48
209800	0.48	0.46	0.46	0	0	0.48
209900	0.48	0.46	0.46	0	0	0.48
210000	0.48	0.46	0.46	0	0	0.48
210100	0.48	0.46	0.46	0	0	0.48
210200	0.48	0.46	0.46	0	0	0.48
210300	0.48	0.46	0.46	0	0	0.48
210400	0.48	0.46	0.46	0	0	0.48
210500	0.48	0.46	0.46	0	0	0.48
210600	0.48	0.46	0.46	0	0	0.48
210700	0.48	0.47	0.47	0	0	0.48
210800	0.48	0.47	0.47	0	0	0.48
210900	0.47	0.47	0.47	0	0	0.47
211000	0.47	0.47	0.47	0	0	0.47
211100	0.47	0.47	0.47	0	0	0.47
211200	0.47	0.47	0.47	0	0	0.47
211300	0.47	0.47	0.47	0	0	0.47
211400	0.47	0.47	0.47	0	0	0.47
211500	0.47	0.47	0.47	0	0	0.47
211600	0.47	0.47	0.47	0	0	0.47
211700	0.48	0.47	0.47	0	0	0.48
211800	0.48	0.48	0.48	0	0	0.48
211900	0.48	0.48	0.48	0	0	0.48
212000	0.48	0.48	0.48	0	0	0.48
212100	0.48	0.48	0.48	0	0	0.48
212200	0.48	0.48	0.48	0	0	0.48
212300	0.48	0.48	0.48	0	0	0.48
212400	0.48	0.48	0.48	0	0	0.48
212500	0.48	0.48	0.48	0	0	0.48
212600	0.48	0.48	0.48	0	0	0.48
212700	0.48	0.48	0.48	0	0	0.48
212800	0.48	0.48	0.48	0	0	0.48
212900	0.48	0.48	0.48	0	0	0.48
213000	0.48	0.48	0.48	0	0	0.48
213100	0.48	0.48	0.48	0	0	0.48
213200	0.48	0.48	0.48	0	0	0.48
213300	0.48	0.48	0.48	0	0	0.48
213400	0.48	0.48	0.48	0	0	0.48
213500	0.48	0.48	0.48	0	0	0.48
213600	0.48	0.48	0.48	0	0	0.48
213700	0.48	0.48	0.48	0	0	0.48
213800	0.48	0.48	0.48	0	0	0.48
213900	0.48	0.48	0.48	0	0	0.48
214000	0.48	0.48	0.48	0	0	0.48
214100	0.48	0.48	0.48	0	0	0.48
214200	0.48	0.48	0.48	0	0	0.48
214300	0.48	0.48	0.48	0	0	0.48
214400	0.49	0.48	0.48	0	0	0.49
214500	0.48	0.47	0.47	0	0	0.48
214600	0.48	0.47	0.47	0	0	0.48
214700	0.48	0.47	0.47	0	0	0.48
214800	0.48	0.47	0.47	0	0	0.48
214900	0.48	0.47	0.47	0	0	0.48
215000	0.48	0.47	0.47	0	0	0.48
215100	0.48	0.47	0.47	0	0	0.48
215200	0.48	0.47	0.47	0	0	0.48
215300	0.48	0.47	0.47	0	0	0.48
215400	0.48	0.47	0.47	0	0	0.48
215500	0.48	0.47	0.47	0	0	0.48
215600	0.48	0.47	0.47	0	0	0.48
215700	0.48	0.47	0.47	0	0	0.48
215800	0.48	0.47	0.47	0	0	0.48
215900	0.48	0.47	0.47	0	0	0.48
216000	0.48	0.47	0.47	0	0	0.48
216100	0.48	0.47	0.47	0	0	0.48
216200	0.48	0.47	0.47	0	0	0.48
216300	0.48	0.47	0.47	0	0	0.48
216400	0.48	0.47	0.47	0	0	0.48
216500	0.48	0.47	0.47	0	0	0.48
216600	0.48	0.47	0.47	0	0	0.48
216700	0.48	0.47	0.47	0	0	0.48
216800	0.48	0.47	0.47	0	0	0.48
216900	0.48	0.47	0.47	0	0	0.48
217000	0.48	0.47	0.47	0	0	0.48
217100	0.48	0.47	0.47	0	0	0.48
217200	0.48	0.47	0.47	0	0	0.48
217300	0.48	0.47	0.47	0	0	0.48
217400	0.48	0.47	0.47	0	0	0.48
217500	0.48	0.47	0.47	0	0	0.48
217600	0.48	0.47	0.47	0	0	0.48
217700	0.49	0.47	0.47	0	0	0.49
217800	0.49	0.47	0.47	0	0	0.49
217900	0.49	0.47	0.47	0	0	0.49
218000	0.49	0.47	0.47	0	0	0.49
218100	0.49	0.47	0.47	0	0	0.49
218200	0.49	0.47	0.47	0	0	0.49
218300	0.49	0.47	0.47	0	0	0.49
218400	0.49	0.47	0.47	0	0	0.49
218500	0.49	0.47	0.47	0	0	0.49
218600	0.49	0.47	0.47	0	0	0.49
218700	0.49	0.47	0.47	0	0	0.49
218800	0.49	0.47	0.47	0	0	0.49
218900	0.49	0.47	0.47	0	0	0.49
219000	0.49	0.47	0.47	0	0	0.49
219100	0.49	0.47	0.47	0	0	0.49
