100	0.1	0.11	0.11	0	0	0.1
200	0.13	0.12	0.12	0	0	0.13
300	0.13	0.14	0.14	0	0	0.13
400	0.13	0.13	0.13	0	0	0.13
500	0.13	0.17	0.17	0	0	0.13
600	0.14	0.17	0.17	0	0	0.14
700	0.14	0.16	0.16	0	0	0.14
800	0.14	0.14	0.14	0	0	0.14
900	0.14	0.16	0.16	0	0	0.14
1000	0.15	0.16	0.16	0	0	0.15
1100	0.15	0.16	0.16	0	0	0.15
1200	0.16	0.15	0.15	0	0	0.16
1300	0.16	0.16	0.16	0	0	0.16
1400	0.18	0.18	0.18	0	0	0.18
1500	0.18	0.19	0.19	0	0	0.18
1600	0.17	0.2	0.2	0	0	0.17
1700	0.17	0.18	0.18	0	0	0.17
1800	0.17	0.18	0.18	0	0	0.17
1900	0.19	0.2	0.2	0	0	0.19
2000	0.19	0.18	0.18	0	0	0.19
2100	0.19	0.2	0.2	0	0	0.19
2200	0.19	0.2	0.2	0	0	0.19
2300	0.19	0.19	0.19	0	0	0.19
2400	0.2	0.2	0.2	0	0	0.2
2500	0.2	0.21	0.21	0	0	0.2
2600	0.21	0.22	0.22	0	0	0.21
2700	0.22	0.23	0.23	0	0	0.22
2800	0.24	0.23	0.23	0	0	0.24
2900	0.25	0.23	0.23	0	0	0.25
3000	0.25	0.24	0.24	0	0	0.25
3100	0.25	0.24	0.24	0	0	0.25
3200	0.26	0.24	0.24	0	0	0.26
3300	0.27	0.25	0.25	0	0	0.27
3400	0.27	0.24	0.24	0	0	0.27
3500	0.26	0.24	0.24	0	0	0.26
3600	0.27	0.23	0.23	0	0	0.27
3700	0.27	0.23	0.23	0	0	0.27
3800	0.27	0.22	0.22	0	0	0.27
3900	0.28	0.21	0.21	0	0	0.28
4000	0.28	0.23	0.23	0	0	0.28
4100	0.28	0.22	0.22	0	0	0.28
4200	0.28	0.24	0.24	0	0	0.28
4300	0.29	0.25	0.25	0	0	0.29
4400	0.29	0.25	0.25	0	0	0.29
4500	0.29	0.25	0.25	0	0	0.29
4600	0.29	0.25	0.25	0	0	0.29
4700	0.3	0.25	0.25	0	0	0.3
4800	0.31	0.25	0.25	0	0	0.31
4900	0.31	0.25	0.25	0	0	0.31
5000	0.31	0.26	0.26	0	0	0.31
5100	0.32	0.26	0.26	0	0	0.32
5200	0.32	0.26	0.26	0	0	0.32
5300	0.32	0.25	0.25	0	0	0.32
5400	0.33	0.25	0.25	0	0	0.33
5500	0.32	0.26	0.26	0	0	0.32
5600	0.32	0.25	0.25	0	0	0.32
5700	0.32	0.25	0.25	0	0	0.32
5800	0.32	0.25	0.25	0	0	0.32
5900	0.32	0.23	0.23	0	0	0.32
6000	0.32	0.23	0.23	0	0	0.32
6100	0.32	0.24	0.24	0	0	0.32
6200	0.32	0.24	0.24	0	0	0.32
6300	0.32	0.24	0.24	0	0	0.32
6400	0.34	0.23	0.23	0	0	0.34
6500	0.33	0.24	0.24	0	0	0.33
6600	0.34	0.25	0.25	0	0	0.34
6700	0.35	0.24	0.24	0	0	0.35
6800	0.34	0.24	0.24	0	0	0.34
6900	0.34	0.24	0.24	0	0	0.34
7000	0.33	0.25	0.25	0	0	0.33
7100	0.32	0.25	0.25	0	0	0.32
7200	0.3	0.26	0.26	0	0	0.3
7300	0.28	0.29	0.29	0	0	0.28
7400	0.27	0.28	0.28	0	0	0.27
7500	0.27	0.28	0.28	0	0	0.27
7600	0.27	0.29	0.29	0	0	0.27
7700	0.28	0.3	0.3	0	0	0.28
7800	0.28	0.28	0.28	0	0	0.28
7900	0.29	0.26	0.26	0	0	0.29
8000	0.29	0.26	0.26	0	0	0.29
8100	0.3	0.26	0.26	0	0	0.3
8200	0.3	0.27	0.27	0	0	0.3
8300	0.3	0.28	0.28	0	0	0.3
8400	0.3	0.28	0.28	0	0	0.3
8500	0.31	0.29	0.29	0	0	0.31
8600	0.31	0.29	0.29	0	0	0.31
8700	0.32	0.29	0.29	0	0	0.32
8800	0.32	0.3	0.3	0	0	0.32
8900	0.32	0.3	0.3	0	0	0.32
9000	0.32	0.28	0.28	0	0	0.32
9100	0.32	0.28	0.28	0	0	0.32
9200	0.32	0.3	0.3	0	0	0.32
9300	0.34	0.28	0.28	0	0	0.34
9400	0.34	0.28	0.28	0	0	0.34
9500	0.35	0.29	0.29	0	0	0.35
9600	0.34	0.28	0.28	0	0	0.34
9700	0.33	0.29	0.29	0	0	0.33
9800	0.33	0.28	0.28	0	0	0.33
9900	0.35	0.28	0.28	0	0	0.35
10000	0.35	0.27	0.27	0	0	0.35
10100	0.36	0.28	0.28	0	0	0.36
10200	0.36	0.28	0.28	0	0	0.36
10300	0.36	0.27	0.27	0	0	0.36
10400	0.36	0.27	0.27	0	0	0.36
10500	0.36	0.27	0.27	0	0	0.36
10600	0.36	0.27	0.27	0	0	0.36
10700	0.36	0.28	0.28	0	0	0.36
10800	0.36	0.28	0.28	0	0	0.36
10900	0.36	0.28	0.28	0	0	0.36
11000	0.36	0.3	0.3	0	0	0.36
11100	0.36	0.31	0.31	0	0	0.36
11200	0.36	0.31	0.31	0	0	0.36
11300	0.36	0.31	0.31	0	0	0.36
11400	0.36	0.3	0.3	0	0	0.36
11500	0.37	0.33	0.33	0	0	0.37
11600	0.37	0.32	0.32	0	0	0.37
11700	0.37	0.3	0.3	0	0	0.37
11800	0.38	0.3	0.3	0	0	0.38
11900	0.38	0.3	0.3	0	0	0.38
12000	0.38	0.29	0.29	0	0	0.38
12100	0.39	0.33	0.33	0	0	0.39
12200	0.39	0.33	0.33	0	0	0.39
12300	0.39	0.33	0.33	0	0	0.39
12400	0.39	0.33	0.33	0	0	0.39
12500	0.38	0.33	0.33	0	0	0.38
12600	0.38	0.33	0.33	0	0	0.38
12700	0.38	0.35	0.35	0	0	0.38
12800	0.38	0.32	0.32	0	0	0.38
12900	0.37	0.29	0.29	0	0	0.37
13000	0.37	0.29	0.29	0	0	0.37
13100	0.37	0.29	0.29	0	0	0.37
13200	0.36	0.29	0.29	0	0	0.36
13300	0.36	0.3	0.3	0	0	0.36
13400	0.36	0.3	0.3	0	0	0.36
13500	0.36	0.3	0.3	0	0	0.36
13600	0.36	0.3	0.3	0	0	0.36
13700	0.36	0.31	0.31	0	0	0.36
13800	0.37	0.32	0.32	0	0	0.37
13900	0.37	0.32	0.32	0	0	0.37
14000	0.36	0.33	0.33	0	0	0.36
14100	0.37	0.32	0.32	0	0	0.37
14200	0.36	0.31	0.31	0	0	0.36
14300	0.35	0.3	0.3	0	0	0.35
14400	0.35	0.27	0.27	0	0	0.35
14500	0.35	0.29	0.29	0	0	0.35
14600	0.36	0.29	0.29	0	0	0.36
14700	0.36	0.29	0.29	0	0	0.36
14800	0.37	0.29	0.29	0	0	0.37
14900	0.38	0.3	0.3	0	0	0.38
15000	0.38	0.3	0.3	0	0	0.38
15100	0.38	0.3	0.3	0	0	0.38
15200	0.38	0.3	0.3	0	0	0.38
15300	0.39	0.3	0.3	0	0	0.39
15400	0.38	0.3	0.3	0	0	0.38
15500	0.38	0.3	0.3	0	0	0.38
15600	0.38	0.3	0.3	0	0	0.38
15700	0.38	0.31	0.31	0	0	0.38
15800	0.39	0.31	0.31	0	0	0.39
15900	0.39	0.32	0.32	0	0	0.39
16000	0.39	0.32	0.32	0	0	0.39
16100	0.38	0.32	0.32	0	0	0.38
16200	0.38	0.32	0.32	0	0	0.38
16300	0.38	0.32	0.32	0	0	0.38
16400	0.38	0.32	0.32	0	0	0.38
16500	0.38	0.33	0.33	0	0	0.38
16600	0.38	0.33	0.33	0	0	0.38
16700	0.38	0.32	0.32	0	0	0.38
16800	0.38	0.31	0.31	0	0	0.38
16900	0.38	0.31	0.31	0	0	0.38
17000	0.39	0.3	0.3	0	0	0.39
17100	0.39	0.31	0.31	0	0	0.39
17200	0.39	0.31	0.31	0	0	0.39
17300	0.39	0.31	0.31	0	0	0.39
17400	0.39	0.31	0.31	0	0	0.39
17500	0.39	0.32	0.32	0	0	0.39
17600	0.39	0.31	0.31	0	0	0.39
17700	0.39	0.31	0.31	0	0	0.39
17800	0.38	0.31	0.31	0	0	0.38
17900	0.38	0.31	0.31	0	0	0.38
18000	0.38	0.31	0.31	0	0	0.38
18100	0.39	0.3	0.3	0	0	0.39
18200	0.4	0.3	0.3	0	0	0.4
18300	0.4	0.31	0.31	0	0	0.4
18400	0.4	0.31	0.31	0	0	0.4
18500	0.4	0.32	0.32	0	0	0.4
18600	0.4	0.32	0.32	0	0	0.4
18700	0.39	0.32	0.32	0	0	0.39
18800	0.36	0.32	0.32	0	0	0.36
18900	0.31	0.32	0.32	0	0	0.31
19000	0.32	0.33	0.33	0	0	0.32
19100	0.3	0.36	0.36	0	0	0.3
19200	0.3	0.36	0.36	0	0	0.3
19300	0.3	0.37	0.37	0	0	0.3
19400	0.3	0.37	0.37	0	0	0.3
19500	0.3	0.35	0.35	0	0	0.3
19600	0.3	0.36	0.36	0	0	0.3
19700	0.3	0.36	0.36	0	0	0.3
19800	0.3	0.36	0.36	0	0	0.3
19900	0.3	0.33	0.33	0	0	0.3
20000	0.3	0.32	0.32	0	0	0.3
20100	0.3	0.31	0.31	0	0	0.3
20200	0.31	0.32	0.32	0	0	0.31
20300	0.32	0.32	0.32	0	0	0.32
20400	0.32	0.32	0.32	0	0	0.32
20500	0.33	0.32	0.32	0	0	0.33
20600	0.33	0.32	0.32	0	0	0.33
20700	0.34	0.32	0.32	0	0	0.34
20800	0.34	0.32	0.32	0	0	0.34
20900	0.34	0.33	0.33	0	0	0.34
21000	0.34	0.34	0.34	0	0	0.34
21100	0.34	0.34	0.34	0	0	0.34
21200	0.34	0.33	0.33	0	0	0.34
21300	0.35	0.33	0.33	0	0	0.35
21400	0.35	0.35	0.35	0	0	0.35
21500	0.35	0.36	0.36	0	0	0.35
21600	0.35	0.37	0.37	0	0	0.35
21700	0.35	0.36	0.36	0	0	0.35
21800	0.35	0.34	0.34	0	0	0.35
21900	0.37	0.34	0.34	0	0	0.37
22000	0.37	0.34	0.34	0	0	0.37
22100	0.36	0.34	0.34	0	0	0.36
22200	0.36	0.33	0.33	0	0	0.36
22300	0.36	0.33	0.33	0	0	0.36
22400	0.36	0.33	0.33	0	0	0.36
22500	0.36	0.33	0.33	0	0	0.36
22600	0.36	0.33	0.33	0	0	0.36
22700	0.36	0.33	0.33	0	0	0.36
22800	0.36	0.33	0.33	0	0	0.36
22900	0.36	0.33	0.33	0	0	0.36
23000	0.37	0.34	0.34	0	0	0.37
23100	0.37	0.33	0.33	0	0	0.37
23200	0.38	0.33	0.33	0	0	0.38
23300	0.38	0.3	0.3	0	0	0.38
23400	0.38	0.29	0.29	0	0	0.38
23500	0.38	0.29	0.29	0	0	0.38
23600	0.38	0.3	0.3	0	0	0.38
23700	0.38	0.29	0.29	0	0	0.38
23800	0.39	0.3	0.3	0	0	0.39
23900	0.39	0.31	0.31	0	0	0.39
24000	0.39	0.32	0.32	0	0	0.39
24100	0.39	0.32	0.32	0	0	0.39
24200	0.39	0.32	0.32	0	0	0.39
24300	0.4	0.33	0.33	0	0	0.4
24400	0.4	0.33	0.33	0	0	0.4
24500	0.4	0.33	0.33	0	0	0.4
24600	0.4	0.32	0.32	0	0	0.4
24700	0.4	0.33	0.33	0	0	0.4
24800	0.4	0.32	0.32	0	0	0.4
24900	0.4	0.32	0.32	0	0	0.4
25000	0.41	0.32	0.32	0	0	0.41
25100	0.41	0.33	0.33	0	0	0.41
25200	0.4	0.33	0.33	0	0	0.4
25300	0.4	0.34	0.34	0	0	0.4
25400	0.4	0.34	0.34	0	0	0.4
25500	0.4	0.34	0.34	0	0	0.4
25600	0.41	0.34	0.34	0	0	0.41
25700	0.41	0.34	0.34	0	0	0.41
25800	0.41	0.34	0.34	0	0	0.41
25900	0.41	0.34	0.34	0	0	0.41
26000	0.41	0.36	0.36	0	0	0.41
26100	0.41	0.36	0.36	0	0	0.41
26200	0.41	0.36	0.36	0	0	0.41
26300	0.41	0.36	0.36	0	0	0.41
26400	0.41	0.36	0.36	0	0	0.41
26500	0.41	0.36	0.36	0	0	0.41
26600	0.41	0.36	0.36	0	0	0.41
26700	0.41	0.36	0.36	0	0	0.41
26800	0.41	0.37	0.37	0	0	0.41
26900	0.42	0.37	0.37	0	0	0.42
27000	0.41	0.38	0.38	0	0	0.41
27100	0.41	0.38	0.38	0	0	0.41
27200	0.42	0.38	0.38	0	0	0.42
27300	0.42	0.39	0.39	0	0	0.42
27400	0.42	0.39	0.39	0	0	0.42
27500	0.41	0.4	0.4	0	0	0.41
27600	0.4	0.39	0.39	0	0	0.4
27700	0.4	0.38	0.38	0	0	0.4
27800	0.39	0.38	0.38	0	0	0.39
27900	0.4	0.39	0.39	0	0	0.4
28000	0.39	0.39	0.39	0	0	0.39
28100	0.39	0.39	0.39	0	0	0.39
28200	0.39	0.39	0.39	0	0	0.39
28300	0.39	0.39	0.39	0	0	0.39
28400	0.38	0.39	0.39	0	0	0.38
28500	0.38	0.39	0.39	0	0	0.38
28600	0.37	0.4	0.4	0	0	0.37
28700	0.37	0.4	0.4	0	0	0.37
28800	0.38	0.41	0.41	0	0	0.38
28900	0.38	0.41	0.41	0	0	0.38
29000	0.38	0.41	0.41	0	0	0.38
29100	0.39	0.41	0.41	0	0	0.39
29200	0.39	0.43	0.43	0	0	0.39
29300	0.39	0.42	0.42	0	0	0.39
29400	0.39	0.42	0.42	0	0	0.39
29500	0.39	0.41	0.41	0	0	0.39
29600	0.4	0.41	0.41	0	0	0.4
29700	0.4	0.41	0.41	0	0	0.4
29800	0.4	0.42	0.42	0	0	0.4
29900	0.4	0.42	0.42	0	0	0.4
30000	0.41	0.42	0.42	0	0	0.41
30100	0.41	0.42	0.42	0	0	0.41
30200	0.42	0.42	0.42	0	0	0.42
30300	0.41	0.42	0.42	0	0	0.41
30400	0.41	0.43	0.43	0	0	0.41
30500	0.43	0.42	0.42	0	0	0.43
30600	0.41	0.42	0.42	0	0	0.41
30700	0.41	0.42	0.42	0	0	0.41
30800	0.4	0.42	0.42	0	0	0.4
30900	0.4	0.42	0.42	0	0	0.4
31000	0.4	0.42	0.42	0	0	0.4
31100	0.39	0.42	0.42	0	0	0.39
31200	0.39	0.42	0.42	0	0	0.39
31300	0.39	0.44	0.44	0	0	0.39
31400	0.39	0.44	0.44	0	0	0.39
31500	0.39	0.44	0.44	0	0	0.39
31600	0.39	0.44	0.44	0	0	0.39
31700	0.39	0.44	0.44	0	0	0.39
31800	0.4	0.44	0.44	0	0	0.4
31900	0.4	0.44	0.44	0	0	0.4
32000	0.4	0.44	0.44	0	0	0.4
32100	0.41	0.44	0.44	0	0	0.41
32200	0.41	0.44	0.44	0	0	0.41
32300	0.41	0.44	0.44	0	0	0.41
32400	0.41	0.44	0.44	0	0	0.41
32500	0.41	0.44	0.44	0	0	0.41
32600	0.41	0.42	0.42	0	0	0.41
32700	0.41	0.42	0.42	0	0	0.41
32800	0.41	0.42	0.42	0	0	0.41
32900	0.41	0.42	0.42	0	0	0.41
33000	0.41	0.42	0.42	0	0	0.41
33100	0.42	0.42	0.42	0	0	0.42
33200	0.42	0.42	0.42	0	0	0.42
33300	0.42	0.42	0.42	0	0	0.42
33400	0.41	0.42	0.42	0	0	0.41
33500	0.42	0.42	0.42	0	0	0.42
33600	0.42	0.42	0.42	0	0	0.42
33700	0.42	0.43	0.43	0	0	0.42
33800	0.42	0.43	0.43	0	0	0.42
33900	0.42	0.43	0.43	0	0	0.42
34000	0.42	0.43	0.43	0	0	0.42
34100	0.42	0.43	0.43	0	0	0.42
34200	0.42	0.43	0.43	0	0	0.42
34300	0.42	0.43	0.43	0	0	0.42
34400	0.42	0.43	0.43	0	0	0.42
34500	0.42	0.43	0.43	0	0	0.42
34600	0.42	0.44	0.44	0	0	0.42
34700	0.42	0.44	0.44	0	0	0.42
34800	0.44	0.44	0.44	0	0	0.44
34900	0.43	0.44	0.44	0	0	0.43
35000	0.42	0.44	0.44	0	0	0.42
35100	0.42	0.44	0.44	0	0	0.42
35200	0.42	0.44	0.44	0	0	0.42
35300	0.42	0.44	0.44	0	0	0.42
35400	0.42	0.44	0.44	0	0	0.42
35500	0.42	0.44	0.44	0	0	0.42
35600	0.42	0.44	0.44	0	0	0.42
35700	0.42	0.44	0.44	0	0	0.42
35800	0.42	0.45	0.45	0	0	0.42
35900	0.42	0.46	0.46	0	0	0.42
36000	0.42	0.43	0.43	0	0	0.42
36100	0.41	0.43	0.43	0	0	0.41
36200	0.41	0.43	0.43	0	0	0.41
36300	0.41	0.43	0.43	0	0	0.41
36400	0.41	0.43	0.43	0	0	0.41
36500	0.41	0.43	0.43	0	0	0.41
36600	0.41	0.43	0.43	0	0	0.41
36700	0.41	0.43	0.43	0	0	0.41
36800	0.41	0.43	0.43	0	0	0.41
36900	0.41	0.43	0.43	0	0	0.41
37000	0.4	0.44	0.44	0	0	0.4
37100	0.4	0.43	0.43	0	0	0.4
37200	0.4	0.44	0.44	0	0	0.4
37300	0.4	0.44	0.44	0	0	0.4
37400	0.4	0.44	0.44	0	0	0.4
37500	0.4	0.44	0.44	0	0	0.4
37600	0.4	0.44	0.44	0	0	0.4
37700	0.4	0.43	0.43	0	0	0.4
37800	0.4	0.42	0.42	0	0	0.4
37900	0.4	0.42	0.42	0	0	0.4
38000	0.4	0.43	0.43	0	0	0.4
38100	0.4	0.43	0.43	0	0	0.4
38200	0.4	0.43	0.43	0	0	0.4
38300	0.41	0.43	0.43	0	0	0.41
38400	0.41	0.43	0.43	0	0	0.41
38500	0.41	0.44	0.44	0	0	0.41
38600	0.41	0.44	0.44	0	0	0.41
38700	0.42	0.44	0.44	0	0	0.42
38800	0.42	0.44	0.44	0	0	0.42
38900	0.42	0.45	0.45	0	0	0.42
39000	0.42	0.45	0.45	0	0	0.42
39100	0.42	0.45	0.45	0	0	0.42
39200	0.42	0.45	0.45	0	0	0.42
39300	0.42	0.45	0.45	0	0	0.42
39400	0.42	0.45	0.45	0	0	0.42
39500	0.42	0.45	0.45	0	0	0.42
39600	0.42	0.45	0.45	0	0	0.42
39700	0.43	0.45	0.45	0	0	0.43
39800	0.43	0.45	0.45	0	0	0.43
39900	0.43	0.45	0.45	0	0	0.43
40000	0.43	0.45	0.45	0	0	0.43
40100	0.43	0.45	0.45	0	0	0.43
40200	0.43	0.45	0.45	0	0	0.43
40300	0.43	0.45	0.45	0	0	0.43
40400	0.43	0.45	0.45	0	0	0.43
40500	0.43	0.45	0.45	0	0	0.43
40600	0.43	0.46	0.46	0	0	0.43
40700	0.43	0.46	0.46	0	0	0.43
40800	0.43	0.46	0.46	0	0	0.43
40900	0.43	0.47	0.47	0	0	0.43
41000	0.43	0.47	0.47	0	0	0.43
41100	0.43	0.47	0.47	0	0	0.43
41200	0.43	0.47	0.47	0	0	0.43
41300	0.43	0.47	0.47	0	0	0.43
41400	0.43	0.47	0.47	0	0	0.43
41500	0.43	0.47	0.47	0	0	0.43
41600	0.43	0.47	0.47	0	0	0.43
41700	0.43	0.47	0.47	0	0	0.43
41800	0.43	0.47	0.47	0	0	0.43
41900	0.43	0.47	0.47	0	0	0.43
42000	0.43	0.47	0.47	0	0	0.43
42100	0.43	0.47	0.47	0	0	0.43
42200	0.44	0.47	0.47	0	0	0.44
42300	0.44	0.47	0.47	0	0	0.44
42400	0.44	0.48	0.48	0	0	0.44
42500	0.44	0.48	0.48	0	0	0.44
42600	0.44	0.48	0.48	0	0	0.44
42700	0.44	0.48	0.48	0	0	0.44
42800	0.44	0.48	0.48	0	0	0.44
42900	0.43	0.48	0.48	0	0	0.43
43000	0.43	0.49	0.49	0	0	0.43
43100	0.43	0.49	0.49	0	0	0.43
43200	0.43	0.48	0.48	0	0	0.43
43300	0.43	0.48	0.48	0	0	0.43
43400	0.43	0.48	0.48	0	0	0.43
43500	0.43	0.48	0.48	0	0	0.43
43600	0.43	0.48	0.48	0	0	0.43
43700	0.43	0.48	0.48	0	0	0.43
43800	0.44	0.48	0.48	0	0	0.44
43900	0.44	0.48	0.48	0	0	0.44
44000	0.44	0.48	0.48	0	0	0.44
44100	0.44	0.48	0.48	0	0	0.44
44200	0.44	0.48	0.48	0	0	0.44
44300	0.44	0.48	0.48	0	0	0.44
44400	0.44	0.48	0.48	0	0	0.44
44500	0.43	0.48	0.48	0	0	0.43
44600	0.43	0.48	0.48	0	0	0.43
44700	0.44	0.48	0.48	0	0	0.44
44800	0.44	0.48	0.48	0	0	0.44
44900	0.44	0.48	0.48	0	0	0.44
45000	0.44	0.48	0.48	0	0	0.44
45100	0.44	0.48	0.48	0	0	0.44
45200	0.44	0.48	0.48	0	0	0.44
45300	0.44	0.48	0.48	0	0	0.44
45400	0.43	0.47	0.47	0	0	0.43
45500	0.44	0.47	0.47	0	0	0.44
45600	0.44	0.47	0.47	0	0	0.44
45700	0.44	0.47	0.47	0	0	0.44
45800	0.43	0.48	0.48	0	0	0.43
45900	0.44	0.47	0.47	0	0	0.44
46000	0.44	0.46	0.46	0	0	0.44
46100	0.44	0.46	0.46	0	0	0.44
46200	0.44	0.45	0.45	0	0	0.44
46300	0.44	0.45	0.45	0	0	0.44
46400	0.45	0.45	0.45	0	0	0.45
46500	0.45	0.45	0.45	0	0	0.45
46600	0.45	0.45	0.45	0	0	0.45
46700	0.44	0.45	0.45	0	0	0.44
46800	0.44	0.45	0.45	0	0	0.44
46900	0.44	0.45	0.45	0	0	0.44
47000	0.43	0.44	0.44	0	0	0.43
47100	0.43	0.44	0.44	0	0	0.43
47200	0.43	0.44	0.44	0	0	0.43
47300	0.43	0.42	0.42	0	0	0.43
47400	0.43	0.42	0.42	0	0	0.43
47500	0.43	0.43	0.43	0	0	0.43
47600	0.43	0.42	0.42	0	0	0.43
47700	0.43	0.42	0.42	0	0	0.43
47800	0.43	0.42	0.42	0	0	0.43
47900	0.43	0.43	0.43	0	0	0.43
48000	0.43	0.42	0.42	0	0	0.43
48100	0.43	0.42	0.42	0	0	0.43
48200	0.43	0.42	0.42	0	0	0.43
48300	0.43	0.42	0.42	0	0	0.43
48400	0.44	0.44	0.44	0	0	0.44
48500	0.43	0.42	0.42	0	0	0.43
48600	0.43	0.42	0.42	0	0	0.43
48700	0.43	0.42	0.42	0	0	0.43
48800	0.43	0.42	0.42	0	0	0.43
48900	0.43	0.42	0.42	0	0	0.43
49000	0.43	0.42	0.42	0	0	0.43
49100	0.43	0.42	0.42	0	0	0.43
49200	0.43	0.42	0.42	0	0	0.43
49300	0.43	0.42	0.42	0	0	0.43
49400	0.43	0.42	0.42	0	0	0.43
49500	0.43	0.42	0.42	0	0	0.43
49600	0.43	0.42	0.42	0	0	0.43
49700	0.43	0.43	0.43	0	0	0.43
49800	0.43	0.43	0.43	0	0	0.43
49900	0.43	0.42	0.42	0	0	0.43
50000	0.43	0.42	0.42	0	0	0.43
50100	0.42	0.42	0.42	0	0	0.42
50200	0.42	0.42	0.42	0	0	0.42
50300	0.42	0.42	0.42	0	0	0.42
50400	0.42	0.42	0.42	0	0	0.42
50500	0.42	0.42	0.42	0	0	0.42
50600	0.42	0.43	0.43	0	0	0.42
50700	0.42	0.44	0.44	0	0	0.42
50800	0.42	0.45	0.45	0	0	0.42
50900	0.42	0.45	0.45	0	0	0.42
51000	0.42	0.45	0.45	0	0	0.42
51100	0.42	0.46	0.46	0	0	0.42
51200	0.42	0.46	0.46	0	0	0.42
51300	0.42	0.45	0.45	0	0	0.42
51400	0.42	0.45	0.45	0	0	0.42
51500	0.42	0.46	0.46	0	0	0.42
51600	0.43	0.46	0.46	0	0	0.43
51700	0.43	0.46	0.46	0	0	0.43
51800	0.43	0.46	0.46	0	0	0.43
51900	0.43	0.46	0.46	0	0	0.43
52000	0.43	0.46	0.46	0	0	0.43
52100	0.43	0.46	0.46	0	0	0.43
52200	0.43	0.45	0.45	0	0	0.43
52300	0.43	0.45	0.45	0	0	0.43
52400	0.43	0.45	0.45	0	0	0.43
52500	0.43	0.46	0.46	0	0	0.43
52600	0.44	0.46	0.46	0	0	0.44
52700	0.44	0.46	0.46	0	0	0.44
52800	0.44	0.43	0.43	0	0	0.44
52900	0.44	0.43	0.43	0	0	0.44
53000	0.43	0.43	0.43	0	0	0.43
53100	0.43	0.43	0.43	0	0	0.43
53200	0.43	0.43	0.43	0	0	0.43
53300	0.43	0.43	0.43	0	0	0.43
53400	0.43	0.43	0.43	0	0	0.43
53500	0.42	0.43	0.43	0	0	0.42
53600	0.42	0.43	0.43	0	0	0.42
53700	0.42	0.43	0.43	0	0	0.42
53800	0.41	0.43	0.43	0	0	0.41
53900	0.41	0.42	0.42	0	0	0.41
54000	0.41	0.42	0.42	0	0	0.41
54100	0.41	0.42	0.42	0	0	0.41
54200	0.41	0.43	0.43	0	0	0.41
54300	0.41	0.43	0.43	0	0	0.41
54400	0.41	0.42	0.42	0	0	0.41
54500	0.41	0.42	0.42	0	0	0.41
54600	0.41	0.42	0.42	0	0	0.41
54700	0.41	0.42	0.42	0	0	0.41
54800	0.41	0.42	0.42	0	0	0.41
54900	0.41	0.42	0.42	0	0	0.41
55000	0.41	0.42	0.42	0	0	0.41
55100	0.41	0.42	0.42	0	0	0.41
55200	0.41	0.42	0.42	0	0	0.41
55300	0.41	0.43	0.43	0	0	0.41
55400	0.41	0.43	0.43	0	0	0.41
55500	0.41	0.43	0.43	0	0	0.41
55600	0.41	0.43	0.43	0	0	0.41
55700	0.41	0.43	0.43	0	0	0.41
55800	0.41	0.44	0.44	0	0	0.41
55900	0.41	0.44	0.44	0	0	0.41
56000	0.41	0.43	0.43	0	0	0.41
56100	0.41	0.43	0.43	0	0	0.41
56200	0.41	0.43	0.43	0	0	0.41
56300	0.41	0.43	0.43	0	0	0.41
56400	0.41	0.44	0.44	0	0	0.41
56500	0.41	0.44	0.44	0	0	0.41
56600	0.41	0.44	0.44	0	0	0.41
56700	0.41	0.44	0.44	0	0	0.41
56800	0.41	0.44	0.44	0	0	0.41
56900	0.41	0.44	0.44	0	0	0.41
57000	0.41	0.45	0.45	0	0	0.41
57100	0.41	0.45	0.45	0	0	0.41
57200	0.42	0.45	0.45	0	0	0.42
57300	0.42	0.45	0.45	0	0	0.42
57400	0.42	0.45	0.45	0	0	0.42
57500	0.42	0.45	0.45	0	0	0.42
57600	0.42	0.45	0.45	0	0	0.42
57700	0.42	0.45	0.45	0	0	0.42
57800	0.43	0.45	0.45	0	0	0.43
57900	0.43	0.45	0.45	0	0	0.43
58000	0.43	0.45	0.45	0	0	0.43
58100	0.44	0.45	0.45	0	0	0.44
58200	0.43	0.45	0.45	0	0	0.43
58300	0.43	0.45	0.45	0	0	0.43
58400	0.43	0.45	0.45	0	0	0.43
58500	0.43	0.46	0.46	0	0	0.43
58600	0.43	0.46	0.46	0	0	0.43
58700	0.43	0.46	0.46	0	0	0.43
58800	0.43	0.46	0.46	0	0	0.43
58900	0.44	0.46	0.46	0	0	0.44
59000	0.44	0.46	0.46	0	0	0.44
59100	0.44	0.45	0.45	0	0	0.44
59200	0.44	0.45	0.45	0	0	0.44
59300	0.44	0.45	0.45	0	0	0.44
59400	0.44	0.45	0.45	0	0	0.44
59500	0.44	0.45	0.45	0	0	0.44
59600	0.44	0.45	0.45	0	0	0.44
59700	0.44	0.45	0.45	0	0	0.44
59800	0.44	0.45	0.45	0	0	0.44
59900	0.45	0.45	0.45	0	0	0.45
60000	0.45	0.45	0.45	0	0	0.45
60100	0.45	0.45	0.45	0	0	0.45
60200	0.45	0.45	0.45	0	0	0.45
60300	0.45	0.44	0.44	0	0	0.45
60400	0.45	0.44	0.44	0	0	0.45
60500	0.44	0.44	0.44	0	0	0.44
60600	0.45	0.44	0.44	0	0	0.45
60700	0.44	0.44	0.44	0	0	0.44
60800	0.44	0.44	0.44	0	0	0.44
60900	0.44	0.45	0.45	0	0	0.44
61000	0.44	0.45	0.45	0	0	0.44
61100	0.44	0.45	0.45	0	0	0.44
61200	0.44	0.45	0.45	0	0	0.44
61300	0.44	0.45	0.45	0	0	0.44
61400	0.44	0.45	0.45	0	0	0.44
61500	0.45	0.45	0.45	0	0	0.45
61600	0.45	0.45	0.45	0	0	0.45
61700	0.45	0.45	0.45	0	0	0.45
61800	0.45	0.45	0.45	0	0	0.45
61900	0.45	0.45	0.45	0	0	0.45
62000	0.45	0.45	0.45	0	0	0.45
62100	0.45	0.45	0.45	0	0	0.45
62200	0.46	0.44	0.44	0	0	0.46
62300	0.46	0.44	0.44	0	0	0.46
62400	0.46	0.44	0.44	0	0	0.46
62500	0.46	0.44	0.44	0	0	0.46
62600	0.46	0.44	0.44	0	0	0.46
62700	0.46	0.44	0.44	0	0	0.46
62800	0.46	0.43	0.43	0	0	0.46
62900	0.46	0.43	0.43	0	0	0.46
63000	0.46	0.43	0.43	0	0	0.46
63100	0.46	0.43	0.43	0	0	0.46
63200	0.46	0.43	0.43	0	0	0.46
63300	0.46	0.43	0.43	0	0	0.46
63400	0.47	0.43	0.43	0	0	0.47
63500	0.47	0.43	0.43	0	0	0.47
63600	0.46	0.44	0.44	0	0	0.46
63700	0.47	0.44	0.44	0	0	0.47
63800	0.47	0.44	0.44	0	0	0.47
63900	0.48	0.44	0.44	0	0	0.48
64000	0.48	0.44	0.44	0	0	0.48
64100	0.48	0.44	0.44	0	0	0.48
64200	0.48	0.44	0.44	0	0	0.48
64300	0.48	0.44	0.44	0	0	0.48
64400	0.48	0.44	0.44	0	0	0.48
64500	0.48	0.44	0.44	0	0	0.48
64600	0.48	0.44	0.44	0	0	0.48
64700	0.48	0.44	0.44	0	0	0.48
64800	0.48	0.44	0.44	0	0	0.48
64900	0.48	0.44	0.44	0	0	0.48
65000	0.48	0.44	0.44	0	0	0.48
65100	0.48	0.44	0.44	0	0	0.48
65200	0.49	0.44	0.44	0	0	0.49
65300	0.49	0.44	0.44	0	0	0.49
65400	0.49	0.44	0.44	0	0	0.49
65500	0.48	0.44	0.44	0	0	0.48
65600	0.48	0.44	0.44	0	0	0.48
65700	0.48	0.44	0.44	0	0	0.48
65800	0.49	0.44	0.44	0	0	0.49
65900	0.49	0.44	0.44	0	0	0.49
66000	0.5	0.44	0.44	0	0	0.5
66100	0.5	0.44	0.44	0	0	0.5
66200	0.48	0.44	0.44	0	0	0.48
66300	0.47	0.44	0.44	0	0	0.47
66400	0.47	0.44	0.44	0	0	0.47
66500	0.47	0.44	0.44	0	0	0.47
66600	0.47	0.44	0.44	0	0	0.47
66700	0.46	0.44	0.44	0	0	0.46
66800	0.46	0.44	0.44	0	0	0.46
66900	0.46	0.44	0.44	0	0	0.46
67000	0.45	0.44	0.44	0	0	0.45
67100	0.46	0.45	0.45	0	0	0.46
67200	0.46	0.45	0.45	0	0	0.46
67300	0.46	0.46	0.46	0	0	0.46
67400	0.46	0.46	0.46	0	0	0.46
67500	0.46	0.46	0.46	0	0	0.46
67600	0.46	0.46	0.46	0	0	0.46
67700	0.46	0.46	0.46	0	0	0.46
67800	0.46	0.46	0.46	0	0	0.46
67900	0.46	0.46	0.46	0	0	0.46
68000	0.46	0.46	0.46	0	0	0.46
68100	0.46	0.46	0.46	0	0	0.46
68200	0.46	0.46	0.46	0	0	0.46
68300	0.46	0.46	0.46	0	0	0.46
68400	0.46	0.46	0.46	0	0	0.46
68500	0.46	0.46	0.46	0	0	0.46
68600	0.45	0.47	0.47	0	0	0.45
68700	0.45	0.47	0.47	0	0	0.45
68800	0.45	0.47	0.47	0	0	0.45
68900	0.45	0.47	0.47	0	0	0.45
69000	0.45	0.47	0.47	0	0	0.45
69100	0.45	0.47	0.47	0	0	0.45
69200	0.45	0.47	0.47	0	0	0.45
69300	0.45	0.47	0.47	0	0	0.45
69400	0.46	0.46	0.46	0	0	0.46
69500	0.47	0.46	0.46	0	0	0.47
69600	0.47	0.46	0.46	0	0	0.47
69700	0.47	0.46	0.46	0	0	0.47
69800	0.47	0.46	0.46	0	0	0.47
69900	0.47	0.46	0.46	0	0	0.47
70000	0.47	0.46	0.46	0	0	0.47
70100	0.48	0.46	0.46	0	0	0.48
70200	0.48	0.46	0.46	0	0	0.48
70300	0.48	0.46	0.46	0	0	0.48
70400	0.48	0.46	0.46	0	0	0.48
70500	0.48	0.46	0.46	0	0	0.48
70600	0.48	0.46	0.46	0	0	0.48
70700	0.48	0.46	0.46	0	0	0.48
70800	0.48	0.46	0.46	0	0	0.48
70900	0.48	0.45	0.45	0	0	0.48
71000	0.48	0.45	0.45	0	0	0.48
71100	0.48	0.45	0.45	0	0	0.48
71200	0.48	0.45	0.45	0	0	0.48
71300	0.48	0.45	0.45	0	0	0.48
71400	0.48	0.45	0.45	0	0	0.48
71500	0.48	0.45	0.45	0	0	0.48
71600	0.48	0.45	0.45	0	0	0.48
71700	0.48	0.46	0.46	0	0	0.48
71800	0.48	0.46	0.46	0	0	0.48
71900	0.48	0.45	0.45	0	0	0.48
72000	0.48	0.45	0.45	0	0	0.48
72100	0.48	0.45	0.45	0	0	0.48
72200	0.48	0.45	0.45	0	0	0.48
72300	0.48	0.45	0.45	0	0	0.48
72400	0.49	0.45	0.45	0	0	0.49
72500	0.49	0.45	0.45	0	0	0.49
72600	0.49	0.45	0.45	0	0	0.49
72700	0.5	0.45	0.45	0	0	0.5
72800	0.5	0.45	0.45	0	0	0.5
72900	0.5	0.45	0.45	0	0	0.5
73000	0.49	0.45	0.45	0	0	0.49
73100	0.49	0.44	0.44	0	0	0.49
73200	0.49	0.44	0.44	0	0	0.49
73300	0.48	0.44	0.44	0	0	0.48
73400	0.48	0.44	0.44	0	0	0.48
73500	0.48	0.45	0.45	0	0	0.48
73600	0.48	0.45	0.45	0	0	0.48
73700	0.48	0.45	0.45	0	0	0.48
73800	0.48	0.45	0.45	0	0	0.48
73900	0.48	0.45	0.45	0	0	0.48
74000	0.48	0.45	0.45	0	0	0.48
74100	0.48	0.45	0.45	0	0	0.48
74200	0.48	0.45	0.45	0	0	0.48
74300	0.48	0.45	0.45	0	0	0.48
74400	0.48	0.45	0.45	0	0	0.48
74500	0.48	0.46	0.46	0	0	0.48
74600	0.48	0.45	0.45	0	0	0.48
74700	0.47	0.45	0.45	0	0	0.47
74800	0.46	0.45	0.45	0	0	0.46
74900	0.45	0.45	0.45	0	0	0.45
75000	0.45	0.45	0.45	0	0	0.45
75100	0.45	0.45	0.45	0	0	0.45
75200	0.45	0.46	0.46	0	0	0.45
75300	0.45	0.46	0.46	0	0	0.45
75400	0.45	0.46	0.46	0	0	0.45
75500	0.45	0.46	0.46	0	0	0.45
75600	0.45	0.46	0.46	0	0	0.45
75700	0.44	0.46	0.46	0	0	0.44
75800	0.44	0.46	0.46	0	0	0.44
75900	0.44	0.46	0.46	0	0	0.44
76000	0.44	0.46	0.46	0	0	0.44
76100	0.45	0.46	0.46	0	0	0.45
76200	0.45	0.46	0.46	0	0	0.45
76300	0.45	0.46	0.46	0	0	0.45
76400	0.45	0.46	0.46	0	0	0.45
76500	0.45	0.46	0.46	0	0	0.45
76600	0.45	0.46	0.46	0	0	0.45
76700	0.45	0.46	0.46	0	0	0.45
76800	0.45	0.46	0.46	0	0	0.45
76900	0.45	0.46	0.46	0	0	0.45
77000	0.45	0.46	0.46	0	0	0.45
77100	0.45	0.46	0.46	0	0	0.45
77200	0.45	0.46	0.46	0	0	0.45
77300	0.45	0.46	0.46	0	0	0.45
77400	0.46	0.46	0.46	0	0	0.46
77500	0.46	0.46	0.46	0	0	0.46
77600	0.43	0.46	0.46	0	0	0.43
77700	0.43	0.46	0.46	0	0	0.43
77800	0.43	0.46	0.46	0	0	0.43
77900	0.43	0.46	0.46	0	0	0.43
78000	0.43	0.46	0.46	0	0	0.43
78100	0.43	0.46	0.46	0	0	0.43
78200	0.43	0.46	0.46	0	0	0.43
78300	0.43	0.46	0.46	0	0	0.43
78400	0.43	0.46	0.46	0	0	0.43
78500	0.43	0.46	0.46	0	0	0.43
78600	0.43	0.46	0.46	0	0	0.43
78700	0.43	0.46	0.46	0	0	0.43
78800	0.43	0.47	0.47	0	0	0.43
78900	0.43	0.47	0.47	0	0	0.43
79000	0.43	0.47	0.47	0	0	0.43
79100	0.43	0.47	0.47	0	0	0.43
79200	0.43	0.47	0.47	0	0	0.43
79300	0.43	0.47	0.47	0	0	0.43
79400	0.43	0.47	0.47	0	0	0.43
79500	0.43	0.47	0.47	0	0	0.43
79600	0.43	0.47	0.47	0	0	0.43
79700	0.43	0.47	0.47	0	0	0.43
79800	0.43	0.47	0.47	0	0	0.43
79900	0.43	0.47	0.47	0	0	0.43
80000	0.43	0.47	0.47	0	0	0.43
80100	0.43	0.47	0.47	0	0	0.43
80200	0.43	0.47	0.47	0	0	0.43
80300	0.43	0.47	0.47	0	0	0.43
80400	0.44	0.47	0.47	0	0	0.44
80500	0.44	0.47	0.47	0	0	0.44
80600	0.44	0.47	0.47	0	0	0.44
80700	0.44	0.47	0.47	0	0	0.44
80800	0.44	0.47	0.47	0	0	0.44
80900	0.44	0.47	0.47	0	0	0.44
81000	0.44	0.47	0.47	0	0	0.44
81100	0.44	0.47	0.47	0	0	0.44
81200	0.44	0.47	0.47	0	0	0.44
81300	0.44	0.47	0.47	0	0	0.44
81400	0.44	0.47	0.47	0	0	0.44
81500	0.44	0.47	0.47	0	0	0.44
81600	0.44	0.47	0.47	0	0	0.44
81700	0.44	0.47	0.47	0	0	0.44
81800	0.44	0.47	0.47	0	0	0.44
81900	0.44	0.47	0.47	0	0	0.44
82000	0.44	0.47	0.47	0	0	0.44
82100	0.45	0.47	0.47	0	0	0.45
82200	0.45	0.47	0.47	0	0	0.45
82300	0.45	0.47	0.47	0	0	0.45
82400	0.45	0.47	0.47	0	0	0.45
82500	0.45	0.47	0.47	0	0	0.45
82600	0.45	0.47	0.47	0	0	0.45
82700	0.45	0.47	0.47	0	0	0.45
82800	0.45	0.47	0.47	0	0	0.45
82900	0.45	0.47	0.47	0	0	0.45
83000	0.45	0.47	0.47	0	0	0.45
83100	0.45	0.47	0.47	0	0	0.45
83200	0.45	0.47	0.47	0	0	0.45
83300	0.45	0.48	0.48	0	0	0.45
83400	0.45	0.48	0.48	0	0	0.45
83500	0.45	0.48	0.48	0	0	0.45
83600	0.46	0.48	0.48	0	0	0.46
83700	0.46	0.48	0.48	0	0	0.46
83800	0.45	0.48	0.48	0	0	0.45
83900	0.45	0.48	0.48	0	0	0.45
84000	0.45	0.48	0.48	0	0	0.45
84100	0.45	0.48	0.48	0	0	0.45
84200	0.45	0.48	0.48	0	0	0.45
84300	0.45	0.48	0.48	0	0	0.45
84400	0.45	0.48	0.48	0	0	0.45
84500	0.45	0.48	0.48	0	0	0.45
84600	0.45	0.48	0.48	0	0	0.45
84700	0.45	0.48	0.48	0	0	0.45
84800	0.45	0.48	0.48	0	0	0.45
84900	0.45	0.49	0.49	0	0	0.45
85000	0.45	0.49	0.49	0	0	0.45
85100	0.45	0.49	0.49	0	0	0.45
85200	0.45	0.49	0.49	0	0	0.45
85300	0.45	0.49	0.49	0	0	0.45
85400	0.45	0.49	0.49	0	0	0.45
85500	0.45	0.49	0.49	0	0	0.45
85600	0.45	0.49	0.49	0	0	0.45
85700	0.45	0.49	0.49	0	0	0.45
85800	0.45	0.49	0.49	0	0	0.45
85900	0.45	0.49	0.49	0	0	0.45
86000	0.45	0.49	0.49	0	0	0.45
86100	0.45	0.49	0.49	0	0	0.45
86200	0.45	0.5	0.5	0	0	0.45
86300	0.45	0.5	0.5	0	0	0.45
86400	0.45	0.5	0.5	0	0	0.45
86500	0.45	0.5	0.5	0	0	0.45
86600	0.45	0.5	0.5	0	0	0.45
86700	0.45	0.5	0.5	0	0	0.45
86800	0.45	0.49	0.49	0	0	0.45
86900	0.45	0.49	0.49	0	0	0.45
87000	0.45	0.49	0.49	0	0	0.45
87100	0.45	0.49	0.49	0	0	0.45
87200	0.45	0.49	0.49	0	0	0.45
87300	0.45	0.49	0.49	0	0	0.45
87400	0.45	0.49	0.49	0	0	0.45
87500	0.45	0.49	0.49	0	0	0.45
87600	0.44	0.49	0.49	0	0	0.44
87700	0.44	0.48	0.48	0	0	0.44
87800	0.44	0.49	0.49	0	0	0.44
87900	0.44	0.49	0.49	0	0	0.44
88000	0.44	0.49	0.49	0	0	0.44
88100	0.44	0.49	0.49	0	0	0.44
88200	0.44	0.49	0.49	0	0	0.44
88300	0.44	0.49	0.49	0	0	0.44
88400	0.44	0.49	0.49	0	0	0.44
88500	0.44	0.49	0.49	0	0	0.44
88600	0.44	0.49	0.49	0	0	0.44
88700	0.44	0.49	0.49	0	0	0.44
88800	0.44	0.49	0.49	0	0	0.44
88900	0.44	0.5	0.5	0	0	0.44
89000	0.44	0.5	0.5	0	0	0.44
89100	0.44	0.5	0.5	0	0	0.44
89200	0.44	0.5	0.5	0	0	0.44
89300	0.44	0.49	0.49	0	0	0.44
89400	0.44	0.49	0.49	0	0	0.44
89500	0.44	0.49	0.49	0	0	0.44
89600	0.44	0.49	0.49	0	0	0.44
89700	0.44	0.5	0.5	0	0	0.44
89800	0.44	0.5	0.5	0	0	0.44
89900	0.44	0.5	0.5	0	0	0.44
90000	0.44	0.5	0.5	0	0	0.44
90100	0.44	0.5	0.5	0	0	0.44
90200	0.44	0.49	0.49	0	0	0.44
90300	0.44	0.49	0.49	0	0	0.44
90400	0.44	0.49	0.49	0	0	0.44
90500	0.44	0.49	0.49	0	0	0.44
90600	0.44	0.49	0.49	0	0	0.44
90700	0.44	0.49	0.49	0	0	0.44
90800	0.44	0.49	0.49	0	0	0.44
90900	0.44	0.49	0.49	0	0	0.44
91000	0.44	0.49	0.49	0	0	0.44
91100	0.44	0.49	0.49	0	0	0.44
91200	0.44	0.49	0.49	0	0	0.44
91300	0.44	0.49	0.49	0	0	0.44
91400	0.44	0.49	0.49	0	0	0.44
91500	0.44	0.49	0.49	0	0	0.44
91600	0.44	0.49	0.49	0	0	0.44
91700	0.44	0.49	0.49	0	0	0.44
91800	0.44	0.49	0.49	0	0	0.44
91900	0.44	0.49	0.49	0	0	0.44
92000	0.44	0.49	0.49	0	0	0.44
92100	0.44	0.49	0.49	0	0	0.44
92200	0.44	0.49	0.49	0	0	0.44
92300	0.44	0.49	0.49	0	0	0.44
92400	0.44	0.49	0.49	0	0	0.44
92500	0.44	0.49	0.49	0	0	0.44
92600	0.44	0.49	0.49	0	0	0.44
92700	0.44	0.49	0.49	0	0	0.44
92800	0.44	0.49	0.49	0	0	0.44
92900	0.44	0.49	0.49	0	0	0.44
93000	0.44	0.49	0.49	0	0	0.44
93100	0.44	0.49	0.49	0	0	0.44
93200	0.44	0.49	0.49	0	0	0.44
93300	0.44	0.49	0.49	0	0	0.44
93400	0.44	0.49	0.49	0	0	0.44
93500	0.44	0.49	0.49	0	0	0.44
93600	0.44	0.49	0.49	0	0	0.44
93700	0.44	0.49	0.49	0	0	0.44
93800	0.44	0.49	0.49	0	0	0.44
93900	0.44	0.49	0.49	0	0	0.44
94000	0.44	0.49	0.49	0	0	0.44
94100	0.44	0.49	0.49	0	0	0.44
94200	0.44	0.49	0.49	0	0	0.44
94300	0.44	0.49	0.49	0	0	0.44
94400	0.44	0.49	0.49	0	0	0.44
94500	0.44	0.49	0.49	0	0	0.44
94600	0.44	0.49	0.49	0	0	0.44
94700	0.44	0.49	0.49	0	0	0.44
94800	0.44	0.49	0.49	0	0	0.44
94900	0.44	0.49	0.49	0	0	0.44
95000	0.44	0.49	0.49	0	0	0.44
95100	0.45	0.49	0.49	0	0	0.45
95200	0.44	0.49	0.49	0	0	0.44
95300	0.45	0.49	0.49	0	0	0.45
95400	0.46	0.49	0.49	0	0	0.46
95500	0.47	0.49	0.49	0	0	0.47
95600	0.47	0.49	0.49	0	0	0.47
95700	0.47	0.49	0.49	0	0	0.47
95800	0.47	0.49	0.49	0	0	0.47
95900	0.47	0.49	0.49	0	0	0.47
96000	0.46	0.49	0.49	0	0	0.46
96100	0.46	0.49	0.49	0	0	0.46
96200	0.47	0.49	0.49	0	0	0.47
96300	0.46	0.49	0.49	0	0	0.46
96400	0.46	0.49	0.49	0	0	0.46
96500	0.46	0.49	0.49	0	0	0.46
96600	0.46	0.49	0.49	0	0	0.46
96700	0.46	0.49	0.49	0	0	0.46
96800	0.46	0.49	0.49	0	0	0.46
96900	0.46	0.49	0.49	0	0	0.46
97000	0.46	0.49	0.49	0	0	0.46
97100	0.46	0.49	0.49	0	0	0.46
97200	0.46	0.49	0.49	0	0	0.46
97300	0.46	0.49	0.49	0	0	0.46
97400	0.46	0.49	0.49	0	0	0.46
97500	0.46	0.49	0.49	0	0	0.46
97600	0.46	0.49	0.49	0	0	0.46
97700	0.46	0.49	0.49	0	0	0.46
97800	0.46	0.49	0.49	0	0	0.46
97900	0.46	0.49	0.49	0	0	0.46
98000	0.46	0.49	0.49	0	0	0.46
98100	0.46	0.49	0.49	0	0	0.46
98200	0.46	0.49	0.49	0	0	0.46
98300	0.46	0.49	0.49	0	0	0.46
98400	0.46	0.49	0.49	0	0	0.46
98500	0.46	0.49	0.49	0	0	0.46
98600	0.46	0.49	0.49	0	0	0.46
98700	0.46	0.49	0.49	0	0	0.46
98800	0.46	0.49	0.49	0	0	0.46
98900	0.46	0.49	0.49	0	0	0.46
99000	0.46	0.49	0.49	0	0	0.46
99100	0.46	0.49	0.49	0	0	0.46
99200	0.46	0.5	0.5	0	0	0.46
99300	0.46	0.49	0.49	0	0	0.46
99400	0.46	0.49	0.49	0	0	0.46
99500	0.46	0.49	0.49	0	0	0.46
99600	0.46	0.49	0.49	0	0	0.46
99700	0.47	0.49	0.49	0	0	0.47
99800	0.47	0.49	0.49	0	0	0.47
99900	0.47	0.49	0.49	0	0	0.47
100000	0.47	0.49	0.49	0	0	0.47
100100	0.47	0.49	0.49	0	0	0.47
100200	0.47	0.49	0.49	0	0	0.47
100300	0.47	0.49	0.49	0	0	0.47
100400	0.47	0.49	0.49	0	0	0.47
100500	0.47	0.49	0.49	0	0	0.47
100600	0.47	0.49	0.49	0	0	0.47
100700	0.47	0.49	0.49	0	0	0.47
100800	0.47	0.49	0.49	0	0	0.47
100900	0.47	0.49	0.49	0	0	0.47
101000	0.47	0.49	0.49	0	0	0.47
101100	0.47	0.49	0.49	0	0	0.47
101200	0.47	0.49	0.49	0	0	0.47
101300	0.47	0.5	0.5	0	0	0.47
101400	0.47	0.5	0.5	0	0	0.47
101500	0.47	0.5	0.5	0	0	0.47
101600	0.47	0.5	0.5	0	0	0.47
101700	0.47	0.49	0.49	0	0	0.47
101800	0.47	0.49	0.49	0	0	0.47
101900	0.47	0.49	0.49	0	0	0.47
102000	0.47	0.49	0.49	0	0	0.47
102100	0.47	0.49	0.49	0	0	0.47
102200	0.47	0.49	0.49	0	0	0.47
102300	0.47	0.49	0.49	0	0	0.47
102400	0.47	0.49	0.49	0	0	0.47
102500	0.47	0.49	0.49	0	0	0.47
102600	0.47	0.5	0.5	0	0	0.47
102700	0.47	0.5	0.5	0	0	0.47
102800	0.47	0.5	0.5	0	0	0.47
102900	0.47	0.5	0.5	0	0	0.47
103000	0.47	0.5	0.5	0	0	0.47
103100	0.47	0.5	0.5	0	0	0.47
103200	0.47	0.5	0.5	0	0	0.47
103300	0.47	0.5	0.5	0	0	0.47
103400	0.47	0.5	0.5	0	0	0.47
103500	0.47	0.5	0.5	0	0	0.47
103600	0.47	0.5	0.5	0	0	0.47
103700	0.47	0.5	0.5	0	0	0.47
103800	0.47	0.5	0.5	0	0	0.47
103900	0.48	0.5	0.5	0	0	0.48
104000	0.48	0.5	0.5	0	0	0.48
104100	0.48	0.5	0.5	0	0	0.48
104200	0.48	0.5	0.5	0	0	0.48
104300	0.48	0.5	0.5	0	0	0.48
104400	0.48	0.5	0.5	0	0	0.48
104500	0.48	0.5	0.5	0	0	0.48
104600	0.48	0.5	0.5	0	0	0.48
104700	0.48	0.5	0.5	0	0	0.48
104800	0.48	0.5	0.5	0	0	0.48
104900	0.48	0.5	0.5	0	0	0.48
105000	0.47	0.5	0.5	0	0	0.47
105100	0.47	0.5	0.5	0	0	0.47
105200	0.47	0.5	0.5	0	0	0.47
105300	0.47	0.5	0.5	0	0	0.47
105400	0.47	0.5	0.5	0	0	0.47
105500	0.46	0.5	0.5	0	0	0.46
105600	0.46	0.5	0.5	0	0	0.46
105700	0.46	0.5	0.5	0	0	0.46
105800	0.46	0.5	0.5	0	0	0.46
105900	0.46	0.5	0.5	0	0	0.46
106000	0.46	0.5	0.5	0	0	0.46
106100	0.46	0.5	0.5	0	0	0.46
106200	0.47	0.5	0.5	0	0	0.47
106300	0.48	0.5	0.5	0	0	0.48
106400	0.48	0.5	0.5	0	0	0.48
106500	0.48	0.5	0.5	0	0	0.48
106600	0.48	0.5	0.5	0	0	0.48
106700	0.49	0.5	0.5	0	0	0.49
106800	0.49	0.5	0.5	0	0	0.49
106900	0.49	0.5	0.5	0	0	0.49
107000	0.49	0.5	0.5	0	0	0.49
107100	0.49	0.5	0.5	0	0	0.49
107200	0.49	0.5	0.5	0	0	0.49
107300	0.49	0.5	0.5	0	0	0.49
107400	0.49	0.5	0.5	0	0	0.49
107500	0.49	0.5	0.5	0	0	0.49
107600	0.49	0.5	0.5	0	0	0.49
107700	0.49	0.5	0.5	0	0	0.49
107800	0.49	0.5	0.5	0	0	0.49
107900	0.49	0.5	0.5	0	0	0.49
108000	0.49	0.5	0.5	0	0	0.49
108100	0.49	0.5	0.5	0	0	0.49
108200	0.49	0.5	0.5	0	0	0.49
108300	0.49	0.5	0.5	0	0	0.49
108400	0.48	0.5	0.5	0	0	0.48
108500	0.48	0.5	0.5	0	0	0.48
108600	0.48	0.5	0.5	0	0	0.48
108700	0.48	0.5	0.5	0	0	0.48
108800	0.48	0.5	0.5	0	0	0.48
108900	0.48	0.5	0.5	0	0	0.48
109000	0.48	0.5	0.5	0	0	0.48
109100	0.48	0.5	0.5	0	0	0.48
109200	0.48	0.49	0.49	0	0	0.48
109300	0.48	0.49	0.49	0	0	0.48
109400	0.48	0.49	0.49	0	0	0.48
109500	0.48	0.49	0.49	0	0	0.48
109600	0.48	0.49	0.49	0	0	0.48
109700	0.48	0.49	0.49	0	0	0.48
109800	0.48	0.49	0.49	0	0	0.48
109900	0.48	0.49	0.49	0	0	0.48
110000	0.48	0.49	0.49	0	0	0.48
110100	0.48	0.49	0.49	0	0	0.48
110200	0.48	0.49	0.49	0	0	0.48
110300	0.48	0.5	0.5	0	0	0.48
110400	0.48	0.5	0.5	0	0	0.48
110500	0.48	0.5	0.5	0	0	0.48
110600	0.48	0.5	0.5	0	0	0.48
110700	0.48	0.5	0.5	0	0	0.48
110800	0.48	0.5	0.5	0	0	0.48
110900	0.48	0.5	0.5	0	0	0.48
111000	0.48	0.5	0.5	0	0	0.48
111100	0.48	0.5	0.5	0	0	0.48
111200	0.48	0.5	0.5	0	0	0.48
111300	0.48	0.5	0.5	0	0	0.48
111400	0.48	0.5	0.5	0	0	0.48
111500	0.48	0.5	0.5	0	0	0.48
111600	0.48	0.5	0.5	0	0	0.48
111700	0.48	0.5	0.5	0	0	0.48
111800	0.48	0.5	0.5	0	0	0.48
111900	0.47	0.5	0.5	0	0	0.47
112000	0.47	0.5	0.5	0	0	0.47
112100	0.47	0.5	0.5	0	0	0.47
112200	0.47	0.5	0.5	0	0	0.47
112300	0.47	0.5	0.5	0	0	0.47
112400	0.47	0.5	0.5	0	0	0.47
112500	0.47	0.5	0.5	0	0	0.47
112600	0.47	0.5	0.5	0	0	0.47
112700	0.47	0.5	0.5	0	0	0.47
112800	0.47	0.5	0.5	0	0	0.47
112900	0.47	0.5	0.5	0	0	0.47
113000	0.46	0.5	0.5	0	0	0.46
113100	0.46	0.5	0.5	0	0	0.46
113200	0.46	0.5	0.5	0	0	0.46
113300	0.46	0.5	0.5	0	0	0.46
113400	0.46	0.5	0.5	0	0	0.46
113500	0.46	0.5	0.5	0	0	0.46
113600	0.46	0.5	0.5	0	0	0.46
113700	0.46	0.5	0.5	0	0	0.46
113800	0.46	0.5	0.5	0	0	0.46
113900	0.46	0.5	0.5	0	0	0.46
114000	0.46	0.5	0.5	0	0	0.46
114100	0.46	0.51	0.51	0	0	0.46
114200	0.46	0.51	0.51	0	0	0.46
114300	0.46	0.5	0.5	0	0	0.46
114400	0.46	0.5	0.5	0	0	0.46
114500	0.46	0.5	0.5	0	0	0.46
114600	0.46	0.5	0.5	0	0	0.46
114700	0.46	0.5	0.5	0	0	0.46
114800	0.46	0.5	0.5	0	0	0.46
114900	0.46	0.5	0.5	0	0	0.46
115000	0.46	0.5	0.5	0	0	0.46
115100	0.46	0.5	0.5	0	0	0.46
115200	0.46	0.5	0.5	0	0	0.46
115300	0.46	0.5	0.5	0	0	0.46
115400	0.46	0.5	0.5	0	0	0.46
115500	0.46	0.5	0.5	0	0	0.46
115600	0.46	0.5	0.5	0	0	0.46
115700	0.46	0.5	0.5	0	0	0.46
115800	0.46	0.5	0.5	0	0	0.46
115900	0.46	0.5	0.5	0	0	0.46
116000	0.46	0.5	0.5	0	0	0.46
116100	0.46	0.5	0.5	0	0	0.46
116200	0.46	0.5	0.5	0	0	0.46
116300	0.46	0.5	0.5	0	0	0.46
116400	0.47	0.5	0.5	0	0	0.47
116500	0.47	0.5	0.5	0	0	0.47
116600	0.47	0.5	0.5	0	0	0.47
116700	0.47	0.5	0.5	0	0	0.47
116800	0.47	0.5	0.5	0	0	0.47
116900	0.47	0.5	0.5	0	0	0.47
117000	0.47	0.5	0.5	0	0	0.47
117100	0.47	0.5	0.5	0	0	0.47
117200	0.47	0.5	0.5	0	0	0.47
117300	0.47	0.5	0.5	0	0	0.47
117400	0.47	0.5	0.5	0	0	0.47
117500	0.47	0.5	0.5	0	0	0.47
117600	0.47	0.49	0.49	0	0	0.47
117700	0.47	0.49	0.49	0	0	0.47
117800	0.47	0.49	0.49	0	0	0.47
117900	0.47	0.49	0.49	0	0	0.47
118000	0.47	0.49	0.49	0	0	0.47
118100	0.47	0.49	0.49	0	0	0.47
118200	0.47	0.49	0.49	0	0	0.47
118300	0.47	0.49	0.49	0	0	0.47
118400	0.47	0.49	0.49	0	0	0.47
118500	0.47	0.49	0.49	0	0	0.47
118600	0.47	0.49	0.49	0	0	0.47
118700	0.47	0.49	0.49	0	0	0.47
118800	0.47	0.49	0.49	0	0	0.47
118900	0.47	0.49	0.49	0	0	0.47
119000	0.47	0.49	0.49	0	0	0.47
119100	0.47	0.49	0.49	0	0	0.47
119200	0.47	0.49	0.49	0	0	0.47
119300	0.47	0.49	0.49	0	0	0.47
119400	0.47	0.49	0.49	0	0	0.47
119500	0.47	0.49	0.49	0	0	0.47
119600	0.47	0.49	0.49	0	0	0.47
119700	0.47	0.49	0.49	0	0	0.47
119800	0.47	0.5	0.5	0	0	0.47
119900	0.47	0.5	0.5	0	0	0.47
120000	0.47	0.5	0.5	0	0	0.47
120100	0.47	0.5	0.5	0	0	0.47
120200	0.47	0.5	0.5	0	0	0.47
120300	0.48	0.5	0.5	0	0	0.48
120400	0.48	0.5	0.5	0	0	0.48
120500	0.48	0.5	0.5	0	0	0.48
120600	0.48	0.5	0.5	0	0	0.48
120700	0.47	0.5	0.5	0	0	0.47
120800	0.47	0.5	0.5	0	0	0.47
120900	0.47	0.5	0.5	0	0	0.47
121000	0.47	0.5	0.5	0	0	0.47
121100	0.47	0.5	0.5	0	0	0.47
121200	0.47	0.5	0.5	0	0	0.47
121300	0.46	0.5	0.5	0	0	0.46
121400	0.46	0.5	0.5	0	0	0.46
121500	0.47	0.5	0.5	0	0	0.47
121600	0.47	0.5	0.5	0	0	0.47
121700	0.47	0.5	0.5	0	0	0.47
121800	0.47	0.5	0.5	0	0	0.47
121900	0.47	0.5	0.5	0	0	0.47
122000	0.47	0.5	0.5	0	0	0.47
122100	0.47	0.5	0.5	0	0	0.47
122200	0.47	0.5	0.5	0	0	0.47
122300	0.47	0.5	0.5	0	0	0.47
122400	0.47	0.5	0.5	0	0	0.47
122500	0.47	0.5	0.5	0	0	0.47
122600	0.47	0.5	0.5	0	0	0.47
122700	0.47	0.5	0.5	0	0	0.47
122800	0.47	0.5	0.5	0	0	0.47
122900	0.47	0.5	0.5	0	0	0.47
123000	0.47	0.5	0.5	0	0	0.47
123100	0.47	0.5	0.5	0	0	0.47
123200	0.47	0.5	0.5	0	0	0.47
123300	0.47	0.5	0.5	0	0	0.47
123400	0.47	0.5	0.5	0	0	0.47
123500	0.47	0.5	0.5	0	0	0.47
123600	0.47	0.5	0.5	0	0	0.47
123700	0.46	0.5	0.5	0	0	0.46
123800	0.46	0.5	0.5	0	0	0.46
123900	0.46	0.5	0.5	0	0	0.46
124000	0.46	0.5	0.5	0	0	0.46
124100	0.46	0.5	0.5	0	0	0.46
124200	0.46	0.5	0.5	0	0	0.46
124300	0.46	0.5	0.5	0	0	0.46
124400	0.47	0.5	0.5	0	0	0.47
124500	0.47	0.51	0.51	0	0	0.47
124600	0.47	0.51	0.51	0	0	0.47
124700	0.47	0.51	0.51	0	0	0.47
124800	0.47	0.51	0.51	0	0	0.47
124900	0.47	0.51	0.51	0	0	0.47
125000	0.47	0.51	0.51	0	0	0.47
125100	0.47	0.51	0.51	0	0	0.47
125200	0.47	0.51	0.51	0	0	0.47
125300	0.47	0.51	0.51	0	0	0.47
125400	0.47	0.51	0.51	0	0	0.47
125500	0.47	0.51	0.51	0	0	0.47
125600	0.47	0.51	0.51	0	0	0.47
125700	0.46	0.51	0.51	0	0	0.46
125800	0.46	0.51	0.51	0	0	0.46
125900	0.46	0.51	0.51	0	0	0.46
126000	0.46	0.51	0.51	0	0	0.46
126100	0.46	0.51	0.51	0	0	0.46
126200	0.46	0.52	0.52	0	0	0.46
126300	0.45	0.52	0.52	0	0	0.45
126400	0.45	0.52	0.52	0	0	0.45
126500	0.45	0.52	0.52	0	0	0.45
126600	0.45	0.52	0.52	0	0	0.45
126700	0.45	0.52	0.52	0	0	0.45
126800	0.45	0.52	0.52	0	0	0.45
126900	0.45	0.5	0.5	0	0	0.45
127000	0.44	0.5	0.5	0	0	0.44
127100	0.44	0.5	0.5	0	0	0.44
127200	0.44	0.5	0.5	0	0	0.44
127300	0.44	0.5	0.5	0	0	0.44
127400	0.44	0.5	0.5	0	0	0.44
127500	0.44	0.49	0.49	0	0	0.44
127600	0.44	0.49	0.49	0	0	0.44
127700	0.44	0.49	0.49	0	0	0.44
127800	0.44	0.49	0.49	0	0	0.44
127900	0.44	0.49	0.49	0	0	0.44
128000	0.44	0.49	0.49	0	0	0.44
128100	0.44	0.49	0.49	0	0	0.44
128200	0.43	0.49	0.49	0	0	0.43
128300	0.43	0.49	0.49	0	0	0.43
128400	0.43	0.49	0.49	0	0	0.43
128500	0.43	0.5	0.5	0	0	0.43
128600	0.43	0.5	0.5	0	0	0.43
128700	0.43	0.5	0.5	0	0	0.43
128800	0.44	0.5	0.5	0	0	0.44
128900	0.44	0.5	0.5	0	0	0.44
129000	0.44	0.5	0.5	0	0	0.44
129100	0.44	0.5	0.5	0	0	0.44
129200	0.43	0.5	0.5	0	0	0.43
129300	0.43	0.5	0.5	0	0	0.43
129400	0.43	0.5	0.5	0	0	0.43
129500	0.43	0.51	0.51	0	0	0.43
129600	0.43	0.51	0.51	0	0	0.43
129700	0.43	0.5	0.5	0	0	0.43
129800	0.43	0.49	0.49	0	0	0.43
129900	0.42	0.49	0.49	0	0	0.42
130000	0.42	0.49	0.49	0	0	0.42
130100	0.42	0.49	0.49	0	0	0.42
130200	0.43	0.49	0.49	0	0	0.43
130300	0.43	0.49	0.49	0	0	0.43
130400	0.42	0.49	0.49	0	0	0.42
130500	0.42	0.49	0.49	0	0	0.42
130600	0.42	0.49	0.49	0	0	0.42
130700	0.42	0.49	0.49	0	0	0.42
130800	0.42	0.49	0.49	0	0	0.42
130900	0.42	0.49	0.49	0	0	0.42
131000	0.41	0.49	0.49	0	0	0.41
131100	0.41	0.49	0.49	0	0	0.41
