100	0.06	0.08	0.08	0	0	0.06
200	0.1	0.09	0.09	0	0	0.1
300	0.1	0.12	0.12	0	0	0.1
400	0.11	0.1	0.1	0	0	0.11
500	0.11	0.11	0.11	0	0	0.11
600	0.12	0.1	0.1	0	0	0.12
700	0.12	0.1	0.1	0	0	0.12
800	0.12	0.11	0.11	0	0	0.12
900	0.14	0.13	0.13	0	0	0.14
1000	0.14	0.14	0.14	0	0	0.14
1100	0.14	0.13	0.13	0	0	0.14
1200	0.13	0.12	0.12	0	0	0.13
1300	0.13	0.14	0.14	0	0	0.13
1400	0.13	0.14	0.14	0	0	0.13
1500	0.14	0.13	0.13	0	0	0.14
1600	0.17	0.14	0.14	0	0	0.17
1700	0.16	0.12	0.12	0	0	0.16
1800	0.15	0.13	0.13	0	0	0.15
1900	0.15	0.14	0.14	0	0	0.15
2000	0.16	0.14	0.14	0	0	0.16
2100	0.17	0.15	0.15	0	0	0.17
2200	0.18	0.15	0.15	0	0	0.18
2300	0.18	0.18	0.18	0	0	0.18
2400	0.17	0.18	0.18	0	0	0.17
2500	0.19	0.17	0.17	0	0	0.19
2600	0.18	0.17	0.17	0	0	0.18
2700	0.18	0.16	0.16	0	0	0.18
2800	0.18	0.16	0.16	0	0	0.18
2900	0.18	0.15	0.15	0	0	0.18
3000	0.19	0.16	0.16	0	0	0.19
3100	0.19	0.18	0.18	0	0	0.19
3200	0.2	0.18	0.18	0	0	0.2
3300	0.18	0.18	0.18	0	0	0.18
3400	0.18	0.19	0.19	0	0	0.18
3500	0.2	0.19	0.19	0	0	0.2
3600	0.2	0.21	0.21	0	0	0.2
3700	0.21	0.21	0.21	0	0	0.21
3800	0.21	0.2	0.2	0	0	0.21
3900	0.19	0.19	0.19	0	0	0.19
4000	0.21	0.2	0.2	0	0	0.21
4100	0.23	0.2	0.2	0	0	0.23
4200	0.22	0.19	0.19	0	0	0.22
4300	0.22	0.18	0.18	0	0	0.22
4400	0.21	0.2	0.2	0	0	0.21
4500	0.21	0.2	0.2	0	0	0.21
4600	0.21	0.21	0.21	0	0	0.21
4700	0.21	0.21	0.21	0	0	0.21
4800	0.21	0.21	0.21	0	0	0.21
4900	0.21	0.22	0.22	0	0	0.21
5000	0.22	0.23	0.23	0	0	0.22
5100	0.23	0.24	0.24	0	0	0.23
5200	0.24	0.26	0.26	0	0	0.24
5300	0.23	0.24	0.24	0	0	0.23
5400	0.23	0.21	0.21	0	0	0.23
5500	0.23	0.21	0.21	0	0	0.23
5600	0.23	0.2	0.2	0	0	0.23
5700	0.23	0.22	0.22	0	0	0.23
5800	0.24	0.21	0.21	0	0	0.24
5900	0.25	0.18	0.18	0	0	0.25
6000	0.25	0.19	0.19	0	0	0.25
6100	0.24	0.21	0.21	0	0	0.24
6200	0.24	0.21	0.21	0	0	0.24
6300	0.24	0.21	0.21	0	0	0.24
6400	0.23	0.22	0.22	0	0	0.23
6500	0.22	0.21	0.21	0	0	0.22
6600	0.24	0.21	0.21	0	0	0.24
6700	0.23	0.21	0.21	0	0	0.23
6800	0.23	0.21	0.21	0	0	0.23
6900	0.23	0.21	0.21	0	0	0.23
7000	0.22	0.21	0.21	0	0	0.22
7100	0.22	0.21	0.21	0	0	0.22
7200	0.22	0.23	0.23	0	0	0.22
7300	0.23	0.23	0.23	0	0	0.23
7400	0.23	0.23	0.23	0	0	0.23
7500	0.24	0.23	0.23	0	0	0.24
7600	0.25	0.24	0.24	0	0	0.25
7700	0.25	0.25	0.25	0	0	0.25
7800	0.25	0.27	0.27	0	0	0.25
7900	0.26	0.28	0.28	0	0	0.26
8000	0.24	0.26	0.26	0	0	0.24
8100	0.24	0.26	0.26	0	0	0.24
8200	0.24	0.26	0.26	0	0	0.24
8300	0.25	0.26	0.26	0	0	0.25
8400	0.25	0.26	0.26	0	0	0.25
8500	0.25	0.25	0.25	0	0	0.25
8600	0.25	0.24	0.24	0	0	0.25
8700	0.26	0.22	0.22	0	0	0.26
8800	0.26	0.22	0.22	0	0	0.26
8900	0.27	0.21	0.21	0	0	0.27
9000	0.28	0.2	0.2	0	0	0.28
9100	0.28	0.2	0.2	0	0	0.28
9200	0.26	0.2	0.2	0	0	0.26
9300	0.26	0.21	0.21	0	0	0.26
9400	0.26	0.2	0.2	0	0	0.26
9500	0.26	0.21	0.21	0	0	0.26
9600	0.26	0.21	0.21	0	0	0.26
9700	0.26	0.23	0.23	0	0	0.26
9800	0.26	0.23	0.23	0	0	0.26
9900	0.26	0.23	0.23	0	0	0.26
10000	0.27	0.26	0.26	0	0	0.27
10100	0.27	0.25	0.25	0	0	0.27
10200	0.27	0.26	0.26	0	0	0.27
10300	0.27	0.27	0.27	0	0	0.27
10400	0.28	0.24	0.24	0	0	0.28
10500	0.28	0.24	0.24	0	0	0.28
10600	0.29	0.24	0.24	0	0	0.29
10700	0.29	0.25	0.25	0	0	0.29
10800	0.3	0.24	0.24	0	0	0.3
10900	0.29	0.24	0.24	0	0	0.29
11000	0.29	0.24	0.24	0	0	0.29
11100	0.3	0.25	0.25	0	0	0.3
11200	0.31	0.26	0.26	0	0	0.31
11300	0.3	0.26	0.26	0	0	0.3
11400	0.29	0.26	0.26	0	0	0.29
11500	0.29	0.26	0.26	0	0	0.29
11600	0.27	0.26	0.26	0	0	0.27
11700	0.26	0.25	0.25	0	0	0.26
11800	0.27	0.25	0.25	0	0	0.27
11900	0.28	0.26	0.26	0	0	0.28
12000	0.26	0.26	0.26	0	0	0.26
12100	0.25	0.25	0.25	0	0	0.25
12200	0.25	0.25	0.25	0	0	0.25
12300	0.25	0.25	0.25	0	0	0.25
12400	0.24	0.25	0.25	0	0	0.24
12500	0.24	0.26	0.26	0	0	0.24
12600	0.24	0.26	0.26	0	0	0.24
12700	0.24	0.26	0.26	0	0	0.24
12800	0.25	0.26	0.26	0	0	0.25
12900	0.25	0.26	0.26	0	0	0.25
13000	0.24	0.26	0.26	0	0	0.24
13100	0.25	0.25	0.25	0	0	0.25
13200	0.25	0.25	0.25	0	0	0.25
13300	0.25	0.25	0.25	0	0	0.25
13400	0.26	0.25	0.25	0	0	0.26
13500	0.25	0.26	0.26	0	0	0.25
13600	0.25	0.26	0.26	0	0	0.25
13700	0.25	0.26	0.26	0	0	0.25
13800	0.26	0.26	0.26	0	0	0.26
13900	0.25	0.26	0.26	0	0	0.25
14000	0.23	0.26	0.26	0	0	0.23
14100	0.23	0.26	0.26	0	0	0.23
14200	0.23	0.26	0.26	0	0	0.23
14300	0.23	0.26	0.26	0	0	0.23
14400	0.24	0.28	0.28	0	0	0.24
14500	0.24	0.29	0.29	0	0	0.24
14600	0.24	0.29	0.29	0	0	0.24
14700	0.25	0.3	0.3	0	0	0.25
14800	0.25	0.31	0.31	0	0	0.25
14900	0.24	0.29	0.29	0	0	0.24
15000	0.22	0.28	0.28	0	0	0.22
15100	0.22	0.27	0.27	0	0	0.22
15200	0.2	0.27	0.27	0	0	0.2
15300	0.21	0.29	0.29	0	0	0.21
15400	0.22	0.28	0.28	0	0	0.22
15500	0.22	0.28	0.28	0	0	0.22
15600	0.22	0.28	0.28	0	0	0.22
15700	0.22	0.28	0.28	0	0	0.22
15800	0.23	0.29	0.29	0	0	0.23
15900	0.23	0.29	0.29	0	0	0.23
16000	0.24	0.27	0.27	0	0	0.24
16100	0.24	0.27	0.27	0	0	0.24
16200	0.24	0.28	0.28	0	0	0.24
16300	0.24	0.29	0.29	0	0	0.24
16400	0.24	0.27	0.27	0	0	0.24
16500	0.24	0.27	0.27	0	0	0.24
16600	0.24	0.29	0.29	0	0	0.24
16700	0.24	0.28	0.28	0	0	0.24
16800	0.24	0.29	0.29	0	0	0.24
16900	0.24	0.28	0.28	0	0	0.24
17000	0.24	0.28	0.28	0	0	0.24
17100	0.25	0.3	0.3	0	0	0.25
17200	0.25	0.3	0.3	0	0	0.25
17300	0.26	0.3	0.3	0	0	0.26
17400	0.26	0.3	0.3	0	0	0.26
17500	0.27	0.31	0.31	0	0	0.27
17600	0.28	0.31	0.31	0	0	0.28
17700	0.27	0.31	0.31	0	0	0.27
17800	0.27	0.3	0.3	0	0	0.27
17900	0.27	0.3	0.3	0	0	0.27
18000	0.27	0.3	0.3	0	0	0.27
18100	0.27	0.3	0.3	0	0	0.27
18200	0.25	0.3	0.3	0	0	0.25
18300	0.25	0.31	0.31	0	0	0.25
18400	0.25	0.32	0.32	0	0	0.25
18500	0.24	0.32	0.32	0	0	0.24
18600	0.24	0.31	0.31	0	0	0.24
18700	0.25	0.31	0.31	0	0	0.25
18800	0.25	0.31	0.31	0	0	0.25
18900	0.25	0.31	0.31	0	0	0.25
19000	0.25	0.31	0.31	0	0	0.25
19100	0.25	0.31	0.31	0	0	0.25
19200	0.25	0.31	0.31	0	0	0.25
19300	0.25	0.32	0.32	0	0	0.25
19400	0.25	0.32	0.32	0	0	0.25
19500	0.26	0.32	0.32	0	0	0.26
19600	0.26	0.33	0.33	0	0	0.26
19700	0.26	0.34	0.34	0	0	0.26
19800	0.26	0.34	0.34	0	0	0.26
19900	0.26	0.34	0.34	0	0	0.26
20000	0.26	0.33	0.33	0	0	0.26
20100	0.25	0.34	0.34	0	0	0.25
20200	0.24	0.33	0.33	0	0	0.24
20300	0.24	0.32	0.32	0	0	0.24
20400	0.25	0.32	0.32	0	0	0.25
20500	0.26	0.31	0.31	0	0	0.26
20600	0.26	0.32	0.32	0	0	0.26
20700	0.26	0.31	0.31	0	0	0.26
20800	0.26	0.31	0.31	0	0	0.26
20900	0.26	0.31	0.31	0	0	0.26
21000	0.26	0.31	0.31	0	0	0.26
21100	0.27	0.31	0.31	0	0	0.27
21200	0.27	0.33	0.33	0	0	0.27
21300	0.26	0.34	0.34	0	0	0.26
21400	0.26	0.33	0.33	0	0	0.26
21500	0.27	0.33	0.33	0	0	0.27
21600	0.27	0.34	0.34	0	0	0.27
21700	0.28	0.34	0.34	0	0	0.28
21800	0.28	0.35	0.35	0	0	0.28
21900	0.28	0.34	0.34	0	0	0.28
22000	0.28	0.36	0.36	0	0	0.28
22100	0.29	0.36	0.36	0	0	0.29
22200	0.29	0.36	0.36	0	0	0.29
22300	0.29	0.36	0.36	0	0	0.29
22400	0.3	0.36	0.36	0	0	0.3
22500	0.3	0.35	0.35	0	0	0.3
22600	0.3	0.35	0.35	0	0	0.3
22700	0.3	0.35	0.35	0	0	0.3
22800	0.31	0.36	0.36	0	0	0.31
22900	0.31	0.36	0.36	0	0	0.31
23000	0.31	0.35	0.35	0	0	0.31
23100	0.31	0.35	0.35	0	0	0.31
23200	0.31	0.34	0.34	0	0	0.31
23300	0.31	0.34	0.34	0	0	0.31
23400	0.32	0.35	0.35	0	0	0.32
23500	0.3	0.35	0.35	0	0	0.3
23600	0.29	0.35	0.35	0	0	0.29
23700	0.29	0.35	0.35	0	0	0.29
23800	0.3	0.35	0.35	0	0	0.3
23900	0.3	0.35	0.35	0	0	0.3
24000	0.31	0.35	0.35	0	0	0.31
24100	0.3	0.35	0.35	0	0	0.3
24200	0.29	0.35	0.35	0	0	0.29
24300	0.29	0.36	0.36	0	0	0.29
24400	0.28	0.36	0.36	0	0	0.28
24500	0.28	0.36	0.36	0	0	0.28
24600	0.28	0.36	0.36	0	0	0.28
24700	0.28	0.36	0.36	0	0	0.28
24800	0.27	0.37	0.37	0	0	0.27
24900	0.28	0.37	0.37	0	0	0.28
25000	0.27	0.37	0.37	0	0	0.27
25100	0.27	0.37	0.37	0	0	0.27
25200	0.28	0.38	0.38	0	0	0.28
25300	0.28	0.38	0.38	0	0	0.28
25400	0.29	0.38	0.38	0	0	0.29
25500	0.28	0.38	0.38	0	0	0.28
25600	0.28	0.39	0.39	0	0	0.28
25700	0.28	0.38	0.38	0	0	0.28
25800	0.28	0.38	0.38	0	0	0.28
25900	0.28	0.38	0.38	0	0	0.28
26000	0.28	0.39	0.39	0	0	0.28
26100	0.28	0.39	0.39	0	0	0.28
26200	0.3	0.39	0.39	0	0	0.3
26300	0.32	0.38	0.38	0	0	0.32
26400	0.32	0.38	0.38	0	0	0.32
26500	0.32	0.36	0.36	0	0	0.32
26600	0.33	0.33	0.33	0	0	0.33
26700	0.33	0.33	0.33	0	0	0.33
26800	0.34	0.34	0.34	0	0	0.34
26900	0.34	0.33	0.33	0	0	0.34
27000	0.34	0.33	0.33	0	0	0.34
27100	0.34	0.32	0.32	0	0	0.34
27200	0.35	0.33	0.33	0	0	0.35
27300	0.35	0.34	0.34	0	0	0.35
27400	0.36	0.34	0.34	0	0	0.36
27500	0.36	0.35	0.35	0	0	0.36
27600	0.36	0.36	0.36	0	0	0.36
27700	0.36	0.35	0.35	0	0	0.36
27800	0.33	0.35	0.35	0	0	0.33
27900	0.31	0.35	0.35	0	0	0.31
28000	0.31	0.35	0.35	0	0	0.31
28100	0.29	0.35	0.35	0	0	0.29
28200	0.3	0.36	0.36	0	0	0.3
28300	0.3	0.36	0.36	0	0	0.3
28400	0.3	0.36	0.36	0	0	0.3
28500	0.3	0.36	0.36	0	0	0.3
28600	0.3	0.36	0.36	0	0	0.3
28700	0.3	0.37	0.37	0	0	0.3
28800	0.3	0.37	0.37	0	0	0.3
28900	0.31	0.38	0.38	0	0	0.31
29000	0.31	0.38	0.38	0	0	0.31
29100	0.31	0.38	0.38	0	0	0.31
29200	0.31	0.38	0.38	0	0	0.31
29300	0.32	0.38	0.38	0	0	0.32
29400	0.32	0.38	0.38	0	0	0.32
29500	0.32	0.38	0.38	0	0	0.32
29600	0.33	0.38	0.38	0	0	0.33
29700	0.33	0.38	0.38	0	0	0.33
29800	0.33	0.37	0.37	0	0	0.33
29900	0.33	0.37	0.37	0	0	0.33
30000	0.33	0.37	0.37	0	0	0.33
30100	0.33	0.37	0.37	0	0	0.33
30200	0.33	0.37	0.37	0	0	0.33
30300	0.33	0.38	0.38	0	0	0.33
30400	0.33	0.38	0.38	0	0	0.33
30500	0.33	0.39	0.39	0	0	0.33
30600	0.33	0.39	0.39	0	0	0.33
30700	0.32	0.39	0.39	0	0	0.32
30800	0.32	0.39	0.39	0	0	0.32
30900	0.32	0.39	0.39	0	0	0.32
31000	0.32	0.39	0.39	0	0	0.32
31100	0.32	0.4	0.4	0	0	0.32
31200	0.33	0.41	0.41	0	0	0.33
31300	0.33	0.41	0.41	0	0	0.33
31400	0.33	0.4	0.4	0	0	0.33
31500	0.35	0.42	0.42	0	0	0.35
31600	0.35	0.43	0.43	0	0	0.35
31700	0.35	0.42	0.42	0	0	0.35
31800	0.35	0.42	0.42	0	0	0.35
31900	0.35	0.42	0.42	0	0	0.35
32000	0.34	0.42	0.42	0	0	0.34
32100	0.33	0.42	0.42	0	0	0.33
32200	0.33	0.43	0.43	0	0	0.33
32300	0.33	0.42	0.42	0	0	0.33
32400	0.33	0.42	0.42	0	0	0.33
32500	0.34	0.42	0.42	0	0	0.34
32600	0.34	0.42	0.42	0	0	0.34
32700	0.34	0.42	0.42	0	0	0.34
32800	0.34	0.41	0.41	0	0	0.34
32900	0.34	0.41	0.41	0	0	0.34
33000	0.34	0.42	0.42	0	0	0.34
33100	0.34	0.42	0.42	0	0	0.34
33200	0.34	0.42	0.42	0	0	0.34
33300	0.34	0.42	0.42	0	0	0.34
33400	0.34	0.42	0.42	0	0	0.34
33500	0.34	0.4	0.4	0	0	0.34
33600	0.34	0.4	0.4	0	0	0.34
33700	0.34	0.4	0.4	0	0	0.34
33800	0.34	0.4	0.4	0	0	0.34
33900	0.34	0.4	0.4	0	0	0.34
34000	0.34	0.41	0.41	0	0	0.34
34100	0.34	0.42	0.42	0	0	0.34
34200	0.34	0.42	0.42	0	0	0.34
34300	0.34	0.43	0.43	0	0	0.34
34400	0.36	0.43	0.43	0	0	0.36
34500	0.36	0.42	0.42	0	0	0.36
34600	0.36	0.42	0.42	0	0	0.36
34700	0.35	0.42	0.42	0	0	0.35
34800	0.36	0.41	0.41	0	0	0.36
34900	0.36	0.4	0.4	0	0	0.36
35000	0.36	0.4	0.4	0	0	0.36
35100	0.37	0.41	0.41	0	0	0.37
35200	0.38	0.41	0.41	0	0	0.38
35300	0.37	0.41	0.41	0	0	0.37
35400	0.37	0.42	0.42	0	0	0.37
35500	0.37	0.42	0.42	0	0	0.37
35600	0.37	0.42	0.42	0	0	0.37
35700	0.37	0.43	0.43	0	0	0.37
35800	0.38	0.43	0.43	0	0	0.38
35900	0.39	0.43	0.43	0	0	0.39
36000	0.4	0.44	0.44	0	0	0.4
36100	0.4	0.44	0.44	0	0	0.4
36200	0.39	0.44	0.44	0	0	0.39
36300	0.39	0.44	0.44	0	0	0.39
36400	0.39	0.44	0.44	0	0	0.39
36500	0.38	0.44	0.44	0	0	0.38
36600	0.38	0.44	0.44	0	0	0.38
36700	0.38	0.44	0.44	0	0	0.38
36800	0.39	0.44	0.44	0	0	0.39
36900	0.39	0.44	0.44	0	0	0.39
37000	0.39	0.43	0.43	0	0	0.39
37100	0.39	0.43	0.43	0	0	0.39
37200	0.39	0.43	0.43	0	0	0.39
37300	0.38	0.43	0.43	0	0	0.38
37400	0.38	0.43	0.43	0	0	0.38
37500	0.38	0.43	0.43	0	0	0.38
37600	0.38	0.43	0.43	0	0	0.38
37700	0.38	0.43	0.43	0	0	0.38
37800	0.38	0.43	0.43	0	0	0.38
37900	0.38	0.43	0.43	0	0	0.38
38000	0.38	0.43	0.43	0	0	0.38
38100	0.37	0.43	0.43	0	0	0.37
38200	0.37	0.43	0.43	0	0	0.37
38300	0.37	0.43	0.43	0	0	0.37
38400	0.37	0.43	0.43	0	0	0.37
38500	0.37	0.43	0.43	0	0	0.37
38600	0.37	0.43	0.43	0	0	0.37
38700	0.36	0.43	0.43	0	0	0.36
38800	0.35	0.44	0.44	0	0	0.35
38900	0.35	0.43	0.43	0	0	0.35
39000	0.36	0.44	0.44	0	0	0.36
39100	0.36	0.44	0.44	0	0	0.36
39200	0.36	0.44	0.44	0	0	0.36
39300	0.35	0.44	0.44	0	0	0.35
39400	0.35	0.44	0.44	0	0	0.35
39500	0.35	0.44	0.44	0	0	0.35
39600	0.35	0.44	0.44	0	0	0.35
39700	0.35	0.43	0.43	0	0	0.35
39800	0.35	0.43	0.43	0	0	0.35
39900	0.35	0.44	0.44	0	0	0.35
40000	0.36	0.43	0.43	0	0	0.36
40100	0.36	0.43	0.43	0	0	0.36
40200	0.36	0.43	0.43	0	0	0.36
40300	0.36	0.43	0.43	0	0	0.36
40400	0.36	0.44	0.44	0	0	0.36
40500	0.35	0.44	0.44	0	0	0.35
40600	0.35	0.44	0.44	0	0	0.35
40700	0.35	0.44	0.44	0	0	0.35
40800	0.34	0.44	0.44	0	0	0.34
40900	0.34	0.44	0.44	0	0	0.34
41000	0.34	0.44	0.44	0	0	0.34
41100	0.34	0.44	0.44	0	0	0.34
41200	0.34	0.44	0.44	0	0	0.34
41300	0.34	0.45	0.45	0	0	0.34
41400	0.34	0.45	0.45	0	0	0.34
41500	0.34	0.45	0.45	0	0	0.34
41600	0.34	0.44	0.44	0	0	0.34
41700	0.34	0.46	0.46	0	0	0.34
41800	0.35	0.47	0.47	0	0	0.35
41900	0.35	0.47	0.47	0	0	0.35
42000	0.35	0.47	0.47	0	0	0.35
42100	0.35	0.46	0.46	0	0	0.35
42200	0.35	0.46	0.46	0	0	0.35
42300	0.35	0.47	0.47	0	0	0.35
42400	0.35	0.47	0.47	0	0	0.35
42500	0.34	0.47	0.47	0	0	0.34
42600	0.35	0.48	0.48	0	0	0.35
42700	0.36	0.48	0.48	0	0	0.36
42800	0.36	0.48	0.48	0	0	0.36
42900	0.34	0.48	0.48	0	0	0.34
43000	0.33	0.48	0.48	0	0	0.33
43100	0.33	0.48	0.48	0	0	0.33
43200	0.33	0.48	0.48	0	0	0.33
43300	0.33	0.48	0.48	0	0	0.33
43400	0.32	0.48	0.48	0	0	0.32
43500	0.32	0.48	0.48	0	0	0.32
43600	0.32	0.47	0.47	0	0	0.32
43700	0.32	0.47	0.47	0	0	0.32
43800	0.32	0.47	0.47	0	0	0.32
43900	0.32	0.47	0.47	0	0	0.32
44000	0.32	0.46	0.46	0	0	0.32
44100	0.32	0.46	0.46	0	0	0.32
44200	0.32	0.46	0.46	0	0	0.32
44300	0.32	0.46	0.46	0	0	0.32
44400	0.32	0.46	0.46	0	0	0.32
44500	0.34	0.46	0.46	0	0	0.34
44600	0.34	0.46	0.46	0	0	0.34
44700	0.35	0.46	0.46	0	0	0.35
44800	0.35	0.46	0.46	0	0	0.35
44900	0.35	0.46	0.46	0	0	0.35
45000	0.35	0.47	0.47	0	0	0.35
45100	0.34	0.46	0.46	0	0	0.34
45200	0.34	0.46	0.46	0	0	0.34
45300	0.34	0.46	0.46	0	0	0.34
45400	0.34	0.46	0.46	0	0	0.34
45500	0.34	0.47	0.47	0	0	0.34
45600	0.34	0.47	0.47	0	0	0.34
45700	0.34	0.48	0.48	0	0	0.34
45800	0.35	0.49	0.49	0	0	0.35
45900	0.35	0.49	0.49	0	0	0.35
46000	0.35	0.49	0.49	0	0	0.35
46100	0.34	0.49	0.49	0	0	0.34
46200	0.34	0.49	0.49	0	0	0.34
46300	0.34	0.49	0.49	0	0	0.34
46400	0.34	0.49	0.49	0	0	0.34
46500	0.34	0.49	0.49	0	0	0.34
46600	0.34	0.49	0.49	0	0	0.34
46700	0.34	0.49	0.49	0	0	0.34
46800	0.34	0.49	0.49	0	0	0.34
46900	0.34	0.49	0.49	0	0	0.34
47000	0.34	0.49	0.49	0	0	0.34
47100	0.34	0.49	0.49	0	0	0.34
47200	0.34	0.49	0.49	0	0	0.34
47300	0.34	0.49	0.49	0	0	0.34
47400	0.34	0.49	0.49	0	0	0.34
47500	0.34	0.49	0.49	0	0	0.34
47600	0.34	0.5	0.5	0	0	0.34
47700	0.34	0.49	0.49	0	0	0.34
47800	0.34	0.48	0.48	0	0	0.34
47900	0.34	0.48	0.48	0	0	0.34
48000	0.34	0.48	0.48	0	0	0.34
48100	0.34	0.48	0.48	0	0	0.34
48200	0.34	0.48	0.48	0	0	0.34
48300	0.34	0.48	0.48	0	0	0.34
48400	0.34	0.48	0.48	0	0	0.34
48500	0.34	0.48	0.48	0	0	0.34
48600	0.34	0.48	0.48	0	0	0.34
48700	0.34	0.49	0.49	0	0	0.34
48800	0.34	0.48	0.48	0	0	0.34
48900	0.34	0.48	0.48	0	0	0.34
49000	0.34	0.48	0.48	0	0	0.34
49100	0.34	0.5	0.5	0	0	0.34
49200	0.33	0.48	0.48	0	0	0.33
49300	0.33	0.49	0.49	0	0	0.33
49400	0.33	0.48	0.48	0	0	0.33
49500	0.33	0.48	0.48	0	0	0.33
49600	0.33	0.48	0.48	0	0	0.33
49700	0.32	0.48	0.48	0	0	0.32
49800	0.32	0.49	0.49	0	0	0.32
49900	0.32	0.48	0.48	0	0	0.32
50000	0.32	0.48	0.48	0	0	0.32
50100	0.32	0.48	0.48	0	0	0.32
50200	0.32	0.47	0.47	0	0	0.32
50300	0.32	0.47	0.47	0	0	0.32
50400	0.32	0.47	0.47	0	0	0.32
50500	0.32	0.46	0.46	0	0	0.32
50600	0.32	0.46	0.46	0	0	0.32
50700	0.32	0.45	0.45	0	0	0.32
50800	0.32	0.46	0.46	0	0	0.32
50900	0.32	0.46	0.46	0	0	0.32
51000	0.32	0.46	0.46	0	0	0.32
51100	0.32	0.46	0.46	0	0	0.32
51200	0.32	0.47	0.47	0	0	0.32
51300	0.32	0.47	0.47	0	0	0.32
51400	0.32	0.46	0.46	0	0	0.32
51500	0.32	0.46	0.46	0	0	0.32
51600	0.32	0.46	0.46	0	0	0.32
51700	0.32	0.46	0.46	0	0	0.32
51800	0.32	0.46	0.46	0	0	0.32
51900	0.32	0.46	0.46	0	0	0.32
52000	0.32	0.46	0.46	0	0	0.32
52100	0.32	0.45	0.45	0	0	0.32
52200	0.32	0.45	0.45	0	0	0.32
52300	0.32	0.45	0.45	0	0	0.32
52400	0.32	0.45	0.45	0	0	0.32
52500	0.32	0.45	0.45	0	0	0.32
52600	0.32	0.45	0.45	0	0	0.32
52700	0.32	0.45	0.45	0	0	0.32
52800	0.32	0.46	0.46	0	0	0.32
52900	0.32	0.46	0.46	0	0	0.32
53000	0.32	0.45	0.45	0	0	0.32
53100	0.32	0.45	0.45	0	0	0.32
53200	0.32	0.45	0.45	0	0	0.32
53300	0.32	0.46	0.46	0	0	0.32
53400	0.32	0.46	0.46	0	0	0.32
53500	0.32	0.46	0.46	0	0	0.32
53600	0.32	0.47	0.47	0	0	0.32
53700	0.32	0.47	0.47	0	0	0.32
53800	0.32	0.47	0.47	0	0	0.32
53900	0.32	0.47	0.47	0	0	0.32
54000	0.32	0.46	0.46	0	0	0.32
54100	0.32	0.46	0.46	0	0	0.32
54200	0.32	0.46	0.46	0	0	0.32
54300	0.33	0.46	0.46	0	0	0.33
54400	0.33	0.46	0.46	0	0	0.33
54500	0.33	0.46	0.46	0	0	0.33
54600	0.33	0.46	0.46	0	0	0.33
54700	0.33	0.47	0.47	0	0	0.33
54800	0.34	0.48	0.48	0	0	0.34
54900	0.34	0.47	0.47	0	0	0.34
55000	0.33	0.47	0.47	0	0	0.33
55100	0.33	0.46	0.46	0	0	0.33
55200	0.33	0.46	0.46	0	0	0.33
55300	0.33	0.46	0.46	0	0	0.33
55400	0.33	0.47	0.47	0	0	0.33
55500	0.33	0.46	0.46	0	0	0.33
55600	0.33	0.46	0.46	0	0	0.33
55700	0.33	0.46	0.46	0	0	0.33
55800	0.33	0.47	0.47	0	0	0.33
55900	0.33	0.47	0.47	0	0	0.33
56000	0.33	0.47	0.47	0	0	0.33
56100	0.34	0.46	0.46	0	0	0.34
56200	0.34	0.46	0.46	0	0	0.34
56300	0.34	0.46	0.46	0	0	0.34
56400	0.33	0.45	0.45	0	0	0.33
56500	0.33	0.45	0.45	0	0	0.33
56600	0.33	0.45	0.45	0	0	0.33
56700	0.33	0.45	0.45	0	0	0.33
56800	0.33	0.46	0.46	0	0	0.33
56900	0.33	0.46	0.46	0	0	0.33
57000	0.33	0.46	0.46	0	0	0.33
57100	0.32	0.46	0.46	0	0	0.32
57200	0.33	0.47	0.47	0	0	0.33
57300	0.33	0.47	0.47	0	0	0.33
57400	0.33	0.47	0.47	0	0	0.33
57500	0.33	0.47	0.47	0	0	0.33
57600	0.33	0.48	0.48	0	0	0.33
57700	0.34	0.48	0.48	0	0	0.34
57800	0.34	0.48	0.48	0	0	0.34
57900	0.34	0.48	0.48	0	0	0.34
58000	0.35	0.48	0.48	0	0	0.35
58100	0.35	0.48	0.48	0	0	0.35
58200	0.34	0.48	0.48	0	0	0.34
58300	0.34	0.48	0.48	0	0	0.34
58400	0.33	0.48	0.48	0	0	0.33
58500	0.33	0.48	0.48	0	0	0.33
58600	0.34	0.49	0.49	0	0	0.34
58700	0.34	0.49	0.49	0	0	0.34
58800	0.34	0.48	0.48	0	0	0.34
58900	0.33	0.48	0.48	0	0	0.33
59000	0.33	0.48	0.48	0	0	0.33
59100	0.33	0.48	0.48	0	0	0.33
59200	0.33	0.48	0.48	0	0	0.33
59300	0.33	0.49	0.49	0	0	0.33
59400	0.33	0.49	0.49	0	0	0.33
59500	0.33	0.49	0.49	0	0	0.33
59600	0.33	0.49	0.49	0	0	0.33
59700	0.33	0.49	0.49	0	0	0.33
59800	0.33	0.49	0.49	0	0	0.33
59900	0.33	0.49	0.49	0	0	0.33
60000	0.33	0.49	0.49	0	0	0.33
60100	0.33	0.49	0.49	0	0	0.33
60200	0.33	0.49	0.49	0	0	0.33
60300	0.33	0.49	0.49	0	0	0.33
60400	0.33	0.49	0.49	0	0	0.33
60500	0.33	0.49	0.49	0	0	0.33
60600	0.33	0.49	0.49	0	0	0.33
60700	0.34	0.49	0.49	0	0	0.34
60800	0.33	0.48	0.48	0	0	0.33
60900	0.33	0.48	0.48	0	0	0.33
61000	0.33	0.47	0.47	0	0	0.33
61100	0.33	0.47	0.47	0	0	0.33
61200	0.33	0.48	0.48	0	0	0.33
61300	0.33	0.48	0.48	0	0	0.33
61400	0.34	0.48	0.48	0	0	0.34
61500	0.34	0.48	0.48	0	0	0.34
61600	0.36	0.48	0.48	0	0	0.36
61700	0.36	0.49	0.49	0	0	0.36
61800	0.36	0.49	0.49	0	0	0.36
61900	0.36	0.49	0.49	0	0	0.36
62000	0.35	0.48	0.48	0	0	0.35
62100	0.35	0.48	0.48	0	0	0.35
62200	0.35	0.48	0.48	0	0	0.35
62300	0.35	0.48	0.48	0	0	0.35
62400	0.35	0.49	0.49	0	0	0.35
62500	0.35	0.49	0.49	0	0	0.35
62600	0.35	0.49	0.49	0	0	0.35
62700	0.36	0.49	0.49	0	0	0.36
62800	0.36	0.49	0.49	0	0	0.36
62900	0.36	0.49	0.49	0	0	0.36
63000	0.36	0.49	0.49	0	0	0.36
63100	0.36	0.49	0.49	0	0	0.36
63200	0.36	0.49	0.49	0	0	0.36
63300	0.36	0.49	0.49	0	0	0.36
63400	0.36	0.49	0.49	0	0	0.36
63500	0.36	0.5	0.5	0	0	0.36
63600	0.36	0.5	0.5	0	0	0.36
63700	0.37	0.48	0.48	0	0	0.37
63800	0.37	0.48	0.48	0	0	0.37
63900	0.37	0.48	0.48	0	0	0.37
64000	0.37	0.49	0.49	0	0	0.37
64100	0.37	0.49	0.49	0	0	0.37
64200	0.37	0.48	0.48	0	0	0.37
64300	0.37	0.48	0.48	0	0	0.37
64400	0.37	0.48	0.48	0	0	0.37
64500	0.37	0.48	0.48	0	0	0.37
64600	0.37	0.48	0.48	0	0	0.37
64700	0.35	0.48	0.48	0	0	0.35
64800	0.35	0.48	0.48	0	0	0.35
64900	0.35	0.48	0.48	0	0	0.35
65000	0.35	0.48	0.48	0	0	0.35
65100	0.35	0.48	0.48	0	0	0.35
65200	0.35	0.48	0.48	0	0	0.35
65300	0.35	0.48	0.48	0	0	0.35
65400	0.35	0.48	0.48	0	0	0.35
65500	0.36	0.48	0.48	0	0	0.36
65600	0.36	0.48	0.48	0	0	0.36
65700	0.36	0.48	0.48	0	0	0.36
65800	0.37	0.48	0.48	0	0	0.37
65900	0.37	0.48	0.48	0	0	0.37
66000	0.37	0.49	0.49	0	0	0.37
66100	0.37	0.49	0.49	0	0	0.37
66200	0.37	0.5	0.5	0	0	0.37
66300	0.37	0.5	0.5	0	0	0.37
66400	0.37	0.51	0.51	0	0	0.37
66500	0.37	0.51	0.51	0	0	0.37
66600	0.36	0.51	0.51	0	0	0.36
66700	0.36	0.51	0.51	0	0	0.36
66800	0.36	0.51	0.51	0	0	0.36
66900	0.36	0.51	0.51	0	0	0.36
67000	0.36	0.51	0.51	0	0	0.36
67100	0.37	0.51	0.51	0	0	0.37
67200	0.37	0.51	0.51	0	0	0.37
67300	0.36	0.51	0.51	0	0	0.36
67400	0.36	0.51	0.51	0	0	0.36
67500	0.36	0.51	0.51	0	0	0.36
67600	0.36	0.51	0.51	0	0	0.36
67700	0.36	0.51	0.51	0	0	0.36
67800	0.36	0.51	0.51	0	0	0.36
67900	0.36	0.51	0.51	0	0	0.36
68000	0.36	0.51	0.51	0	0	0.36
68100	0.36	0.51	0.51	0	0	0.36
68200	0.36	0.52	0.52	0	0	0.36
68300	0.36	0.51	0.51	0	0	0.36
68400	0.36	0.51	0.51	0	0	0.36
68500	0.36	0.51	0.51	0	0	0.36
68600	0.36	0.51	0.51	0	0	0.36
68700	0.37	0.51	0.51	0	0	0.37
68800	0.37	0.51	0.51	0	0	0.37
68900	0.37	0.51	0.51	0	0	0.37
69000	0.37	0.52	0.52	0	0	0.37
69100	0.36	0.52	0.52	0	0	0.36
69200	0.36	0.51	0.51	0	0	0.36
69300	0.36	0.51	0.51	0	0	0.36
69400	0.36	0.51	0.51	0	0	0.36
69500	0.36	0.51	0.51	0	0	0.36
69600	0.36	0.51	0.51	0	0	0.36
69700	0.36	0.51	0.51	0	0	0.36
69800	0.36	0.52	0.52	0	0	0.36
69900	0.36	0.52	0.52	0	0	0.36
70000	0.36	0.51	0.51	0	0	0.36
70100	0.36	0.51	0.51	0	0	0.36
70200	0.36	0.51	0.51	0	0	0.36
70300	0.37	0.51	0.51	0	0	0.37
70400	0.37	0.51	0.51	0	0	0.37
70500	0.37	0.51	0.51	0	0	0.37
70600	0.37	0.52	0.52	0	0	0.37
70700	0.37	0.52	0.52	0	0	0.37
70800	0.37	0.52	0.52	0	0	0.37
70900	0.36	0.52	0.52	0	0	0.36
71000	0.35	0.52	0.52	0	0	0.35
71100	0.35	0.52	0.52	0	0	0.35
71200	0.35	0.52	0.52	0	0	0.35
71300	0.35	0.51	0.51	0	0	0.35
71400	0.35	0.51	0.51	0	0	0.35
71500	0.36	0.51	0.51	0	0	0.36
71600	0.35	0.51	0.51	0	0	0.35
71700	0.35	0.51	0.51	0	0	0.35
71800	0.35	0.51	0.51	0	0	0.35
71900	0.35	0.51	0.51	0	0	0.35
72000	0.35	0.51	0.51	0	0	0.35
72100	0.35	0.51	0.51	0	0	0.35
72200	0.35	0.51	0.51	0	0	0.35
72300	0.35	0.51	0.51	0	0	0.35
72400	0.35	0.5	0.5	0	0	0.35
72500	0.35	0.5	0.5	0	0	0.35
72600	0.35	0.5	0.5	0	0	0.35
72700	0.35	0.5	0.5	0	0	0.35
72800	0.35	0.5	0.5	0	0	0.35
72900	0.35	0.5	0.5	0	0	0.35
73000	0.35	0.5	0.5	0	0	0.35
73100	0.35	0.5	0.5	0	0	0.35
73200	0.35	0.5	0.5	0	0	0.35
73300	0.35	0.51	0.51	0	0	0.35
73400	0.36	0.52	0.52	0	0	0.36
73500	0.36	0.52	0.52	0	0	0.36
73600	0.37	0.51	0.51	0	0	0.37
73700	0.37	0.5	0.5	0	0	0.37
73800	0.37	0.5	0.5	0	0	0.37
73900	0.37	0.5	0.5	0	0	0.37
74000	0.37	0.5	0.5	0	0	0.37
74100	0.37	0.51	0.51	0	0	0.37
74200	0.37	0.51	0.51	0	0	0.37
74300	0.38	0.51	0.51	0	0	0.38
74400	0.38	0.51	0.51	0	0	0.38
74500	0.38	0.51	0.51	0	0	0.38
74600	0.38	0.51	0.51	0	0	0.38
74700	0.38	0.51	0.51	0	0	0.38
74800	0.38	0.51	0.51	0	0	0.38
74900	0.38	0.51	0.51	0	0	0.38
75000	0.38	0.51	0.51	0	0	0.38
75100	0.38	0.51	0.51	0	0	0.38
75200	0.4	0.51	0.51	0	0	0.4
75300	0.4	0.51	0.51	0	0	0.4
75400	0.4	0.51	0.51	0	0	0.4
75500	0.4	0.51	0.51	0	0	0.4
75600	0.4	0.51	0.51	0	0	0.4
75700	0.4	0.51	0.51	0	0	0.4
75800	0.39	0.51	0.51	0	0	0.39
75900	0.39	0.51	0.51	0	0	0.39
76000	0.39	0.51	0.51	0	0	0.39
76100	0.4	0.51	0.51	0	0	0.4
76200	0.4	0.51	0.51	0	0	0.4
76300	0.4	0.51	0.51	0	0	0.4
76400	0.4	0.51	0.51	0	0	0.4
76500	0.4	0.51	0.51	0	0	0.4
76600	0.4	0.5	0.5	0	0	0.4
76700	0.4	0.5	0.5	0	0	0.4
76800	0.4	0.5	0.5	0	0	0.4
76900	0.4	0.5	0.5	0	0	0.4
77000	0.4	0.5	0.5	0	0	0.4
77100	0.4	0.5	0.5	0	0	0.4
77200	0.4	0.5	0.5	0	0	0.4
77300	0.4	0.5	0.5	0	0	0.4
77400	0.4	0.5	0.5	0	0	0.4
77500	0.4	0.5	0.5	0	0	0.4
77600	0.4	0.5	0.5	0	0	0.4
77700	0.4	0.5	0.5	0	0	0.4
77800	0.4	0.5	0.5	0	0	0.4
77900	0.4	0.5	0.5	0	0	0.4
78000	0.4	0.5	0.5	0	0	0.4
78100	0.4	0.5	0.5	0	0	0.4
78200	0.4	0.5	0.5	0	0	0.4
78300	0.4	0.5	0.5	0	0	0.4
78400	0.4	0.5	0.5	0	0	0.4
78500	0.4	0.5	0.5	0	0	0.4
78600	0.4	0.5	0.5	0	0	0.4
78700	0.39	0.5	0.5	0	0	0.39
78800	0.39	0.5	0.5	0	0	0.39
78900	0.39	0.5	0.5	0	0	0.39
79000	0.39	0.5	0.5	0	0	0.39
79100	0.39	0.5	0.5	0	0	0.39
79200	0.38	0.5	0.5	0	0	0.38
79300	0.38	0.5	0.5	0	0	0.38
79400	0.38	0.5	0.5	0	0	0.38
79500	0.38	0.5	0.5	0	0	0.38
79600	0.38	0.5	0.5	0	0	0.38
79700	0.38	0.5	0.5	0	0	0.38
79800	0.38	0.5	0.5	0	0	0.38
79900	0.38	0.5	0.5	0	0	0.38
80000	0.38	0.5	0.5	0	0	0.38
80100	0.39	0.5	0.5	0	0	0.39
80200	0.39	0.5	0.5	0	0	0.39
80300	0.39	0.5	0.5	0	0	0.39
80400	0.39	0.5	0.5	0	0	0.39
80500	0.39	0.5	0.5	0	0	0.39
80600	0.39	0.5	0.5	0	0	0.39
80700	0.39	0.5	0.5	0	0	0.39
80800	0.39	0.5	0.5	0	0	0.39
80900	0.39	0.5	0.5	0	0	0.39
81000	0.39	0.5	0.5	0	0	0.39
81100	0.38	0.5	0.5	0	0	0.38
81200	0.38	0.5	0.5	0	0	0.38
81300	0.39	0.5	0.5	0	0	0.39
81400	0.36	0.5	0.5	0	0	0.36
81500	0.39	0.5	0.5	0	0	0.39
81600	0.37	0.5	0.5	0	0	0.37
81700	0.37	0.5	0.5	0	0	0.37
81800	0.37	0.49	0.49	0	0	0.37
81900	0.37	0.49	0.49	0	0	0.37
82000	0.38	0.49	0.49	0	0	0.38
82100	0.38	0.49	0.49	0	0	0.38
82200	0.37	0.49	0.49	0	0	0.37
82300	0.38	0.49	0.49	0	0	0.38
82400	0.38	0.49	0.49	0	0	0.38
82500	0.38	0.49	0.49	0	0	0.38
82600	0.38	0.49	0.49	0	0	0.38
82700	0.38	0.49	0.49	0	0	0.38
82800	0.38	0.49	0.49	0	0	0.38
82900	0.38	0.49	0.49	0	0	0.38
83000	0.38	0.49	0.49	0	0	0.38
83100	0.38	0.5	0.5	0	0	0.38
83200	0.38	0.5	0.5	0	0	0.38
83300	0.38	0.5	0.5	0	0	0.38
83400	0.38	0.5	0.5	0	0	0.38
83500	0.38	0.5	0.5	0	0	0.38
83600	0.38	0.5	0.5	0	0	0.38
83700	0.38	0.5	0.5	0	0	0.38
83800	0.38	0.5	0.5	0	0	0.38
83900	0.38	0.5	0.5	0	0	0.38
84000	0.38	0.5	0.5	0	0	0.38
84100	0.38	0.5	0.5	0	0	0.38
84200	0.38	0.5	0.5	0	0	0.38
84300	0.38	0.5	0.5	0	0	0.38
84400	0.38	0.5	0.5	0	0	0.38
84500	0.38	0.5	0.5	0	0	0.38
84600	0.37	0.5	0.5	0	0	0.37
84700	0.37	0.5	0.5	0	0	0.37
84800	0.37	0.5	0.5	0	0	0.37
84900	0.37	0.51	0.51	0	0	0.37
85000	0.37	0.51	0.51	0	0	0.37
85100	0.37	0.51	0.51	0	0	0.37
85200	0.37	0.51	0.51	0	0	0.37
85300	0.37	0.51	0.51	0	0	0.37
85400	0.37	0.51	0.51	0	0	0.37
85500	0.36	0.51	0.51	0	0	0.36
85600	0.36	0.51	0.51	0	0	0.36
85700	0.36	0.51	0.51	0	0	0.36
85800	0.36	0.51	0.51	0	0	0.36
85900	0.36	0.51	0.51	0	0	0.36
86000	0.36	0.51	0.51	0	0	0.36
86100	0.36	0.51	0.51	0	0	0.36
86200	0.36	0.51	0.51	0	0	0.36
86300	0.36	0.51	0.51	0	0	0.36
86400	0.36	0.51	0.51	0	0	0.36
86500	0.36	0.52	0.52	0	0	0.36
86600	0.36	0.52	0.52	0	0	0.36
86700	0.37	0.52	0.52	0	0	0.37
86800	0.37	0.52	0.52	0	0	0.37
86900	0.37	0.52	0.52	0	0	0.37
87000	0.37	0.52	0.52	0	0	0.37
87100	0.38	0.53	0.53	0	0	0.38
87200	0.38	0.53	0.53	0	0	0.38
87300	0.38	0.53	0.53	0	0	0.38
87400	0.38	0.53	0.53	0	0	0.38
87500	0.38	0.53	0.53	0	0	0.38
87600	0.38	0.53	0.53	0	0	0.38
87700	0.38	0.53	0.53	0	0	0.38
87800	0.38	0.53	0.53	0	0	0.38
87900	0.39	0.53	0.53	0	0	0.39
88000	0.39	0.54	0.54	0	0	0.39
88100	0.39	0.54	0.54	0	0	0.39
88200	0.39	0.54	0.54	0	0	0.39
88300	0.39	0.54	0.54	0	0	0.39
88400	0.39	0.54	0.54	0	0	0.39
88500	0.38	0.54	0.54	0	0	0.38
88600	0.38	0.54	0.54	0	0	0.38
88700	0.38	0.54	0.54	0	0	0.38
88800	0.38	0.54	0.54	0	0	0.38
88900	0.38	0.54	0.54	0	0	0.38
89000	0.38	0.55	0.55	0	0	0.38
89100	0.38	0.55	0.55	0	0	0.38
89200	0.38	0.55	0.55	0	0	0.38
89300	0.38	0.55	0.55	0	0	0.38
89400	0.38	0.55	0.55	0	0	0.38
89500	0.38	0.55	0.55	0	0	0.38
89600	0.38	0.55	0.55	0	0	0.38
89700	0.38	0.55	0.55	0	0	0.38
89800	0.38	0.55	0.55	0	0	0.38
89900	0.38	0.55	0.55	0	0	0.38
90000	0.38	0.55	0.55	0	0	0.38
90100	0.38	0.55	0.55	0	0	0.38
90200	0.38	0.55	0.55	0	0	0.38
90300	0.37	0.55	0.55	0	0	0.37
90400	0.38	0.55	0.55	0	0	0.38
90500	0.38	0.55	0.55	0	0	0.38
90600	0.38	0.55	0.55	0	0	0.38
90700	0.38	0.55	0.55	0	0	0.38
90800	0.38	0.55	0.55	0	0	0.38
90900	0.38	0.55	0.55	0	0	0.38
91000	0.38	0.54	0.54	0	0	0.38
91100	0.38	0.53	0.53	0	0	0.38
91200	0.38	0.53	0.53	0	0	0.38
91300	0.38	0.54	0.54	0	0	0.38
91400	0.38	0.53	0.53	0	0	0.38
91500	0.38	0.53	0.53	0	0	0.38
91600	0.38	0.53	0.53	0	0	0.38
91700	0.38	0.53	0.53	0	0	0.38
91800	0.38	0.53	0.53	0	0	0.38
91900	0.38	0.53	0.53	0	0	0.38
92000	0.38	0.53	0.53	0	0	0.38
92100	0.38	0.51	0.51	0	0	0.38
92200	0.38	0.51	0.51	0	0	0.38
92300	0.38	0.52	0.52	0	0	0.38
92400	0.39	0.52	0.52	0	0	0.39
92500	0.39	0.52	0.52	0	0	0.39
92600	0.38	0.52	0.52	0	0	0.38
92700	0.38	0.52	0.52	0	0	0.38
92800	0.38	0.52	0.52	0	0	0.38
92900	0.39	0.52	0.52	0	0	0.39
93000	0.39	0.52	0.52	0	0	0.39
93100	0.38	0.52	0.52	0	0	0.38
93200	0.38	0.52	0.52	0	0	0.38
93300	0.38	0.52	0.52	0	0	0.38
93400	0.38	0.52	0.52	0	0	0.38
93500	0.38	0.52	0.52	0	0	0.38
93600	0.38	0.52	0.52	0	0	0.38
93700	0.38	0.52	0.52	0	0	0.38
93800	0.39	0.53	0.53	0	0	0.39
93900	0.39	0.53	0.53	0	0	0.39
94000	0.39	0.53	0.53	0	0	0.39
94100	0.39	0.53	0.53	0	0	0.39
94200	0.39	0.52	0.52	0	0	0.39
94300	0.39	0.52	0.52	0	0	0.39
94400	0.39	0.52	0.52	0	0	0.39
94500	0.39	0.52	0.52	0	0	0.39
94600	0.38	0.52	0.52	0	0	0.38
94700	0.38	0.52	0.52	0	0	0.38
94800	0.38	0.52	0.52	0	0	0.38
94900	0.38	0.52	0.52	0	0	0.38
95000	0.38	0.52	0.52	0	0	0.38
95100	0.38	0.53	0.53	0	0	0.38
95200	0.38	0.53	0.53	0	0	0.38
95300	0.38	0.53	0.53	0	0	0.38
95400	0.38	0.52	0.52	0	0	0.38
95500	0.38	0.52	0.52	0	0	0.38
95600	0.38	0.52	0.52	0	0	0.38
95700	0.38	0.52	0.52	0	0	0.38
95800	0.38	0.52	0.52	0	0	0.38
95900	0.38	0.52	0.52	0	0	0.38
96000	0.38	0.52	0.52	0	0	0.38
96100	0.38	0.52	0.52	0	0	0.38
96200	0.38	0.53	0.53	0	0	0.38
96300	0.38	0.53	0.53	0	0	0.38
96400	0.38	0.53	0.53	0	0	0.38
96500	0.38	0.53	0.53	0	0	0.38
96600	0.38	0.53	0.53	0	0	0.38
96700	0.39	0.53	0.53	0	0	0.39
96800	0.37	0.53	0.53	0	0	0.37
96900	0.37	0.53	0.53	0	0	0.37
97000	0.37	0.53	0.53	0	0	0.37
97100	0.37	0.53	0.53	0	0	0.37
97200	0.37	0.53	0.53	0	0	0.37
97300	0.37	0.53	0.53	0	0	0.37
97400	0.37	0.53	0.53	0	0	0.37
97500	0.37	0.53	0.53	0	0	0.37
97600	0.37	0.53	0.53	0	0	0.37
97700	0.37	0.53	0.53	0	0	0.37
97800	0.37	0.53	0.53	0	0	0.37
97900	0.37	0.53	0.53	0	0	0.37
98000	0.37	0.53	0.53	0	0	0.37
98100	0.37	0.53	0.53	0	0	0.37
98200	0.37	0.53	0.53	0	0	0.37
98300	0.37	0.53	0.53	0	0	0.37
98400	0.37	0.53	0.53	0	0	0.37
98500	0.37	0.53	0.53	0	0	0.37
98600	0.37	0.53	0.53	0	0	0.37
98700	0.37	0.53	0.53	0	0	0.37
98800	0.37	0.53	0.53	0	0	0.37
98900	0.38	0.53	0.53	0	0	0.38
99000	0.38	0.53	0.53	0	0	0.38
99100	0.38	0.53	0.53	0	0	0.38
99200	0.38	0.53	0.53	0	0	0.38
99300	0.38	0.53	0.53	0	0	0.38
99400	0.38	0.53	0.53	0	0	0.38
99500	0.38	0.54	0.54	0	0	0.38
99600	0.38	0.54	0.54	0	0	0.38
99700	0.38	0.54	0.54	0	0	0.38
99800	0.38	0.54	0.54	0	0	0.38
99900	0.38	0.54	0.54	0	0	0.38
100000	0.38	0.54	0.54	0	0	0.38
100100	0.38	0.54	0.54	0	0	0.38
100200	0.38	0.54	0.54	0	0	0.38
100300	0.38	0.54	0.54	0	0	0.38
100400	0.38	0.55	0.55	0	0	0.38
100500	0.38	0.55	0.55	0	0	0.38
100600	0.38	0.54	0.54	0	0	0.38
100700	0.38	0.54	0.54	0	0	0.38
100800	0.38	0.54	0.54	0	0	0.38
100900	0.38	0.53	0.53	0	0	0.38
101000	0.38	0.53	0.53	0	0	0.38
101100	0.39	0.53	0.53	0	0	0.39
101200	0.38	0.53	0.53	0	0	0.38
101300	0.38	0.53	0.53	0	0	0.38
101400	0.38	0.52	0.52	0	0	0.38
101500	0.38	0.52	0.52	0	0	0.38
101600	0.38	0.52	0.52	0	0	0.38
101700	0.38	0.52	0.52	0	0	0.38
101800	0.38	0.52	0.52	0	0	0.38
101900	0.38	0.52	0.52	0	0	0.38
102000	0.38	0.52	0.52	0	0	0.38
102100	0.38	0.52	0.52	0	0	0.38
102200	0.38	0.52	0.52	0	0	0.38
102300	0.38	0.52	0.52	0	0	0.38
102400	0.38	0.52	0.52	0	0	0.38
102500	0.38	0.52	0.52	0	0	0.38
102600	0.38	0.52	0.52	0	0	0.38
102700	0.38	0.52	0.52	0	0	0.38
102800	0.38	0.52	0.52	0	0	0.38
102900	0.38	0.52	0.52	0	0	0.38
103000	0.38	0.52	0.52	0	0	0.38
103100	0.39	0.52	0.52	0	0	0.39
103200	0.39	0.52	0.52	0	0	0.39
103300	0.39	0.52	0.52	0	0	0.39
103400	0.39	0.52	0.52	0	0	0.39
103500	0.39	0.52	0.52	0	0	0.39
103600	0.39	0.52	0.52	0	0	0.39
103700	0.4	0.52	0.52	0	0	0.4
103800	0.4	0.52	0.52	0	0	0.4
103900	0.4	0.52	0.52	0	0	0.4
104000	0.41	0.52	0.52	0	0	0.41
104100	0.41	0.52	0.52	0	0	0.41
104200	0.41	0.52	0.52	0	0	0.41
104300	0.41	0.52	0.52	0	0	0.41
104400	0.41	0.51	0.51	0	0	0.41
104500	0.41	0.51	0.51	0	0	0.41
104600	0.41	0.51	0.51	0	0	0.41
104700	0.41	0.51	0.51	0	0	0.41
104800	0.41	0.51	0.51	0	0	0.41
104900	0.4	0.51	0.51	0	0	0.4
105000	0.4	0.51	0.51	0	0	0.4
105100	0.4	0.51	0.51	0	0	0.4
105200	0.4	0.51	0.51	0	0	0.4
105300	0.4	0.52	0.52	0	0	0.4
105400	0.41	0.52	0.52	0	0	0.41
105500	0.41	0.52	0.52	0	0	0.41
105600	0.41	0.52	0.52	0	0	0.41
105700	0.41	0.52	0.52	0	0	0.41
105800	0.41	0.52	0.52	0	0	0.41
105900	0.41	0.52	0.52	0	0	0.41
106000	0.41	0.52	0.52	0	0	0.41
106100	0.41	0.52	0.52	0	0	0.41
106200	0.4	0.52	0.52	0	0	0.4
106300	0.41	0.52	0.52	0	0	0.41
106400	0.41	0.52	0.52	0	0	0.41
106500	0.41	0.52	0.52	0	0	0.41
106600	0.41	0.52	0.52	0	0	0.41
106700	0.41	0.52	0.52	0	0	0.41
106800	0.41	0.52	0.52	0	0	0.41
106900	0.41	0.52	0.52	0	0	0.41
107000	0.41	0.51	0.51	0	0	0.41
107100	0.41	0.51	0.51	0	0	0.41
107200	0.41	0.51	0.51	0	0	0.41
107300	0.41	0.51	0.51	0	0	0.41
107400	0.41	0.51	0.51	0	0	0.41
107500	0.41	0.51	0.51	0	0	0.41
107600	0.41	0.51	0.51	0	0	0.41
107700	0.41	0.51	0.51	0	0	0.41
107800	0.41	0.51	0.51	0	0	0.41
107900	0.41	0.51	0.51	0	0	0.41
108000	0.41	0.51	0.51	0	0	0.41
108100	0.41	0.51	0.51	0	0	0.41
108200	0.41	0.51	0.51	0	0	0.41
108300	0.41	0.51	0.51	0	0	0.41
108400	0.41	0.51	0.51	0	0	0.41
108500	0.41	0.51	0.51	0	0	0.41
108600	0.41	0.51	0.51	0	0	0.41
108700	0.41	0.5	0.5	0	0	0.41
108800	0.41	0.5	0.5	0	0	0.41
108900	0.41	0.5	0.5	0	0	0.41
109000	0.41	0.5	0.5	0	0	0.41
109100	0.41	0.5	0.5	0	0	0.41
109200	0.41	0.5	0.5	0	0	0.41
109300	0.41	0.5	0.5	0	0	0.41
109400	0.41	0.5	0.5	0	0	0.41
109500	0.41	0.5	0.5	0	0	0.41
109600	0.41	0.5	0.5	0	0	0.41
109700	0.41	0.5	0.5	0	0	0.41
109800	0.41	0.5	0.5	0	0	0.41
109900	0.42	0.5	0.5	0	0	0.42
110000	0.42	0.5	0.5	0	0	0.42
110100	0.41	0.5	0.5	0	0	0.41
110200	0.41	0.5	0.5	0	0	0.41
110300	0.41	0.5	0.5	0	0	0.41
110400	0.41	0.5	0.5	0	0	0.41
110500	0.41	0.5	0.5	0	0	0.41
110600	0.42	0.5	0.5	0	0	0.42
110700	0.42	0.5	0.5	0	0	0.42
110800	0.42	0.49	0.49	0	0	0.42
110900	0.42	0.49	0.49	0	0	0.42
111000	0.42	0.49	0.49	0	0	0.42
111100	0.42	0.49	0.49	0	0	0.42
111200	0.42	0.49	0.49	0	0	0.42
111300	0.42	0.49	0.49	0	0	0.42
111400	0.42	0.49	0.49	0	0	0.42
111500	0.42	0.49	0.49	0	0	0.42
111600	0.42	0.49	0.49	0	0	0.42
111700	0.42	0.49	0.49	0	0	0.42
111800	0.42	0.49	0.49	0	0	0.42
111900	0.42	0.49	0.49	0	0	0.42
112000	0.42	0.49	0.49	0	0	0.42
112100	0.42	0.49	0.49	0	0	0.42
112200	0.42	0.5	0.5	0	0	0.42
112300	0.42	0.5	0.5	0	0	0.42
112400	0.42	0.49	0.49	0	0	0.42
112500	0.42	0.49	0.49	0	0	0.42
112600	0.43	0.49	0.49	0	0	0.43
112700	0.43	0.49	0.49	0	0	0.43
112800	0.43	0.49	0.49	0	0	0.43
112900	0.43	0.49	0.49	0	0	0.43
113000	0.43	0.49	0.49	0	0	0.43
113100	0.43	0.49	0.49	0	0	0.43
113200	0.44	0.49	0.49	0	0	0.44
113300	0.44	0.49	0.49	0	0	0.44
113400	0.42	0.49	0.49	0	0	0.42
113500	0.42	0.48	0.48	0	0	0.42
113600	0.42	0.48	0.48	0	0	0.42
113700	0.42	0.48	0.48	0	0	0.42
113800	0.42	0.48	0.48	0	0	0.42
113900	0.42	0.48	0.48	0	0	0.42
114000	0.42	0.48	0.48	0	0	0.42
114100	0.42	0.48	0.48	0	0	0.42
114200	0.42	0.48	0.48	0	0	0.42
114300	0.42	0.48	0.48	0	0	0.42
114400	0.42	0.48	0.48	0	0	0.42
114500	0.42	0.48	0.48	0	0	0.42
114600	0.42	0.48	0.48	0	0	0.42
114700	0.42	0.48	0.48	0	0	0.42
114800	0.42	0.48	0.48	0	0	0.42
114900	0.42	0.48	0.48	0	0	0.42
115000	0.42	0.48	0.48	0	0	0.42
115100	0.42	0.48	0.48	0	0	0.42
115200	0.42	0.48	0.48	0	0	0.42
115300	0.42	0.49	0.49	0	0	0.42
115400	0.42	0.49	0.49	0	0	0.42
115500	0.42	0.49	0.49	0	0	0.42
115600	0.42	0.49	0.49	0	0	0.42
115700	0.42	0.49	0.49	0	0	0.42
115800	0.42	0.48	0.48	0	0	0.42
115900	0.42	0.49	0.49	0	0	0.42
116000	0.42	0.49	0.49	0	0	0.42
116100	0.42	0.49	0.49	0	0	0.42
116200	0.42	0.49	0.49	0	0	0.42
116300	0.42	0.49	0.49	0	0	0.42
116400	0.42	0.49	0.49	0	0	0.42
116500	0.42	0.49	0.49	0	0	0.42
116600	0.42	0.49	0.49	0	0	0.42
116700	0.42	0.49	0.49	0	0	0.42
116800	0.42	0.49	0.49	0	0	0.42
116900	0.42	0.49	0.49	0	0	0.42
117000	0.41	0.49	0.49	0	0	0.41
117100	0.41	0.49	0.49	0	0	0.41
117200	0.42	0.49	0.49	0	0	0.42
117300	0.42	0.49	0.49	0	0	0.42
117400	0.42	0.49	0.49	0	0	0.42
117500	0.42	0.49	0.49	0	0	0.42
117600	0.42	0.5	0.5	0	0	0.42
117700	0.42	0.5	0.5	0	0	0.42
117800	0.42	0.5	0.5	0	0	0.42
117900	0.41	0.5	0.5	0	0	0.41
118000	0.41	0.5	0.5	0	0	0.41
118100	0.42	0.5	0.5	0	0	0.42
118200	0.42	0.5	0.5	0	0	0.42
118300	0.42	0.5	0.5	0	0	0.42
118400	0.42	0.5	0.5	0	0	0.42
118500	0.41	0.5	0.5	0	0	0.41
118600	0.41	0.5	0.5	0	0	0.41
118700	0.4	0.5	0.5	0	0	0.4
118800	0.4	0.5	0.5	0	0	0.4
118900	0.4	0.5	0.5	0	0	0.4
119000	0.4	0.5	0.5	0	0	0.4
119100	0.4	0.5	0.5	0	0	0.4
119200	0.4	0.5	0.5	0	0	0.4
119300	0.4	0.5	0.5	0	0	0.4
119400	0.4	0.5	0.5	0	0	0.4
119500	0.4	0.5	0.5	0	0	0.4
119600	0.4	0.5	0.5	0	0	0.4
119700	0.4	0.5	0.5	0	0	0.4
119800	0.4	0.5	0.5	0	0	0.4
119900	0.39	0.5	0.5	0	0	0.39
120000	0.39	0.5	0.5	0	0	0.39
120100	0.39	0.5	0.5	0	0	0.39
120200	0.39	0.5	0.5	0	0	0.39
120300	0.39	0.5	0.5	0	0	0.39
120400	0.39	0.5	0.5	0	0	0.39
120500	0.39	0.5	0.5	0	0	0.39
120600	0.39	0.5	0.5	0	0	0.39
120700	0.39	0.5	0.5	0	0	0.39
120800	0.39	0.51	0.51	0	0	0.39
120900	0.39	0.51	0.51	0	0	0.39
121000	0.39	0.51	0.51	0	0	0.39
121100	0.39	0.51	0.51	0	0	0.39
121200	0.39	0.52	0.52	0	0	0.39
121300	0.39	0.52	0.52	0	0	0.39
121400	0.39	0.52	0.52	0	0	0.39
121500	0.39	0.52	0.52	0	0	0.39
121600	0.39	0.52	0.52	0	0	0.39
121700	0.39	0.52	0.52	0	0	0.39
121800	0.39	0.52	0.52	0	0	0.39
121900	0.39	0.52	0.52	0	0	0.39
122000	0.39	0.52	0.52	0	0	0.39
122100	0.38	0.52	0.52	0	0	0.38
122200	0.38	0.52	0.52	0	0	0.38
122300	0.38	0.52	0.52	0	0	0.38
122400	0.38	0.52	0.52	0	0	0.38
122500	0.38	0.52	0.52	0	0	0.38
122600	0.38	0.52	0.52	0	0	0.38
122700	0.38	0.52	0.52	0	0	0.38
122800	0.38	0.52	0.52	0	0	0.38
122900	0.38	0.52	0.52	0	0	0.38
123000	0.38	0.52	0.52	0	0	0.38
123100	0.38	0.52	0.52	0	0	0.38
123200	0.38	0.52	0.52	0	0	0.38
123300	0.38	0.52	0.52	0	0	0.38
123400	0.38	0.52	0.52	0	0	0.38
123500	0.38	0.52	0.52	0	0	0.38
123600	0.37	0.52	0.52	0	0	0.37
123700	0.37	0.52	0.52	0	0	0.37
123800	0.37	0.52	0.52	0	0	0.37
123900	0.37	0.52	0.52	0	0	0.37
124000	0.36	0.52	0.52	0	0	0.36
124100	0.36	0.51	0.51	0	0	0.36
124200	0.36	0.51	0.51	0	0	0.36
124300	0.36	0.51	0.51	0	0	0.36
124400	0.36	0.51	0.51	0	0	0.36
124500	0.36	0.51	0.51	0	0	0.36
124600	0.36	0.51	0.51	0	0	0.36
124700	0.36	0.51	0.51	0	0	0.36
124800	0.36	0.51	0.51	0	0	0.36
124900	0.36	0.51	0.51	0	0	0.36
125000	0.36	0.52	0.52	0	0	0.36
125100	0.36	0.52	0.52	0	0	0.36
125200	0.36	0.52	0.52	0	0	0.36
125300	0.37	0.52	0.52	0	0	0.37
125400	0.37	0.52	0.52	0	0	0.37
125500	0.37	0.52	0.52	0	0	0.37
125600	0.37	0.52	0.52	0	0	0.37
125700	0.37	0.52	0.52	0	0	0.37
125800	0.37	0.52	0.52	0	0	0.37
125900	0.37	0.52	0.52	0	0	0.37
126000	0.37	0.51	0.51	0	0	0.37
126100	0.37	0.51	0.51	0	0	0.37
126200	0.37	0.51	0.51	0	0	0.37
126300	0.37	0.51	0.51	0	0	0.37
126400	0.37	0.51	0.51	0	0	0.37
126500	0.37	0.51	0.51	0	0	0.37
126600	0.37	0.51	0.51	0	0	0.37
126700	0.37	0.51	0.51	0	0	0.37
126800	0.37	0.51	0.51	0	0	0.37
126900	0.37	0.51	0.51	0	0	0.37
127000	0.37	0.51	0.51	0	0	0.37
127100	0.37	0.51	0.51	0	0	0.37
127200	0.37	0.51	0.51	0	0	0.37
127300	0.37	0.51	0.51	0	0	0.37
127400	0.37	0.51	0.51	0	0	0.37
127500	0.37	0.51	0.51	0	0	0.37
127600	0.37	0.51	0.51	0	0	0.37
127700	0.37	0.51	0.51	0	0	0.37
127800	0.37	0.51	0.51	0	0	0.37
127900	0.38	0.51	0.51	0	0	0.38
128000	0.37	0.51	0.51	0	0	0.37
128100	0.37	0.51	0.51	0	0	0.37
128200	0.38	0.5	0.5	0	0	0.38
128300	0.38	0.5	0.5	0	0	0.38
128400	0.38	0.5	0.5	0	0	0.38
128500	0.38	0.5	0.5	0	0	0.38
128600	0.38	0.5	0.5	0	0	0.38
128700	0.38	0.5	0.5	0	0	0.38
128800	0.38	0.5	0.5	0	0	0.38
128900	0.38	0.5	0.5	0	0	0.38
129000	0.38	0.5	0.5	0	0	0.38
129100	0.38	0.5	0.5	0	0	0.38
129200	0.38	0.5	0.5	0	0	0.38
129300	0.38	0.5	0.5	0	0	0.38
129400	0.39	0.5	0.5	0	0	0.39
129500	0.39	0.5	0.5	0	0	0.39
129600	0.39	0.5	0.5	0	0	0.39
129700	0.39	0.5	0.5	0	0	0.39
129800	0.39	0.5	0.5	0	0	0.39
129900	0.39	0.5	0.5	0	0	0.39
130000	0.39	0.5	0.5	0	0	0.39
130100	0.39	0.5	0.5	0	0	0.39
130200	0.39	0.5	0.5	0	0	0.39
130300	0.39	0.5	0.5	0	0	0.39
130400	0.39	0.5	0.5	0	0	0.39
130500	0.39	0.5	0.5	0	0	0.39
130600	0.39	0.5	0.5	0	0	0.39
130700	0.39	0.5	0.5	0	0	0.39
130800	0.39	0.5	0.5	0	0	0.39
130900	0.39	0.5	0.5	0	0	0.39
131000	0.39	0.5	0.5	0	0	0.39
131100	0.39	0.5	0.5	0	0	0.39
131200	0.39	0.5	0.5	0	0	0.39
131300	0.39	0.5	0.5	0	0	0.39
131400	0.39	0.5	0.5	0	0	0.39
131500	0.39	0.5	0.5	0	0	0.39
131600	0.39	0.5	0.5	0	0	0.39
131700	0.39	0.5	0.5	0	0	0.39
131800	0.39	0.5	0.5	0	0	0.39
131900	0.39	0.5	0.5	0	0	0.39
132000	0.39	0.5	0.5	0	0	0.39
132100	0.39	0.5	0.5	0	0	0.39
132200	0.39	0.5	0.5	0	0	0.39
132300	0.39	0.51	0.51	0	0	0.39
132400	0.39	0.51	0.51	0	0	0.39
132500	0.39	0.51	0.51	0	0	0.39
132600	0.39	0.51	0.51	0	0	0.39
132700	0.39	0.51	0.51	0	0	0.39
132800	0.39	0.51	0.51	0	0	0.39
132900	0.39	0.51	0.51	0	0	0.39
133000	0.39	0.51	0.51	0	0	0.39
133100	0.39	0.51	0.51	0	0	0.39
133200	0.39	0.51	0.51	0	0	0.39
133300	0.39	0.51	0.51	0	0	0.39
133400	0.39	0.51	0.51	0	0	0.39
133500	0.39	0.51	0.51	0	0	0.39
133600	0.39	0.51	0.51	0	0	0.39
133700	0.39	0.51	0.51	0	0	0.39
133800	0.39	0.51	0.51	0	0	0.39
133900	0.39	0.51	0.51	0	0	0.39
134000	0.39	0.51	0.51	0	0	0.39
134100	0.39	0.51	0.51	0	0	0.39
134200	0.39	0.5	0.5	0	0	0.39
134300	0.39	0.5	0.5	0	0	0.39
134400	0.39	0.5	0.5	0	0	0.39
134500	0.39	0.5	0.5	0	0	0.39
134600	0.39	0.5	0.5	0	0	0.39
134700	0.4	0.5	0.5	0	0	0.4
134800	0.4	0.5	0.5	0	0	0.4
134900	0.4	0.5	0.5	0	0	0.4
135000	0.4	0.5	0.5	0	0	0.4
135100	0.4	0.5	0.5	0	0	0.4
135200	0.4	0.5	0.5	0	0	0.4
135300	0.4	0.5	0.5	0	0	0.4
135400	0.4	0.5	0.5	0	0	0.4
135500	0.4	0.5	0.5	0	0	0.4
135600	0.4	0.5	0.5	0	0	0.4
135700	0.4	0.5	0.5	0	0	0.4
135800	0.4	0.49	0.49	0	0	0.4
135900	0.4	0.49	0.49	0	0	0.4
136000	0.4	0.49	0.49	0	0	0.4
136100	0.4	0.49	0.49	0	0	0.4
136200	0.4	0.49	0.49	0	0	0.4
136300	0.4	0.49	0.49	0	0	0.4
136400	0.4	0.49	0.49	0	0	0.4
136500	0.4	0.5	0.5	0	0	0.4
136600	0.4	0.5	0.5	0	0	0.4
136700	0.4	0.5	0.5	0	0	0.4
136800	0.4	0.5	0.5	0	0	0.4
136900	0.4	0.5	0.5	0	0	0.4
137000	0.4	0.5	0.5	0	0	0.4
137100	0.41	0.5	0.5	0	0	0.41
137200	0.4	0.5	0.5	0	0	0.4
137300	0.4	0.5	0.5	0	0	0.4
137400	0.4	0.5	0.5	0	0	0.4
137500	0.4	0.5	0.5	0	0	0.4
137600	0.4	0.5	0.5	0	0	0.4
137700	0.4	0.5	0.5	0	0	0.4
137800	0.4	0.5	0.5	0	0	0.4
137900	0.4	0.5	0.5	0	0	0.4
138000	0.4	0.5	0.5	0	0	0.4
138100	0.4	0.51	0.51	0	0	0.4
138200	0.4	0.5	0.5	0	0	0.4
138300	0.4	0.5	0.5	0	0	0.4
138400	0.4	0.5	0.5	0	0	0.4
138500	0.4	0.5	0.5	0	0	0.4
138600	0.4	0.5	0.5	0	0	0.4
138700	0.42	0.5	0.5	0	0	0.42
138800	0.41	0.5	0.5	0	0	0.41
138900	0.41	0.5	0.5	0	0	0.41
139000	0.41	0.5	0.5	0	0	0.41
139100	0.41	0.5	0.5	0	0	0.41
139200	0.41	0.5	0.5	0	0	0.41
139300	0.41	0.51	0.51	0	0	0.41
139400	0.41	0.51	0.51	0	0	0.41
139500	0.41	0.51	0.51	0	0	0.41
139600	0.41	0.51	0.51	0	0	0.41
139700	0.41	0.51	0.51	0	0	0.41
139800	0.41	0.51	0.51	0	0	0.41
139900	0.41	0.51	0.51	0	0	0.41
140000	0.41	0.51	0.51	0	0	0.41
140100	0.41	0.51	0.51	0	0	0.41
140200	0.41	0.51	0.51	0	0	0.41
140300	0.41	0.51	0.51	0	0	0.41
140400	0.4	0.51	0.51	0	0	0.4
140500	0.4	0.51	0.51	0	0	0.4
140600	0.4	0.51	0.51	0	0	0.4
140700	0.41	0.51	0.51	0	0	0.41
140800	0.41	0.51	0.51	0	0	0.41
140900	0.41	0.51	0.51	0	0	0.41
141000	0.41	0.51	0.51	0	0	0.41
141100	0.41	0.51	0.51	0	0	0.41
141200	0.41	0.51	0.51	0	0	0.41
141300	0.41	0.51	0.51	0	0	0.41
141400	0.41	0.51	0.51	0	0	0.41
141500	0.41	0.51	0.51	0	0	0.41
141600	0.41	0.52	0.52	0	0	0.41
141700	0.42	0.52	0.52	0	0	0.42
141800	0.42	0.52	0.52	0	0	0.42
141900	0.42	0.52	0.52	0	0	0.42
142000	0.42	0.52	0.52	0	0	0.42
142100	0.42	0.52	0.52	0	0	0.42
142200	0.42	0.52	0.52	0	0	0.42
142300	0.42	0.52	0.52	0	0	0.42
142400	0.42	0.52	0.52	0	0	0.42
142500	0.42	0.51	0.51	0	0	0.42
142600	0.42	0.51	0.51	0	0	0.42
142700	0.42	0.51	0.51	0	0	0.42
142800	0.42	0.51	0.51	0	0	0.42
142900	0.42	0.51	0.51	0	0	0.42
143000	0.42	0.51	0.51	0	0	0.42
143100	0.42	0.51	0.51	0	0	0.42
143200	0.42	0.51	0.51	0	0	0.42
143300	0.42	0.51	0.51	0	0	0.42
143400	0.43	0.51	0.51	0	0	0.43
143500	0.43	0.51	0.51	0	0	0.43
143600	0.43	0.51	0.51	0	0	0.43
143700	0.43	0.51	0.51	0	0	0.43
143800	0.43	0.51	0.51	0	0	0.43
143900	0.43	0.51	0.51	0	0	0.43
144000	0.43	0.51	0.51	0	0	0.43
144100	0.43	0.51	0.51	0	0	0.43
144200	0.43	0.51	0.51	0	0	0.43
144300	0.43	0.51	0.51	0	0	0.43
144400	0.43	0.51	0.51	0	0	0.43
144500	0.43	0.51	0.51	0	0	0.43
144600	0.43	0.51	0.51	0	0	0.43
144700	0.43	0.51	0.51	0	0	0.43
144800	0.43	0.51	0.51	0	0	0.43
144900	0.43	0.51	0.51	0	0	0.43
145000	0.43	0.51	0.51	0	0	0.43
145100	0.43	0.51	0.51	0	0	0.43
145200	0.43	0.51	0.51	0	0	0.43
145300	0.43	0.51	0.51	0	0	0.43
145400	0.43	0.51	0.51	0	0	0.43
145500	0.43	0.51	0.51	0	0	0.43
145600	0.43	0.51	0.51	0	0	0.43
145700	0.43	0.5	0.5	0	0	0.43
145800	0.43	0.5	0.5	0	0	0.43
145900	0.43	0.5	0.5	0	0	0.43
146000	0.43	0.5	0.5	0	0	0.43
146100	0.43	0.5	0.5	0	0	0.43
146200	0.43	0.5	0.5	0	0	0.43
146300	0.43	0.5	0.5	0	0	0.43
146400	0.43	0.5	0.5	0	0	0.43
146500	0.43	0.5	0.5	0	0	0.43
146600	0.43	0.5	0.5	0	0	0.43
146700	0.43	0.5	0.5	0	0	0.43
146800	0.44	0.5	0.5	0	0	0.44
146900	0.44	0.5	0.5	0	0	0.44
147000	0.44	0.5	0.5	0	0	0.44
147100	0.43	0.5	0.5	0	0	0.43
147200	0.43	0.49	0.49	0	0	0.43
147300	0.43	0.49	0.49	0	0	0.43
147400	0.43	0.49	0.49	0	0	0.43
147500	0.43	0.49	0.49	0	0	0.43
147600	0.43	0.49	0.49	0	0	0.43
147700	0.43	0.49	0.49	0	0	0.43
147800	0.43	0.49	0.49	0	0	0.43
147900	0.43	0.49	0.49	0	0	0.43
148000	0.43	0.49	0.49	0	0	0.43
148100	0.43	0.49	0.49	0	0	0.43
148200	0.43	0.49	0.49	0	0	0.43
148300	0.43	0.49	0.49	0	0	0.43
148400	0.43	0.49	0.49	0	0	0.43
148500	0.43	0.49	0.49	0	0	0.43
148600	0.43	0.49	0.49	0	0	0.43
148700	0.43	0.49	0.49	0	0	0.43
148800	0.43	0.49	0.49	0	0	0.43
148900	0.43	0.49	0.49	0	0	0.43
149000	0.43	0.49	0.49	0	0	0.43
149100	0.43	0.49	0.49	0	0	0.43
149200	0.43	0.49	0.49	0	0	0.43
149300	0.43	0.49	0.49	0	0	0.43
149400	0.43	0.49	0.49	0	0	0.43
149500	0.43	0.49	0.49	0	0	0.43
149600	0.43	0.49	0.49	0	0	0.43
149700	0.43	0.49	0.49	0	0	0.43
149800	0.43	0.49	0.49	0	0	0.43
149900	0.43	0.49	0.49	0	0	0.43
150000	0.44	0.49	0.49	0	0	0.44
150100	0.44	0.49	0.49	0	0	0.44
150200	0.44	0.49	0.49	0	0	0.44
150300	0.44	0.49	0.49	0	0	0.44
150400	0.44	0.49	0.49	0	0	0.44
150500	0.44	0.49	0.49	0	0	0.44
150600	0.44	0.49	0.49	0	0	0.44
150700	0.44	0.49	0.49	0	0	0.44
150800	0.44	0.49	0.49	0	0	0.44
150900	0.44	0.49	0.49	0	0	0.44
151000	0.44	0.49	0.49	0	0	0.44
151100	0.44	0.49	0.49	0	0	0.44
151200	0.44	0.48	0.48	0	0	0.44
151300	0.44	0.48	0.48	0	0	0.44
151400	0.44	0.48	0.48	0	0	0.44
151500	0.44	0.48	0.48	0	0	0.44
151600	0.44	0.48	0.48	0	0	0.44
151700	0.44	0.48	0.48	0	0	0.44
151800	0.44	0.48	0.48	0	0	0.44
151900	0.44	0.48	0.48	0	0	0.44
152000	0.44	0.48	0.48	0	0	0.44
152100	0.44	0.49	0.49	0	0	0.44
152200	0.44	0.49	0.49	0	0	0.44
152300	0.44	0.49	0.49	0	0	0.44
152400	0.44	0.49	0.49	0	0	0.44
152500	0.44	0.49	0.49	0	0	0.44
152600	0.44	0.49	0.49	0	0	0.44
152700	0.44	0.49	0.49	0	0	0.44
152800	0.44	0.49	0.49	0	0	0.44
152900	0.42	0.49	0.49	0	0	0.42
153000	0.42	0.49	0.49	0	0	0.42
153100	0.42	0.49	0.49	0	0	0.42
153200	0.42	0.49	0.49	0	0	0.42
153300	0.42	0.49	0.49	0	0	0.42
153400	0.42	0.49	0.49	0	0	0.42
153500	0.42	0.49	0.49	0	0	0.42
153600	0.41	0.49	0.49	0	0	0.41
153700	0.41	0.49	0.49	0	0	0.41
153800	0.41	0.49	0.49	0	0	0.41
153900	0.41	0.49	0.49	0	0	0.41
154000	0.41	0.49	0.49	0	0	0.41
154100	0.41	0.49	0.49	0	0	0.41
154200	0.41	0.49	0.49	0	0	0.41
154300	0.41	0.49	0.49	0	0	0.41
154400	0.41	0.49	0.49	0	0	0.41
154500	0.41	0.49	0.49	0	0	0.41
154600	0.41	0.49	0.49	0	0	0.41
154700	0.41	0.49	0.49	0	0	0.41
154800	0.41	0.49	0.49	0	0	0.41
154900	0.41	0.49	0.49	0	0	0.41
155000	0.41	0.49	0.49	0	0	0.41
155100	0.41	0.49	0.49	0	0	0.41
155200	0.41	0.49	0.49	0	0	0.41
155300	0.41	0.5	0.5	0	0	0.41
155400	0.41	0.5	0.5	0	0	0.41
155500	0.41	0.5	0.5	0	0	0.41
155600	0.41	0.5	0.5	0	0	0.41
155700	0.41	0.51	0.51	0	0	0.41
155800	0.41	0.51	0.51	0	0	0.41
155900	0.4	0.51	0.51	0	0	0.4
156000	0.4	0.51	0.51	0	0	0.4
156100	0.4	0.51	0.51	0	0	0.4
156200	0.4	0.51	0.51	0	0	0.4
156300	0.4	0.51	0.51	0	0	0.4
156400	0.4	0.51	0.51	0	0	0.4
156500	0.4	0.51	0.51	0	0	0.4
156600	0.4	0.51	0.51	0	0	0.4
156700	0.4	0.51	0.51	0	0	0.4
156800	0.4	0.51	0.51	0	0	0.4
156900	0.39	0.51	0.51	0	0	0.39
157000	0.38	0.51	0.51	0	0	0.38
157100	0.38	0.51	0.51	0	0	0.38
157200	0.38	0.5	0.5	0	0	0.38
157300	0.37	0.5	0.5	0	0	0.37
157400	0.37	0.5	0.5	0	0	0.37
157500	0.37	0.5	0.5	0	0	0.37
157600	0.37	0.5	0.5	0	0	0.37
157700	0.37	0.5	0.5	0	0	0.37
157800	0.36	0.5	0.5	0	0	0.36
157900	0.36	0.5	0.5	0	0	0.36
158000	0.37	0.5	0.5	0	0	0.37
158100	0.37	0.5	0.5	0	0	0.37
158200	0.37	0.5	0.5	0	0	0.37
158300	0.37	0.5	0.5	0	0	0.37
158400	0.37	0.5	0.5	0	0	0.37
158500	0.36	0.5	0.5	0	0	0.36
158600	0.36	0.5	0.5	0	0	0.36
158700	0.36	0.5	0.5	0	0	0.36
158800	0.35	0.5	0.5	0	0	0.35
158900	0.35	0.5	0.5	0	0	0.35
159000	0.35	0.5	0.5	0	0	0.35
159100	0.36	0.5	0.5	0	0	0.36
159200	0.36	0.5	0.5	0	0	0.36
159300	0.36	0.5	0.5	0	0	0.36
159400	0.36	0.5	0.5	0	0	0.36
159500	0.35	0.5	0.5	0	0	0.35
159600	0.35	0.5	0.5	0	0	0.35
159700	0.35	0.5	0.5	0	0	0.35
159800	0.35	0.5	0.5	0	0	0.35
159900	0.35	0.5	0.5	0	0	0.35
160000	0.35	0.5	0.5	0	0	0.35
160100	0.35	0.5	0.5	0	0	0.35
160200	0.37	0.5	0.5	0	0	0.37
160300	0.37	0.5	0.5	0	0	0.37
160400	0.38	0.5	0.5	0	0	0.38
160500	0.38	0.5	0.5	0	0	0.38
160600	0.38	0.5	0.5	0	0	0.38
160700	0.38	0.5	0.5	0	0	0.38
160800	0.38	0.5	0.5	0	0	0.38
160900	0.38	0.5	0.5	0	0	0.38
161000	0.38	0.5	0.5	0	0	0.38
161100	0.39	0.5	0.5	0	0	0.39
161200	0.38	0.5	0.5	0	0	0.38
161300	0.38	0.5	0.5	0	0	0.38
161400	0.38	0.5	0.5	0	0	0.38
161500	0.38	0.5	0.5	0	0	0.38
161600	0.38	0.5	0.5	0	0	0.38
161700	0.38	0.51	0.51	0	0	0.38
161800	0.37	0.5	0.5	0	0	0.37
161900	0.37	0.5	0.5	0	0	0.37
162000	0.37	0.5	0.5	0	0	0.37
162100	0.37	0.5	0.5	0	0	0.37
162200	0.37	0.5	0.5	0	0	0.37
162300	0.37	0.5	0.5	0	0	0.37
162400	0.37	0.5	0.5	0	0	0.37
162500	0.37	0.5	0.5	0	0	0.37
162600	0.37	0.51	0.51	0	0	0.37
162700	0.38	0.5	0.5	0	0	0.38
162800	0.38	0.5	0.5	0	0	0.38
162900	0.38	0.5	0.5	0	0	0.38
163000	0.38	0.51	0.51	0	0	0.38
163100	0.38	0.51	0.51	0	0	0.38
163200	0.38	0.51	0.51	0	0	0.38
163300	0.38	0.51	0.51	0	0	0.38
163400	0.39	0.51	0.51	0	0	0.39
163500	0.39	0.51	0.51	0	0	0.39
163600	0.39	0.51	0.51	0	0	0.39
163700	0.39	0.51	0.51	0	0	0.39
163800	0.39	0.51	0.51	0	0	0.39
163900	0.39	0.51	0.51	0	0	0.39
164000	0.38	0.51	0.51	0	0	0.38
164100	0.38	0.51	0.51	0	0	0.38
164200	0.38	0.51	0.51	0	0	0.38
164300	0.39	0.51	0.51	0	0	0.39
164400	0.39	0.51	0.51	0	0	0.39
164500	0.39	0.51	0.51	0	0	0.39
164600	0.4	0.51	0.51	0	0	0.4
164700	0.4	0.51	0.51	0	0	0.4
164800	0.4	0.51	0.51	0	0	0.4
164900	0.4	0.51	0.51	0	0	0.4
165000	0.4	0.51	0.51	0	0	0.4
165100	0.4	0.51	0.51	0	0	0.4
165200	0.4	0.51	0.51	0	0	0.4
165300	0.4	0.51	0.51	0	0	0.4
165400	0.4	0.51	0.51	0	0	0.4
165500	0.4	0.51	0.51	0	0	0.4
165600	0.4	0.5	0.5	0	0	0.4
165700	0.4	0.5	0.5	0	0	0.4
165800	0.4	0.5	0.5	0	0	0.4
165900	0.41	0.5	0.5	0	0	0.41
166000	0.41	0.5	0.5	0	0	0.41
166100	0.41	0.5	0.5	0	0	0.41
166200	0.41	0.5	0.5	0	0	0.41
166300	0.41	0.5	0.5	0	0	0.41
166400	0.41	0.5	0.5	0	0	0.41
166500	0.41	0.5	0.5	0	0	0.41
166600	0.41	0.5	0.5	0	0	0.41
166700	0.41	0.5	0.5	0	0	0.41
166800	0.41	0.5	0.5	0	0	0.41
166900	0.41	0.5	0.5	0	0	0.41
167000	0.41	0.5	0.5	0	0	0.41
167100	0.41	0.5	0.5	0	0	0.41
167200	0.4	0.5	0.5	0	0	0.4
167300	0.4	0.5	0.5	0	0	0.4
167400	0.4	0.5	0.5	0	0	0.4
167500	0.4	0.49	0.49	0	0	0.4
167600	0.4	0.5	0.5	0	0	0.4
167700	0.4	0.5	0.5	0	0	0.4
167800	0.39	0.5	0.5	0	0	0.39
167900	0.38	0.5	0.5	0	0	0.38
168000	0.38	0.5	0.5	0	0	0.38
168100	0.38	0.5	0.5	0	0	0.38
168200	0.38	0.5	0.5	0	0	0.38
168300	0.38	0.5	0.5	0	0	0.38
168400	0.38	0.5	0.5	0	0	0.38
168500	0.38	0.5	0.5	0	0	0.38
168600	0.38	0.5	0.5	0	0	0.38
168700	0.38	0.5	0.5	0	0	0.38
168800	0.38	0.5	0.5	0	0	0.38
168900	0.38	0.5	0.5	0	0	0.38
169000	0.38	0.5	0.5	0	0	0.38
169100	0.38	0.5	0.5	0	0	0.38
169200	0.38	0.5	0.5	0	0	0.38
169300	0.38	0.5	0.5	0	0	0.38
169400	0.39	0.5	0.5	0	0	0.39
169500	0.39	0.5	0.5	0	0	0.39
169600	0.39	0.5	0.5	0	0	0.39
169700	0.4	0.5	0.5	0	0	0.4
169800	0.4	0.5	0.5	0	0	0.4
169900	0.4	0.5	0.5	0	0	0.4
170000	0.39	0.5	0.5	0	0	0.39
170100	0.38	0.5	0.5	0	0	0.38
170200	0.38	0.5	0.5	0	0	0.38
170300	0.38	0.5	0.5	0	0	0.38
170400	0.38	0.5	0.5	0	0	0.38
170500	0.38	0.5	0.5	0	0	0.38
170600	0.38	0.48	0.48	0	0	0.38
170700	0.38	0.48	0.48	0	0	0.38
170800	0.38	0.48	0.48	0	0	0.38
170900	0.38	0.48	0.48	0	0	0.38
171000	0.38	0.48	0.48	0	0	0.38
171100	0.38	0.48	0.48	0	0	0.38
171200	0.38	0.48	0.48	0	0	0.38
171300	0.38	0.48	0.48	0	0	0.38
171400	0.39	0.48	0.48	0	0	0.39
171500	0.38	0.48	0.48	0	0	0.38
171600	0.38	0.48	0.48	0	0	0.38
171700	0.38	0.48	0.48	0	0	0.38
171800	0.38	0.48	0.48	0	0	0.38
171900	0.38	0.48	0.48	0	0	0.38
172000	0.38	0.48	0.48	0	0	0.38
172100	0.38	0.48	0.48	0	0	0.38
172200	0.38	0.48	0.48	0	0	0.38
172300	0.39	0.48	0.48	0	0	0.39
172400	0.38	0.48	0.48	0	0	0.38
172500	0.39	0.49	0.49	0	0	0.39
172600	0.39	0.49	0.49	0	0	0.39
172700	0.39	0.49	0.49	0	0	0.39
172800	0.39	0.49	0.49	0	0	0.39
172900	0.39	0.49	0.49	0	0	0.39
173000	0.39	0.48	0.48	0	0	0.39
173100	0.39	0.48	0.48	0	0	0.39
173200	0.39	0.48	0.48	0	0	0.39
173300	0.39	0.48	0.48	0	0	0.39
173400	0.4	0.48	0.48	0	0	0.4
173500	0.4	0.48	0.48	0	0	0.4
173600	0.4	0.48	0.48	0	0	0.4
173700	0.4	0.48	0.48	0	0	0.4
173800	0.4	0.48	0.48	0	0	0.4
173900	0.41	0.48	0.48	0	0	0.41
174000	0.41	0.48	0.48	0	0	0.41
174100	0.41	0.48	0.48	0	0	0.41
174200	0.41	0.48	0.48	0	0	0.41
174300	0.42	0.48	0.48	0	0	0.42
174400	0.42	0.48	0.48	0	0	0.42
174500	0.42	0.48	0.48	0	0	0.42
174600	0.42	0.48	0.48	0	0	0.42
174700	0.42	0.48	0.48	0	0	0.42
174800	0.42	0.48	0.48	0	0	0.42
174900	0.42	0.48	0.48	0	0	0.42
175000	0.42	0.48	0.48	0	0	0.42
175100	0.42	0.49	0.49	0	0	0.42
175200	0.42	0.49	0.49	0	0	0.42
175300	0.42	0.49	0.49	0	0	0.42
175400	0.42	0.48	0.48	0	0	0.42
175500	0.42	0.48	0.48	0	0	0.42
175600	0.42	0.48	0.48	0	0	0.42
175700	0.42	0.48	0.48	0	0	0.42
175800	0.42	0.48	0.48	0	0	0.42
175900	0.42	0.48	0.48	0	0	0.42
176000	0.42	0.48	0.48	0	0	0.42
176100	0.42	0.48	0.48	0	0	0.42
176200	0.42	0.48	0.48	0	0	0.42
176300	0.42	0.48	0.48	0	0	0.42
176400	0.42	0.48	0.48	0	0	0.42
176500	0.42	0.48	0.48	0	0	0.42
176600	0.42	0.48	0.48	0	0	0.42
176700	0.42	0.48	0.48	0	0	0.42
176800	0.42	0.48	0.48	0	0	0.42
176900	0.42	0.48	0.48	0	0	0.42
177000	0.42	0.48	0.48	0	0	0.42
177100	0.42	0.48	0.48	0	0	0.42
177200	0.42	0.48	0.48	0	0	0.42
177300	0.42	0.48	0.48	0	0	0.42
177400	0.42	0.48	0.48	0	0	0.42
177500	0.42	0.49	0.49	0	0	0.42
177600	0.42	0.49	0.49	0	0	0.42
177700	0.42	0.49	0.49	0	0	0.42
177800	0.42	0.49	0.49	0	0	0.42
177900	0.42	0.48	0.48	0	0	0.42
178000	0.42	0.49	0.49	0	0	0.42
178100	0.42	0.49	0.49	0	0	0.42
178200	0.42	0.49	0.49	0	0	0.42
178300	0.42	0.49	0.49	0	0	0.42
178400	0.42	0.49	0.49	0	0	0.42
178500	0.42	0.49	0.49	0	0	0.42
178600	0.42	0.49	0.49	0	0	0.42
178700	0.42	0.49	0.49	0	0	0.42
178800	0.42	0.49	0.49	0	0	0.42
178900	0.42	0.49	0.49	0	0	0.42
179000	0.42	0.49	0.49	0	0	0.42
179100	0.43	0.49	0.49	0	0	0.43
179200	0.43	0.49	0.49	0	0	0.43
179300	0.43	0.49	0.49	0	0	0.43
179400	0.43	0.49	0.49	0	0	0.43
179500	0.42	0.49	0.49	0	0	0.42
179600	0.42	0.49	0.49	0	0	0.42
179700	0.42	0.49	0.49	0	0	0.42
179800	0.42	0.49	0.49	0	0	0.42
179900	0.42	0.49	0.49	0	0	0.42
180000	0.42	0.49	0.49	0	0	0.42
180100	0.42	0.49	0.49	0	0	0.42
180200	0.42	0.49	0.49	0	0	0.42
180300	0.42	0.49	0.49	0	0	0.42
180400	0.42	0.49	0.49	0	0	0.42
180500	0.42	0.49	0.49	0	0	0.42
180600	0.42	0.49	0.49	0	0	0.42
180700	0.42	0.49	0.49	0	0	0.42
180800	0.42	0.49	0.49	0	0	0.42
180900	0.42	0.49	0.49	0	0	0.42
181000	0.42	0.49	0.49	0	0	0.42
181100	0.42	0.49	0.49	0	0	0.42
181200	0.42	0.49	0.49	0	0	0.42
181300	0.42	0.49	0.49	0	0	0.42
181400	0.42	0.49	0.49	0	0	0.42
181500	0.42	0.49	0.49	0	0	0.42
181600	0.42	0.49	0.49	0	0	0.42
181700	0.42	0.49	0.49	0	0	0.42
181800	0.42	0.49	0.49	0	0	0.42
181900	0.42	0.5	0.5	0	0	0.42
182000	0.42	0.5	0.5	0	0	0.42
182100	0.42	0.5	0.5	0	0	0.42
182200	0.42	0.5	0.5	0	0	0.42
182300	0.42	0.5	0.5	0	0	0.42
182400	0.42	0.5	0.5	0	0	0.42
182500	0.42	0.5	0.5	0	0	0.42
182600	0.42	0.5	0.5	0	0	0.42
182700	0.42	0.5	0.5	0	0	0.42
182800	0.42	0.5	0.5	0	0	0.42
182900	0.42	0.5	0.5	0	0	0.42
183000	0.42	0.5	0.5	0	0	0.42
183100	0.42	0.5	0.5	0	0	0.42
183200	0.42	0.5	0.5	0	0	0.42
183300	0.42	0.49	0.49	0	0	0.42
183400	0.42	0.49	0.49	0	0	0.42
183500	0.42	0.49	0.49	0	0	0.42
183600	0.42	0.49	0.49	0	0	0.42
183700	0.42	0.49	0.49	0	0	0.42
183800	0.42	0.49	0.49	0	0	0.42
183900	0.42	0.49	0.49	0	0	0.42
184000	0.42	0.49	0.49	0	0	0.42
184100	0.42	0.49	0.49	0	0	0.42
184200	0.42	0.49	0.49	0	0	0.42
184300	0.42	0.49	0.49	0	0	0.42
184400	0.42	0.49	0.49	0	0	0.42
184500	0.42	0.49	0.49	0	0	0.42
184600	0.42	0.49	0.49	0	0	0.42
184700	0.41	0.49	0.49	0	0	0.41
184800	0.41	0.49	0.49	0	0	0.41
184900	0.41	0.49	0.49	0	0	0.41
185000	0.4	0.49	0.49	0	0	0.4
185100	0.4	0.49	0.49	0	0	0.4
185200	0.4	0.49	0.49	0	0	0.4
185300	0.4	0.49	0.49	0	0	0.4
185400	0.4	0.5	0.5	0	0	0.4
185500	0.4	0.49	0.49	0	0	0.4
185600	0.4	0.49	0.49	0	0	0.4
185700	0.4	0.49	0.49	0	0	0.4
185800	0.4	0.49	0.49	0	0	0.4
185900	0.4	0.49	0.49	0	0	0.4
186000	0.4	0.49	0.49	0	0	0.4
186100	0.4	0.49	0.49	0	0	0.4
186200	0.4	0.49	0.49	0	0	0.4
186300	0.4	0.49	0.49	0	0	0.4
186400	0.4	0.49	0.49	0	0	0.4
186500	0.4	0.49	0.49	0	0	0.4
186600	0.4	0.49	0.49	0	0	0.4
186700	0.4	0.5	0.5	0	0	0.4
186800	0.4	0.5	0.5	0	0	0.4
186900	0.4	0.5	0.5	0	0	0.4
187000	0.4	0.5	0.5	0	0	0.4
187100	0.39	0.5	0.5	0	0	0.39
187200	0.39	0.49	0.49	0	0	0.39
187300	0.39	0.49	0.49	0	0	0.39
187400	0.39	0.49	0.49	0	0	0.39
187500	0.39	0.49	0.49	0	0	0.39
187600	0.39	0.49	0.49	0	0	0.39
187700	0.39	0.49	0.49	0	0	0.39
187800	0.39	0.49	0.49	0	0	0.39
187900	0.39	0.49	0.49	0	0	0.39
188000	0.39	0.49	0.49	0	0	0.39
188100	0.39	0.49	0.49	0	0	0.39
188200	0.39	0.49	0.49	0	0	0.39
188300	0.39	0.49	0.49	0	0	0.39
188400	0.39	0.49	0.49	0	0	0.39
188500	0.39	0.49	0.49	0	0	0.39
188600	0.39	0.49	0.49	0	0	0.39
188700	0.39	0.49	0.49	0	0	0.39
188800	0.39	0.49	0.49	0	0	0.39
188900	0.39	0.49	0.49	0	0	0.39
189000	0.39	0.49	0.49	0	0	0.39
189100	0.39	0.49	0.49	0	0	0.39
189200	0.39	0.49	0.49	0	0	0.39
189300	0.39	0.49	0.49	0	0	0.39
189400	0.39	0.49	0.49	0	0	0.39
189500	0.39	0.49	0.49	0	0	0.39
189600	0.39	0.49	0.49	0	0	0.39
189700	0.39	0.49	0.49	0	0	0.39
189800	0.39	0.49	0.49	0	0	0.39
189900	0.39	0.49	0.49	0	0	0.39
190000	0.39	0.49	0.49	0	0	0.39
190100	0.39	0.49	0.49	0	0	0.39
190200	0.39	0.49	0.49	0	0	0.39
190300	0.39	0.49	0.49	0	0	0.39
190400	0.39	0.49	0.49	0	0	0.39
190500	0.39	0.49	0.49	0	0	0.39
190600	0.4	0.49	0.49	0	0	0.4
190700	0.4	0.49	0.49	0	0	0.4
190800	0.4	0.49	0.49	0	0	0.4
190900	0.4	0.49	0.49	0	0	0.4
191000	0.4	0.49	0.49	0	0	0.4
191100	0.4	0.49	0.49	0	0	0.4
191200	0.4	0.49	0.49	0	0	0.4
191300	0.4	0.5	0.5	0	0	0.4
191400	0.4	0.5	0.5	0	0	0.4
191500	0.4	0.5	0.5	0	0	0.4
191600	0.4	0.5	0.5	0	0	0.4
191700	0.4	0.5	0.5	0	0	0.4
191800	0.4	0.5	0.5	0	0	0.4
191900	0.4	0.5	0.5	0	0	0.4
192000	0.4	0.5	0.5	0	0	0.4
192100	0.4	0.5	0.5	0	0	0.4
192200	0.4	0.5	0.5	0	0	0.4
192300	0.4	0.5	0.5	0	0	0.4
192400	0.4	0.5	0.5	0	0	0.4
192500	0.4	0.5	0.5	0	0	0.4
192600	0.4	0.5	0.5	0	0	0.4
192700	0.4	0.51	0.51	0	0	0.4
192800	0.4	0.51	0.51	0	0	0.4
192900	0.4	0.51	0.51	0	0	0.4
193000	0.4	0.51	0.51	0	0	0.4
193100	0.4	0.51	0.51	0	0	0.4
193200	0.41	0.51	0.51	0	0	0.41
193300	0.41	0.51	0.51	0	0	0.41
193400	0.41	0.51	0.51	0	0	0.41
193500	0.41	0.51	0.51	0	0	0.41
193600	0.41	0.51	0.51	0	0	0.41
193700	0.41	0.51	0.51	0	0	0.41
193800	0.41	0.51	0.51	0	0	0.41
193900	0.41	0.51	0.51	0	0	0.41
194000	0.41	0.51	0.51	0	0	0.41
194100	0.41	0.51	0.51	0	0	0.41
194200	0.41	0.51	0.51	0	0	0.41
194300	0.42	0.51	0.51	0	0	0.42
194400	0.42	0.51	0.51	0	0	0.42
194500	0.42	0.51	0.51	0	0	0.42
194600	0.42	0.51	0.51	0	0	0.42
194700	0.42	0.51	0.51	0	0	0.42
194800	0.42	0.51	0.51	0	0	0.42
194900	0.42	0.51	0.51	0	0	0.42
195000	0.42	0.52	0.52	0	0	0.42
195100	0.42	0.52	0.52	0	0	0.42
195200	0.42	0.52	0.52	0	0	0.42
195300	0.42	0.53	0.53	0	0	0.42
195400	0.42	0.53	0.53	0	0	0.42
195500	0.42	0.53	0.53	0	0	0.42
195600	0.42	0.53	0.53	0	0	0.42
195700	0.42	0.53	0.53	0	0	0.42
195800	0.42	0.53	0.53	0	0	0.42
195900	0.42	0.53	0.53	0	0	0.42
196000	0.42	0.53	0.53	0	0	0.42
196100	0.42	0.53	0.53	0	0	0.42
196200	0.42	0.53	0.53	0	0	0.42
196300	0.42	0.53	0.53	0	0	0.42
196400	0.42	0.54	0.54	0	0	0.42
196500	0.42	0.54	0.54	0	0	0.42
196600	0.42	0.54	0.54	0	0	0.42
196700	0.42	0.54	0.54	0	0	0.42
196800	0.42	0.54	0.54	0	0	0.42
196900	0.42	0.54	0.54	0	0	0.42
197000	0.42	0.54	0.54	0	0	0.42
197100	0.42	0.54	0.54	0	0	0.42
197200	0.42	0.54	0.54	0	0	0.42
197300	0.42	0.54	0.54	0	0	0.42
197400	0.42	0.53	0.53	0	0	0.42
197500	0.42	0.52	0.52	0	0	0.42
197600	0.42	0.52	0.52	0	0	0.42
197700	0.42	0.52	0.52	0	0	0.42
197800	0.42	0.52	0.52	0	0	0.42
197900	0.42	0.52	0.52	0	0	0.42
198000	0.42	0.51	0.51	0	0	0.42
198100	0.42	0.51	0.51	0	0	0.42
198200	0.42	0.51	0.51	0	0	0.42
198300	0.42	0.51	0.51	0	0	0.42
198400	0.42	0.51	0.51	0	0	0.42
198500	0.42	0.51	0.51	0	0	0.42
198600	0.42	0.51	0.51	0	0	0.42
198700	0.42	0.51	0.51	0	0	0.42
198800	0.42	0.51	0.51	0	0	0.42
198900	0.42	0.51	0.51	0	0	0.42
199000	0.42	0.51	0.51	0	0	0.42
199100	0.42	0.51	0.51	0	0	0.42
199200	0.42	0.51	0.51	0	0	0.42
199300	0.42	0.51	0.51	0	0	0.42
199400	0.42	0.51	0.51	0	0	0.42
199500	0.42	0.51	0.51	0	0	0.42
199600	0.42	0.51	0.51	0	0	0.42
199700	0.43	0.51	0.51	0	0	0.43
199800	0.43	0.51	0.51	0	0	0.43
199900	0.43	0.51	0.51	0	0	0.43
200000	0.43	0.51	0.51	0	0	0.43
200100	0.43	0.52	0.52	0	0	0.43
200200	0.43	0.52	0.52	0	0	0.43
200300	0.43	0.52	0.52	0	0	0.43
200400	0.43	0.51	0.51	0	0	0.43
200500	0.43	0.51	0.51	0	0	0.43
200600	0.43	0.51	0.51	0	0	0.43
200700	0.43	0.51	0.51	0	0	0.43
200800	0.43	0.51	0.51	0	0	0.43
200900	0.43	0.51	0.51	0	0	0.43
201000	0.43	0.51	0.51	0	0	0.43
201100	0.43	0.51	0.51	0	0	0.43
201200	0.43	0.51	0.51	0	0	0.43
201300	0.43	0.51	0.51	0	0	0.43
201400	0.43	0.51	0.51	0	0	0.43
201500	0.43	0.51	0.51	0	0	0.43
201600	0.43	0.51	0.51	0	0	0.43
201700	0.43	0.51	0.51	0	0	0.43
201800	0.44	0.51	0.51	0	0	0.44
201900	0.44	0.51	0.51	0	0	0.44
202000	0.44	0.51	0.51	0	0	0.44
202100	0.44	0.51	0.51	0	0	0.44
202200	0.44	0.51	0.51	0	0	0.44
202300	0.44	0.51	0.51	0	0	0.44
202400	0.44	0.51	0.51	0	0	0.44
202500	0.44	0.51	0.51	0	0	0.44
202600	0.44	0.51	0.51	0	0	0.44
202700	0.44	0.51	0.51	0	0	0.44
202800	0.44	0.51	0.51	0	0	0.44
202900	0.44	0.51	0.51	0	0	0.44
203000	0.44	0.51	0.51	0	0	0.44
203100	0.44	0.51	0.51	0	0	0.44
203200	0.43	0.51	0.51	0	0	0.43
203300	0.43	0.51	0.51	0	0	0.43
203400	0.43	0.51	0.51	0	0	0.43
203500	0.43	0.51	0.51	0	0	0.43
203600	0.43	0.51	0.51	0	0	0.43
203700	0.43	0.51	0.51	0	0	0.43
203800	0.42	0.51	0.51	0	0	0.42
203900	0.42	0.51	0.51	0	0	0.42
204000	0.43	0.51	0.51	0	0	0.43
204100	0.43	0.51	0.51	0	0	0.43
204200	0.43	0.51	0.51	0	0	0.43
204300	0.43	0.51	0.51	0	0	0.43
204400	0.43	0.51	0.51	0	0	0.43
204500	0.43	0.51	0.51	0	0	0.43
204600	0.43	0.51	0.51	0	0	0.43
204700	0.43	0.51	0.51	0	0	0.43
204800	0.43	0.51	0.51	0	0	0.43
204900	0.43	0.51	0.51	0	0	0.43
205000	0.43	0.51	0.51	0	0	0.43
205100	0.42	0.51	0.51	0	0	0.42
205200	0.42	0.51	0.51	0	0	0.42
205300	0.42	0.51	0.51	0	0	0.42
205400	0.42	0.51	0.51	0	0	0.42
205500	0.42	0.51	0.51	0	0	0.42
205600	0.42	0.51	0.51	0	0	0.42
205700	0.42	0.51	0.51	0	0	0.42
205800	0.42	0.51	0.51	0	0	0.42
205900	0.42	0.51	0.51	0	0	0.42
206000	0.42	0.51	0.51	0	0	0.42
206100	0.42	0.51	0.51	0	0	0.42
206200	0.42	0.51	0.51	0	0	0.42
206300	0.42	0.51	0.51	0	0	0.42
206400	0.42	0.51	0.51	0	0	0.42
206500	0.42	0.51	0.51	0	0	0.42
206600	0.42	0.51	0.51	0	0	0.42
206700	0.42	0.51	0.51	0	0	0.42
206800	0.42	0.51	0.51	0	0	0.42
206900	0.42	0.51	0.51	0	0	0.42
207000	0.43	0.51	0.51	0	0	0.43
207100	0.43	0.51	0.51	0	0	0.43
207200	0.43	0.51	0.51	0	0	0.43
207300	0.43	0.51	0.51	0	0	0.43
207400	0.43	0.51	0.51	0	0	0.43
207500	0.43	0.51	0.51	0	0	0.43
207600	0.43	0.51	0.51	0	0	0.43
207700	0.43	0.51	0.51	0	0	0.43
207800	0.43	0.51	0.51	0	0	0.43
207900	0.43	0.51	0.51	0	0	0.43
208000	0.43	0.51	0.51	0	0	0.43
208100	0.43	0.51	0.51	0	0	0.43
208200	0.43	0.51	0.51	0	0	0.43
208300	0.43	0.51	0.51	0	0	0.43
208400	0.43	0.51	0.51	0	0	0.43
208500	0.43	0.51	0.51	0	0	0.43
208600	0.43	0.51	0.51	0	0	0.43
208700	0.43	0.51	0.51	0	0	0.43
208800	0.43	0.51	0.51	0	0	0.43
208900	0.43	0.51	0.51	0	0	0.43
209000	0.43	0.51	0.51	0	0	0.43
209100	0.43	0.51	0.51	0	0	0.43
209200	0.43	0.51	0.51	0	0	0.43
209300	0.43	0.51	0.51	0	0	0.43
209400	0.43	0.51	0.51	0	0	0.43
