100	0.07	0.07	0.07	0	0	0.07
200	0.08	0.1	0.1	0	0	0.08
300	0.08	0.11	0.11	0	0	0.08
400	0.11	0.13	0.13	0	0	0.11
500	0.13	0.13	0.13	0	0	0.13
600	0.13	0.13	0.13	0	0	0.13
700	0.13	0.13	0.13	0	0	0.13
800	0.13	0.13	0.13	0	0	0.13
900	0.13	0.13	0.13	0	0	0.13
1000	0.13	0.14	0.14	0	0	0.13
1100	0.14	0.14	0.14	0	0	0.14
1200	0.13	0.16	0.16	0	0	0.13
1300	0.13	0.16	0.16	0	0	0.13
1400	0.14	0.16	0.16	0	0	0.14
1500	0.14	0.15	0.15	0	0	0.14
1600	0.14	0.15	0.15	0	0	0.14
1700	0.14	0.17	0.17	0	0	0.14
1800	0.14	0.16	0.16	0	0	0.14
1900	0.15	0.16	0.16	0	0	0.15
2000	0.12	0.17	0.17	0	0	0.12
2100	0.12	0.17	0.17	0	0	0.12
2200	0.12	0.17	0.17	0	0	0.12
2300	0.13	0.17	0.17	0	0	0.13
2400	0.14	0.16	0.16	0	0	0.14
2500	0.15	0.13	0.13	0	0	0.15
2600	0.15	0.14	0.14	0	0	0.15
2700	0.15	0.13	0.13	0	0	0.15
2800	0.17	0.12	0.12	0	0	0.17
2900	0.18	0.13	0.13	0	0	0.18
3000	0.18	0.13	0.13	0	0	0.18
3100	0.18	0.14	0.14	0	0	0.18
3200	0.18	0.14	0.14	0	0	0.18
3300	0.19	0.15	0.15	0	0	0.19
3400	0.19	0.15	0.15	0	0	0.19
3500	0.18	0.17	0.17	0	0	0.18
3600	0.19	0.17	0.17	0	0	0.19
3700	0.19	0.18	0.18	0	0	0.19
3800	0.19	0.19	0.19	0	0	0.19
3900	0.18	0.19	0.19	0	0	0.18
4000	0.18	0.2	0.2	0	0	0.18
4100	0.18	0.2	0.2	0	0	0.18
4200	0.18	0.19	0.19	0	0	0.18
4300	0.18	0.17	0.17	0	0	0.18
4400	0.18	0.15	0.15	0	0	0.18
4500	0.18	0.15	0.15	0	0	0.18
4600	0.2	0.15	0.15	0	0	0.2
4700	0.19	0.15	0.15	0	0	0.19
4800	0.19	0.17	0.17	0	0	0.19
4900	0.18	0.17	0.17	0	0	0.18
5000	0.19	0.16	0.16	0	0	0.19
5100	0.19	0.16	0.16	0	0	0.19
5200	0.21	0.16	0.16	0	0	0.21
5300	0.21	0.16	0.16	0	0	0.21
5400	0.23	0.17	0.17	0	0	0.23
5500	0.23	0.15	0.15	0	0	0.23
5600	0.22	0.14	0.14	0	0	0.22
5700	0.21	0.16	0.16	0	0	0.21
5800	0.21	0.16	0.16	0	0	0.21
5900	0.2	0.16	0.16	0	0	0.2
6000	0.2	0.17	0.17	0	0	0.2
6100	0.2	0.17	0.17	0	0	0.2
6200	0.2	0.17	0.17	0	0	0.2
6300	0.2	0.18	0.18	0	0	0.2
6400	0.2	0.18	0.18	0	0	0.2
6500	0.2	0.18	0.18	0	0	0.2
6600	0.2	0.18	0.18	0	0	0.2
6700	0.2	0.2	0.2	0	0	0.2
6800	0.2	0.21	0.21	0	0	0.2
6900	0.2	0.21	0.21	0	0	0.2
7000	0.21	0.21	0.21	0	0	0.21
7100	0.21	0.21	0.21	0	0	0.21
7200	0.21	0.21	0.21	0	0	0.21
7300	0.22	0.23	0.23	0	0	0.22
7400	0.22	0.23	0.23	0	0	0.22
7500	0.21	0.23	0.23	0	0	0.21
7600	0.21	0.21	0.21	0	0	0.21
7700	0.21	0.2	0.2	0	0	0.21
7800	0.23	0.19	0.19	0	0	0.23
7900	0.22	0.19	0.19	0	0	0.22
8000	0.23	0.18	0.18	0	0	0.23
8100	0.24	0.18	0.18	0	0	0.24
8200	0.23	0.17	0.17	0	0	0.23
8300	0.23	0.18	0.18	0	0	0.23
8400	0.24	0.19	0.19	0	0	0.24
8500	0.24	0.19	0.19	0	0	0.24
8600	0.24	0.19	0.19	0	0	0.24
8700	0.25	0.18	0.18	0	0	0.25
8800	0.26	0.19	0.19	0	0	0.26
8900	0.26	0.18	0.18	0	0	0.26
9000	0.26	0.18	0.18	0	0	0.26
9100	0.27	0.18	0.18	0	0	0.27
9200	0.3	0.21	0.21	0	0	0.3
9300	0.31	0.21	0.21	0	0	0.31
9400	0.31	0.2	0.2	0	0	0.31
9500	0.31	0.19	0.19	0	0	0.31
9600	0.31	0.19	0.19	0	0	0.31
9700	0.31	0.2	0.2	0	0	0.31
9800	0.32	0.2	0.2	0	0	0.32
9900	0.32	0.2	0.2	0	0	0.32
10000	0.31	0.21	0.21	0	0	0.31
10100	0.29	0.21	0.21	0	0	0.29
10200	0.29	0.22	0.22	0	0	0.29
10300	0.29	0.22	0.22	0	0	0.29
10400	0.29	0.22	0.22	0	0	0.29
10500	0.29	0.23	0.23	0	0	0.29
10600	0.29	0.22	0.22	0	0	0.29
10700	0.29	0.21	0.21	0	0	0.29
10800	0.29	0.21	0.21	0	0	0.29
10900	0.29	0.21	0.21	0	0	0.29
11000	0.29	0.21	0.21	0	0	0.29
11100	0.29	0.21	0.21	0	0	0.29
11200	0.29	0.21	0.21	0	0	0.29
11300	0.29	0.22	0.22	0	0	0.29
11400	0.29	0.22	0.22	0	0	0.29
11500	0.29	0.24	0.24	0	0	0.29
11600	0.32	0.23	0.23	0	0	0.32
11700	0.29	0.25	0.25	0	0	0.29
11800	0.29	0.24	0.24	0	0	0.29
11900	0.29	0.24	0.24	0	0	0.29
12000	0.29	0.27	0.27	0	0	0.29
12100	0.3	0.27	0.27	0	0	0.3
12200	0.3	0.27	0.27	0	0	0.3
12300	0.3	0.27	0.27	0	0	0.3
12400	0.31	0.27	0.27	0	0	0.31
12500	0.32	0.26	0.26	0	0	0.32
12600	0.31	0.26	0.26	0	0	0.31
12700	0.31	0.26	0.26	0	0	0.31
12800	0.3	0.26	0.26	0	0	0.3
12900	0.3	0.27	0.27	0	0	0.3
13000	0.3	0.28	0.28	0	0	0.3
13100	0.3	0.28	0.28	0	0	0.3
13200	0.3	0.29	0.29	0	0	0.3
13300	0.32	0.29	0.29	0	0	0.32
13400	0.31	0.29	0.29	0	0	0.31
13500	0.31	0.3	0.3	0	0	0.31
13600	0.31	0.31	0.31	0	0	0.31
13700	0.31	0.29	0.29	0	0	0.31
13800	0.31	0.27	0.27	0	0	0.31
13900	0.31	0.27	0.27	0	0	0.31
14000	0.32	0.27	0.27	0	0	0.32
14100	0.32	0.26	0.26	0	0	0.32
14200	0.32	0.26	0.26	0	0	0.32
14300	0.32	0.27	0.27	0	0	0.32
14400	0.32	0.27	0.27	0	0	0.32
14500	0.32	0.27	0.27	0	0	0.32
14600	0.33	0.28	0.28	0	0	0.33
14700	0.34	0.27	0.27	0	0	0.34
14800	0.35	0.27	0.27	0	0	0.35
14900	0.33	0.27	0.27	0	0	0.33
15000	0.33	0.27	0.27	0	0	0.33
15100	0.33	0.27	0.27	0	0	0.33
15200	0.32	0.27	0.27	0	0	0.32
15300	0.33	0.28	0.28	0	0	0.33
15400	0.34	0.28	0.28	0	0	0.34
15500	0.33	0.27	0.27	0	0	0.33
15600	0.33	0.28	0.28	0	0	0.33
15700	0.34	0.28	0.28	0	0	0.34
15800	0.34	0.28	0.28	0	0	0.34
15900	0.34	0.29	0.29	0	0	0.34
16000	0.35	0.28	0.28	0	0	0.35
16100	0.35	0.28	0.28	0	0	0.35
16200	0.35	0.28	0.28	0	0	0.35
16300	0.34	0.28	0.28	0	0	0.34
16400	0.35	0.28	0.28	0	0	0.35
16500	0.35	0.29	0.29	0	0	0.35
16600	0.35	0.29	0.29	0	0	0.35
16700	0.35	0.3	0.3	0	0	0.35
16800	0.35	0.3	0.3	0	0	0.35
16900	0.35	0.3	0.3	0	0	0.35
17000	0.34	0.31	0.31	0	0	0.34
17100	0.33	0.31	0.31	0	0	0.33
17200	0.32	0.29	0.29	0	0	0.32
17300	0.33	0.29	0.29	0	0	0.33
17400	0.34	0.29	0.29	0	0	0.34
17500	0.34	0.29	0.29	0	0	0.34
17600	0.34	0.29	0.29	0	0	0.34
17700	0.32	0.29	0.29	0	0	0.32
17800	0.34	0.29	0.29	0	0	0.34
17900	0.33	0.29	0.29	0	0	0.33
18000	0.33	0.29	0.29	0	0	0.33
18100	0.33	0.3	0.3	0	0	0.33
18200	0.33	0.3	0.3	0	0	0.33
18300	0.33	0.3	0.3	0	0	0.33
18400	0.34	0.3	0.3	0	0	0.34
18500	0.34	0.31	0.31	0	0	0.34
18600	0.34	0.31	0.31	0	0	0.34
18700	0.33	0.31	0.31	0	0	0.33
18800	0.33	0.31	0.31	0	0	0.33
18900	0.33	0.29	0.29	0	0	0.33
19000	0.33	0.29	0.29	0	0	0.33
19100	0.33	0.29	0.29	0	0	0.33
19200	0.33	0.29	0.29	0	0	0.33
19300	0.32	0.27	0.27	0	0	0.32
19400	0.32	0.26	0.26	0	0	0.32
19500	0.31	0.26	0.26	0	0	0.31
19600	0.32	0.25	0.25	0	0	0.32
19700	0.32	0.25	0.25	0	0	0.32
19800	0.33	0.25	0.25	0	0	0.33
19900	0.32	0.26	0.26	0	0	0.32
20000	0.32	0.26	0.26	0	0	0.32
20100	0.33	0.26	0.26	0	0	0.33
20200	0.34	0.29	0.29	0	0	0.34
20300	0.32	0.28	0.28	0	0	0.32
20400	0.32	0.28	0.28	0	0	0.32
20500	0.31	0.28	0.28	0	0	0.31
20600	0.31	0.27	0.27	0	0	0.31
20700	0.31	0.26	0.26	0	0	0.31
20800	0.31	0.26	0.26	0	0	0.31
20900	0.31	0.26	0.26	0	0	0.31
21000	0.31	0.26	0.26	0	0	0.31
21100	0.3	0.26	0.26	0	0	0.3
21200	0.3	0.26	0.26	0	0	0.3
21300	0.3	0.26	0.26	0	0	0.3
21400	0.3	0.27	0.27	0	0	0.3
21500	0.3	0.27	0.27	0	0	0.3
21600	0.3	0.27	0.27	0	0	0.3
21700	0.29	0.27	0.27	0	0	0.29
21800	0.3	0.27	0.27	0	0	0.3
21900	0.3	0.25	0.25	0	0	0.3
22000	0.32	0.25	0.25	0	0	0.32
22100	0.32	0.25	0.25	0	0	0.32
22200	0.32	0.25	0.25	0	0	0.32
22300	0.32	0.25	0.25	0	0	0.32
22400	0.32	0.25	0.25	0	0	0.32
22500	0.32	0.25	0.25	0	0	0.32
22600	0.32	0.25	0.25	0	0	0.32
22700	0.31	0.26	0.26	0	0	0.31
22800	0.31	0.27	0.27	0	0	0.31
22900	0.32	0.28	0.28	0	0	0.32
23000	0.32	0.29	0.29	0	0	0.32
23100	0.32	0.29	0.29	0	0	0.32
23200	0.32	0.29	0.29	0	0	0.32
23300	0.32	0.3	0.3	0	0	0.32
23400	0.32	0.31	0.31	0	0	0.32
23500	0.33	0.31	0.31	0	0	0.33
23600	0.34	0.32	0.32	0	0	0.34
23700	0.34	0.32	0.32	0	0	0.34
23800	0.34	0.31	0.31	0	0	0.34
23900	0.34	0.31	0.31	0	0	0.34
24000	0.34	0.31	0.31	0	0	0.34
24100	0.34	0.32	0.32	0	0	0.34
24200	0.34	0.31	0.31	0	0	0.34
24300	0.34	0.31	0.31	0	0	0.34
24400	0.33	0.31	0.31	0	0	0.33
24500	0.33	0.31	0.31	0	0	0.33
24600	0.34	0.32	0.32	0	0	0.34
24700	0.34	0.31	0.31	0	0	0.34
24800	0.34	0.31	0.31	0	0	0.34
24900	0.35	0.32	0.32	0	0	0.35
25000	0.35	0.32	0.32	0	0	0.35
25100	0.35	0.32	0.32	0	0	0.35
25200	0.35	0.32	0.32	0	0	0.35
25300	0.36	0.32	0.32	0	0	0.36
25400	0.36	0.31	0.31	0	0	0.36
25500	0.36	0.3	0.3	0	0	0.36
25600	0.36	0.31	0.31	0	0	0.36
25700	0.36	0.3	0.3	0	0	0.36
25800	0.36	0.3	0.3	0	0	0.36
25900	0.36	0.3	0.3	0	0	0.36
26000	0.36	0.3	0.3	0	0	0.36
26100	0.36	0.29	0.29	0	0	0.36
26200	0.36	0.3	0.3	0	0	0.36
26300	0.36	0.29	0.29	0	0	0.36
26400	0.37	0.29	0.29	0	0	0.37
26500	0.38	0.3	0.3	0	0	0.38
26600	0.37	0.3	0.3	0	0	0.37
26700	0.37	0.27	0.27	0	0	0.37
26800	0.37	0.28	0.28	0	0	0.37
26900	0.37	0.29	0.29	0	0	0.37
27000	0.37	0.3	0.3	0	0	0.37
27100	0.37	0.3	0.3	0	0	0.37
27200	0.37	0.3	0.3	0	0	0.37
27300	0.37	0.3	0.3	0	0	0.37
27400	0.37	0.3	0.3	0	0	0.37
27500	0.38	0.3	0.3	0	0	0.38
27600	0.38	0.3	0.3	0	0	0.38
27700	0.38	0.3	0.3	0	0	0.38
27800	0.38	0.29	0.29	0	0	0.38
27900	0.38	0.3	0.3	0	0	0.38
28000	0.38	0.31	0.31	0	0	0.38
28100	0.38	0.31	0.31	0	0	0.38
28200	0.38	0.3	0.3	0	0	0.38
28300	0.39	0.3	0.3	0	0	0.39
28400	0.39	0.3	0.3	0	0	0.39
28500	0.39	0.3	0.3	0	0	0.39
28600	0.39	0.29	0.29	0	0	0.39
28700	0.39	0.29	0.29	0	0	0.39
28800	0.39	0.29	0.29	0	0	0.39
28900	0.39	0.29	0.29	0	0	0.39
29000	0.4	0.29	0.29	0	0	0.4
29100	0.4	0.28	0.28	0	0	0.4
29200	0.41	0.3	0.3	0	0	0.41
29300	0.41	0.3	0.3	0	0	0.41
29400	0.41	0.32	0.32	0	0	0.41
29500	0.41	0.32	0.32	0	0	0.41
29600	0.41	0.31	0.31	0	0	0.41
29700	0.41	0.31	0.31	0	0	0.41
29800	0.41	0.31	0.31	0	0	0.41
29900	0.41	0.31	0.31	0	0	0.41
30000	0.41	0.3	0.3	0	0	0.41
30100	0.41	0.31	0.31	0	0	0.41
30200	0.42	0.3	0.3	0	0	0.42
30300	0.42	0.3	0.3	0	0	0.42
30400	0.42	0.3	0.3	0	0	0.42
30500	0.41	0.3	0.3	0	0	0.41
30600	0.4	0.29	0.29	0	0	0.4
30700	0.4	0.29	0.29	0	0	0.4
30800	0.39	0.28	0.28	0	0	0.39
30900	0.39	0.29	0.29	0	0	0.39
31000	0.35	0.29	0.29	0	0	0.35
31100	0.35	0.29	0.29	0	0	0.35
31200	0.35	0.28	0.28	0	0	0.35
31300	0.35	0.3	0.3	0	0	0.35
31400	0.35	0.3	0.3	0	0	0.35
31500	0.34	0.3	0.3	0	0	0.34
31600	0.34	0.29	0.29	0	0	0.34
31700	0.34	0.28	0.28	0	0	0.34
31800	0.34	0.29	0.29	0	0	0.34
31900	0.34	0.29	0.29	0	0	0.34
32000	0.34	0.29	0.29	0	0	0.34
32100	0.34	0.29	0.29	0	0	0.34
32200	0.34	0.28	0.28	0	0	0.34
32300	0.34	0.28	0.28	0	0	0.34
32400	0.34	0.29	0.29	0	0	0.34
32500	0.34	0.29	0.29	0	0	0.34
32600	0.34	0.3	0.3	0	0	0.34
32700	0.35	0.3	0.3	0	0	0.35
32800	0.35	0.29	0.29	0	0	0.35
32900	0.35	0.28	0.28	0	0	0.35
33000	0.35	0.29	0.29	0	0	0.35
33100	0.35	0.29	0.29	0	0	0.35
33200	0.35	0.3	0.3	0	0	0.35
33300	0.35	0.31	0.31	0	0	0.35
33400	0.35	0.31	0.31	0	0	0.35
33500	0.35	0.3	0.3	0	0	0.35
33600	0.35	0.3	0.3	0	0	0.35
33700	0.35	0.3	0.3	0	0	0.35
33800	0.35	0.3	0.3	0	0	0.35
33900	0.35	0.3	0.3	0	0	0.35
34000	0.35	0.3	0.3	0	0	0.35
34100	0.35	0.29	0.29	0	0	0.35
34200	0.35	0.28	0.28	0	0	0.35
34300	0.35	0.28	0.28	0	0	0.35
34400	0.35	0.28	0.28	0	0	0.35
34500	0.35	0.28	0.28	0	0	0.35
34600	0.35	0.29	0.29	0	0	0.35
34700	0.35	0.29	0.29	0	0	0.35
34800	0.35	0.29	0.29	0	0	0.35
34900	0.35	0.29	0.29	0	0	0.35
35000	0.36	0.29	0.29	0	0	0.36
35100	0.36	0.29	0.29	0	0	0.36
35200	0.36	0.29	0.29	0	0	0.36
35300	0.36	0.3	0.3	0	0	0.36
35400	0.36	0.3	0.3	0	0	0.36
35500	0.36	0.3	0.3	0	0	0.36
35600	0.36	0.29	0.29	0	0	0.36
35700	0.35	0.29	0.29	0	0	0.35
35800	0.35	0.3	0.3	0	0	0.35
35900	0.35	0.29	0.29	0	0	0.35
36000	0.34	0.29	0.29	0	0	0.34
36100	0.34	0.29	0.29	0	0	0.34
36200	0.35	0.29	0.29	0	0	0.35
36300	0.35	0.3	0.3	0	0	0.35
36400	0.35	0.3	0.3	0	0	0.35
36500	0.34	0.3	0.3	0	0	0.34
36600	0.34	0.3	0.3	0	0	0.34
36700	0.34	0.31	0.31	0	0	0.34
36800	0.35	0.3	0.3	0	0	0.35
36900	0.35	0.3	0.3	0	0	0.35
37000	0.35	0.3	0.3	0	0	0.35
37100	0.36	0.3	0.3	0	0	0.36
37200	0.35	0.31	0.31	0	0	0.35
37300	0.35	0.31	0.31	0	0	0.35
37400	0.35	0.32	0.32	0	0	0.35
37500	0.35	0.32	0.32	0	0	0.35
37600	0.35	0.32	0.32	0	0	0.35
37700	0.35	0.32	0.32	0	0	0.35
37800	0.36	0.33	0.33	0	0	0.36
37900	0.36	0.35	0.35	0	0	0.36
38000	0.36	0.35	0.35	0	0	0.36
38100	0.36	0.34	0.34	0	0	0.36
38200	0.38	0.34	0.34	0	0	0.38
38300	0.38	0.33	0.33	0	0	0.38
38400	0.38	0.33	0.33	0	0	0.38
38500	0.38	0.34	0.34	0	0	0.38
38600	0.37	0.34	0.34	0	0	0.37
38700	0.37	0.34	0.34	0	0	0.37
38800	0.37	0.34	0.34	0	0	0.37
38900	0.37	0.34	0.34	0	0	0.37
39000	0.38	0.34	0.34	0	0	0.38
39100	0.38	0.33	0.33	0	0	0.38
39200	0.38	0.34	0.34	0	0	0.38
39300	0.37	0.34	0.34	0	0	0.37
39400	0.38	0.36	0.36	0	0	0.38
39500	0.38	0.36	0.36	0	0	0.38
39600	0.39	0.36	0.36	0	0	0.39
39700	0.39	0.36	0.36	0	0	0.39
39800	0.38	0.36	0.36	0	0	0.38
39900	0.37	0.36	0.36	0	0	0.37
40000	0.36	0.36	0.36	0	0	0.36
40100	0.36	0.38	0.38	0	0	0.36
40200	0.36	0.38	0.38	0	0	0.36
40300	0.35	0.39	0.39	0	0	0.35
40400	0.34	0.39	0.39	0	0	0.34
40500	0.34	0.39	0.39	0	0	0.34
40600	0.34	0.38	0.38	0	0	0.34
40700	0.35	0.38	0.38	0	0	0.35
40800	0.35	0.38	0.38	0	0	0.35
40900	0.35	0.37	0.37	0	0	0.35
41000	0.34	0.36	0.36	0	0	0.34
41100	0.34	0.36	0.36	0	0	0.34
41200	0.34	0.36	0.36	0	0	0.34
41300	0.34	0.37	0.37	0	0	0.34
41400	0.34	0.37	0.37	0	0	0.34
41500	0.34	0.36	0.36	0	0	0.34
41600	0.34	0.35	0.35	0	0	0.34
41700	0.34	0.35	0.35	0	0	0.34
41800	0.33	0.35	0.35	0	0	0.33
41900	0.33	0.34	0.34	0	0	0.33
42000	0.33	0.34	0.34	0	0	0.33
42100	0.33	0.34	0.34	0	0	0.33
42200	0.33	0.34	0.34	0	0	0.33
42300	0.32	0.35	0.35	0	0	0.32
42400	0.32	0.36	0.36	0	0	0.32
42500	0.32	0.36	0.36	0	0	0.32
42600	0.33	0.36	0.36	0	0	0.33
42700	0.32	0.36	0.36	0	0	0.32
42800	0.32	0.36	0.36	0	0	0.32
42900	0.34	0.36	0.36	0	0	0.34
43000	0.34	0.36	0.36	0	0	0.34
43100	0.34	0.36	0.36	0	0	0.34
43200	0.34	0.36	0.36	0	0	0.34
43300	0.34	0.36	0.36	0	0	0.34
43400	0.34	0.36	0.36	0	0	0.34
43500	0.34	0.36	0.36	0	0	0.34
43600	0.35	0.36	0.36	0	0	0.35
43700	0.36	0.36	0.36	0	0	0.36
43800	0.35	0.36	0.36	0	0	0.35
43900	0.35	0.36	0.36	0	0	0.35
44000	0.35	0.36	0.36	0	0	0.35
44100	0.35	0.36	0.36	0	0	0.35
44200	0.36	0.36	0.36	0	0	0.36
44300	0.36	0.36	0.36	0	0	0.36
44400	0.36	0.36	0.36	0	0	0.36
44500	0.36	0.37	0.37	0	0	0.36
44600	0.36	0.37	0.37	0	0	0.36
44700	0.36	0.36	0.36	0	0	0.36
44800	0.36	0.36	0.36	0	0	0.36
44900	0.36	0.36	0.36	0	0	0.36
45000	0.36	0.37	0.37	0	0	0.36
45100	0.36	0.37	0.37	0	0	0.36
45200	0.36	0.36	0.36	0	0	0.36
45300	0.36	0.37	0.37	0	0	0.36
45400	0.36	0.38	0.38	0	0	0.36
45500	0.36	0.38	0.38	0	0	0.36
45600	0.36	0.4	0.4	0	0	0.36
45700	0.36	0.4	0.4	0	0	0.36
45800	0.36	0.4	0.4	0	0	0.36
45900	0.36	0.39	0.39	0	0	0.36
46000	0.36	0.38	0.38	0	0	0.36
46100	0.37	0.38	0.38	0	0	0.37
46200	0.36	0.38	0.38	0	0	0.36
46300	0.36	0.38	0.38	0	0	0.36
46400	0.36	0.38	0.38	0	0	0.36
46500	0.37	0.37	0.37	0	0	0.37
46600	0.38	0.37	0.37	0	0	0.38
46700	0.38	0.36	0.36	0	0	0.38
46800	0.38	0.36	0.36	0	0	0.38
46900	0.38	0.36	0.36	0	0	0.38
47000	0.38	0.36	0.36	0	0	0.38
47100	0.38	0.36	0.36	0	0	0.38
47200	0.38	0.37	0.37	0	0	0.38
47300	0.38	0.37	0.37	0	0	0.38
47400	0.38	0.37	0.37	0	0	0.38
47500	0.38	0.37	0.37	0	0	0.38
47600	0.38	0.37	0.37	0	0	0.38
47700	0.38	0.36	0.36	0	0	0.38
47800	0.38	0.36	0.36	0	0	0.38
47900	0.38	0.36	0.36	0	0	0.38
48000	0.38	0.37	0.37	0	0	0.38
48100	0.38	0.37	0.37	0	0	0.38
48200	0.39	0.38	0.38	0	0	0.39
48300	0.39	0.38	0.38	0	0	0.39
48400	0.39	0.36	0.36	0	0	0.39
48500	0.39	0.36	0.36	0	0	0.39
48600	0.39	0.36	0.36	0	0	0.39
48700	0.39	0.36	0.36	0	0	0.39
48800	0.39	0.36	0.36	0	0	0.39
48900	0.39	0.36	0.36	0	0	0.39
49000	0.39	0.36	0.36	0	0	0.39
49100	0.39	0.36	0.36	0	0	0.39
49200	0.38	0.35	0.35	0	0	0.38
49300	0.38	0.36	0.36	0	0	0.38
49400	0.38	0.36	0.36	0	0	0.38
49500	0.38	0.37	0.37	0	0	0.38
49600	0.38	0.37	0.37	0	0	0.38
49700	0.38	0.38	0.38	0	0	0.38
49800	0.39	0.38	0.38	0	0	0.39
49900	0.39	0.38	0.38	0	0	0.39
50000	0.39	0.38	0.38	0	0	0.39
50100	0.39	0.38	0.38	0	0	0.39
50200	0.39	0.38	0.38	0	0	0.39
50300	0.39	0.37	0.37	0	0	0.39
50400	0.39	0.37	0.37	0	0	0.39
50500	0.38	0.37	0.37	0	0	0.38
50600	0.38	0.36	0.36	0	0	0.38
50700	0.38	0.35	0.35	0	0	0.38
50800	0.38	0.36	0.36	0	0	0.38
50900	0.38	0.34	0.34	0	0	0.38
51000	0.38	0.34	0.34	0	0	0.38
51100	0.38	0.36	0.36	0	0	0.38
51200	0.38	0.37	0.37	0	0	0.38
51300	0.38	0.36	0.36	0	0	0.38
51400	0.4	0.36	0.36	0	0	0.4
51500	0.4	0.36	0.36	0	0	0.4
51600	0.4	0.36	0.36	0	0	0.4
51700	0.39	0.36	0.36	0	0	0.39
51800	0.39	0.36	0.36	0	0	0.39
51900	0.39	0.35	0.35	0	0	0.39
52000	0.39	0.35	0.35	0	0	0.39
52100	0.39	0.35	0.35	0	0	0.39
52200	0.39	0.35	0.35	0	0	0.39
52300	0.39	0.36	0.36	0	0	0.39
52400	0.39	0.36	0.36	0	0	0.39
52500	0.39	0.36	0.36	0	0	0.39
52600	0.39	0.37	0.37	0	0	0.39
52700	0.39	0.37	0.37	0	0	0.39
52800	0.39	0.37	0.37	0	0	0.39
52900	0.39	0.37	0.37	0	0	0.39
53000	0.39	0.37	0.37	0	0	0.39
53100	0.39	0.37	0.37	0	0	0.39
53200	0.39	0.37	0.37	0	0	0.39
53300	0.39	0.38	0.38	0	0	0.39
53400	0.39	0.38	0.38	0	0	0.39
53500	0.39	0.38	0.38	0	0	0.39
53600	0.39	0.38	0.38	0	0	0.39
53700	0.39	0.38	0.38	0	0	0.39
53800	0.39	0.38	0.38	0	0	0.39
53900	0.39	0.38	0.38	0	0	0.39
54000	0.39	0.39	0.39	0	0	0.39
54100	0.39	0.39	0.39	0	0	0.39
54200	0.39	0.39	0.39	0	0	0.39
54300	0.39	0.39	0.39	0	0	0.39
54400	0.39	0.39	0.39	0	0	0.39
54500	0.39	0.39	0.39	0	0	0.39
54600	0.39	0.39	0.39	0	0	0.39
54700	0.39	0.39	0.39	0	0	0.39
54800	0.39	0.39	0.39	0	0	0.39
54900	0.39	0.39	0.39	0	0	0.39
55000	0.39	0.38	0.38	0	0	0.39
55100	0.39	0.38	0.38	0	0	0.39
55200	0.39	0.39	0.39	0	0	0.39
55300	0.39	0.41	0.41	0	0	0.39
55400	0.39	0.41	0.41	0	0	0.39
55500	0.39	0.41	0.41	0	0	0.39
55600	0.39	0.41	0.41	0	0	0.39
55700	0.39	0.41	0.41	0	0	0.39
55800	0.39	0.41	0.41	0	0	0.39
55900	0.39	0.41	0.41	0	0	0.39
56000	0.38	0.41	0.41	0	0	0.38
56100	0.38	0.4	0.4	0	0	0.38
56200	0.39	0.4	0.4	0	0	0.39
56300	0.39	0.4	0.4	0	0	0.39
56400	0.4	0.4	0.4	0	0	0.4
56500	0.4	0.4	0.4	0	0	0.4
56600	0.4	0.41	0.41	0	0	0.4
56700	0.4	0.41	0.41	0	0	0.4
56800	0.39	0.41	0.41	0	0	0.39
56900	0.38	0.42	0.42	0	0	0.38
57000	0.39	0.42	0.42	0	0	0.39
57100	0.38	0.42	0.42	0	0	0.38
57200	0.38	0.42	0.42	0	0	0.38
57300	0.38	0.42	0.42	0	0	0.38
57400	0.37	0.43	0.43	0	0	0.37
57500	0.37	0.44	0.44	0	0	0.37
57600	0.37	0.44	0.44	0	0	0.37
57700	0.37	0.44	0.44	0	0	0.37
57800	0.37	0.43	0.43	0	0	0.37
57900	0.37	0.43	0.43	0	0	0.37
58000	0.37	0.43	0.43	0	0	0.37
58100	0.37	0.43	0.43	0	0	0.37
58200	0.37	0.43	0.43	0	0	0.37
58300	0.37	0.43	0.43	0	0	0.37
58400	0.37	0.43	0.43	0	0	0.37
58500	0.37	0.45	0.45	0	0	0.37
58600	0.37	0.44	0.44	0	0	0.37
58700	0.37	0.44	0.44	0	0	0.37
58800	0.37	0.44	0.44	0	0	0.37
58900	0.37	0.44	0.44	0	0	0.37
59000	0.37	0.44	0.44	0	0	0.37
59100	0.37	0.42	0.42	0	0	0.37
59200	0.37	0.42	0.42	0	0	0.37
59300	0.37	0.42	0.42	0	0	0.37
59400	0.37	0.41	0.41	0	0	0.37
59500	0.37	0.41	0.41	0	0	0.37
59600	0.37	0.41	0.41	0	0	0.37
59700	0.37	0.41	0.41	0	0	0.37
59800	0.37	0.4	0.4	0	0	0.37
59900	0.37	0.4	0.4	0	0	0.37
60000	0.37	0.4	0.4	0	0	0.37
60100	0.37	0.4	0.4	0	0	0.37
60200	0.37	0.4	0.4	0	0	0.37
60300	0.37	0.41	0.41	0	0	0.37
60400	0.37	0.4	0.4	0	0	0.37
60500	0.37	0.4	0.4	0	0	0.37
60600	0.37	0.4	0.4	0	0	0.37
60700	0.37	0.4	0.4	0	0	0.37
60800	0.37	0.39	0.39	0	0	0.37
60900	0.37	0.4	0.4	0	0	0.37
61000	0.37	0.4	0.4	0	0	0.37
61100	0.37	0.4	0.4	0	0	0.37
61200	0.37	0.4	0.4	0	0	0.37
61300	0.37	0.4	0.4	0	0	0.37
61400	0.37	0.4	0.4	0	0	0.37
61500	0.37	0.4	0.4	0	0	0.37
61600	0.37	0.4	0.4	0	0	0.37
61700	0.37	0.41	0.41	0	0	0.37
61800	0.37	0.41	0.41	0	0	0.37
61900	0.37	0.41	0.41	0	0	0.37
62000	0.37	0.41	0.41	0	0	0.37
62100	0.38	0.41	0.41	0	0	0.38
62200	0.38	0.41	0.41	0	0	0.38
62300	0.38	0.41	0.41	0	0	0.38
62400	0.38	0.41	0.41	0	0	0.38
62500	0.38	0.41	0.41	0	0	0.38
62600	0.39	0.42	0.42	0	0	0.39
62700	0.4	0.42	0.42	0	0	0.4
62800	0.4	0.42	0.42	0	0	0.4
62900	0.39	0.42	0.42	0	0	0.39
63000	0.39	0.43	0.43	0	0	0.39
63100	0.39	0.43	0.43	0	0	0.39
63200	0.39	0.43	0.43	0	0	0.39
63300	0.39	0.43	0.43	0	0	0.39
63400	0.39	0.43	0.43	0	0	0.39
63500	0.41	0.43	0.43	0	0	0.41
63600	0.4	0.43	0.43	0	0	0.4
63700	0.4	0.43	0.43	0	0	0.4
63800	0.39	0.43	0.43	0	0	0.39
63900	0.39	0.43	0.43	0	0	0.39
64000	0.39	0.43	0.43	0	0	0.39
64100	0.39	0.42	0.42	0	0	0.39
64200	0.39	0.42	0.42	0	0	0.39
64300	0.39	0.42	0.42	0	0	0.39
64400	0.4	0.42	0.42	0	0	0.4
64500	0.4	0.41	0.41	0	0	0.4
64600	0.42	0.41	0.41	0	0	0.42
64700	0.41	0.41	0.41	0	0	0.41
64800	0.41	0.41	0.41	0	0	0.41
64900	0.41	0.4	0.4	0	0	0.41
65000	0.41	0.4	0.4	0	0	0.41
65100	0.41	0.4	0.4	0	0	0.41
65200	0.41	0.4	0.4	0	0	0.41
65300	0.41	0.4	0.4	0	0	0.41
65400	0.41	0.39	0.39	0	0	0.41
65500	0.41	0.39	0.39	0	0	0.41
65600	0.42	0.39	0.39	0	0	0.42
65700	0.42	0.39	0.39	0	0	0.42
65800	0.42	0.39	0.39	0	0	0.42
65900	0.42	0.39	0.39	0	0	0.42
66000	0.42	0.39	0.39	0	0	0.42
66100	0.42	0.39	0.39	0	0	0.42
66200	0.42	0.38	0.38	0	0	0.42
66300	0.42	0.38	0.38	0	0	0.42
66400	0.42	0.38	0.38	0	0	0.42
66500	0.42	0.37	0.37	0	0	0.42
66600	0.42	0.37	0.37	0	0	0.42
66700	0.42	0.37	0.37	0	0	0.42
66800	0.41	0.37	0.37	0	0	0.41
66900	0.41	0.38	0.38	0	0	0.41
67000	0.41	0.38	0.38	0	0	0.41
67100	0.41	0.38	0.38	0	0	0.41
67200	0.41	0.38	0.38	0	0	0.41
67300	0.41	0.39	0.39	0	0	0.41
67400	0.41	0.39	0.39	0	0	0.41
67500	0.42	0.39	0.39	0	0	0.42
67600	0.42	0.39	0.39	0	0	0.42
67700	0.41	0.4	0.4	0	0	0.41
67800	0.4	0.4	0.4	0	0	0.4
67900	0.4	0.4	0.4	0	0	0.4
68000	0.4	0.4	0.4	0	0	0.4
68100	0.4	0.41	0.41	0	0	0.4
68200	0.4	0.41	0.41	0	0	0.4
68300	0.4	0.41	0.41	0	0	0.4
68400	0.4	0.42	0.42	0	0	0.4
68500	0.4	0.42	0.42	0	0	0.4
68600	0.4	0.42	0.42	0	0	0.4
68700	0.4	0.41	0.41	0	0	0.4
68800	0.4	0.42	0.42	0	0	0.4
68900	0.41	0.42	0.42	0	0	0.41
69000	0.41	0.42	0.42	0	0	0.41
69100	0.41	0.41	0.41	0	0	0.41
69200	0.41	0.41	0.41	0	0	0.41
69300	0.41	0.41	0.41	0	0	0.41
69400	0.41	0.41	0.41	0	0	0.41
69500	0.41	0.41	0.41	0	0	0.41
69600	0.42	0.41	0.41	0	0	0.42
69700	0.41	0.4	0.4	0	0	0.41
69800	0.41	0.4	0.4	0	0	0.41
69900	0.41	0.4	0.4	0	0	0.41
70000	0.41	0.4	0.4	0	0	0.41
70100	0.41	0.4	0.4	0	0	0.41
70200	0.41	0.41	0.41	0	0	0.41
70300	0.41	0.41	0.41	0	0	0.41
70400	0.41	0.41	0.41	0	0	0.41
70500	0.4	0.4	0.4	0	0	0.4
70600	0.4	0.4	0.4	0	0	0.4
70700	0.4	0.4	0.4	0	0	0.4
70800	0.4	0.4	0.4	0	0	0.4
70900	0.41	0.4	0.4	0	0	0.41
71000	0.41	0.41	0.41	0	0	0.41
71100	0.42	0.4	0.4	0	0	0.42
71200	0.42	0.4	0.4	0	0	0.42
71300	0.42	0.4	0.4	0	0	0.42
71400	0.42	0.4	0.4	0	0	0.42
71500	0.42	0.4	0.4	0	0	0.42
71600	0.42	0.4	0.4	0	0	0.42
71700	0.41	0.4	0.4	0	0	0.41
71800	0.42	0.4	0.4	0	0	0.42
71900	0.42	0.4	0.4	0	0	0.42
72000	0.41	0.4	0.4	0	0	0.41
72100	0.41	0.4	0.4	0	0	0.41
72200	0.4	0.4	0.4	0	0	0.4
72300	0.4	0.4	0.4	0	0	0.4
72400	0.4	0.4	0.4	0	0	0.4
72500	0.4	0.41	0.41	0	0	0.4
72600	0.4	0.41	0.41	0	0	0.4
72700	0.4	0.41	0.41	0	0	0.4
72800	0.4	0.41	0.41	0	0	0.4
72900	0.4	0.41	0.41	0	0	0.4
73000	0.4	0.41	0.41	0	0	0.4
73100	0.4	0.41	0.41	0	0	0.4
73200	0.4	0.41	0.41	0	0	0.4
73300	0.41	0.41	0.41	0	0	0.41
73400	0.42	0.41	0.41	0	0	0.42
73500	0.41	0.41	0.41	0	0	0.41
73600	0.41	0.41	0.41	0	0	0.41
73700	0.41	0.41	0.41	0	0	0.41
73800	0.41	0.41	0.41	0	0	0.41
73900	0.41	0.41	0.41	0	0	0.41
74000	0.41	0.41	0.41	0	0	0.41
74100	0.41	0.41	0.41	0	0	0.41
74200	0.41	0.41	0.41	0	0	0.41
74300	0.41	0.41	0.41	0	0	0.41
74400	0.41	0.41	0.41	0	0	0.41
74500	0.41	0.41	0.41	0	0	0.41
74600	0.41	0.41	0.41	0	0	0.41
74700	0.41	0.42	0.42	0	0	0.41
74800	0.41	0.42	0.42	0	0	0.41
74900	0.41	0.42	0.42	0	0	0.41
75000	0.41	0.42	0.42	0	0	0.41
75100	0.41	0.42	0.42	0	0	0.41
75200	0.41	0.43	0.43	0	0	0.41
75300	0.41	0.43	0.43	0	0	0.41
75400	0.41	0.43	0.43	0	0	0.41
75500	0.41	0.43	0.43	0	0	0.41
75600	0.42	0.43	0.43	0	0	0.42
75700	0.42	0.43	0.43	0	0	0.42
75800	0.42	0.43	0.43	0	0	0.42
75900	0.42	0.41	0.41	0	0	0.42
76000	0.42	0.41	0.41	0	0	0.42
76100	0.43	0.41	0.41	0	0	0.43
76200	0.43	0.41	0.41	0	0	0.43
76300	0.43	0.41	0.41	0	0	0.43
76400	0.42	0.41	0.41	0	0	0.42
76500	0.42	0.41	0.41	0	0	0.42
76600	0.42	0.41	0.41	0	0	0.42
76700	0.42	0.41	0.41	0	0	0.42
76800	0.42	0.41	0.41	0	0	0.42
76900	0.42	0.41	0.41	0	0	0.42
77000	0.42	0.41	0.41	0	0	0.42
77100	0.42	0.41	0.41	0	0	0.42
77200	0.42	0.41	0.41	0	0	0.42
77300	0.42	0.41	0.41	0	0	0.42
77400	0.42	0.42	0.42	0	0	0.42
77500	0.42	0.42	0.42	0	0	0.42
77600	0.42	0.42	0.42	0	0	0.42
77700	0.42	0.42	0.42	0	0	0.42
77800	0.42	0.42	0.42	0	0	0.42
77900	0.41	0.42	0.42	0	0	0.41
78000	0.4	0.42	0.42	0	0	0.4
78100	0.41	0.42	0.42	0	0	0.41
78200	0.41	0.42	0.42	0	0	0.41
78300	0.41	0.42	0.42	0	0	0.41
78400	0.41	0.43	0.43	0	0	0.41
78500	0.41	0.43	0.43	0	0	0.41
78600	0.41	0.42	0.42	0	0	0.41
78700	0.41	0.42	0.42	0	0	0.41
78800	0.41	0.42	0.42	0	0	0.41
78900	0.41	0.42	0.42	0	0	0.41
79000	0.41	0.42	0.42	0	0	0.41
79100	0.41	0.42	0.42	0	0	0.41
79200	0.41	0.42	0.42	0	0	0.41
79300	0.41	0.43	0.43	0	0	0.41
79400	0.41	0.43	0.43	0	0	0.41
79500	0.41	0.43	0.43	0	0	0.41
79600	0.41	0.43	0.43	0	0	0.41
79700	0.41	0.43	0.43	0	0	0.41
79800	0.41	0.43	0.43	0	0	0.41
79900	0.41	0.43	0.43	0	0	0.41
80000	0.41	0.44	0.44	0	0	0.41
80100	0.41	0.43	0.43	0	0	0.41
80200	0.41	0.44	0.44	0	0	0.41
80300	0.41	0.44	0.44	0	0	0.41
80400	0.41	0.44	0.44	0	0	0.41
80500	0.41	0.44	0.44	0	0	0.41
80600	0.41	0.44	0.44	0	0	0.41
80700	0.41	0.44	0.44	0	0	0.41
80800	0.41	0.44	0.44	0	0	0.41
80900	0.41	0.44	0.44	0	0	0.41
81000	0.43	0.44	0.44	0	0	0.43
81100	0.43	0.44	0.44	0	0	0.43
81200	0.43	0.44	0.44	0	0	0.43
81300	0.43	0.44	0.44	0	0	0.43
81400	0.43	0.44	0.44	0	0	0.43
81500	0.43	0.44	0.44	0	0	0.43
81600	0.43	0.44	0.44	0	0	0.43
81700	0.43	0.44	0.44	0	0	0.43
81800	0.43	0.44	0.44	0	0	0.43
81900	0.43	0.44	0.44	0	0	0.43
82000	0.43	0.44	0.44	0	0	0.43
82100	0.43	0.44	0.44	0	0	0.43
82200	0.43	0.44	0.44	0	0	0.43
82300	0.43	0.44	0.44	0	0	0.43
82400	0.43	0.43	0.43	0	0	0.43
82500	0.43	0.44	0.44	0	0	0.43
82600	0.43	0.44	0.44	0	0	0.43
82700	0.43	0.44	0.44	0	0	0.43
82800	0.43	0.44	0.44	0	0	0.43
82900	0.44	0.44	0.44	0	0	0.44
83000	0.44	0.43	0.43	0	0	0.44
83100	0.44	0.43	0.43	0	0	0.44
83200	0.44	0.43	0.43	0	0	0.44
83300	0.44	0.42	0.42	0	0	0.44
83400	0.44	0.42	0.42	0	0	0.44
83500	0.44	0.4	0.4	0	0	0.44
83600	0.44	0.4	0.4	0	0	0.44
83700	0.44	0.4	0.4	0	0	0.44
83800	0.44	0.4	0.4	0	0	0.44
83900	0.44	0.4	0.4	0	0	0.44
84000	0.44	0.4	0.4	0	0	0.44
84100	0.44	0.4	0.4	0	0	0.44
84200	0.43	0.39	0.39	0	0	0.43
84300	0.43	0.39	0.39	0	0	0.43
84400	0.43	0.39	0.39	0	0	0.43
84500	0.43	0.39	0.39	0	0	0.43
84600	0.43	0.39	0.39	0	0	0.43
84700	0.44	0.39	0.39	0	0	0.44
84800	0.44	0.39	0.39	0	0	0.44
84900	0.44	0.39	0.39	0	0	0.44
85000	0.44	0.39	0.39	0	0	0.44
85100	0.44	0.38	0.38	0	0	0.44
85200	0.44	0.38	0.38	0	0	0.44
85300	0.44	0.38	0.38	0	0	0.44
85400	0.44	0.38	0.38	0	0	0.44
85500	0.44	0.39	0.39	0	0	0.44
85600	0.44	0.39	0.39	0	0	0.44
85700	0.45	0.39	0.39	0	0	0.45
85800	0.45	0.38	0.38	0	0	0.45
85900	0.45	0.38	0.38	0	0	0.45
86000	0.45	0.38	0.38	0	0	0.45
86100	0.45	0.38	0.38	0	0	0.45
86200	0.45	0.38	0.38	0	0	0.45
86300	0.45	0.38	0.38	0	0	0.45
86400	0.45	0.38	0.38	0	0	0.45
86500	0.45	0.38	0.38	0	0	0.45
86600	0.45	0.37	0.37	0	0	0.45
86700	0.45	0.37	0.37	0	0	0.45
86800	0.45	0.37	0.37	0	0	0.45
86900	0.45	0.37	0.37	0	0	0.45
87000	0.45	0.37	0.37	0	0	0.45
87100	0.45	0.37	0.37	0	0	0.45
87200	0.45	0.37	0.37	0	0	0.45
87300	0.45	0.37	0.37	0	0	0.45
87400	0.45	0.37	0.37	0	0	0.45
87500	0.45	0.37	0.37	0	0	0.45
87600	0.45	0.37	0.37	0	0	0.45
87700	0.45	0.37	0.37	0	0	0.45
87800	0.45	0.37	0.37	0	0	0.45
87900	0.45	0.37	0.37	0	0	0.45
88000	0.45	0.37	0.37	0	0	0.45
88100	0.45	0.37	0.37	0	0	0.45
88200	0.45	0.37	0.37	0	0	0.45
88300	0.45	0.37	0.37	0	0	0.45
88400	0.46	0.37	0.37	0	0	0.46
88500	0.46	0.37	0.37	0	0	0.46
88600	0.46	0.37	0.37	0	0	0.46
88700	0.46	0.37	0.37	0	0	0.46
88800	0.46	0.37	0.37	0	0	0.46
88900	0.45	0.38	0.38	0	0	0.45
89000	0.45	0.38	0.38	0	0	0.45
89100	0.45	0.38	0.38	0	0	0.45
89200	0.45	0.38	0.38	0	0	0.45
89300	0.45	0.39	0.39	0	0	0.45
89400	0.45	0.4	0.4	0	0	0.45
89500	0.45	0.4	0.4	0	0	0.45
89600	0.45	0.4	0.4	0	0	0.45
89700	0.45	0.4	0.4	0	0	0.45
89800	0.45	0.4	0.4	0	0	0.45
89900	0.45	0.42	0.42	0	0	0.45
90000	0.45	0.42	0.42	0	0	0.45
90100	0.45	0.41	0.41	0	0	0.45
90200	0.45	0.41	0.41	0	0	0.45
90300	0.45	0.41	0.41	0	0	0.45
90400	0.45	0.41	0.41	0	0	0.45
90500	0.45	0.41	0.41	0	0	0.45
90600	0.45	0.41	0.41	0	0	0.45
90700	0.45	0.41	0.41	0	0	0.45
90800	0.45	0.41	0.41	0	0	0.45
90900	0.45	0.41	0.41	0	0	0.45
91000	0.45	0.42	0.42	0	0	0.45
91100	0.46	0.42	0.42	0	0	0.46
91200	0.45	0.42	0.42	0	0	0.45
91300	0.45	0.42	0.42	0	0	0.45
91400	0.46	0.42	0.42	0	0	0.46
91500	0.46	0.42	0.42	0	0	0.46
91600	0.46	0.42	0.42	0	0	0.46
91700	0.46	0.42	0.42	0	0	0.46
91800	0.46	0.42	0.42	0	0	0.46
91900	0.46	0.41	0.41	0	0	0.46
92000	0.46	0.41	0.41	0	0	0.46
92100	0.46	0.41	0.41	0	0	0.46
92200	0.46	0.41	0.41	0	0	0.46
92300	0.46	0.41	0.41	0	0	0.46
92400	0.46	0.41	0.41	0	0	0.46
92500	0.46	0.41	0.41	0	0	0.46
92600	0.46	0.41	0.41	0	0	0.46
92700	0.46	0.41	0.41	0	0	0.46
92800	0.46	0.41	0.41	0	0	0.46
92900	0.46	0.41	0.41	0	0	0.46
93000	0.46	0.41	0.41	0	0	0.46
93100	0.46	0.41	0.41	0	0	0.46
93200	0.46	0.41	0.41	0	0	0.46
93300	0.46	0.41	0.41	0	0	0.46
93400	0.46	0.41	0.41	0	0	0.46
93500	0.46	0.41	0.41	0	0	0.46
93600	0.46	0.41	0.41	0	0	0.46
93700	0.46	0.42	0.42	0	0	0.46
93800	0.46	0.41	0.41	0	0	0.46
93900	0.46	0.41	0.41	0	0	0.46
94000	0.46	0.41	0.41	0	0	0.46
94100	0.46	0.4	0.4	0	0	0.46
94200	0.46	0.4	0.4	0	0	0.46
94300	0.46	0.41	0.41	0	0	0.46
94400	0.46	0.41	0.41	0	0	0.46
94500	0.46	0.41	0.41	0	0	0.46
94600	0.46	0.41	0.41	0	0	0.46
94700	0.46	0.41	0.41	0	0	0.46
94800	0.46	0.41	0.41	0	0	0.46
94900	0.46	0.41	0.41	0	0	0.46
95000	0.46	0.41	0.41	0	0	0.46
95100	0.46	0.41	0.41	0	0	0.46
95200	0.46	0.41	0.41	0	0	0.46
95300	0.46	0.41	0.41	0	0	0.46
95400	0.46	0.41	0.41	0	0	0.46
95500	0.45	0.41	0.41	0	0	0.45
95600	0.45	0.41	0.41	0	0	0.45
95700	0.45	0.4	0.4	0	0	0.45
95800	0.45	0.4	0.4	0	0	0.45
95900	0.45	0.4	0.4	0	0	0.45
96000	0.45	0.4	0.4	0	0	0.45
96100	0.45	0.4	0.4	0	0	0.45
96200	0.45	0.4	0.4	0	0	0.45
96300	0.45	0.4	0.4	0	0	0.45
96400	0.45	0.39	0.39	0	0	0.45
96500	0.45	0.39	0.39	0	0	0.45
96600	0.45	0.39	0.39	0	0	0.45
96700	0.45	0.39	0.39	0	0	0.45
96800	0.45	0.39	0.39	0	0	0.45
96900	0.45	0.38	0.38	0	0	0.45
97000	0.45	0.37	0.37	0	0	0.45
97100	0.45	0.37	0.37	0	0	0.45
97200	0.45	0.37	0.37	0	0	0.45
97300	0.45	0.37	0.37	0	0	0.45
97400	0.45	0.37	0.37	0	0	0.45
97500	0.45	0.37	0.37	0	0	0.45
97600	0.45	0.37	0.37	0	0	0.45
97700	0.45	0.37	0.37	0	0	0.45
97800	0.45	0.37	0.37	0	0	0.45
97900	0.46	0.37	0.37	0	0	0.46
98000	0.46	0.37	0.37	0	0	0.46
98100	0.46	0.37	0.37	0	0	0.46
98200	0.46	0.37	0.37	0	0	0.46
98300	0.46	0.37	0.37	0	0	0.46
98400	0.46	0.38	0.38	0	0	0.46
98500	0.46	0.38	0.38	0	0	0.46
98600	0.46	0.38	0.38	0	0	0.46
98700	0.46	0.38	0.38	0	0	0.46
98800	0.46	0.38	0.38	0	0	0.46
98900	0.46	0.38	0.38	0	0	0.46
99000	0.46	0.38	0.38	0	0	0.46
99100	0.46	0.38	0.38	0	0	0.46
99200	0.46	0.38	0.38	0	0	0.46
99300	0.46	0.38	0.38	0	0	0.46
99400	0.46	0.38	0.38	0	0	0.46
99500	0.46	0.38	0.38	0	0	0.46
99600	0.46	0.38	0.38	0	0	0.46
99700	0.46	0.38	0.38	0	0	0.46
99800	0.46	0.38	0.38	0	0	0.46
99900	0.47	0.37	0.37	0	0	0.47
100000	0.47	0.38	0.38	0	0	0.47
100100	0.45	0.38	0.38	0	0	0.45
100200	0.45	0.38	0.38	0	0	0.45
100300	0.45	0.38	0.38	0	0	0.45
100400	0.44	0.38	0.38	0	0	0.44
100500	0.44	0.38	0.38	0	0	0.44
100600	0.43	0.38	0.38	0	0	0.43
100700	0.43	0.38	0.38	0	0	0.43
100800	0.43	0.38	0.38	0	0	0.43
100900	0.43	0.38	0.38	0	0	0.43
101000	0.43	0.38	0.38	0	0	0.43
101100	0.43	0.38	0.38	0	0	0.43
101200	0.43	0.38	0.38	0	0	0.43
101300	0.43	0.38	0.38	0	0	0.43
101400	0.43	0.38	0.38	0	0	0.43
101500	0.43	0.38	0.38	0	0	0.43
101600	0.43	0.38	0.38	0	0	0.43
101700	0.43	0.39	0.39	0	0	0.43
101800	0.43	0.38	0.38	0	0	0.43
101900	0.43	0.38	0.38	0	0	0.43
102000	0.43	0.39	0.39	0	0	0.43
102100	0.43	0.39	0.39	0	0	0.43
102200	0.45	0.39	0.39	0	0	0.45
102300	0.45	0.38	0.38	0	0	0.45
102400	0.45	0.38	0.38	0	0	0.45
102500	0.45	0.38	0.38	0	0	0.45
102600	0.46	0.38	0.38	0	0	0.46
102700	0.46	0.39	0.39	0	0	0.46
102800	0.47	0.39	0.39	0	0	0.47
102900	0.47	0.39	0.39	0	0	0.47
103000	0.47	0.39	0.39	0	0	0.47
103100	0.46	0.39	0.39	0	0	0.46
103200	0.46	0.39	0.39	0	0	0.46
103300	0.46	0.39	0.39	0	0	0.46
103400	0.46	0.39	0.39	0	0	0.46
103500	0.46	0.39	0.39	0	0	0.46
103600	0.46	0.39	0.39	0	0	0.46
103700	0.45	0.39	0.39	0	0	0.45
103800	0.45	0.39	0.39	0	0	0.45
103900	0.45	0.4	0.4	0	0	0.45
104000	0.45	0.39	0.39	0	0	0.45
104100	0.45	0.39	0.39	0	0	0.45
104200	0.45	0.39	0.39	0	0	0.45
104300	0.45	0.39	0.39	0	0	0.45
104400	0.45	0.39	0.39	0	0	0.45
104500	0.45	0.39	0.39	0	0	0.45
104600	0.45	0.39	0.39	0	0	0.45
104700	0.45	0.39	0.39	0	0	0.45
104800	0.45	0.39	0.39	0	0	0.45
104900	0.45	0.39	0.39	0	0	0.45
105000	0.45	0.39	0.39	0	0	0.45
105100	0.45	0.39	0.39	0	0	0.45
105200	0.45	0.39	0.39	0	0	0.45
105300	0.45	0.39	0.39	0	0	0.45
105400	0.45	0.4	0.4	0	0	0.45
105500	0.45	0.4	0.4	0	0	0.45
105600	0.45	0.39	0.39	0	0	0.45
105700	0.45	0.39	0.39	0	0	0.45
105800	0.45	0.39	0.39	0	0	0.45
105900	0.45	0.4	0.4	0	0	0.45
106000	0.45	0.4	0.4	0	0	0.45
106100	0.45	0.4	0.4	0	0	0.45
106200	0.45	0.4	0.4	0	0	0.45
106300	0.45	0.4	0.4	0	0	0.45
106400	0.45	0.4	0.4	0	0	0.45
106500	0.45	0.4	0.4	0	0	0.45
106600	0.46	0.4	0.4	0	0	0.46
106700	0.46	0.4	0.4	0	0	0.46
106800	0.46	0.4	0.4	0	0	0.46
106900	0.46	0.4	0.4	0	0	0.46
107000	0.46	0.4	0.4	0	0	0.46
107100	0.46	0.4	0.4	0	0	0.46
107200	0.46	0.4	0.4	0	0	0.46
107300	0.46	0.41	0.41	0	0	0.46
107400	0.46	0.41	0.41	0	0	0.46
107500	0.46	0.41	0.41	0	0	0.46
107600	0.46	0.41	0.41	0	0	0.46
107700	0.47	0.41	0.41	0	0	0.47
107800	0.47	0.41	0.41	0	0	0.47
107900	0.47	0.41	0.41	0	0	0.47
108000	0.47	0.41	0.41	0	0	0.47
108100	0.46	0.4	0.4	0	0	0.46
108200	0.46	0.4	0.4	0	0	0.46
108300	0.46	0.4	0.4	0	0	0.46
108400	0.46	0.4	0.4	0	0	0.46
108500	0.46	0.4	0.4	0	0	0.46
108600	0.46	0.4	0.4	0	0	0.46
108700	0.46	0.4	0.4	0	0	0.46
108800	0.46	0.4	0.4	0	0	0.46
108900	0.46	0.4	0.4	0	0	0.46
109000	0.45	0.4	0.4	0	0	0.45
109100	0.45	0.4	0.4	0	0	0.45
109200	0.46	0.4	0.4	0	0	0.46
109300	0.45	0.4	0.4	0	0	0.45
109400	0.45	0.4	0.4	0	0	0.45
109500	0.45	0.4	0.4	0	0	0.45
109600	0.45	0.4	0.4	0	0	0.45
109700	0.45	0.4	0.4	0	0	0.45
109800	0.45	0.4	0.4	0	0	0.45
109900	0.45	0.4	0.4	0	0	0.45
110000	0.45	0.4	0.4	0	0	0.45
110100	0.46	0.4	0.4	0	0	0.46
110200	0.45	0.4	0.4	0	0	0.45
110300	0.45	0.4	0.4	0	0	0.45
110400	0.45	0.4	0.4	0	0	0.45
110500	0.45	0.4	0.4	0	0	0.45
110600	0.45	0.4	0.4	0	0	0.45
110700	0.45	0.4	0.4	0	0	0.45
110800	0.45	0.4	0.4	0	0	0.45
110900	0.45	0.4	0.4	0	0	0.45
111000	0.45	0.41	0.41	0	0	0.45
111100	0.45	0.41	0.41	0	0	0.45
111200	0.45	0.41	0.41	0	0	0.45
111300	0.45	0.41	0.41	0	0	0.45
111400	0.46	0.41	0.41	0	0	0.46
111500	0.46	0.42	0.42	0	0	0.46
111600	0.46	0.42	0.42	0	0	0.46
111700	0.47	0.42	0.42	0	0	0.47
111800	0.47	0.42	0.42	0	0	0.47
111900	0.47	0.42	0.42	0	0	0.47
112000	0.47	0.42	0.42	0	0	0.47
112100	0.47	0.42	0.42	0	0	0.47
112200	0.47	0.42	0.42	0	0	0.47
112300	0.47	0.42	0.42	0	0	0.47
112400	0.47	0.42	0.42	0	0	0.47
112500	0.47	0.42	0.42	0	0	0.47
112600	0.46	0.42	0.42	0	0	0.46
112700	0.46	0.42	0.42	0	0	0.46
112800	0.46	0.42	0.42	0	0	0.46
112900	0.46	0.43	0.43	0	0	0.46
113000	0.46	0.43	0.43	0	0	0.46
113100	0.46	0.43	0.43	0	0	0.46
113200	0.46	0.43	0.43	0	0	0.46
113300	0.46	0.43	0.43	0	0	0.46
113400	0.46	0.43	0.43	0	0	0.46
113500	0.46	0.43	0.43	0	0	0.46
113600	0.46	0.43	0.43	0	0	0.46
113700	0.46	0.43	0.43	0	0	0.46
113800	0.46	0.43	0.43	0	0	0.46
113900	0.46	0.43	0.43	0	0	0.46
114000	0.46	0.43	0.43	0	0	0.46
114100	0.46	0.43	0.43	0	0	0.46
114200	0.46	0.43	0.43	0	0	0.46
114300	0.46	0.43	0.43	0	0	0.46
114400	0.47	0.43	0.43	0	0	0.47
114500	0.47	0.43	0.43	0	0	0.47
114600	0.47	0.43	0.43	0	0	0.47
114700	0.47	0.43	0.43	0	0	0.47
114800	0.47	0.43	0.43	0	0	0.47
114900	0.46	0.43	0.43	0	0	0.46
115000	0.45	0.43	0.43	0	0	0.45
115100	0.45	0.43	0.43	0	0	0.45
115200	0.45	0.43	0.43	0	0	0.45
115300	0.45	0.43	0.43	0	0	0.45
115400	0.45	0.43	0.43	0	0	0.45
115500	0.45	0.43	0.43	0	0	0.45
115600	0.45	0.43	0.43	0	0	0.45
115700	0.45	0.43	0.43	0	0	0.45
115800	0.45	0.43	0.43	0	0	0.45
115900	0.45	0.44	0.44	0	0	0.45
116000	0.45	0.44	0.44	0	0	0.45
116100	0.45	0.44	0.44	0	0	0.45
116200	0.46	0.43	0.43	0	0	0.46
116300	0.46	0.43	0.43	0	0	0.46
116400	0.46	0.43	0.43	0	0	0.46
116500	0.46	0.43	0.43	0	0	0.46
116600	0.46	0.43	0.43	0	0	0.46
116700	0.46	0.43	0.43	0	0	0.46
116800	0.46	0.43	0.43	0	0	0.46
116900	0.46	0.43	0.43	0	0	0.46
117000	0.46	0.43	0.43	0	0	0.46
117100	0.46	0.43	0.43	0	0	0.46
117200	0.46	0.44	0.44	0	0	0.46
117300	0.46	0.44	0.44	0	0	0.46
117400	0.46	0.44	0.44	0	0	0.46
117500	0.46	0.44	0.44	0	0	0.46
117600	0.46	0.44	0.44	0	0	0.46
117700	0.46	0.44	0.44	0	0	0.46
117800	0.46	0.44	0.44	0	0	0.46
117900	0.46	0.44	0.44	0	0	0.46
118000	0.46	0.44	0.44	0	0	0.46
118100	0.46	0.45	0.45	0	0	0.46
118200	0.46	0.45	0.45	0	0	0.46
118300	0.46	0.45	0.45	0	0	0.46
118400	0.46	0.45	0.45	0	0	0.46
118500	0.46	0.45	0.45	0	0	0.46
118600	0.46	0.45	0.45	0	0	0.46
118700	0.46	0.45	0.45	0	0	0.46
118800	0.46	0.45	0.45	0	0	0.46
118900	0.46	0.45	0.45	0	0	0.46
119000	0.46	0.45	0.45	0	0	0.46
119100	0.46	0.45	0.45	0	0	0.46
119200	0.46	0.45	0.45	0	0	0.46
119300	0.46	0.45	0.45	0	0	0.46
119400	0.46	0.44	0.44	0	0	0.46
119500	0.46	0.45	0.45	0	0	0.46
119600	0.46	0.45	0.45	0	0	0.46
119700	0.46	0.45	0.45	0	0	0.46
119800	0.47	0.45	0.45	0	0	0.47
119900	0.47	0.45	0.45	0	0	0.47
120000	0.47	0.45	0.45	0	0	0.47
120100	0.47	0.45	0.45	0	0	0.47
120200	0.47	0.45	0.45	0	0	0.47
120300	0.48	0.45	0.45	0	0	0.48
120400	0.49	0.45	0.45	0	0	0.49
120500	0.49	0.45	0.45	0	0	0.49
120600	0.49	0.45	0.45	0	0	0.49
120700	0.49	0.45	0.45	0	0	0.49
120800	0.49	0.45	0.45	0	0	0.49
120900	0.49	0.45	0.45	0	0	0.49
121000	0.49	0.45	0.45	0	0	0.49
121100	0.5	0.45	0.45	0	0	0.5
121200	0.5	0.45	0.45	0	0	0.5
121300	0.5	0.45	0.45	0	0	0.5
121400	0.5	0.45	0.45	0	0	0.5
121500	0.5	0.45	0.45	0	0	0.5
121600	0.5	0.45	0.45	0	0	0.5
121700	0.5	0.45	0.45	0	0	0.5
121800	0.5	0.46	0.46	0	0	0.5
121900	0.5	0.46	0.46	0	0	0.5
122000	0.5	0.46	0.46	0	0	0.5
122100	0.5	0.46	0.46	0	0	0.5
122200	0.5	0.44	0.44	0	0	0.5
122300	0.5	0.44	0.44	0	0	0.5
122400	0.5	0.44	0.44	0	0	0.5
122500	0.5	0.44	0.44	0	0	0.5
122600	0.5	0.44	0.44	0	0	0.5
122700	0.49	0.44	0.44	0	0	0.49
122800	0.49	0.44	0.44	0	0	0.49
122900	0.49	0.44	0.44	0	0	0.49
123000	0.49	0.44	0.44	0	0	0.49
123100	0.49	0.44	0.44	0	0	0.49
123200	0.48	0.44	0.44	0	0	0.48
123300	0.48	0.44	0.44	0	0	0.48
123400	0.48	0.44	0.44	0	0	0.48
123500	0.48	0.44	0.44	0	0	0.48
123600	0.49	0.44	0.44	0	0	0.49
123700	0.49	0.44	0.44	0	0	0.49
123800	0.49	0.44	0.44	0	0	0.49
123900	0.49	0.44	0.44	0	0	0.49
124000	0.49	0.44	0.44	0	0	0.49
124100	0.49	0.44	0.44	0	0	0.49
124200	0.49	0.44	0.44	0	0	0.49
124300	0.49	0.44	0.44	0	0	0.49
124400	0.48	0.44	0.44	0	0	0.48
124500	0.48	0.43	0.43	0	0	0.48
124600	0.48	0.43	0.43	0	0	0.48
124700	0.48	0.43	0.43	0	0	0.48
124800	0.48	0.43	0.43	0	0	0.48
124900	0.48	0.43	0.43	0	0	0.48
125000	0.48	0.43	0.43	0	0	0.48
125100	0.48	0.42	0.42	0	0	0.48
125200	0.48	0.42	0.42	0	0	0.48
125300	0.49	0.42	0.42	0	0	0.49
125400	0.48	0.43	0.43	0	0	0.48
125500	0.48	0.43	0.43	0	0	0.48
125600	0.48	0.43	0.43	0	0	0.48
125700	0.48	0.43	0.43	0	0	0.48
125800	0.48	0.43	0.43	0	0	0.48
125900	0.48	0.43	0.43	0	0	0.48
126000	0.48	0.43	0.43	0	0	0.48
126100	0.48	0.43	0.43	0	0	0.48
126200	0.48	0.43	0.43	0	0	0.48
126300	0.48	0.43	0.43	0	0	0.48
126400	0.48	0.43	0.43	0	0	0.48
126500	0.48	0.43	0.43	0	0	0.48
126600	0.47	0.43	0.43	0	0	0.47
126700	0.47	0.43	0.43	0	0	0.47
126800	0.47	0.44	0.44	0	0	0.47
126900	0.47	0.44	0.44	0	0	0.47
127000	0.47	0.43	0.43	0	0	0.47
127100	0.47	0.43	0.43	0	0	0.47
127200	0.47	0.43	0.43	0	0	0.47
127300	0.47	0.43	0.43	0	0	0.47
127400	0.47	0.43	0.43	0	0	0.47
127500	0.47	0.43	0.43	0	0	0.47
127600	0.47	0.43	0.43	0	0	0.47
127700	0.47	0.43	0.43	0	0	0.47
127800	0.47	0.43	0.43	0	0	0.47
127900	0.47	0.43	0.43	0	0	0.47
128000	0.47	0.43	0.43	0	0	0.47
128100	0.47	0.43	0.43	0	0	0.47
128200	0.47	0.43	0.43	0	0	0.47
128300	0.47	0.43	0.43	0	0	0.47
128400	0.47	0.43	0.43	0	0	0.47
128500	0.47	0.43	0.43	0	0	0.47
128600	0.47	0.43	0.43	0	0	0.47
128700	0.47	0.43	0.43	0	0	0.47
128800	0.47	0.43	0.43	0	0	0.47
128900	0.47	0.43	0.43	0	0	0.47
129000	0.47	0.43	0.43	0	0	0.47
129100	0.47	0.43	0.43	0	0	0.47
129200	0.47	0.43	0.43	0	0	0.47
129300	0.47	0.43	0.43	0	0	0.47
129400	0.47	0.43	0.43	0	0	0.47
129500	0.48	0.43	0.43	0	0	0.48
129600	0.48	0.43	0.43	0	0	0.48
129700	0.48	0.44	0.44	0	0	0.48
129800	0.48	0.44	0.44	0	0	0.48
129900	0.48	0.44	0.44	0	0	0.48
130000	0.48	0.44	0.44	0	0	0.48
130100	0.47	0.44	0.44	0	0	0.47
130200	0.47	0.44	0.44	0	0	0.47
130300	0.47	0.44	0.44	0	0	0.47
130400	0.47	0.44	0.44	0	0	0.47
130500	0.47	0.44	0.44	0	0	0.47
130600	0.47	0.44	0.44	0	0	0.47
130700	0.47	0.44	0.44	0	0	0.47
130800	0.47	0.44	0.44	0	0	0.47
130900	0.46	0.44	0.44	0	0	0.46
131000	0.46	0.44	0.44	0	0	0.46
131100	0.46	0.44	0.44	0	0	0.46
131200	0.46	0.44	0.44	0	0	0.46
131300	0.46	0.45	0.45	0	0	0.46
131400	0.46	0.45	0.45	0	0	0.46
131500	0.46	0.45	0.45	0	0	0.46
131600	0.46	0.45	0.45	0	0	0.46
131700	0.46	0.45	0.45	0	0	0.46
131800	0.46	0.45	0.45	0	0	0.46
131900	0.46	0.45	0.45	0	0	0.46
132000	0.46	0.44	0.44	0	0	0.46
132100	0.46	0.44	0.44	0	0	0.46
132200	0.46	0.44	0.44	0	0	0.46
132300	0.46	0.44	0.44	0	0	0.46
132400	0.46	0.44	0.44	0	0	0.46
132500	0.46	0.44	0.44	0	0	0.46
132600	0.46	0.44	0.44	0	0	0.46
132700	0.46	0.44	0.44	0	0	0.46
132800	0.46	0.44	0.44	0	0	0.46
132900	0.45	0.44	0.44	0	0	0.45
133000	0.45	0.44	0.44	0	0	0.45
133100	0.45	0.44	0.44	0	0	0.45
133200	0.45	0.44	0.44	0	0	0.45
133300	0.45	0.44	0.44	0	0	0.45
133400	0.44	0.44	0.44	0	0	0.44
133500	0.44	0.44	0.44	0	0	0.44
133600	0.43	0.44	0.44	0	0	0.43
133700	0.43	0.44	0.44	0	0	0.43
133800	0.43	0.44	0.44	0	0	0.43
133900	0.42	0.44	0.44	0	0	0.42
134000	0.42	0.44	0.44	0	0	0.42
134100	0.42	0.44	0.44	0	0	0.42
134200	0.42	0.44	0.44	0	0	0.42
134300	0.42	0.44	0.44	0	0	0.42
134400	0.42	0.44	0.44	0	0	0.42
134500	0.42	0.44	0.44	0	0	0.42
134600	0.42	0.44	0.44	0	0	0.42
134700	0.42	0.44	0.44	0	0	0.42
134800	0.42	0.44	0.44	0	0	0.42
134900	0.42	0.44	0.44	0	0	0.42
135000	0.42	0.44	0.44	0	0	0.42
135100	0.42	0.44	0.44	0	0	0.42
135200	0.42	0.44	0.44	0	0	0.42
135300	0.42	0.44	0.44	0	0	0.42
135400	0.42	0.44	0.44	0	0	0.42
135500	0.42	0.44	0.44	0	0	0.42
135600	0.42	0.44	0.44	0	0	0.42
135700	0.42	0.44	0.44	0	0	0.42
135800	0.42	0.44	0.44	0	0	0.42
135900	0.42	0.44	0.44	0	0	0.42
136000	0.42	0.44	0.44	0	0	0.42
136100	0.43	0.44	0.44	0	0	0.43
136200	0.43	0.44	0.44	0	0	0.43
136300	0.43	0.44	0.44	0	0	0.43
136400	0.43	0.44	0.44	0	0	0.43
136500	0.43	0.44	0.44	0	0	0.43
136600	0.43	0.44	0.44	0	0	0.43
136700	0.42	0.44	0.44	0	0	0.42
136800	0.42	0.44	0.44	0	0	0.42
136900	0.42	0.44	0.44	0	0	0.42
137000	0.42	0.44	0.44	0	0	0.42
137100	0.42	0.44	0.44	0	0	0.42
137200	0.42	0.44	0.44	0	0	0.42
137300	0.42	0.44	0.44	0	0	0.42
137400	0.42	0.44	0.44	0	0	0.42
137500	0.42	0.44	0.44	0	0	0.42
137600	0.42	0.44	0.44	0	0	0.42
137700	0.42	0.44	0.44	0	0	0.42
137800	0.41	0.44	0.44	0	0	0.41
137900	0.41	0.44	0.44	0	0	0.41
138000	0.41	0.44	0.44	0	0	0.41
138100	0.41	0.44	0.44	0	0	0.41
138200	0.41	0.44	0.44	0	0	0.41
138300	0.41	0.44	0.44	0	0	0.41
138400	0.42	0.43	0.43	0	0	0.42
138500	0.42	0.44	0.44	0	0	0.42
138600	0.42	0.44	0.44	0	0	0.42
138700	0.42	0.44	0.44	0	0	0.42
138800	0.44	0.44	0.44	0	0	0.44
138900	0.43	0.44	0.44	0	0	0.43
139000	0.43	0.43	0.43	0	0	0.43
139100	0.43	0.43	0.43	0	0	0.43
139200	0.43	0.43	0.43	0	0	0.43
139300	0.42	0.43	0.43	0	0	0.42
139400	0.42	0.43	0.43	0	0	0.42
139500	0.42	0.43	0.43	0	0	0.42
139600	0.42	0.43	0.43	0	0	0.42
139700	0.42	0.43	0.43	0	0	0.42
139800	0.42	0.43	0.43	0	0	0.42
139900	0.42	0.43	0.43	0	0	0.42
140000	0.42	0.42	0.42	0	0	0.42
140100	0.42	0.42	0.42	0	0	0.42
140200	0.42	0.43	0.43	0	0	0.42
140300	0.42	0.43	0.43	0	0	0.42
140400	0.42	0.43	0.43	0	0	0.42
140500	0.42	0.43	0.43	0	0	0.42
140600	0.42	0.44	0.44	0	0	0.42
140700	0.42	0.43	0.43	0	0	0.42
140800	0.42	0.43	0.43	0	0	0.42
140900	0.42	0.44	0.44	0	0	0.42
141000	0.42	0.44	0.44	0	0	0.42
141100	0.42	0.44	0.44	0	0	0.42
141200	0.42	0.44	0.44	0	0	0.42
141300	0.42	0.44	0.44	0	0	0.42
141400	0.43	0.44	0.44	0	0	0.43
141500	0.42	0.44	0.44	0	0	0.42
141600	0.42	0.44	0.44	0	0	0.42
141700	0.42	0.44	0.44	0	0	0.42
141800	0.42	0.44	0.44	0	0	0.42
141900	0.42	0.44	0.44	0	0	0.42
142000	0.42	0.44	0.44	0	0	0.42
142100	0.43	0.44	0.44	0	0	0.43
142200	0.43	0.44	0.44	0	0	0.43
142300	0.42	0.44	0.44	0	0	0.42
142400	0.42	0.44	0.44	0	0	0.42
142500	0.42	0.44	0.44	0	0	0.42
142600	0.42	0.44	0.44	0	0	0.42
142700	0.42	0.44	0.44	0	0	0.42
142800	0.42	0.44	0.44	0	0	0.42
142900	0.42	0.44	0.44	0	0	0.42
143000	0.42	0.44	0.44	0	0	0.42
143100	0.42	0.43	0.43	0	0	0.42
143200	0.42	0.43	0.43	0	0	0.42
143300	0.42	0.43	0.43	0	0	0.42
143400	0.42	0.43	0.43	0	0	0.42
143500	0.42	0.43	0.43	0	0	0.42
143600	0.42	0.43	0.43	0	0	0.42
143700	0.42	0.43	0.43	0	0	0.42
143800	0.42	0.43	0.43	0	0	0.42
143900	0.42	0.43	0.43	0	0	0.42
144000	0.42	0.43	0.43	0	0	0.42
144100	0.42	0.43	0.43	0	0	0.42
144200	0.42	0.43	0.43	0	0	0.42
144300	0.42	0.43	0.43	0	0	0.42
144400	0.42	0.43	0.43	0	0	0.42
144500	0.42	0.43	0.43	0	0	0.42
144600	0.42	0.43	0.43	0	0	0.42
144700	0.42	0.43	0.43	0	0	0.42
144800	0.42	0.43	0.43	0	0	0.42
144900	0.42	0.43	0.43	0	0	0.42
145000	0.42	0.43	0.43	0	0	0.42
145100	0.42	0.43	0.43	0	0	0.42
145200	0.42	0.43	0.43	0	0	0.42
145300	0.42	0.43	0.43	0	0	0.42
145400	0.42	0.43	0.43	0	0	0.42
145500	0.42	0.43	0.43	0	0	0.42
145600	0.42	0.43	0.43	0	0	0.42
145700	0.42	0.43	0.43	0	0	0.42
145800	0.42	0.43	0.43	0	0	0.42
145900	0.43	0.43	0.43	0	0	0.43
146000	0.43	0.43	0.43	0	0	0.43
146100	0.43	0.43	0.43	0	0	0.43
146200	0.43	0.43	0.43	0	0	0.43
146300	0.43	0.43	0.43	0	0	0.43
146400	0.44	0.42	0.42	0	0	0.44
146500	0.44	0.42	0.42	0	0	0.44
146600	0.44	0.42	0.42	0	0	0.44
146700	0.44	0.42	0.42	0	0	0.44
146800	0.44	0.42	0.42	0	0	0.44
146900	0.44	0.42	0.42	0	0	0.44
147000	0.44	0.42	0.42	0	0	0.44
147100	0.44	0.42	0.42	0	0	0.44
147200	0.45	0.42	0.42	0	0	0.45
147300	0.45	0.42	0.42	0	0	0.45
147400	0.45	0.42	0.42	0	0	0.45
147500	0.45	0.42	0.42	0	0	0.45
147600	0.45	0.42	0.42	0	0	0.45
147700	0.45	0.42	0.42	0	0	0.45
147800	0.46	0.42	0.42	0	0	0.46
147900	0.45	0.42	0.42	0	0	0.45
148000	0.45	0.42	0.42	0	0	0.45
148100	0.45	0.42	0.42	0	0	0.45
148200	0.45	0.42	0.42	0	0	0.45
148300	0.45	0.42	0.42	0	0	0.45
148400	0.45	0.42	0.42	0	0	0.45
148500	0.45	0.42	0.42	0	0	0.45
148600	0.45	0.42	0.42	0	0	0.45
148700	0.45	0.42	0.42	0	0	0.45
148800	0.45	0.42	0.42	0	0	0.45
148900	0.45	0.42	0.42	0	0	0.45
149000	0.45	0.42	0.42	0	0	0.45
149100	0.45	0.42	0.42	0	0	0.45
149200	0.45	0.42	0.42	0	0	0.45
149300	0.45	0.42	0.42	0	0	0.45
149400	0.45	0.42	0.42	0	0	0.45
149500	0.45	0.42	0.42	0	0	0.45
149600	0.45	0.43	0.43	0	0	0.45
149700	0.45	0.42	0.42	0	0	0.45
149800	0.45	0.43	0.43	0	0	0.45
149900	0.45	0.43	0.43	0	0	0.45
150000	0.45	0.42	0.42	0	0	0.45
150100	0.45	0.42	0.42	0	0	0.45
150200	0.46	0.42	0.42	0	0	0.46
150300	0.45	0.42	0.42	0	0	0.45
150400	0.45	0.42	0.42	0	0	0.45
150500	0.45	0.42	0.42	0	0	0.45
150600	0.45	0.42	0.42	0	0	0.45
150700	0.45	0.43	0.43	0	0	0.45
150800	0.45	0.43	0.43	0	0	0.45
150900	0.45	0.42	0.42	0	0	0.45
151000	0.45	0.42	0.42	0	0	0.45
151100	0.45	0.42	0.42	0	0	0.45
151200	0.45	0.41	0.41	0	0	0.45
151300	0.45	0.41	0.41	0	0	0.45
151400	0.45	0.41	0.41	0	0	0.45
151500	0.45	0.41	0.41	0	0	0.45
151600	0.45	0.41	0.41	0	0	0.45
151700	0.45	0.42	0.42	0	0	0.45
151800	0.45	0.42	0.42	0	0	0.45
151900	0.45	0.42	0.42	0	0	0.45
152000	0.45	0.42	0.42	0	0	0.45
152100	0.45	0.42	0.42	0	0	0.45
152200	0.46	0.42	0.42	0	0	0.46
152300	0.46	0.42	0.42	0	0	0.46
152400	0.47	0.42	0.42	0	0	0.47
152500	0.47	0.42	0.42	0	0	0.47
152600	0.47	0.42	0.42	0	0	0.47
152700	0.47	0.42	0.42	0	0	0.47
152800	0.47	0.42	0.42	0	0	0.47
152900	0.47	0.42	0.42	0	0	0.47
153000	0.47	0.42	0.42	0	0	0.47
153100	0.47	0.42	0.42	0	0	0.47
153200	0.47	0.42	0.42	0	0	0.47
153300	0.47	0.42	0.42	0	0	0.47
153400	0.47	0.41	0.41	0	0	0.47
153500	0.47	0.41	0.41	0	0	0.47
153600	0.47	0.41	0.41	0	0	0.47
153700	0.47	0.41	0.41	0	0	0.47
153800	0.47	0.41	0.41	0	0	0.47
153900	0.47	0.41	0.41	0	0	0.47
154000	0.47	0.41	0.41	0	0	0.47
154100	0.47	0.41	0.41	0	0	0.47
154200	0.47	0.41	0.41	0	0	0.47
154300	0.47	0.41	0.41	0	0	0.47
154400	0.47	0.41	0.41	0	0	0.47
154500	0.47	0.41	0.41	0	0	0.47
154600	0.47	0.41	0.41	0	0	0.47
154700	0.47	0.41	0.41	0	0	0.47
154800	0.47	0.41	0.41	0	0	0.47
154900	0.47	0.41	0.41	0	0	0.47
155000	0.47	0.41	0.41	0	0	0.47
155100	0.47	0.41	0.41	0	0	0.47
155200	0.47	0.41	0.41	0	0	0.47
155300	0.47	0.41	0.41	0	0	0.47
155400	0.47	0.41	0.41	0	0	0.47
155500	0.47	0.41	0.41	0	0	0.47
155600	0.47	0.41	0.41	0	0	0.47
155700	0.47	0.41	0.41	0	0	0.47
155800	0.47	0.41	0.41	0	0	0.47
155900	0.47	0.41	0.41	0	0	0.47
156000	0.47	0.41	0.41	0	0	0.47
156100	0.47	0.41	0.41	0	0	0.47
156200	0.47	0.41	0.41	0	0	0.47
156300	0.47	0.41	0.41	0	0	0.47
156400	0.47	0.41	0.41	0	0	0.47
156500	0.47	0.41	0.41	0	0	0.47
156600	0.47	0.41	0.41	0	0	0.47
156700	0.47	0.41	0.41	0	0	0.47
156800	0.47	0.41	0.41	0	0	0.47
156900	0.47	0.42	0.42	0	0	0.47
157000	0.47	0.41	0.41	0	0	0.47
157100	0.47	0.41	0.41	0	0	0.47
157200	0.47	0.41	0.41	0	0	0.47
157300	0.47	0.41	0.41	0	0	0.47
157400	0.47	0.41	0.41	0	0	0.47
157500	0.47	0.41	0.41	0	0	0.47
157600	0.47	0.41	0.41	0	0	0.47
157700	0.47	0.41	0.41	0	0	0.47
157800	0.47	0.41	0.41	0	0	0.47
157900	0.47	0.41	0.41	0	0	0.47
158000	0.47	0.41	0.41	0	0	0.47
158100	0.47	0.41	0.41	0	0	0.47
158200	0.47	0.41	0.41	0	0	0.47
158300	0.47	0.41	0.41	0	0	0.47
158400	0.48	0.41	0.41	0	0	0.48
158500	0.48	0.41	0.41	0	0	0.48
158600	0.48	0.41	0.41	0	0	0.48
158700	0.48	0.41	0.41	0	0	0.48
158800	0.48	0.41	0.41	0	0	0.48
158900	0.48	0.41	0.41	0	0	0.48
159000	0.48	0.41	0.41	0	0	0.48
159100	0.48	0.41	0.41	0	0	0.48
159200	0.48	0.41	0.41	0	0	0.48
159300	0.48	0.41	0.41	0	0	0.48
159400	0.48	0.41	0.41	0	0	0.48
159500	0.48	0.41	0.41	0	0	0.48
159600	0.48	0.41	0.41	0	0	0.48
159700	0.48	0.41	0.41	0	0	0.48
159800	0.48	0.41	0.41	0	0	0.48
159900	0.48	0.41	0.41	0	0	0.48
160000	0.48	0.41	0.41	0	0	0.48
160100	0.48	0.41	0.41	0	0	0.48
160200	0.48	0.41	0.41	0	0	0.48
160300	0.49	0.41	0.41	0	0	0.49
160400	0.49	0.41	0.41	0	0	0.49
160500	0.49	0.42	0.42	0	0	0.49
160600	0.49	0.42	0.42	0	0	0.49
160700	0.49	0.42	0.42	0	0	0.49
160800	0.5	0.42	0.42	0	0	0.5
160900	0.5	0.42	0.42	0	0	0.5
161000	0.5	0.42	0.42	0	0	0.5
161100	0.5	0.42	0.42	0	0	0.5
161200	0.5	0.42	0.42	0	0	0.5
161300	0.5	0.42	0.42	0	0	0.5
161400	0.49	0.42	0.42	0	0	0.49
161500	0.48	0.42	0.42	0	0	0.48
161600	0.48	0.42	0.42	0	0	0.48
161700	0.48	0.42	0.42	0	0	0.48
161800	0.48	0.42	0.42	0	0	0.48
161900	0.48	0.42	0.42	0	0	0.48
162000	0.48	0.42	0.42	0	0	0.48
162100	0.48	0.42	0.42	0	0	0.48
162200	0.48	0.42	0.42	0	0	0.48
162300	0.48	0.43	0.43	0	0	0.48
162400	0.48	0.43	0.43	0	0	0.48
162500	0.48	0.44	0.44	0	0	0.48
162600	0.48	0.44	0.44	0	0	0.48
162700	0.48	0.44	0.44	0	0	0.48
162800	0.48	0.44	0.44	0	0	0.48
162900	0.48	0.44	0.44	0	0	0.48
163000	0.48	0.44	0.44	0	0	0.48
163100	0.48	0.44	0.44	0	0	0.48
163200	0.48	0.44	0.44	0	0	0.48
163300	0.47	0.44	0.44	0	0	0.47
163400	0.47	0.44	0.44	0	0	0.47
163500	0.47	0.44	0.44	0	0	0.47
163600	0.47	0.44	0.44	0	0	0.47
163700	0.47	0.44	0.44	0	0	0.47
163800	0.47	0.44	0.44	0	0	0.47
163900	0.47	0.44	0.44	0	0	0.47
164000	0.47	0.44	0.44	0	0	0.47
164100	0.47	0.44	0.44	0	0	0.47
164200	0.47	0.44	0.44	0	0	0.47
164300	0.47	0.45	0.45	0	0	0.47
164400	0.47	0.44	0.44	0	0	0.47
164500	0.47	0.44	0.44	0	0	0.47
164600	0.47	0.44	0.44	0	0	0.47
164700	0.47	0.44	0.44	0	0	0.47
164800	0.47	0.44	0.44	0	0	0.47
164900	0.47	0.44	0.44	0	0	0.47
165000	0.47	0.44	0.44	0	0	0.47
165100	0.47	0.44	0.44	0	0	0.47
165200	0.47	0.44	0.44	0	0	0.47
165300	0.47	0.42	0.42	0	0	0.47
165400	0.47	0.42	0.42	0	0	0.47
165500	0.47	0.42	0.42	0	0	0.47
165600	0.47	0.42	0.42	0	0	0.47
165700	0.47	0.42	0.42	0	0	0.47
165800	0.47	0.42	0.42	0	0	0.47
165900	0.47	0.42	0.42	0	0	0.47
166000	0.47	0.42	0.42	0	0	0.47
166100	0.46	0.42	0.42	0	0	0.46
166200	0.44	0.42	0.42	0	0	0.44
166300	0.44	0.43	0.43	0	0	0.44
166400	0.45	0.43	0.43	0	0	0.45
166500	0.45	0.43	0.43	0	0	0.45
166600	0.45	0.43	0.43	0	0	0.45
166700	0.45	0.43	0.43	0	0	0.45
166800	0.45	0.43	0.43	0	0	0.45
166900	0.45	0.43	0.43	0	0	0.45
167000	0.46	0.43	0.43	0	0	0.46
167100	0.47	0.43	0.43	0	0	0.47
167200	0.47	0.43	0.43	0	0	0.47
167300	0.47	0.43	0.43	0	0	0.47
167400	0.47	0.43	0.43	0	0	0.47
167500	0.48	0.43	0.43	0	0	0.48
167600	0.48	0.43	0.43	0	0	0.48
167700	0.48	0.43	0.43	0	0	0.48
167800	0.48	0.43	0.43	0	0	0.48
167900	0.48	0.43	0.43	0	0	0.48
168000	0.46	0.43	0.43	0	0	0.46
168100	0.47	0.43	0.43	0	0	0.47
168200	0.47	0.43	0.43	0	0	0.47
168300	0.47	0.43	0.43	0	0	0.47
168400	0.44	0.43	0.43	0	0	0.44
168500	0.44	0.43	0.43	0	0	0.44
168600	0.44	0.43	0.43	0	0	0.44
168700	0.44	0.43	0.43	0	0	0.44
168800	0.45	0.43	0.43	0	0	0.45
168900	0.45	0.44	0.44	0	0	0.45
169000	0.45	0.44	0.44	0	0	0.45
169100	0.45	0.44	0.44	0	0	0.45
169200	0.45	0.44	0.44	0	0	0.45
169300	0.45	0.44	0.44	0	0	0.45
169400	0.45	0.44	0.44	0	0	0.45
169500	0.45	0.44	0.44	0	0	0.45
169600	0.45	0.44	0.44	0	0	0.45
169700	0.45	0.44	0.44	0	0	0.45
169800	0.45	0.44	0.44	0	0	0.45
169900	0.45	0.44	0.44	0	0	0.45
170000	0.45	0.44	0.44	0	0	0.45
170100	0.45	0.44	0.44	0	0	0.45
170200	0.45	0.44	0.44	0	0	0.45
170300	0.45	0.44	0.44	0	0	0.45
170400	0.45	0.45	0.45	0	0	0.45
170500	0.45	0.45	0.45	0	0	0.45
170600	0.45	0.45	0.45	0	0	0.45
170700	0.45	0.45	0.45	0	0	0.45
170800	0.45	0.45	0.45	0	0	0.45
170900	0.45	0.45	0.45	0	0	0.45
171000	0.45	0.45	0.45	0	0	0.45
171100	0.45	0.45	0.45	0	0	0.45
171200	0.46	0.45	0.45	0	0	0.46
171300	0.45	0.45	0.45	0	0	0.45
171400	0.45	0.45	0.45	0	0	0.45
171500	0.45	0.45	0.45	0	0	0.45
171600	0.45	0.45	0.45	0	0	0.45
171700	0.45	0.45	0.45	0	0	0.45
171800	0.45	0.45	0.45	0	0	0.45
171900	0.45	0.45	0.45	0	0	0.45
172000	0.45	0.45	0.45	0	0	0.45
172100	0.45	0.45	0.45	0	0	0.45
172200	0.45	0.45	0.45	0	0	0.45
172300	0.45	0.45	0.45	0	0	0.45
172400	0.45	0.45	0.45	0	0	0.45
172500	0.45	0.45	0.45	0	0	0.45
172600	0.45	0.45	0.45	0	0	0.45
172700	0.45	0.45	0.45	0	0	0.45
172800	0.45	0.45	0.45	0	0	0.45
172900	0.45	0.45	0.45	0	0	0.45
173000	0.45	0.45	0.45	0	0	0.45
173100	0.45	0.45	0.45	0	0	0.45
173200	0.45	0.45	0.45	0	0	0.45
173300	0.45	0.45	0.45	0	0	0.45
173400	0.45	0.45	0.45	0	0	0.45
173500	0.45	0.45	0.45	0	0	0.45
173600	0.45	0.45	0.45	0	0	0.45
173700	0.45	0.45	0.45	0	0	0.45
173800	0.45	0.45	0.45	0	0	0.45
173900	0.45	0.45	0.45	0	0	0.45
174000	0.45	0.46	0.46	0	0	0.45
174100	0.45	0.46	0.46	0	0	0.45
174200	0.45	0.46	0.46	0	0	0.45
174300	0.45	0.46	0.46	0	0	0.45
174400	0.45	0.46	0.46	0	0	0.45
174500	0.45	0.46	0.46	0	0	0.45
174600	0.45	0.46	0.46	0	0	0.45
174700	0.45	0.46	0.46	0	0	0.45
174800	0.45	0.46	0.46	0	0	0.45
174900	0.45	0.46	0.46	0	0	0.45
175000	0.45	0.46	0.46	0	0	0.45
175100	0.45	0.46	0.46	0	0	0.45
175200	0.45	0.46	0.46	0	0	0.45
175300	0.45	0.46	0.46	0	0	0.45
175400	0.45	0.46	0.46	0	0	0.45
175500	0.45	0.46	0.46	0	0	0.45
175600	0.45	0.46	0.46	0	0	0.45
175700	0.45	0.46	0.46	0	0	0.45
175800	0.45	0.46	0.46	0	0	0.45
175900	0.45	0.46	0.46	0	0	0.45
176000	0.45	0.46	0.46	0	0	0.45
176100	0.45	0.46	0.46	0	0	0.45
176200	0.45	0.46	0.46	0	0	0.45
176300	0.45	0.46	0.46	0	0	0.45
176400	0.45	0.46	0.46	0	0	0.45
176500	0.45	0.46	0.46	0	0	0.45
176600	0.45	0.46	0.46	0	0	0.45
176700	0.45	0.46	0.46	0	0	0.45
176800	0.45	0.46	0.46	0	0	0.45
176900	0.45	0.46	0.46	0	0	0.45
177000	0.45	0.46	0.46	0	0	0.45
177100	0.45	0.46	0.46	0	0	0.45
177200	0.45	0.46	0.46	0	0	0.45
177300	0.45	0.46	0.46	0	0	0.45
177400	0.45	0.46	0.46	0	0	0.45
177500	0.45	0.46	0.46	0	0	0.45
177600	0.45	0.46	0.46	0	0	0.45
177700	0.45	0.46	0.46	0	0	0.45
177800	0.45	0.46	0.46	0	0	0.45
177900	0.45	0.46	0.46	0	0	0.45
178000	0.45	0.46	0.46	0	0	0.45
178100	0.45	0.46	0.46	0	0	0.45
178200	0.45	0.46	0.46	0	0	0.45
178300	0.45	0.46	0.46	0	0	0.45
178400	0.45	0.46	0.46	0	0	0.45
178500	0.45	0.46	0.46	0	0	0.45
178600	0.45	0.46	0.46	0	0	0.45
178700	0.45	0.46	0.46	0	0	0.45
178800	0.45	0.46	0.46	0	0	0.45
178900	0.45	0.46	0.46	0	0	0.45
179000	0.45	0.46	0.46	0	0	0.45
179100	0.45	0.46	0.46	0	0	0.45
179200	0.45	0.46	0.46	0	0	0.45
179300	0.45	0.46	0.46	0	0	0.45
179400	0.45	0.46	0.46	0	0	0.45
179500	0.45	0.46	0.46	0	0	0.45
179600	0.45	0.46	0.46	0	0	0.45
179700	0.45	0.46	0.46	0	0	0.45
179800	0.45	0.46	0.46	0	0	0.45
179900	0.45	0.46	0.46	0	0	0.45
180000	0.45	0.46	0.46	0	0	0.45
180100	0.45	0.46	0.46	0	0	0.45
180200	0.45	0.46	0.46	0	0	0.45
180300	0.45	0.46	0.46	0	0	0.45
180400	0.45	0.46	0.46	0	0	0.45
180500	0.45	0.46	0.46	0	0	0.45
180600	0.45	0.46	0.46	0	0	0.45
180700	0.45	0.46	0.46	0	0	0.45
180800	0.45	0.46	0.46	0	0	0.45
180900	0.45	0.46	0.46	0	0	0.45
181000	0.45	0.46	0.46	0	0	0.45
181100	0.45	0.46	0.46	0	0	0.45
181200	0.45	0.46	0.46	0	0	0.45
181300	0.44	0.46	0.46	0	0	0.44
181400	0.44	0.45	0.45	0	0	0.44
181500	0.44	0.45	0.45	0	0	0.44
181600	0.44	0.45	0.45	0	0	0.44
181700	0.44	0.45	0.45	0	0	0.44
181800	0.44	0.45	0.45	0	0	0.44
181900	0.44	0.45	0.45	0	0	0.44
182000	0.44	0.45	0.45	0	0	0.44
182100	0.44	0.45	0.45	0	0	0.44
182200	0.44	0.45	0.45	0	0	0.44
182300	0.44	0.45	0.45	0	0	0.44
182400	0.44	0.45	0.45	0	0	0.44
182500	0.44	0.45	0.45	0	0	0.44
182600	0.44	0.45	0.45	0	0	0.44
182700	0.44	0.45	0.45	0	0	0.44
182800	0.44	0.44	0.44	0	0	0.44
182900	0.44	0.44	0.44	0	0	0.44
183000	0.44	0.44	0.44	0	0	0.44
183100	0.44	0.44	0.44	0	0	0.44
183200	0.44	0.44	0.44	0	0	0.44
183300	0.44	0.44	0.44	0	0	0.44
183400	0.44	0.44	0.44	0	0	0.44
183500	0.44	0.44	0.44	0	0	0.44
183600	0.44	0.44	0.44	0	0	0.44
183700	0.44	0.44	0.44	0	0	0.44
183800	0.45	0.44	0.44	0	0	0.45
183900	0.45	0.44	0.44	0	0	0.45
184000	0.45	0.44	0.44	0	0	0.45
184100	0.45	0.44	0.44	0	0	0.45
184200	0.45	0.44	0.44	0	0	0.45
184300	0.45	0.44	0.44	0	0	0.45
184400	0.45	0.44	0.44	0	0	0.45
184500	0.45	0.44	0.44	0	0	0.45
184600	0.45	0.44	0.44	0	0	0.45
184700	0.45	0.44	0.44	0	0	0.45
184800	0.45	0.44	0.44	0	0	0.45
184900	0.45	0.44	0.44	0	0	0.45
185000	0.45	0.44	0.44	0	0	0.45
185100	0.45	0.44	0.44	0	0	0.45
185200	0.45	0.44	0.44	0	0	0.45
185300	0.45	0.44	0.44	0	0	0.45
185400	0.45	0.44	0.44	0	0	0.45
185500	0.45	0.44	0.44	0	0	0.45
185600	0.45	0.44	0.44	0	0	0.45
185700	0.45	0.44	0.44	0	0	0.45
185800	0.45	0.44	0.44	0	0	0.45
185900	0.45	0.44	0.44	0	0	0.45
186000	0.45	0.44	0.44	0	0	0.45
186100	0.45	0.44	0.44	0	0	0.45
186200	0.45	0.44	0.44	0	0	0.45
186300	0.45	0.44	0.44	0	0	0.45
186400	0.45	0.44	0.44	0	0	0.45
186500	0.44	0.44	0.44	0	0	0.44
186600	0.45	0.44	0.44	0	0	0.45
186700	0.45	0.44	0.44	0	0	0.45
186800	0.45	0.44	0.44	0	0	0.45
186900	0.45	0.44	0.44	0	0	0.45
187000	0.45	0.44	0.44	0	0	0.45
187100	0.45	0.44	0.44	0	0	0.45
187200	0.45	0.44	0.44	0	0	0.45
187300	0.45	0.44	0.44	0	0	0.45
187400	0.44	0.44	0.44	0	0	0.44
187500	0.45	0.44	0.44	0	0	0.45
187600	0.45	0.44	0.44	0	0	0.45
187700	0.44	0.44	0.44	0	0	0.44
187800	0.44	0.44	0.44	0	0	0.44
187900	0.45	0.44	0.44	0	0	0.45
188000	0.45	0.44	0.44	0	0	0.45
188100	0.45	0.44	0.44	0	0	0.45
188200	0.45	0.44	0.44	0	0	0.45
188300	0.45	0.44	0.44	0	0	0.45
188400	0.45	0.44	0.44	0	0	0.45
188500	0.45	0.44	0.44	0	0	0.45
188600	0.45	0.44	0.44	0	0	0.45
188700	0.45	0.44	0.44	0	0	0.45
188800	0.45	0.44	0.44	0	0	0.45
188900	0.45	0.44	0.44	0	0	0.45
189000	0.45	0.44	0.44	0	0	0.45
189100	0.45	0.44	0.44	0	0	0.45
189200	0.45	0.44	0.44	0	0	0.45
189300	0.47	0.44	0.44	0	0	0.47
189400	0.46	0.44	0.44	0	0	0.46
189500	0.46	0.44	0.44	0	0	0.46
189600	0.46	0.44	0.44	0	0	0.46
189700	0.46	0.44	0.44	0	0	0.46
189800	0.46	0.44	0.44	0	0	0.46
189900	0.46	0.44	0.44	0	0	0.46
190000	0.46	0.44	0.44	0	0	0.46
190100	0.46	0.44	0.44	0	0	0.46
190200	0.46	0.44	0.44	0	0	0.46
190300	0.46	0.44	0.44	0	0	0.46
190400	0.46	0.44	0.44	0	0	0.46
190500	0.46	0.44	0.44	0	0	0.46
190600	0.46	0.44	0.44	0	0	0.46
190700	0.46	0.44	0.44	0	0	0.46
190800	0.46	0.44	0.44	0	0	0.46
190900	0.46	0.45	0.45	0	0	0.46
191000	0.45	0.45	0.45	0	0	0.45
191100	0.45	0.45	0.45	0	0	0.45
191200	0.45	0.45	0.45	0	0	0.45
191300	0.45	0.46	0.46	0	0	0.45
191400	0.45	0.46	0.46	0	0	0.45
191500	0.45	0.46	0.46	0	0	0.45
191600	0.45	0.46	0.46	0	0	0.45
191700	0.45	0.46	0.46	0	0	0.45
191800	0.45	0.46	0.46	0	0	0.45
191900	0.45	0.46	0.46	0	0	0.45
192000	0.45	0.46	0.46	0	0	0.45
192100	0.44	0.46	0.46	0	0	0.44
192200	0.44	0.46	0.46	0	0	0.44
192300	0.44	0.46	0.46	0	0	0.44
192400	0.44	0.46	0.46	0	0	0.44
192500	0.44	0.46	0.46	0	0	0.44
192600	0.44	0.46	0.46	0	0	0.44
192700	0.44	0.46	0.46	0	0	0.44
192800	0.44	0.46	0.46	0	0	0.44
192900	0.43	0.46	0.46	0	0	0.43
193000	0.43	0.46	0.46	0	0	0.43
193100	0.41	0.46	0.46	0	0	0.41
193200	0.41	0.46	0.46	0	0	0.41
193300	0.41	0.46	0.46	0	0	0.41
193400	0.42	0.46	0.46	0	0	0.42
193500	0.42	0.46	0.46	0	0	0.42
193600	0.42	0.47	0.47	0	0	0.42
193700	0.42	0.47	0.47	0	0	0.42
193800	0.42	0.47	0.47	0	0	0.42
193900	0.42	0.47	0.47	0	0	0.42
194000	0.42	0.47	0.47	0	0	0.42
194100	0.42	0.47	0.47	0	0	0.42
194200	0.42	0.47	0.47	0	0	0.42
194300	0.42	0.47	0.47	0	0	0.42
194400	0.42	0.47	0.47	0	0	0.42
194500	0.42	0.47	0.47	0	0	0.42
194600	0.42	0.47	0.47	0	0	0.42
194700	0.42	0.47	0.47	0	0	0.42
194800	0.42	0.47	0.47	0	0	0.42
194900	0.42	0.47	0.47	0	0	0.42
195000	0.42	0.47	0.47	0	0	0.42
195100	0.42	0.47	0.47	0	0	0.42
195200	0.42	0.48	0.48	0	0	0.42
195300	0.42	0.47	0.47	0	0	0.42
195400	0.43	0.47	0.47	0	0	0.43
195500	0.42	0.47	0.47	0	0	0.42
195600	0.42	0.47	0.47	0	0	0.42
195700	0.42	0.47	0.47	0	0	0.42
195800	0.42	0.47	0.47	0	0	0.42
195900	0.42	0.47	0.47	0	0	0.42
196000	0.42	0.47	0.47	0	0	0.42
196100	0.42	0.47	0.47	0	0	0.42
196200	0.42	0.47	0.47	0	0	0.42
196300	0.42	0.47	0.47	0	0	0.42
196400	0.42	0.47	0.47	0	0	0.42
196500	0.42	0.46	0.46	0	0	0.42
196600	0.42	0.46	0.46	0	0	0.42
196700	0.42	0.46	0.46	0	0	0.42
196800	0.42	0.46	0.46	0	0	0.42
196900	0.42	0.46	0.46	0	0	0.42
197000	0.42	0.46	0.46	0	0	0.42
197100	0.42	0.46	0.46	0	0	0.42
197200	0.42	0.46	0.46	0	0	0.42
197300	0.42	0.46	0.46	0	0	0.42
197400	0.42	0.46	0.46	0	0	0.42
197500	0.42	0.46	0.46	0	0	0.42
197600	0.42	0.46	0.46	0	0	0.42
197700	0.42	0.46	0.46	0	0	0.42
197800	0.43	0.46	0.46	0	0	0.43
197900	0.43	0.46	0.46	0	0	0.43
198000	0.43	0.46	0.46	0	0	0.43
198100	0.43	0.46	0.46	0	0	0.43
198200	0.43	0.46	0.46	0	0	0.43
198300	0.43	0.46	0.46	0	0	0.43
198400	0.43	0.46	0.46	0	0	0.43
198500	0.43	0.46	0.46	0	0	0.43
198600	0.43	0.46	0.46	0	0	0.43
198700	0.43	0.47	0.47	0	0	0.43
198800	0.43	0.47	0.47	0	0	0.43
198900	0.43	0.46	0.46	0	0	0.43
199000	0.44	0.46	0.46	0	0	0.44
199100	0.44	0.46	0.46	0	0	0.44
199200	0.44	0.46	0.46	0	0	0.44
199300	0.44	0.46	0.46	0	0	0.44
199400	0.44	0.46	0.46	0	0	0.44
199500	0.43	0.46	0.46	0	0	0.43
199600	0.43	0.46	0.46	0	0	0.43
199700	0.43	0.46	0.46	0	0	0.43
199800	0.43	0.46	0.46	0	0	0.43
199900	0.43	0.46	0.46	0	0	0.43
200000	0.43	0.46	0.46	0	0	0.43
200100	0.43	0.46	0.46	0	0	0.43
200200	0.43	0.46	0.46	0	0	0.43
200300	0.44	0.46	0.46	0	0	0.44
200400	0.44	0.46	0.46	0	0	0.44
200500	0.44	0.45	0.45	0	0	0.44
200600	0.44	0.45	0.45	0	0	0.44
200700	0.44	0.45	0.45	0	0	0.44
200800	0.44	0.45	0.45	0	0	0.44
200900	0.44	0.45	0.45	0	0	0.44
201000	0.44	0.45	0.45	0	0	0.44
201100	0.44	0.45	0.45	0	0	0.44
201200	0.44	0.45	0.45	0	0	0.44
201300	0.44	0.45	0.45	0	0	0.44
201400	0.44	0.45	0.45	0	0	0.44
201500	0.44	0.45	0.45	0	0	0.44
201600	0.44	0.45	0.45	0	0	0.44
201700	0.44	0.45	0.45	0	0	0.44
201800	0.44	0.45	0.45	0	0	0.44
201900	0.44	0.45	0.45	0	0	0.44
202000	0.44	0.45	0.45	0	0	0.44
202100	0.44	0.45	0.45	0	0	0.44
202200	0.44	0.46	0.46	0	0	0.44
202300	0.44	0.46	0.46	0	0	0.44
202400	0.44	0.45	0.45	0	0	0.44
202500	0.44	0.46	0.46	0	0	0.44
202600	0.44	0.46	0.46	0	0	0.44
202700	0.44	0.46	0.46	0	0	0.44
202800	0.44	0.46	0.46	0	0	0.44
202900	0.44	0.46	0.46	0	0	0.44
203000	0.44	0.46	0.46	0	0	0.44
203100	0.44	0.46	0.46	0	0	0.44
203200	0.44	0.46	0.46	0	0	0.44
203300	0.44	0.46	0.46	0	0	0.44
203400	0.44	0.46	0.46	0	0	0.44
203500	0.44	0.46	0.46	0	0	0.44
203600	0.44	0.46	0.46	0	0	0.44
203700	0.44	0.46	0.46	0	0	0.44
203800	0.44	0.46	0.46	0	0	0.44
203900	0.44	0.46	0.46	0	0	0.44
204000	0.44	0.46	0.46	0	0	0.44
204100	0.43	0.47	0.47	0	0	0.43
204200	0.43	0.47	0.47	0	0	0.43
204300	0.43	0.47	0.47	0	0	0.43
204400	0.43	0.47	0.47	0	0	0.43
204500	0.43	0.47	0.47	0	0	0.43
204600	0.43	0.47	0.47	0	0	0.43
