100	0.02	0.05	0.05	0	0	0.02
200	0.05	0.03	0.03	0	0	0.05
300	0.04	0.04	0.04	0	0	0.04
400	0.06	0.03	0.03	0	0	0.06
500	0.06	0.04	0.04	0	0	0.06
600	0.07	0.04	0.04	0	0	0.07
700	0.06	0.04	0.04	0	0	0.06
800	0.07	0.04	0.04	0	0	0.07
900	0.09	0.04	0.04	0	0	0.09
1000	0.1	0.05	0.05	0	0	0.1
1100	0.06	0.05	0.05	0	0	0.06
1200	0.05	0.05	0.05	0	0	0.05
1300	0.03	0.07	0.07	0	0	0.03
1400	0.03	0.08	0.08	0	0	0.03
1500	0.04	0.08	0.08	0	0	0.04
1600	0.04	0.08	0.08	0	0	0.04
1700	0.04	0.06	0.06	0	0	0.04
1800	0.04	0.07	0.07	0	0	0.04
1900	0.04	0.07	0.07	0	0	0.04
2000	0.06	0.07	0.07	0	0	0.06
2100	0.07	0.08	0.08	0	0	0.07
2200	0.11	0.08	0.08	0	0	0.11
2300	0.11	0.08	0.08	0	0	0.11
2400	0.11	0.08	0.08	0	0	0.11
2500	0.11	0.08	0.08	0	0	0.11
2600	0.1	0.07	0.07	0	0	0.1
2700	0.1	0.07	0.07	0	0	0.1
2800	0.1	0.07	0.07	0	0	0.1
2900	0.11	0.06	0.06	0	0	0.11
3000	0.11	0.06	0.06	0	0	0.11
3100	0.12	0.05	0.05	0	0	0.12
3200	0.12	0.05	0.05	0	0	0.12
3300	0.11	0.05	0.05	0	0	0.11
3400	0.1	0.06	0.06	0	0	0.1
3500	0.12	0.06	0.06	0	0	0.12
3600	0.13	0.07	0.07	0	0	0.13
3700	0.13	0.08	0.08	0	0	0.13
3800	0.13	0.07	0.07	0	0	0.13
3900	0.12	0.07	0.07	0	0	0.12
4000	0.11	0.06	0.06	0	0	0.11
4100	0.11	0.06	0.06	0	0	0.11
4200	0.11	0.06	0.06	0	0	0.11
4300	0.11	0.05	0.05	0	0	0.11
4400	0.1	0.07	0.07	0	0	0.1
4500	0.09	0.07	0.07	0	0	0.09
4600	0.09	0.05	0.05	0	0	0.09
4700	0.09	0.07	0.07	0	0	0.09
4800	0.09	0.1	0.1	0	0	0.09
4900	0.1	0.11	0.11	0	0	0.1
5000	0.11	0.09	0.09	0	0	0.11
5100	0.12	0.1	0.1	0	0	0.12
5200	0.13	0.09	0.09	0	0	0.13
5300	0.13	0.08	0.08	0	0	0.13
5400	0.12	0.08	0.08	0	0	0.12
5500	0.14	0.08	0.08	0	0	0.14
5600	0.16	0.08	0.08	0	0	0.16
5700	0.16	0.08	0.08	0	0	0.16
5800	0.15	0.08	0.08	0	0	0.15
5900	0.16	0.08	0.08	0	0	0.16
6000	0.16	0.11	0.11	0	0	0.16
6100	0.17	0.12	0.12	0	0	0.17
6200	0.17	0.12	0.12	0	0	0.17
6300	0.18	0.11	0.11	0	0	0.18
6400	0.16	0.11	0.11	0	0	0.16
6500	0.15	0.12	0.12	0	0	0.15
6600	0.16	0.11	0.11	0	0	0.16
6700	0.16	0.11	0.11	0	0	0.16
6800	0.17	0.11	0.11	0	0	0.17
6900	0.16	0.1	0.1	0	0	0.16
7000	0.16	0.1	0.1	0	0	0.16
7100	0.16	0.09	0.09	0	0	0.16
7200	0.17	0.1	0.1	0	0	0.17
7300	0.17	0.1	0.1	0	0	0.17
7400	0.17	0.11	0.11	0	0	0.17
7500	0.17	0.11	0.11	0	0	0.17
7600	0.18	0.12	0.12	0	0	0.18
7700	0.18	0.12	0.12	0	0	0.18
7800	0.16	0.1	0.1	0	0	0.16
7900	0.14	0.1	0.1	0	0	0.14
8000	0.14	0.11	0.11	0	0	0.14
8100	0.13	0.11	0.11	0	0	0.13
8200	0.13	0.12	0.12	0	0	0.13
8300	0.12	0.13	0.13	0	0	0.12
8400	0.13	0.14	0.14	0	0	0.13
8500	0.15	0.13	0.13	0	0	0.15
8600	0.15	0.13	0.13	0	0	0.15
8700	0.17	0.13	0.13	0	0	0.17
8800	0.17	0.11	0.11	0	0	0.17
8900	0.15	0.12	0.12	0	0	0.15
9000	0.14	0.11	0.11	0	0	0.14
9100	0.14	0.11	0.11	0	0	0.14
9200	0.14	0.11	0.11	0	0	0.14
9300	0.13	0.1	0.1	0	0	0.13
9400	0.14	0.1	0.1	0	0	0.14
9500	0.13	0.1	0.1	0	0	0.13
9600	0.13	0.1	0.1	0	0	0.13
9700	0.14	0.09	0.09	0	0	0.14
9800	0.14	0.09	0.09	0	0	0.14
9900	0.14	0.1	0.1	0	0	0.14
10000	0.13	0.09	0.09	0	0	0.13
10100	0.12	0.08	0.08	0	0	0.12
10200	0.11	0.09	0.09	0	0	0.11
10300	0.12	0.09	0.09	0	0	0.12
10400	0.12	0.09	0.09	0	0	0.12
10500	0.12	0.08	0.08	0	0	0.12
10600	0.11	0.08	0.08	0	0	0.11
10700	0.12	0.08	0.08	0	0	0.12
10800	0.12	0.09	0.09	0	0	0.12
10900	0.12	0.1	0.1	0	0	0.12
11000	0.12	0.1	0.1	0	0	0.12
11100	0.12	0.11	0.11	0	0	0.12
11200	0.13	0.11	0.11	0	0	0.13
11300	0.12	0.12	0.12	0	0	0.12
11400	0.12	0.1	0.1	0	0	0.12
11500	0.12	0.08	0.08	0	0	0.12
11600	0.11	0.06	0.06	0	0	0.11
11700	0.12	0.06	0.06	0	0	0.12
11800	0.11	0.05	0.05	0	0	0.11
11900	0.12	0.06	0.06	0	0	0.12
12000	0.11	0.07	0.07	0	0	0.11
12100	0.11	0.08	0.08	0	0	0.11
12200	0.11	0.06	0.06	0	0	0.11
12300	0.11	0.06	0.06	0	0	0.11
12400	0.12	0.08	0.08	0	0	0.12
12500	0.11	0.08	0.08	0	0	0.11
12600	0.11	0.06	0.06	0	0	0.11
12700	0.11	0.06	0.06	0	0	0.11
12800	0.13	0.06	0.06	0	0	0.13
12900	0.12	0.07	0.07	0	0	0.12
13000	0.11	0.08	0.08	0	0	0.11
13100	0.11	0.1	0.1	0	0	0.11
13200	0.12	0.11	0.11	0	0	0.12
13300	0.12	0.12	0.12	0	0	0.12
13400	0.12	0.12	0.12	0	0	0.12
13500	0.12	0.09	0.09	0	0	0.12
13600	0.12	0.08	0.08	0	0	0.12
13700	0.13	0.07	0.07	0	0	0.13
13800	0.13	0.06	0.06	0	0	0.13
13900	0.12	0.05	0.05	0	0	0.12
14000	0.13	0.07	0.07	0	0	0.13
14100	0.14	0.09	0.09	0	0	0.14
14200	0.14	0.09	0.09	0	0	0.14
14300	0.15	0.08	0.08	0	0	0.15
14400	0.15	0.09	0.09	0	0	0.15
14500	0.15	0.1	0.1	0	0	0.15
14600	0.15	0.1	0.1	0	0	0.15
14700	0.14	0.08	0.08	0	0	0.14
14800	0.15	0.09	0.09	0	0	0.15
14900	0.15	0.09	0.09	0	0	0.15
15000	0.17	0.09	0.09	0	0	0.17
15100	0.13	0.1	0.1	0	0	0.13
15200	0.13	0.09	0.09	0	0	0.13
15300	0.12	0.08	0.08	0	0	0.12
15400	0.13	0.07	0.07	0	0	0.13
15500	0.12	0.09	0.09	0	0	0.12
15600	0.12	0.07	0.07	0	0	0.12
15700	0.13	0.11	0.11	0	0	0.13
15800	0.14	0.11	0.11	0	0	0.14
15900	0.15	0.12	0.12	0	0	0.15
16000	0.14	0.12	0.12	0	0	0.14
16100	0.14	0.1	0.1	0	0	0.14
16200	0.15	0.1	0.1	0	0	0.15
16300	0.14	0.12	0.12	0	0	0.14
16400	0.14	0.11	0.11	0	0	0.14
16500	0.14	0.12	0.12	0	0	0.14
16600	0.14	0.12	0.12	0	0	0.14
16700	0.14	0.1	0.1	0	0	0.14
16800	0.14	0.11	0.11	0	0	0.14
16900	0.13	0.1	0.1	0	0	0.13
17000	0.13	0.09	0.09	0	0	0.13
17100	0.12	0.09	0.09	0	0	0.12
17200	0.15	0.07	0.07	0	0	0.15
17300	0.14	0.08	0.08	0	0	0.14
17400	0.14	0.09	0.09	0	0	0.14
17500	0.14	0.08	0.08	0	0	0.14
17600	0.14	0.09	0.09	0	0	0.14
17700	0.13	0.1	0.1	0	0	0.13
17800	0.15	0.11	0.11	0	0	0.15
17900	0.16	0.1	0.1	0	0	0.16
18000	0.16	0.1	0.1	0	0	0.16
18100	0.17	0.09	0.09	0	0	0.17
18200	0.17	0.09	0.09	0	0	0.17
18300	0.16	0.09	0.09	0	0	0.16
18400	0.17	0.08	0.08	0	0	0.17
18500	0.17	0.09	0.09	0	0	0.17
18600	0.16	0.11	0.11	0	0	0.16
18700	0.17	0.11	0.11	0	0	0.17
18800	0.18	0.12	0.12	0	0	0.18
18900	0.18	0.1	0.1	0	0	0.18
19000	0.17	0.12	0.12	0	0	0.17
19100	0.16	0.11	0.11	0	0	0.16
19200	0.16	0.1	0.1	0	0	0.16
19300	0.15	0.1	0.1	0	0	0.15
19400	0.15	0.09	0.09	0	0	0.15
19500	0.15	0.11	0.11	0	0	0.15
19600	0.15	0.11	0.11	0	0	0.15
19700	0.15	0.11	0.11	0	0	0.15
19800	0.16	0.11	0.11	0	0	0.16
19900	0.16	0.11	0.11	0	0	0.16
20000	0.17	0.11	0.11	0	0	0.17
20100	0.17	0.12	0.12	0	0	0.17
20200	0.17	0.11	0.11	0	0	0.17
20300	0.17	0.1	0.1	0	0	0.17
20400	0.17	0.11	0.11	0	0	0.17
20500	0.17	0.1	0.1	0	0	0.17
20600	0.19	0.1	0.1	0	0	0.19
20700	0.18	0.09	0.09	0	0	0.18
20800	0.19	0.1	0.1	0	0	0.19
20900	0.18	0.1	0.1	0	0	0.18
21000	0.18	0.12	0.12	0	0	0.18
21100	0.19	0.12	0.12	0	0	0.19
21200	0.19	0.14	0.14	0	0	0.19
21300	0.19	0.14	0.14	0	0	0.19
21400	0.2	0.15	0.15	0	0	0.2
21500	0.2	0.13	0.13	0	0	0.2
21600	0.2	0.12	0.12	0	0	0.2
21700	0.2	0.13	0.13	0	0	0.2
21800	0.21	0.12	0.12	0	0	0.21
21900	0.22	0.12	0.12	0	0	0.22
22000	0.21	0.13	0.13	0	0	0.21
22100	0.21	0.14	0.14	0	0	0.21
22200	0.21	0.15	0.15	0	0	0.21
22300	0.22	0.17	0.17	0	0	0.22
22400	0.22	0.15	0.15	0	0	0.22
22500	0.23	0.14	0.14	0	0	0.23
22600	0.22	0.13	0.13	0	0	0.22
22700	0.22	0.12	0.12	0	0	0.22
22800	0.23	0.13	0.13	0	0	0.23
22900	0.23	0.13	0.13	0	0	0.23
23000	0.25	0.13	0.13	0	0	0.25
23100	0.25	0.15	0.15	0	0	0.25
23200	0.25	0.16	0.16	0	0	0.25
23300	0.25	0.14	0.14	0	0	0.25
23400	0.25	0.14	0.14	0	0	0.25
23500	0.26	0.14	0.14	0	0	0.26
23600	0.26	0.14	0.14	0	0	0.26
23700	0.27	0.14	0.14	0	0	0.27
23800	0.26	0.14	0.14	0	0	0.26
23900	0.26	0.13	0.13	0	0	0.26
24000	0.26	0.13	0.13	0	0	0.26
24100	0.26	0.13	0.13	0	0	0.26
24200	0.26	0.14	0.14	0	0	0.26
24300	0.26	0.14	0.14	0	0	0.26
24400	0.27	0.14	0.14	0	0	0.27
24500	0.27	0.16	0.16	0	0	0.27
24600	0.26	0.17	0.17	0	0	0.26
24700	0.26	0.16	0.16	0	0	0.26
24800	0.25	0.15	0.15	0	0	0.25
24900	0.24	0.14	0.14	0	0	0.24
25000	0.24	0.13	0.13	0	0	0.24
25100	0.24	0.12	0.12	0	0	0.24
25200	0.24	0.13	0.13	0	0	0.24
25300	0.25	0.13	0.13	0	0	0.25
25400	0.25	0.11	0.11	0	0	0.25
25500	0.24	0.11	0.11	0	0	0.24
25600	0.23	0.12	0.12	0	0	0.23
25700	0.23	0.12	0.12	0	0	0.23
25800	0.23	0.12	0.12	0	0	0.23
25900	0.23	0.12	0.12	0	0	0.23
26000	0.23	0.13	0.13	0	0	0.23
26100	0.23	0.13	0.13	0	0	0.23
26200	0.24	0.13	0.13	0	0	0.24
26300	0.24	0.14	0.14	0	0	0.24
26400	0.23	0.13	0.13	0	0	0.23
26500	0.23	0.14	0.14	0	0	0.23
26600	0.24	0.12	0.12	0	0	0.24
26700	0.24	0.13	0.13	0	0	0.24
26800	0.25	0.12	0.12	0	0	0.25
26900	0.24	0.13	0.13	0	0	0.24
27000	0.24	0.13	0.13	0	0	0.24
27100	0.24	0.13	0.13	0	0	0.24
27200	0.24	0.13	0.13	0	0	0.24
27300	0.24	0.13	0.13	0	0	0.24
27400	0.26	0.13	0.13	0	0	0.26
27500	0.25	0.13	0.13	0	0	0.25
27600	0.25	0.13	0.13	0	0	0.25
27700	0.25	0.13	0.13	0	0	0.25
27800	0.24	0.14	0.14	0	0	0.24
27900	0.24	0.14	0.14	0	0	0.24
28000	0.23	0.14	0.14	0	0	0.23
28100	0.23	0.15	0.15	0	0	0.23
28200	0.25	0.16	0.16	0	0	0.25
28300	0.26	0.16	0.16	0	0	0.26
28400	0.26	0.15	0.15	0	0	0.26
28500	0.26	0.16	0.16	0	0	0.26
28600	0.25	0.14	0.14	0	0	0.25
28700	0.25	0.14	0.14	0	0	0.25
28800	0.26	0.14	0.14	0	0	0.26
28900	0.26	0.14	0.14	0	0	0.26
29000	0.26	0.16	0.16	0	0	0.26
29100	0.25	0.16	0.16	0	0	0.25
29200	0.25	0.15	0.15	0	0	0.25
29300	0.25	0.15	0.15	0	0	0.25
29400	0.25	0.16	0.16	0	0	0.25
29500	0.25	0.15	0.15	0	0	0.25
29600	0.25	0.15	0.15	0	0	0.25
29700	0.25	0.16	0.16	0	0	0.25
29800	0.26	0.15	0.15	0	0	0.26
29900	0.26	0.15	0.15	0	0	0.26
30000	0.26	0.15	0.15	0	0	0.26
30100	0.27	0.17	0.17	0	0	0.27
30200	0.27	0.17	0.17	0	0	0.27
30300	0.27	0.17	0.17	0	0	0.27
30400	0.27	0.17	0.17	0	0	0.27
30500	0.27	0.17	0.17	0	0	0.27
30600	0.28	0.17	0.17	0	0	0.28
30700	0.28	0.16	0.16	0	0	0.28
30800	0.27	0.16	0.16	0	0	0.27
30900	0.27	0.18	0.18	0	0	0.27
31000	0.27	0.18	0.18	0	0	0.27
31100	0.27	0.18	0.18	0	0	0.27
31200	0.27	0.19	0.19	0	0	0.27
31300	0.27	0.19	0.19	0	0	0.27
31400	0.27	0.19	0.19	0	0	0.27
31500	0.27	0.17	0.17	0	0	0.27
31600	0.27	0.17	0.17	0	0	0.27
31700	0.27	0.18	0.18	0	0	0.27
31800	0.26	0.18	0.18	0	0	0.26
31900	0.26	0.17	0.17	0	0	0.26
32000	0.27	0.17	0.17	0	0	0.27
32100	0.26	0.17	0.17	0	0	0.26
32200	0.27	0.18	0.18	0	0	0.27
32300	0.27	0.2	0.2	0	0	0.27
32400	0.28	0.2	0.2	0	0	0.28
32500	0.28	0.19	0.19	0	0	0.28
32600	0.28	0.19	0.19	0	0	0.28
32700	0.29	0.19	0.19	0	0	0.29
32800	0.28	0.19	0.19	0	0	0.28
32900	0.29	0.19	0.19	0	0	0.29
33000	0.29	0.19	0.19	0	0	0.29
33100	0.29	0.2	0.2	0	0	0.29
33200	0.29	0.2	0.2	0	0	0.29
33300	0.29	0.2	0.2	0	0	0.29
33400	0.29	0.21	0.21	0	0	0.29
33500	0.29	0.21	0.21	0	0	0.29
33600	0.29	0.21	0.21	0	0	0.29
33700	0.29	0.2	0.2	0	0	0.29
33800	0.29	0.21	0.21	0	0	0.29
33900	0.29	0.21	0.21	0	0	0.29
34000	0.29	0.21	0.21	0	0	0.29
34100	0.29	0.2	0.2	0	0	0.29
34200	0.29	0.2	0.2	0	0	0.29
34300	0.29	0.2	0.2	0	0	0.29
34400	0.3	0.2	0.2	0	0	0.3
34500	0.3	0.2	0.2	0	0	0.3
34600	0.3	0.21	0.21	0	0	0.3
34700	0.3	0.21	0.21	0	0	0.3
34800	0.3	0.21	0.21	0	0	0.3
34900	0.3	0.21	0.21	0	0	0.3
35000	0.3	0.21	0.21	0	0	0.3
35100	0.31	0.21	0.21	0	0	0.31
35200	0.31	0.21	0.21	0	0	0.31
35300	0.31	0.21	0.21	0	0	0.31
35400	0.32	0.21	0.21	0	0	0.32
35500	0.32	0.21	0.21	0	0	0.32
35600	0.33	0.22	0.22	0	0	0.33
35700	0.33	0.22	0.22	0	0	0.33
35800	0.33	0.21	0.21	0	0	0.33
35900	0.33	0.21	0.21	0	0	0.33
36000	0.34	0.22	0.22	0	0	0.34
36100	0.35	0.22	0.22	0	0	0.35
36200	0.35	0.22	0.22	0	0	0.35
36300	0.35	0.24	0.24	0	0	0.35
36400	0.36	0.24	0.24	0	0	0.36
36500	0.35	0.24	0.24	0	0	0.35
36600	0.34	0.24	0.24	0	0	0.34
36700	0.34	0.24	0.24	0	0	0.34
36800	0.35	0.24	0.24	0	0	0.35
36900	0.35	0.23	0.23	0	0	0.35
37000	0.36	0.24	0.24	0	0	0.36
37100	0.36	0.24	0.24	0	0	0.36
37200	0.36	0.23	0.23	0	0	0.36
37300	0.35	0.23	0.23	0	0	0.35
37400	0.35	0.24	0.24	0	0	0.35
37500	0.35	0.24	0.24	0	0	0.35
37600	0.36	0.24	0.24	0	0	0.36
37700	0.36	0.23	0.23	0	0	0.36
37800	0.36	0.23	0.23	0	0	0.36
37900	0.36	0.23	0.23	0	0	0.36
38000	0.35	0.23	0.23	0	0	0.35
38100	0.35	0.24	0.24	0	0	0.35
38200	0.35	0.25	0.25	0	0	0.35
38300	0.35	0.25	0.25	0	0	0.35
38400	0.35	0.25	0.25	0	0	0.35
38500	0.35	0.26	0.26	0	0	0.35
38600	0.35	0.26	0.26	0	0	0.35
38700	0.35	0.26	0.26	0	0	0.35
38800	0.35	0.26	0.26	0	0	0.35
38900	0.36	0.26	0.26	0	0	0.36
39000	0.36	0.24	0.24	0	0	0.36
39100	0.37	0.25	0.25	0	0	0.37
39200	0.37	0.26	0.26	0	0	0.37
39300	0.38	0.25	0.25	0	0	0.38
39400	0.38	0.23	0.23	0	0	0.38
39500	0.37	0.23	0.23	0	0	0.37
39600	0.38	0.24	0.24	0	0	0.38
39700	0.37	0.25	0.25	0	0	0.37
39800	0.36	0.25	0.25	0	0	0.36
39900	0.36	0.25	0.25	0	0	0.36
40000	0.36	0.25	0.25	0	0	0.36
40100	0.36	0.25	0.25	0	0	0.36
40200	0.36	0.24	0.24	0	0	0.36
40300	0.36	0.23	0.23	0	0	0.36
40400	0.36	0.24	0.24	0	0	0.36
40500	0.36	0.24	0.24	0	0	0.36
40600	0.36	0.25	0.25	0	0	0.36
40700	0.36	0.25	0.25	0	0	0.36
40800	0.36	0.24	0.24	0	0	0.36
40900	0.36	0.24	0.24	0	0	0.36
41000	0.36	0.25	0.25	0	0	0.36
41100	0.37	0.25	0.25	0	0	0.37
41200	0.38	0.25	0.25	0	0	0.38
41300	0.37	0.25	0.25	0	0	0.37
41400	0.36	0.25	0.25	0	0	0.36
41500	0.36	0.25	0.25	0	0	0.36
41600	0.36	0.24	0.24	0	0	0.36
41700	0.36	0.26	0.26	0	0	0.36
41800	0.36	0.26	0.26	0	0	0.36
41900	0.36	0.25	0.25	0	0	0.36
42000	0.36	0.26	0.26	0	0	0.36
42100	0.36	0.25	0.25	0	0	0.36
42200	0.36	0.25	0.25	0	0	0.36
42300	0.36	0.25	0.25	0	0	0.36
42400	0.36	0.25	0.25	0	0	0.36
42500	0.36	0.25	0.25	0	0	0.36
42600	0.36	0.26	0.26	0	0	0.36
42700	0.36	0.26	0.26	0	0	0.36
42800	0.36	0.26	0.26	0	0	0.36
42900	0.37	0.26	0.26	0	0	0.37
43000	0.37	0.27	0.27	0	0	0.37
43100	0.37	0.27	0.27	0	0	0.37
43200	0.37	0.27	0.27	0	0	0.37
43300	0.38	0.27	0.27	0	0	0.38
43400	0.38	0.28	0.28	0	0	0.38
43500	0.37	0.28	0.28	0	0	0.37
43600	0.37	0.28	0.28	0	0	0.37
43700	0.38	0.28	0.28	0	0	0.38
43800	0.37	0.28	0.28	0	0	0.37
43900	0.37	0.28	0.28	0	0	0.37
44000	0.38	0.28	0.28	0	0	0.38
44100	0.37	0.28	0.28	0	0	0.37
44200	0.37	0.28	0.28	0	0	0.37
44300	0.37	0.28	0.28	0	0	0.37
44400	0.37	0.28	0.28	0	0	0.37
44500	0.37	0.29	0.29	0	0	0.37
44600	0.37	0.29	0.29	0	0	0.37
44700	0.37	0.29	0.29	0	0	0.37
44800	0.37	0.29	0.29	0	0	0.37
44900	0.37	0.29	0.29	0	0	0.37
45000	0.37	0.29	0.29	0	0	0.37
45100	0.37	0.28	0.28	0	0	0.37
45200	0.37	0.28	0.28	0	0	0.37
45300	0.37	0.28	0.28	0	0	0.37
45400	0.38	0.28	0.28	0	0	0.38
45500	0.37	0.28	0.28	0	0	0.37
45600	0.37	0.29	0.29	0	0	0.37
45700	0.37	0.29	0.29	0	0	0.37
45800	0.36	0.29	0.29	0	0	0.36
45900	0.36	0.3	0.3	0	0	0.36
46000	0.36	0.3	0.3	0	0	0.36
46100	0.37	0.31	0.31	0	0	0.37
46200	0.37	0.31	0.31	0	0	0.37
46300	0.37	0.31	0.31	0	0	0.37
46400	0.37	0.31	0.31	0	0	0.37
46500	0.37	0.32	0.32	0	0	0.37
46600	0.37	0.32	0.32	0	0	0.37
46700	0.37	0.32	0.32	0	0	0.37
46800	0.37	0.32	0.32	0	0	0.37
46900	0.37	0.32	0.32	0	0	0.37
47000	0.37	0.32	0.32	0	0	0.37
47100	0.37	0.33	0.33	0	0	0.37
47200	0.38	0.33	0.33	0	0	0.38
47300	0.39	0.33	0.33	0	0	0.39
47400	0.39	0.33	0.33	0	0	0.39
47500	0.4	0.33	0.33	0	0	0.4
47600	0.4	0.33	0.33	0	0	0.4
47700	0.4	0.33	0.33	0	0	0.4
47800	0.41	0.33	0.33	0	0	0.41
47900	0.4	0.33	0.33	0	0	0.4
48000	0.4	0.33	0.33	0	0	0.4
48100	0.4	0.33	0.33	0	0	0.4
48200	0.4	0.33	0.33	0	0	0.4
48300	0.4	0.33	0.33	0	0	0.4
48400	0.4	0.33	0.33	0	0	0.4
48500	0.41	0.33	0.33	0	0	0.41
48600	0.41	0.33	0.33	0	0	0.41
48700	0.41	0.33	0.33	0	0	0.41
48800	0.42	0.33	0.33	0	0	0.42
48900	0.42	0.33	0.33	0	0	0.42
49000	0.41	0.33	0.33	0	0	0.41
49100	0.41	0.35	0.35	0	0	0.41
49200	0.41	0.35	0.35	0	0	0.41
49300	0.41	0.35	0.35	0	0	0.41
49400	0.41	0.34	0.34	0	0	0.41
49500	0.41	0.34	0.34	0	0	0.41
49600	0.41	0.34	0.34	0	0	0.41
49700	0.41	0.34	0.34	0	0	0.41
49800	0.41	0.35	0.35	0	0	0.41
49900	0.41	0.35	0.35	0	0	0.41
50000	0.41	0.35	0.35	0	0	0.41
50100	0.42	0.35	0.35	0	0	0.42
50200	0.42	0.35	0.35	0	0	0.42
50300	0.42	0.35	0.35	0	0	0.42
50400	0.42	0.34	0.34	0	0	0.42
50500	0.42	0.34	0.34	0	0	0.42
50600	0.42	0.34	0.34	0	0	0.42
50700	0.42	0.34	0.34	0	0	0.42
50800	0.42	0.36	0.36	0	0	0.42
50900	0.43	0.35	0.35	0	0	0.43
51000	0.43	0.35	0.35	0	0	0.43
51100	0.42	0.35	0.35	0	0	0.42
51200	0.42	0.35	0.35	0	0	0.42
51300	0.42	0.35	0.35	0	0	0.42
51400	0.42	0.35	0.35	0	0	0.42
51500	0.42	0.35	0.35	0	0	0.42
51600	0.43	0.36	0.36	0	0	0.43
51700	0.43	0.36	0.36	0	0	0.43
51800	0.43	0.35	0.35	0	0	0.43
51900	0.43	0.35	0.35	0	0	0.43
52000	0.43	0.35	0.35	0	0	0.43
52100	0.43	0.34	0.34	0	0	0.43
52200	0.43	0.34	0.34	0	0	0.43
52300	0.43	0.34	0.34	0	0	0.43
52400	0.44	0.34	0.34	0	0	0.44
52500	0.45	0.34	0.34	0	0	0.45
52600	0.45	0.34	0.34	0	0	0.45
52700	0.45	0.34	0.34	0	0	0.45
52800	0.44	0.34	0.34	0	0	0.44
52900	0.44	0.33	0.33	0	0	0.44
53000	0.44	0.33	0.33	0	0	0.44
53100	0.44	0.33	0.33	0	0	0.44
53200	0.44	0.33	0.33	0	0	0.44
53300	0.44	0.33	0.33	0	0	0.44
53400	0.44	0.31	0.31	0	0	0.44
53500	0.44	0.31	0.31	0	0	0.44
53600	0.45	0.31	0.31	0	0	0.45
53700	0.45	0.31	0.31	0	0	0.45
53800	0.45	0.31	0.31	0	0	0.45
53900	0.45	0.31	0.31	0	0	0.45
54000	0.45	0.31	0.31	0	0	0.45
54100	0.45	0.31	0.31	0	0	0.45
54200	0.45	0.31	0.31	0	0	0.45
54300	0.44	0.31	0.31	0	0	0.44
54400	0.44	0.32	0.32	0	0	0.44
54500	0.43	0.32	0.32	0	0	0.43
54600	0.43	0.33	0.33	0	0	0.43
54700	0.43	0.32	0.32	0	0	0.43
54800	0.43	0.32	0.32	0	0	0.43
54900	0.42	0.33	0.33	0	0	0.42
55000	0.42	0.34	0.34	0	0	0.42
55100	0.42	0.33	0.33	0	0	0.42
55200	0.42	0.33	0.33	0	0	0.42
55300	0.43	0.33	0.33	0	0	0.43
55400	0.43	0.33	0.33	0	0	0.43
55500	0.43	0.33	0.33	0	0	0.43
55600	0.41	0.34	0.34	0	0	0.41
55700	0.41	0.34	0.34	0	0	0.41
55800	0.41	0.34	0.34	0	0	0.41
55900	0.41	0.34	0.34	0	0	0.41
56000	0.41	0.34	0.34	0	0	0.41
56100	0.41	0.34	0.34	0	0	0.41
56200	0.41	0.34	0.34	0	0	0.41
56300	0.41	0.34	0.34	0	0	0.41
56400	0.41	0.35	0.35	0	0	0.41
56500	0.41	0.35	0.35	0	0	0.41
56600	0.41	0.35	0.35	0	0	0.41
56700	0.42	0.35	0.35	0	0	0.42
56800	0.42	0.35	0.35	0	0	0.42
56900	0.42	0.35	0.35	0	0	0.42
57000	0.42	0.35	0.35	0	0	0.42
57100	0.42	0.35	0.35	0	0	0.42
57200	0.42	0.36	0.36	0	0	0.42
57300	0.42	0.37	0.37	0	0	0.42
57400	0.42	0.37	0.37	0	0	0.42
57500	0.42	0.36	0.36	0	0	0.42
57600	0.42	0.36	0.36	0	0	0.42
57700	0.42	0.36	0.36	0	0	0.42
57800	0.42	0.36	0.36	0	0	0.42
57900	0.42	0.36	0.36	0	0	0.42
58000	0.42	0.36	0.36	0	0	0.42
58100	0.42	0.36	0.36	0	0	0.42
58200	0.42	0.36	0.36	0	0	0.42
58300	0.42	0.36	0.36	0	0	0.42
58400	0.42	0.37	0.37	0	0	0.42
58500	0.42	0.36	0.36	0	0	0.42
58600	0.42	0.36	0.36	0	0	0.42
58700	0.42	0.35	0.35	0	0	0.42
58800	0.42	0.35	0.35	0	0	0.42
58900	0.42	0.35	0.35	0	0	0.42
59000	0.42	0.35	0.35	0	0	0.42
59100	0.42	0.35	0.35	0	0	0.42
59200	0.43	0.35	0.35	0	0	0.43
59300	0.43	0.35	0.35	0	0	0.43
59400	0.42	0.35	0.35	0	0	0.42
59500	0.42	0.35	0.35	0	0	0.42
59600	0.42	0.35	0.35	0	0	0.42
59700	0.42	0.35	0.35	0	0	0.42
59800	0.43	0.35	0.35	0	0	0.43
59900	0.43	0.35	0.35	0	0	0.43
60000	0.43	0.35	0.35	0	0	0.43
60100	0.43	0.35	0.35	0	0	0.43
60200	0.43	0.35	0.35	0	0	0.43
60300	0.42	0.35	0.35	0	0	0.42
60400	0.42	0.35	0.35	0	0	0.42
60500	0.43	0.35	0.35	0	0	0.43
60600	0.43	0.35	0.35	0	0	0.43
60700	0.42	0.35	0.35	0	0	0.42
60800	0.42	0.35	0.35	0	0	0.42
60900	0.42	0.35	0.35	0	0	0.42
61000	0.42	0.36	0.36	0	0	0.42
61100	0.42	0.36	0.36	0	0	0.42
61200	0.42	0.36	0.36	0	0	0.42
61300	0.42	0.36	0.36	0	0	0.42
61400	0.42	0.36	0.36	0	0	0.42
61500	0.43	0.35	0.35	0	0	0.43
61600	0.44	0.35	0.35	0	0	0.44
61700	0.44	0.35	0.35	0	0	0.44
61800	0.44	0.35	0.35	0	0	0.44
61900	0.44	0.35	0.35	0	0	0.44
62000	0.45	0.35	0.35	0	0	0.45
62100	0.45	0.35	0.35	0	0	0.45
62200	0.45	0.35	0.35	0	0	0.45
62300	0.45	0.35	0.35	0	0	0.45
62400	0.45	0.35	0.35	0	0	0.45
62500	0.46	0.36	0.36	0	0	0.46
62600	0.46	0.37	0.37	0	0	0.46
62700	0.46	0.36	0.36	0	0	0.46
62800	0.47	0.36	0.36	0	0	0.47
62900	0.47	0.36	0.36	0	0	0.47
63000	0.47	0.36	0.36	0	0	0.47
63100	0.47	0.35	0.35	0	0	0.47
63200	0.47	0.35	0.35	0	0	0.47
63300	0.47	0.35	0.35	0	0	0.47
63400	0.47	0.35	0.35	0	0	0.47
63500	0.47	0.35	0.35	0	0	0.47
63600	0.47	0.35	0.35	0	0	0.47
63700	0.47	0.35	0.35	0	0	0.47
63800	0.47	0.35	0.35	0	0	0.47
63900	0.47	0.36	0.36	0	0	0.47
64000	0.47	0.36	0.36	0	0	0.47
64100	0.47	0.36	0.36	0	0	0.47
64200	0.47	0.36	0.36	0	0	0.47
64300	0.47	0.36	0.36	0	0	0.47
64400	0.47	0.36	0.36	0	0	0.47
64500	0.47	0.36	0.36	0	0	0.47
64600	0.47	0.36	0.36	0	0	0.47
64700	0.46	0.36	0.36	0	0	0.46
64800	0.46	0.36	0.36	0	0	0.46
64900	0.46	0.36	0.36	0	0	0.46
65000	0.46	0.36	0.36	0	0	0.46
65100	0.46	0.36	0.36	0	0	0.46
65200	0.45	0.36	0.36	0	0	0.45
65300	0.45	0.36	0.36	0	0	0.45
65400	0.45	0.36	0.36	0	0	0.45
65500	0.45	0.36	0.36	0	0	0.45
65600	0.45	0.36	0.36	0	0	0.45
65700	0.45	0.36	0.36	0	0	0.45
65800	0.45	0.36	0.36	0	0	0.45
65900	0.45	0.36	0.36	0	0	0.45
66000	0.45	0.36	0.36	0	0	0.45
66100	0.45	0.36	0.36	0	0	0.45
66200	0.45	0.36	0.36	0	0	0.45
66300	0.45	0.36	0.36	0	0	0.45
66400	0.45	0.36	0.36	0	0	0.45
66500	0.45	0.36	0.36	0	0	0.45
66600	0.45	0.36	0.36	0	0	0.45
66700	0.45	0.37	0.37	0	0	0.45
66800	0.44	0.37	0.37	0	0	0.44
66900	0.44	0.37	0.37	0	0	0.44
67000	0.44	0.37	0.37	0	0	0.44
67100	0.44	0.37	0.37	0	0	0.44
67200	0.44	0.37	0.37	0	0	0.44
67300	0.44	0.37	0.37	0	0	0.44
67400	0.44	0.37	0.37	0	0	0.44
67500	0.44	0.37	0.37	0	0	0.44
67600	0.44	0.37	0.37	0	0	0.44
67700	0.44	0.37	0.37	0	0	0.44
67800	0.44	0.37	0.37	0	0	0.44
67900	0.44	0.37	0.37	0	0	0.44
68000	0.44	0.38	0.38	0	0	0.44
68100	0.45	0.38	0.38	0	0	0.45
68200	0.45	0.38	0.38	0	0	0.45
68300	0.45	0.38	0.38	0	0	0.45
68400	0.45	0.39	0.39	0	0	0.45
68500	0.45	0.39	0.39	0	0	0.45
68600	0.45	0.41	0.41	0	0	0.45
68700	0.45	0.4	0.4	0	0	0.45
68800	0.45	0.4	0.4	0	0	0.45
68900	0.45	0.4	0.4	0	0	0.45
69000	0.45	0.4	0.4	0	0	0.45
69100	0.45	0.41	0.41	0	0	0.45
69200	0.45	0.41	0.41	0	0	0.45
69300	0.45	0.41	0.41	0	0	0.45
69400	0.45	0.41	0.41	0	0	0.45
69500	0.45	0.41	0.41	0	0	0.45
69600	0.45	0.41	0.41	0	0	0.45
69700	0.45	0.41	0.41	0	0	0.45
69800	0.45	0.41	0.41	0	0	0.45
69900	0.45	0.41	0.41	0	0	0.45
70000	0.45	0.41	0.41	0	0	0.45
70100	0.45	0.41	0.41	0	0	0.45
70200	0.45	0.41	0.41	0	0	0.45
70300	0.45	0.42	0.42	0	0	0.45
70400	0.45	0.42	0.42	0	0	0.45
70500	0.45	0.42	0.42	0	0	0.45
70600	0.45	0.42	0.42	0	0	0.45
70700	0.45	0.42	0.42	0	0	0.45
70800	0.45	0.42	0.42	0	0	0.45
70900	0.45	0.42	0.42	0	0	0.45
71000	0.45	0.42	0.42	0	0	0.45
71100	0.45	0.42	0.42	0	0	0.45
71200	0.45	0.42	0.42	0	0	0.45
71300	0.45	0.43	0.43	0	0	0.45
71400	0.45	0.43	0.43	0	0	0.45
71500	0.45	0.43	0.43	0	0	0.45
71600	0.45	0.43	0.43	0	0	0.45
71700	0.45	0.43	0.43	0	0	0.45
71800	0.45	0.43	0.43	0	0	0.45
71900	0.45	0.43	0.43	0	0	0.45
72000	0.45	0.43	0.43	0	0	0.45
72100	0.45	0.43	0.43	0	0	0.45
72200	0.45	0.43	0.43	0	0	0.45
72300	0.45	0.43	0.43	0	0	0.45
72400	0.45	0.43	0.43	0	0	0.45
72500	0.45	0.43	0.43	0	0	0.45
72600	0.45	0.43	0.43	0	0	0.45
72700	0.45	0.43	0.43	0	0	0.45
72800	0.45	0.43	0.43	0	0	0.45
72900	0.46	0.43	0.43	0	0	0.46
73000	0.47	0.43	0.43	0	0	0.47
73100	0.47	0.43	0.43	0	0	0.47
73200	0.47	0.43	0.43	0	0	0.47
73300	0.47	0.44	0.44	0	0	0.47
73400	0.47	0.44	0.44	0	0	0.47
73500	0.47	0.44	0.44	0	0	0.47
73600	0.48	0.44	0.44	0	0	0.48
73700	0.48	0.45	0.45	0	0	0.48
73800	0.48	0.45	0.45	0	0	0.48
73900	0.49	0.45	0.45	0	0	0.49
74000	0.5	0.45	0.45	0	0	0.5
74100	0.49	0.45	0.45	0	0	0.49
74200	0.49	0.45	0.45	0	0	0.49
74300	0.49	0.45	0.45	0	0	0.49
74400	0.49	0.45	0.45	0	0	0.49
74500	0.49	0.45	0.45	0	0	0.49
74600	0.49	0.45	0.45	0	0	0.49
74700	0.49	0.45	0.45	0	0	0.49
74800	0.48	0.45	0.45	0	0	0.48
74900	0.48	0.45	0.45	0	0	0.48
75000	0.48	0.45	0.45	0	0	0.48
75100	0.48	0.45	0.45	0	0	0.48
75200	0.48	0.45	0.45	0	0	0.48
75300	0.48	0.45	0.45	0	0	0.48
75400	0.48	0.45	0.45	0	0	0.48
75500	0.48	0.45	0.45	0	0	0.48
75600	0.48	0.45	0.45	0	0	0.48
75700	0.48	0.45	0.45	0	0	0.48
75800	0.48	0.45	0.45	0	0	0.48
75900	0.48	0.45	0.45	0	0	0.48
76000	0.48	0.45	0.45	0	0	0.48
76100	0.47	0.45	0.45	0	0	0.47
76200	0.47	0.45	0.45	0	0	0.47
76300	0.47	0.45	0.45	0	0	0.47
76400	0.47	0.45	0.45	0	0	0.47
76500	0.47	0.45	0.45	0	0	0.47
76600	0.47	0.45	0.45	0	0	0.47
76700	0.47	0.45	0.45	0	0	0.47
76800	0.47	0.45	0.45	0	0	0.47
76900	0.47	0.45	0.45	0	0	0.47
77000	0.47	0.45	0.45	0	0	0.47
77100	0.47	0.45	0.45	0	0	0.47
77200	0.47	0.45	0.45	0	0	0.47
77300	0.47	0.45	0.45	0	0	0.47
77400	0.46	0.45	0.45	0	0	0.46
77500	0.46	0.45	0.45	0	0	0.46
77600	0.46	0.45	0.45	0	0	0.46
77700	0.46	0.44	0.44	0	0	0.46
77800	0.46	0.44	0.44	0	0	0.46
77900	0.46	0.44	0.44	0	0	0.46
78000	0.46	0.44	0.44	0	0	0.46
78100	0.46	0.44	0.44	0	0	0.46
78200	0.46	0.44	0.44	0	0	0.46
78300	0.46	0.44	0.44	0	0	0.46
78400	0.46	0.44	0.44	0	0	0.46
78500	0.46	0.44	0.44	0	0	0.46
78600	0.46	0.44	0.44	0	0	0.46
78700	0.46	0.44	0.44	0	0	0.46
78800	0.46	0.44	0.44	0	0	0.46
78900	0.46	0.44	0.44	0	0	0.46
79000	0.46	0.44	0.44	0	0	0.46
79100	0.46	0.44	0.44	0	0	0.46
79200	0.46	0.44	0.44	0	0	0.46
79300	0.46	0.44	0.44	0	0	0.46
79400	0.46	0.44	0.44	0	0	0.46
79500	0.47	0.44	0.44	0	0	0.47
79600	0.47	0.44	0.44	0	0	0.47
79700	0.47	0.44	0.44	0	0	0.47
79800	0.47	0.44	0.44	0	0	0.47
79900	0.47	0.44	0.44	0	0	0.47
80000	0.47	0.44	0.44	0	0	0.47
80100	0.47	0.45	0.45	0	0	0.47
80200	0.47	0.45	0.45	0	0	0.47
80300	0.47	0.45	0.45	0	0	0.47
80400	0.47	0.45	0.45	0	0	0.47
80500	0.47	0.45	0.45	0	0	0.47
80600	0.46	0.45	0.45	0	0	0.46
80700	0.46	0.45	0.45	0	0	0.46
80800	0.46	0.45	0.45	0	0	0.46
80900	0.46	0.45	0.45	0	0	0.46
81000	0.46	0.45	0.45	0	0	0.46
81100	0.47	0.45	0.45	0	0	0.47
81200	0.47	0.45	0.45	0	0	0.47
81300	0.47	0.45	0.45	0	0	0.47
81400	0.47	0.45	0.45	0	0	0.47
81500	0.47	0.45	0.45	0	0	0.47
81600	0.48	0.45	0.45	0	0	0.48
81700	0.48	0.45	0.45	0	0	0.48
81800	0.48	0.45	0.45	0	0	0.48
81900	0.48	0.45	0.45	0	0	0.48
82000	0.48	0.45	0.45	0	0	0.48
82100	0.48	0.45	0.45	0	0	0.48
82200	0.48	0.45	0.45	0	0	0.48
82300	0.48	0.44	0.44	0	0	0.48
82400	0.48	0.44	0.44	0	0	0.48
82500	0.48	0.44	0.44	0	0	0.48
82600	0.48	0.44	0.44	0	0	0.48
82700	0.48	0.44	0.44	0	0	0.48
82800	0.48	0.44	0.44	0	0	0.48
82900	0.48	0.44	0.44	0	0	0.48
83000	0.48	0.44	0.44	0	0	0.48
83100	0.48	0.44	0.44	0	0	0.48
83200	0.48	0.44	0.44	0	0	0.48
83300	0.48	0.44	0.44	0	0	0.48
83400	0.48	0.44	0.44	0	0	0.48
83500	0.48	0.44	0.44	0	0	0.48
83600	0.48	0.44	0.44	0	0	0.48
83700	0.48	0.44	0.44	0	0	0.48
83800	0.48	0.44	0.44	0	0	0.48
83900	0.48	0.43	0.43	0	0	0.48
84000	0.48	0.43	0.43	0	0	0.48
84100	0.48	0.43	0.43	0	0	0.48
84200	0.48	0.44	0.44	0	0	0.48
84300	0.48	0.44	0.44	0	0	0.48
84400	0.48	0.44	0.44	0	0	0.48
84500	0.48	0.45	0.45	0	0	0.48
84600	0.48	0.45	0.45	0	0	0.48
84700	0.48	0.45	0.45	0	0	0.48
84800	0.48	0.45	0.45	0	0	0.48
84900	0.48	0.45	0.45	0	0	0.48
85000	0.48	0.44	0.44	0	0	0.48
85100	0.48	0.44	0.44	0	0	0.48
85200	0.48	0.44	0.44	0	0	0.48
85300	0.48	0.44	0.44	0	0	0.48
85400	0.48	0.44	0.44	0	0	0.48
85500	0.48	0.44	0.44	0	0	0.48
85600	0.48	0.44	0.44	0	0	0.48
85700	0.48	0.44	0.44	0	0	0.48
85800	0.48	0.44	0.44	0	0	0.48
85900	0.48	0.44	0.44	0	0	0.48
86000	0.48	0.44	0.44	0	0	0.48
86100	0.48	0.44	0.44	0	0	0.48
86200	0.48	0.44	0.44	0	0	0.48
86300	0.48	0.44	0.44	0	0	0.48
86400	0.48	0.44	0.44	0	0	0.48
86500	0.48	0.44	0.44	0	0	0.48
86600	0.48	0.44	0.44	0	0	0.48
86700	0.48	0.44	0.44	0	0	0.48
86800	0.48	0.44	0.44	0	0	0.48
86900	0.48	0.44	0.44	0	0	0.48
87000	0.48	0.44	0.44	0	0	0.48
87100	0.48	0.44	0.44	0	0	0.48
87200	0.48	0.45	0.45	0	0	0.48
87300	0.48	0.45	0.45	0	0	0.48
87400	0.48	0.45	0.45	0	0	0.48
87500	0.48	0.46	0.46	0	0	0.48
87600	0.49	0.46	0.46	0	0	0.49
87700	0.5	0.46	0.46	0	0	0.5
87800	0.49	0.46	0.46	0	0	0.49
87900	0.49	0.46	0.46	0	0	0.49
88000	0.49	0.46	0.46	0	0	0.49
88100	0.49	0.46	0.46	0	0	0.49
88200	0.49	0.46	0.46	0	0	0.49
88300	0.49	0.46	0.46	0	0	0.49
88400	0.49	0.46	0.46	0	0	0.49
88500	0.49	0.46	0.46	0	0	0.49
88600	0.48	0.46	0.46	0	0	0.48
88700	0.49	0.46	0.46	0	0	0.49
88800	0.49	0.46	0.46	0	0	0.49
88900	0.49	0.46	0.46	0	0	0.49
89000	0.49	0.46	0.46	0	0	0.49
89100	0.49	0.46	0.46	0	0	0.49
89200	0.49	0.46	0.46	0	0	0.49
89300	0.49	0.46	0.46	0	0	0.49
89400	0.49	0.46	0.46	0	0	0.49
89500	0.49	0.46	0.46	0	0	0.49
89600	0.49	0.46	0.46	0	0	0.49
89700	0.49	0.46	0.46	0	0	0.49
89800	0.49	0.46	0.46	0	0	0.49
89900	0.49	0.46	0.46	0	0	0.49
90000	0.49	0.46	0.46	0	0	0.49
90100	0.49	0.46	0.46	0	0	0.49
90200	0.49	0.46	0.46	0	0	0.49
90300	0.49	0.46	0.46	0	0	0.49
90400	0.49	0.45	0.45	0	0	0.49
90500	0.49	0.45	0.45	0	0	0.49
90600	0.49	0.45	0.45	0	0	0.49
90700	0.49	0.45	0.45	0	0	0.49
90800	0.5	0.45	0.45	0	0	0.5
90900	0.5	0.45	0.45	0	0	0.5
91000	0.5	0.45	0.45	0	0	0.5
91100	0.49	0.45	0.45	0	0	0.49
91200	0.49	0.45	0.45	0	0	0.49
91300	0.49	0.45	0.45	0	0	0.49
91400	0.49	0.45	0.45	0	0	0.49
91500	0.49	0.45	0.45	0	0	0.49
91600	0.49	0.45	0.45	0	0	0.49
91700	0.49	0.45	0.45	0	0	0.49
91800	0.49	0.45	0.45	0	0	0.49
91900	0.5	0.45	0.45	0	0	0.5
92000	0.5	0.45	0.45	0	0	0.5
92100	0.5	0.45	0.45	0	0	0.5
92200	0.5	0.45	0.45	0	0	0.5
92300	0.5	0.45	0.45	0	0	0.5
92400	0.5	0.45	0.45	0	0	0.5
92500	0.5	0.45	0.45	0	0	0.5
92600	0.5	0.45	0.45	0	0	0.5
92700	0.5	0.45	0.45	0	0	0.5
92800	0.5	0.45	0.45	0	0	0.5
92900	0.51	0.45	0.45	0	0	0.51
93000	0.5	0.44	0.44	0	0	0.5
93100	0.51	0.44	0.44	0	0	0.51
93200	0.51	0.44	0.44	0	0	0.51
93300	0.51	0.44	0.44	0	0	0.51
93400	0.51	0.44	0.44	0	0	0.51
93500	0.51	0.44	0.44	0	0	0.51
93600	0.51	0.44	0.44	0	0	0.51
93700	0.51	0.44	0.44	0	0	0.51
93800	0.51	0.44	0.44	0	0	0.51
93900	0.51	0.44	0.44	0	0	0.51
94000	0.51	0.44	0.44	0	0	0.51
94100	0.51	0.44	0.44	0	0	0.51
94200	0.51	0.44	0.44	0	0	0.51
94300	0.51	0.44	0.44	0	0	0.51
94400	0.51	0.44	0.44	0	0	0.51
94500	0.51	0.44	0.44	0	0	0.51
94600	0.51	0.44	0.44	0	0	0.51
94700	0.51	0.44	0.44	0	0	0.51
94800	0.51	0.44	0.44	0	0	0.51
94900	0.51	0.44	0.44	0	0	0.51
95000	0.51	0.44	0.44	0	0	0.51
95100	0.51	0.44	0.44	0	0	0.51
95200	0.51	0.44	0.44	0	0	0.51
95300	0.51	0.44	0.44	0	0	0.51
95400	0.51	0.44	0.44	0	0	0.51
95500	0.51	0.44	0.44	0	0	0.51
95600	0.51	0.44	0.44	0	0	0.51
95700	0.51	0.44	0.44	0	0	0.51
95800	0.51	0.44	0.44	0	0	0.51
95900	0.51	0.44	0.44	0	0	0.51
96000	0.51	0.44	0.44	0	0	0.51
96100	0.51	0.44	0.44	0	0	0.51
96200	0.51	0.44	0.44	0	0	0.51
96300	0.51	0.44	0.44	0	0	0.51
96400	0.51	0.44	0.44	0	0	0.51
96500	0.51	0.44	0.44	0	0	0.51
96600	0.5	0.44	0.44	0	0	0.5
96700	0.5	0.44	0.44	0	0	0.5
96800	0.5	0.44	0.44	0	0	0.5
96900	0.5	0.44	0.44	0	0	0.5
97000	0.5	0.44	0.44	0	0	0.5
97100	0.49	0.44	0.44	0	0	0.49
97200	0.49	0.44	0.44	0	0	0.49
97300	0.49	0.44	0.44	0	0	0.49
97400	0.49	0.43	0.43	0	0	0.49
97500	0.49	0.43	0.43	0	0	0.49
97600	0.49	0.43	0.43	0	0	0.49
97700	0.49	0.43	0.43	0	0	0.49
97800	0.49	0.43	0.43	0	0	0.49
97900	0.49	0.43	0.43	0	0	0.49
98000	0.49	0.43	0.43	0	0	0.49
98100	0.49	0.43	0.43	0	0	0.49
98200	0.48	0.43	0.43	0	0	0.48
98300	0.48	0.43	0.43	0	0	0.48
98400	0.48	0.43	0.43	0	0	0.48
98500	0.48	0.43	0.43	0	0	0.48
98600	0.48	0.44	0.44	0	0	0.48
98700	0.48	0.44	0.44	0	0	0.48
98800	0.48	0.44	0.44	0	0	0.48
98900	0.48	0.44	0.44	0	0	0.48
99000	0.48	0.44	0.44	0	0	0.48
99100	0.48	0.44	0.44	0	0	0.48
99200	0.48	0.44	0.44	0	0	0.48
99300	0.48	0.44	0.44	0	0	0.48
99400	0.48	0.44	0.44	0	0	0.48
99500	0.48	0.44	0.44	0	0	0.48
99600	0.48	0.44	0.44	0	0	0.48
99700	0.48	0.44	0.44	0	0	0.48
99800	0.48	0.44	0.44	0	0	0.48
99900	0.49	0.44	0.44	0	0	0.49
100000	0.49	0.44	0.44	0	0	0.49
100100	0.49	0.44	0.44	0	0	0.49
100200	0.49	0.44	0.44	0	0	0.49
100300	0.49	0.44	0.44	0	0	0.49
100400	0.49	0.44	0.44	0	0	0.49
100500	0.49	0.44	0.44	0	0	0.49
100600	0.49	0.44	0.44	0	0	0.49
100700	0.49	0.44	0.44	0	0	0.49
100800	0.49	0.44	0.44	0	0	0.49
100900	0.49	0.44	0.44	0	0	0.49
101000	0.49	0.44	0.44	0	0	0.49
101100	0.49	0.44	0.44	0	0	0.49
101200	0.49	0.44	0.44	0	0	0.49
101300	0.49	0.44	0.44	0	0	0.49
101400	0.49	0.44	0.44	0	0	0.49
101500	0.49	0.44	0.44	0	0	0.49
101600	0.49	0.44	0.44	0	0	0.49
101700	0.49	0.44	0.44	0	0	0.49
101800	0.49	0.43	0.43	0	0	0.49
101900	0.49	0.43	0.43	0	0	0.49
102000	0.49	0.44	0.44	0	0	0.49
102100	0.49	0.43	0.43	0	0	0.49
102200	0.49	0.43	0.43	0	0	0.49
102300	0.49	0.43	0.43	0	0	0.49
102400	0.49	0.43	0.43	0	0	0.49
102500	0.49	0.43	0.43	0	0	0.49
102600	0.49	0.43	0.43	0	0	0.49
102700	0.49	0.43	0.43	0	0	0.49
102800	0.49	0.43	0.43	0	0	0.49
102900	0.49	0.42	0.42	0	0	0.49
103000	0.49	0.42	0.42	0	0	0.49
103100	0.49	0.42	0.42	0	0	0.49
103200	0.49	0.42	0.42	0	0	0.49
103300	0.49	0.42	0.42	0	0	0.49
103400	0.49	0.42	0.42	0	0	0.49
103500	0.49	0.42	0.42	0	0	0.49
103600	0.49	0.42	0.42	0	0	0.49
103700	0.49	0.42	0.42	0	0	0.49
103800	0.49	0.43	0.43	0	0	0.49
103900	0.49	0.43	0.43	0	0	0.49
104000	0.49	0.42	0.42	0	0	0.49
104100	0.49	0.42	0.42	0	0	0.49
104200	0.49	0.42	0.42	0	0	0.49
104300	0.49	0.42	0.42	0	0	0.49
104400	0.49	0.42	0.42	0	0	0.49
104500	0.49	0.42	0.42	0	0	0.49
104600	0.49	0.42	0.42	0	0	0.49
104700	0.49	0.41	0.41	0	0	0.49
104800	0.49	0.41	0.41	0	0	0.49
104900	0.49	0.41	0.41	0	0	0.49
105000	0.49	0.41	0.41	0	0	0.49
105100	0.49	0.41	0.41	0	0	0.49
105200	0.49	0.41	0.41	0	0	0.49
105300	0.49	0.42	0.42	0	0	0.49
105400	0.49	0.42	0.42	0	0	0.49
105500	0.49	0.42	0.42	0	0	0.49
105600	0.49	0.42	0.42	0	0	0.49
105700	0.49	0.42	0.42	0	0	0.49
105800	0.49	0.42	0.42	0	0	0.49
105900	0.49	0.42	0.42	0	0	0.49
106000	0.49	0.42	0.42	0	0	0.49
106100	0.49	0.42	0.42	0	0	0.49
106200	0.49	0.42	0.42	0	0	0.49
106300	0.49	0.42	0.42	0	0	0.49
106400	0.49	0.42	0.42	0	0	0.49
106500	0.49	0.42	0.42	0	0	0.49
106600	0.5	0.42	0.42	0	0	0.5
106700	0.49	0.42	0.42	0	0	0.49
106800	0.49	0.42	0.42	0	0	0.49
106900	0.49	0.42	0.42	0	0	0.49
107000	0.49	0.43	0.43	0	0	0.49
107100	0.49	0.42	0.42	0	0	0.49
107200	0.49	0.42	0.42	0	0	0.49
107300	0.49	0.42	0.42	0	0	0.49
107400	0.49	0.42	0.42	0	0	0.49
107500	0.49	0.42	0.42	0	0	0.49
107600	0.49	0.42	0.42	0	0	0.49
107700	0.49	0.42	0.42	0	0	0.49
107800	0.49	0.42	0.42	0	0	0.49
107900	0.49	0.42	0.42	0	0	0.49
108000	0.49	0.42	0.42	0	0	0.49
108100	0.49	0.42	0.42	0	0	0.49
108200	0.49	0.42	0.42	0	0	0.49
108300	0.49	0.42	0.42	0	0	0.49
108400	0.49	0.42	0.42	0	0	0.49
108500	0.49	0.43	0.43	0	0	0.49
108600	0.49	0.43	0.43	0	0	0.49
108700	0.49	0.43	0.43	0	0	0.49
108800	0.5	0.43	0.43	0	0	0.5
108900	0.5	0.43	0.43	0	0	0.5
109000	0.5	0.43	0.43	0	0	0.5
109100	0.5	0.43	0.43	0	0	0.5
109200	0.5	0.43	0.43	0	0	0.5
109300	0.5	0.43	0.43	0	0	0.5
109400	0.49	0.43	0.43	0	0	0.49
109500	0.49	0.43	0.43	0	0	0.49
109600	0.48	0.43	0.43	0	0	0.48
109700	0.48	0.43	0.43	0	0	0.48
109800	0.48	0.43	0.43	0	0	0.48
109900	0.48	0.43	0.43	0	0	0.48
110000	0.48	0.43	0.43	0	0	0.48
110100	0.48	0.43	0.43	0	0	0.48
110200	0.48	0.43	0.43	0	0	0.48
110300	0.48	0.43	0.43	0	0	0.48
110400	0.47	0.43	0.43	0	0	0.47
110500	0.47	0.43	0.43	0	0	0.47
110600	0.47	0.43	0.43	0	0	0.47
110700	0.48	0.43	0.43	0	0	0.48
110800	0.48	0.43	0.43	0	0	0.48
110900	0.48	0.43	0.43	0	0	0.48
111000	0.48	0.43	0.43	0	0	0.48
111100	0.48	0.43	0.43	0	0	0.48
111200	0.48	0.43	0.43	0	0	0.48
111300	0.48	0.43	0.43	0	0	0.48
111400	0.49	0.43	0.43	0	0	0.49
111500	0.49	0.43	0.43	0	0	0.49
111600	0.49	0.43	0.43	0	0	0.49
111700	0.49	0.44	0.44	0	0	0.49
111800	0.49	0.44	0.44	0	0	0.49
111900	0.49	0.44	0.44	0	0	0.49
112000	0.49	0.44	0.44	0	0	0.49
112100	0.49	0.44	0.44	0	0	0.49
112200	0.49	0.44	0.44	0	0	0.49
112300	0.49	0.44	0.44	0	0	0.49
112400	0.49	0.44	0.44	0	0	0.49
112500	0.5	0.43	0.43	0	0	0.5
112600	0.5	0.43	0.43	0	0	0.5
112700	0.5	0.43	0.43	0	0	0.5
112800	0.5	0.43	0.43	0	0	0.5
112900	0.5	0.43	0.43	0	0	0.5
113000	0.5	0.43	0.43	0	0	0.5
113100	0.5	0.43	0.43	0	0	0.5
113200	0.5	0.43	0.43	0	0	0.5
113300	0.5	0.42	0.42	0	0	0.5
113400	0.5	0.42	0.42	0	0	0.5
113500	0.5	0.42	0.42	0	0	0.5
113600	0.5	0.42	0.42	0	0	0.5
113700	0.5	0.42	0.42	0	0	0.5
113800	0.5	0.42	0.42	0	0	0.5
113900	0.5	0.42	0.42	0	0	0.5
114000	0.5	0.42	0.42	0	0	0.5
114100	0.5	0.42	0.42	0	0	0.5
114200	0.5	0.42	0.42	0	0	0.5
114300	0.5	0.42	0.42	0	0	0.5
114400	0.5	0.42	0.42	0	0	0.5
114500	0.5	0.42	0.42	0	0	0.5
114600	0.5	0.42	0.42	0	0	0.5
114700	0.5	0.42	0.42	0	0	0.5
114800	0.5	0.42	0.42	0	0	0.5
114900	0.5	0.42	0.42	0	0	0.5
115000	0.5	0.42	0.42	0	0	0.5
115100	0.5	0.42	0.42	0	0	0.5
115200	0.5	0.42	0.42	0	0	0.5
115300	0.5	0.42	0.42	0	0	0.5
115400	0.5	0.42	0.42	0	0	0.5
115500	0.5	0.42	0.42	0	0	0.5
115600	0.5	0.42	0.42	0	0	0.5
115700	0.5	0.42	0.42	0	0	0.5
115800	0.5	0.42	0.42	0	0	0.5
115900	0.5	0.42	0.42	0	0	0.5
116000	0.5	0.43	0.43	0	0	0.5
116100	0.5	0.43	0.43	0	0	0.5
116200	0.5	0.43	0.43	0	0	0.5
116300	0.5	0.44	0.44	0	0	0.5
116400	0.5	0.44	0.44	0	0	0.5
116500	0.5	0.43	0.43	0	0	0.5
116600	0.5	0.43	0.43	0	0	0.5
116700	0.5	0.43	0.43	0	0	0.5
116800	0.5	0.43	0.43	0	0	0.5
116900	0.5	0.43	0.43	0	0	0.5
117000	0.5	0.43	0.43	0	0	0.5
117100	0.5	0.43	0.43	0	0	0.5
117200	0.5	0.43	0.43	0	0	0.5
117300	0.5	0.43	0.43	0	0	0.5
117400	0.5	0.43	0.43	0	0	0.5
117500	0.5	0.43	0.43	0	0	0.5
117600	0.5	0.43	0.43	0	0	0.5
117700	0.5	0.43	0.43	0	0	0.5
117800	0.5	0.43	0.43	0	0	0.5
117900	0.5	0.43	0.43	0	0	0.5
118000	0.5	0.43	0.43	0	0	0.5
118100	0.5	0.43	0.43	0	0	0.5
118200	0.5	0.43	0.43	0	0	0.5
118300	0.5	0.43	0.43	0	0	0.5
118400	0.5	0.43	0.43	0	0	0.5
118500	0.5	0.43	0.43	0	0	0.5
118600	0.5	0.43	0.43	0	0	0.5
118700	0.5	0.43	0.43	0	0	0.5
118800	0.5	0.43	0.43	0	0	0.5
118900	0.5	0.43	0.43	0	0	0.5
119000	0.5	0.43	0.43	0	0	0.5
119100	0.5	0.43	0.43	0	0	0.5
119200	0.5	0.43	0.43	0	0	0.5
119300	0.5	0.43	0.43	0	0	0.5
119400	0.5	0.43	0.43	0	0	0.5
119500	0.5	0.43	0.43	0	0	0.5
119600	0.5	0.43	0.43	0	0	0.5
119700	0.5	0.43	0.43	0	0	0.5
119800	0.5	0.43	0.43	0	0	0.5
119900	0.5	0.43	0.43	0	0	0.5
120000	0.5	0.43	0.43	0	0	0.5
120100	0.5	0.43	0.43	0	0	0.5
120200	0.5	0.43	0.43	0	0	0.5
120300	0.5	0.43	0.43	0	0	0.5
120400	0.5	0.43	0.43	0	0	0.5
120500	0.5	0.43	0.43	0	0	0.5
120600	0.5	0.43	0.43	0	0	0.5
120700	0.5	0.43	0.43	0	0	0.5
120800	0.5	0.43	0.43	0	0	0.5
120900	0.5	0.43	0.43	0	0	0.5
121000	0.5	0.43	0.43	0	0	0.5
121100	0.5	0.43	0.43	0	0	0.5
121200	0.5	0.43	0.43	0	0	0.5
121300	0.51	0.43	0.43	0	0	0.51
121400	0.51	0.43	0.43	0	0	0.51
121500	0.51	0.43	0.43	0	0	0.51
121600	0.51	0.43	0.43	0	0	0.51
121700	0.51	0.43	0.43	0	0	0.51
121800	0.5	0.43	0.43	0	0	0.5
121900	0.5	0.43	0.43	0	0	0.5
122000	0.5	0.43	0.43	0	0	0.5
122100	0.5	0.43	0.43	0	0	0.5
122200	0.5	0.43	0.43	0	0	0.5
122300	0.5	0.43	0.43	0	0	0.5
122400	0.5	0.43	0.43	0	0	0.5
122500	0.5	0.43	0.43	0	0	0.5
122600	0.51	0.43	0.43	0	0	0.51
122700	0.51	0.43	0.43	0	0	0.51
122800	0.51	0.43	0.43	0	0	0.51
122900	0.51	0.43	0.43	0	0	0.51
123000	0.51	0.43	0.43	0	0	0.51
123100	0.51	0.43	0.43	0	0	0.51
123200	0.51	0.43	0.43	0	0	0.51
123300	0.51	0.43	0.43	0	0	0.51
123400	0.51	0.43	0.43	0	0	0.51
123500	0.51	0.43	0.43	0	0	0.51
123600	0.51	0.43	0.43	0	0	0.51
123700	0.51	0.43	0.43	0	0	0.51
123800	0.51	0.43	0.43	0	0	0.51
123900	0.51	0.43	0.43	0	0	0.51
124000	0.51	0.43	0.43	0	0	0.51
124100	0.51	0.43	0.43	0	0	0.51
124200	0.51	0.43	0.43	0	0	0.51
124300	0.51	0.43	0.43	0	0	0.51
124400	0.51	0.43	0.43	0	0	0.51
124500	0.51	0.43	0.43	0	0	0.51
124600	0.51	0.43	0.43	0	0	0.51
124700	0.51	0.43	0.43	0	0	0.51
124800	0.51	0.43	0.43	0	0	0.51
124900	0.51	0.43	0.43	0	0	0.51
125000	0.51	0.43	0.43	0	0	0.51
125100	0.51	0.43	0.43	0	0	0.51
125200	0.51	0.44	0.44	0	0	0.51
125300	0.51	0.44	0.44	0	0	0.51
125400	0.51	0.44	0.44	0	0	0.51
125500	0.51	0.44	0.44	0	0	0.51
125600	0.5	0.44	0.44	0	0	0.5
125700	0.5	0.44	0.44	0	0	0.5
125800	0.5	0.44	0.44	0	0	0.5
125900	0.5	0.44	0.44	0	0	0.5
126000	0.5	0.44	0.44	0	0	0.5
126100	0.5	0.44	0.44	0	0	0.5
126200	0.5	0.44	0.44	0	0	0.5
126300	0.5	0.44	0.44	0	0	0.5
126400	0.5	0.44	0.44	0	0	0.5
126500	0.5	0.44	0.44	0	0	0.5
126600	0.5	0.44	0.44	0	0	0.5
126700	0.5	0.44	0.44	0	0	0.5
126800	0.5	0.44	0.44	0	0	0.5
126900	0.5	0.44	0.44	0	0	0.5
127000	0.5	0.44	0.44	0	0	0.5
127100	0.5	0.44	0.44	0	0	0.5
127200	0.5	0.44	0.44	0	0	0.5
127300	0.5	0.44	0.44	0	0	0.5
127400	0.5	0.44	0.44	0	0	0.5
127500	0.5	0.44	0.44	0	0	0.5
127600	0.5	0.44	0.44	0	0	0.5
127700	0.5	0.44	0.44	0	0	0.5
127800	0.5	0.44	0.44	0	0	0.5
127900	0.5	0.44	0.44	0	0	0.5
128000	0.5	0.44	0.44	0	0	0.5
128100	0.5	0.44	0.44	0	0	0.5
128200	0.5	0.44	0.44	0	0	0.5
128300	0.5	0.44	0.44	0	0	0.5
128400	0.5	0.44	0.44	0	0	0.5
128500	0.5	0.44	0.44	0	0	0.5
128600	0.5	0.44	0.44	0	0	0.5
128700	0.5	0.44	0.44	0	0	0.5
128800	0.5	0.44	0.44	0	0	0.5
128900	0.5	0.44	0.44	0	0	0.5
129000	0.5	0.44	0.44	0	0	0.5
129100	0.5	0.44	0.44	0	0	0.5
129200	0.5	0.44	0.44	0	0	0.5
129300	0.5	0.44	0.44	0	0	0.5
129400	0.5	0.44	0.44	0	0	0.5
129500	0.5	0.44	0.44	0	0	0.5
129600	0.5	0.44	0.44	0	0	0.5
129700	0.5	0.44	0.44	0	0	0.5
129800	0.5	0.44	0.44	0	0	0.5
129900	0.5	0.44	0.44	0	0	0.5
130000	0.5	0.44	0.44	0	0	0.5
130100	0.5	0.44	0.44	0	0	0.5
130200	0.5	0.44	0.44	0	0	0.5
130300	0.5	0.44	0.44	0	0	0.5
130400	0.5	0.44	0.44	0	0	0.5
130500	0.5	0.44	0.44	0	0	0.5
130600	0.5	0.44	0.44	0	0	0.5
130700	0.51	0.44	0.44	0	0	0.51
130800	0.51	0.44	0.44	0	0	0.51
130900	0.51	0.44	0.44	0	0	0.51
131000	0.51	0.44	0.44	0	0	0.51
131100	0.51	0.44	0.44	0	0	0.51
131200	0.51	0.44	0.44	0	0	0.51
131300	0.51	0.44	0.44	0	0	0.51
131400	0.51	0.44	0.44	0	0	0.51
131500	0.51	0.44	0.44	0	0	0.51
131600	0.51	0.44	0.44	0	0	0.51
131700	0.51	0.44	0.44	0	0	0.51
131800	0.51	0.44	0.44	0	0	0.51
131900	0.51	0.44	0.44	0	0	0.51
132000	0.51	0.44	0.44	0	0	0.51
132100	0.51	0.44	0.44	0	0	0.51
132200	0.51	0.44	0.44	0	0	0.51
132300	0.51	0.44	0.44	0	0	0.51
132400	0.51	0.44	0.44	0	0	0.51
132500	0.52	0.44	0.44	0	0	0.52
132600	0.52	0.44	0.44	0	0	0.52
132700	0.52	0.44	0.44	0	0	0.52
132800	0.52	0.44	0.44	0	0	0.52
132900	0.52	0.44	0.44	0	0	0.52
133000	0.52	0.44	0.44	0	0	0.52
133100	0.52	0.44	0.44	0	0	0.52
133200	0.52	0.44	0.44	0	0	0.52
133300	0.52	0.44	0.44	0	0	0.52
133400	0.52	0.44	0.44	0	0	0.52
133500	0.52	0.44	0.44	0	0	0.52
133600	0.52	0.44	0.44	0	0	0.52
133700	0.52	0.44	0.44	0	0	0.52
133800	0.52	0.44	0.44	0	0	0.52
133900	0.52	0.44	0.44	0	0	0.52
134000	0.51	0.44	0.44	0	0	0.51
134100	0.51	0.44	0.44	0	0	0.51
134200	0.51	0.45	0.45	0	0	0.51
134300	0.51	0.44	0.44	0	0	0.51
134400	0.51	0.44	0.44	0	0	0.51
134500	0.5	0.44	0.44	0	0	0.5
134600	0.5	0.44	0.44	0	0	0.5
134700	0.5	0.44	0.44	0	0	0.5
134800	0.5	0.44	0.44	0	0	0.5
134900	0.5	0.44	0.44	0	0	0.5
135000	0.5	0.44	0.44	0	0	0.5
135100	0.5	0.44	0.44	0	0	0.5
135200	0.5	0.44	0.44	0	0	0.5
135300	0.5	0.44	0.44	0	0	0.5
135400	0.5	0.44	0.44	0	0	0.5
135500	0.5	0.44	0.44	0	0	0.5
135600	0.5	0.44	0.44	0	0	0.5
135700	0.5	0.44	0.44	0	0	0.5
135800	0.5	0.44	0.44	0	0	0.5
135900	0.5	0.44	0.44	0	0	0.5
136000	0.5	0.44	0.44	0	0	0.5
136100	0.5	0.44	0.44	0	0	0.5
136200	0.5	0.44	0.44	0	0	0.5
136300	0.5	0.44	0.44	0	0	0.5
136400	0.5	0.44	0.44	0	0	0.5
136500	0.5	0.44	0.44	0	0	0.5
136600	0.5	0.44	0.44	0	0	0.5
136700	0.5	0.44	0.44	0	0	0.5
136800	0.5	0.44	0.44	0	0	0.5
136900	0.5	0.44	0.44	0	0	0.5
137000	0.51	0.44	0.44	0	0	0.51
137100	0.51	0.44	0.44	0	0	0.51
137200	0.51	0.44	0.44	0	0	0.51
137300	0.51	0.44	0.44	0	0	0.51
137400	0.51	0.44	0.44	0	0	0.51
137500	0.51	0.44	0.44	0	0	0.51
137600	0.51	0.44	0.44	0	0	0.51
137700	0.51	0.44	0.44	0	0	0.51
137800	0.51	0.44	0.44	0	0	0.51
137900	0.51	0.44	0.44	0	0	0.51
138000	0.51	0.44	0.44	0	0	0.51
138100	0.51	0.44	0.44	0	0	0.51
138200	0.5	0.44	0.44	0	0	0.5
138300	0.5	0.44	0.44	0	0	0.5
138400	0.5	0.44	0.44	0	0	0.5
138500	0.5	0.44	0.44	0	0	0.5
138600	0.5	0.44	0.44	0	0	0.5
138700	0.5	0.44	0.44	0	0	0.5
138800	0.5	0.44	0.44	0	0	0.5
138900	0.5	0.44	0.44	0	0	0.5
139000	0.5	0.44	0.44	0	0	0.5
139100	0.5	0.44	0.44	0	0	0.5
139200	0.5	0.44	0.44	0	0	0.5
139300	0.5	0.44	0.44	0	0	0.5
139400	0.5	0.44	0.44	0	0	0.5
139500	0.5	0.44	0.44	0	0	0.5
139600	0.51	0.45	0.45	0	0	0.51
139700	0.51	0.45	0.45	0	0	0.51
139800	0.51	0.45	0.45	0	0	0.51
139900	0.51	0.45	0.45	0	0	0.51
140000	0.51	0.45	0.45	0	0	0.51
140100	0.51	0.45	0.45	0	0	0.51
140200	0.51	0.45	0.45	0	0	0.51
140300	0.51	0.45	0.45	0	0	0.51
140400	0.51	0.45	0.45	0	0	0.51
140500	0.51	0.45	0.45	0	0	0.51
140600	0.51	0.45	0.45	0	0	0.51
140700	0.51	0.45	0.45	0	0	0.51
140800	0.51	0.45	0.45	0	0	0.51
140900	0.51	0.45	0.45	0	0	0.51
141000	0.51	0.45	0.45	0	0	0.51
141100	0.51	0.45	0.45	0	0	0.51
141200	0.51	0.45	0.45	0	0	0.51
141300	0.51	0.45	0.45	0	0	0.51
141400	0.51	0.45	0.45	0	0	0.51
141500	0.51	0.45	0.45	0	0	0.51
141600	0.51	0.45	0.45	0	0	0.51
141700	0.51	0.45	0.45	0	0	0.51
141800	0.51	0.45	0.45	0	0	0.51
141900	0.51	0.45	0.45	0	0	0.51
142000	0.52	0.45	0.45	0	0	0.52
142100	0.52	0.45	0.45	0	0	0.52
142200	0.52	0.45	0.45	0	0	0.52
142300	0.52	0.45	0.45	0	0	0.52
142400	0.52	0.45	0.45	0	0	0.52
142500	0.52	0.45	0.45	0	0	0.52
142600	0.52	0.45	0.45	0	0	0.52
142700	0.52	0.45	0.45	0	0	0.52
142800	0.52	0.45	0.45	0	0	0.52
142900	0.52	0.45	0.45	0	0	0.52
143000	0.52	0.45	0.45	0	0	0.52
143100	0.52	0.45	0.45	0	0	0.52
143200	0.52	0.45	0.45	0	0	0.52
143300	0.52	0.45	0.45	0	0	0.52
143400	0.52	0.45	0.45	0	0	0.52
143500	0.52	0.45	0.45	0	0	0.52
143600	0.52	0.45	0.45	0	0	0.52
143700	0.52	0.45	0.45	0	0	0.52
143800	0.52	0.45	0.45	0	0	0.52
143900	0.52	0.45	0.45	0	0	0.52
144000	0.52	0.45	0.45	0	0	0.52
144100	0.52	0.45	0.45	0	0	0.52
144200	0.52	0.45	0.45	0	0	0.52
144300	0.52	0.45	0.45	0	0	0.52
144400	0.52	0.45	0.45	0	0	0.52
144500	0.52	0.45	0.45	0	0	0.52
144600	0.52	0.45	0.45	0	0	0.52
144700	0.52	0.45	0.45	0	0	0.52
144800	0.52	0.46	0.46	0	0	0.52
144900	0.52	0.45	0.45	0	0	0.52
145000	0.52	0.45	0.45	0	0	0.52
145100	0.52	0.45	0.45	0	0	0.52
145200	0.52	0.45	0.45	0	0	0.52
145300	0.52	0.45	0.45	0	0	0.52
145400	0.52	0.45	0.45	0	0	0.52
145500	0.52	0.45	0.45	0	0	0.52
145600	0.52	0.45	0.45	0	0	0.52
145700	0.52	0.45	0.45	0	0	0.52
145800	0.52	0.45	0.45	0	0	0.52
145900	0.52	0.45	0.45	0	0	0.52
146000	0.52	0.45	0.45	0	0	0.52
146100	0.52	0.45	0.45	0	0	0.52
146200	0.52	0.45	0.45	0	0	0.52
146300	0.52	0.45	0.45	0	0	0.52
146400	0.52	0.45	0.45	0	0	0.52
146500	0.52	0.45	0.45	0	0	0.52
146600	0.52	0.45	0.45	0	0	0.52
146700	0.52	0.45	0.45	0	0	0.52
146800	0.52	0.45	0.45	0	0	0.52
146900	0.52	0.45	0.45	0	0	0.52
147000	0.52	0.45	0.45	0	0	0.52
147100	0.52	0.45	0.45	0	0	0.52
147200	0.52	0.45	0.45	0	0	0.52
147300	0.52	0.45	0.45	0	0	0.52
147400	0.52	0.45	0.45	0	0	0.52
147500	0.52	0.45	0.45	0	0	0.52
147600	0.52	0.45	0.45	0	0	0.52
147700	0.52	0.45	0.45	0	0	0.52
147800	0.52	0.45	0.45	0	0	0.52
147900	0.52	0.45	0.45	0	0	0.52
148000	0.52	0.45	0.45	0	0	0.52
148100	0.52	0.45	0.45	0	0	0.52
148200	0.52	0.45	0.45	0	0	0.52
148300	0.52	0.45	0.45	0	0	0.52
148400	0.52	0.45	0.45	0	0	0.52
148500	0.52	0.45	0.45	0	0	0.52
148600	0.52	0.45	0.45	0	0	0.52
148700	0.52	0.45	0.45	0	0	0.52
148800	0.52	0.45	0.45	0	0	0.52
148900	0.52	0.45	0.45	0	0	0.52
149000	0.52	0.45	0.45	0	0	0.52
149100	0.52	0.45	0.45	0	0	0.52
149200	0.52	0.45	0.45	0	0	0.52
149300	0.52	0.45	0.45	0	0	0.52
149400	0.52	0.45	0.45	0	0	0.52
149500	0.52	0.45	0.45	0	0	0.52
149600	0.52	0.45	0.45	0	0	0.52
149700	0.52	0.45	0.45	0	0	0.52
149800	0.52	0.45	0.45	0	0	0.52
149900	0.52	0.45	0.45	0	0	0.52
150000	0.52	0.45	0.45	0	0	0.52
150100	0.52	0.45	0.45	0	0	0.52
150200	0.52	0.45	0.45	0	0	0.52
150300	0.52	0.45	0.45	0	0	0.52
150400	0.52	0.45	0.45	0	0	0.52
150500	0.52	0.45	0.45	0	0	0.52
150600	0.52	0.45	0.45	0	0	0.52
150700	0.52	0.45	0.45	0	0	0.52
150800	0.52	0.45	0.45	0	0	0.52
150900	0.52	0.45	0.45	0	0	0.52
151000	0.52	0.45	0.45	0	0	0.52
151100	0.52	0.45	0.45	0	0	0.52
151200	0.52	0.45	0.45	0	0	0.52
151300	0.52	0.45	0.45	0	0	0.52
151400	0.52	0.45	0.45	0	0	0.52
151500	0.52	0.45	0.45	0	0	0.52
151600	0.52	0.45	0.45	0	0	0.52
151700	0.52	0.45	0.45	0	0	0.52
151800	0.52	0.45	0.45	0	0	0.52
151900	0.52	0.45	0.45	0	0	0.52
152000	0.52	0.45	0.45	0	0	0.52
152100	0.52	0.45	0.45	0	0	0.52
152200	0.52	0.45	0.45	0	0	0.52
152300	0.52	0.45	0.45	0	0	0.52
152400	0.52	0.45	0.45	0	0	0.52
152500	0.52	0.45	0.45	0	0	0.52
152600	0.52	0.45	0.45	0	0	0.52
152700	0.52	0.45	0.45	0	0	0.52
152800	0.52	0.45	0.45	0	0	0.52
152900	0.52	0.45	0.45	0	0	0.52
153000	0.52	0.45	0.45	0	0	0.52
153100	0.52	0.45	0.45	0	0	0.52
153200	0.52	0.45	0.45	0	0	0.52
153300	0.52	0.45	0.45	0	0	0.52
153400	0.52	0.45	0.45	0	0	0.52
153500	0.52	0.45	0.45	0	0	0.52
153600	0.52	0.45	0.45	0	0	0.52
153700	0.52	0.45	0.45	0	0	0.52
153800	0.52	0.45	0.45	0	0	0.52
153900	0.51	0.45	0.45	0	0	0.51
154000	0.51	0.45	0.45	0	0	0.51
154100	0.51	0.45	0.45	0	0	0.51
154200	0.51	0.45	0.45	0	0	0.51
154300	0.51	0.45	0.45	0	0	0.51
154400	0.51	0.45	0.45	0	0	0.51
154500	0.51	0.45	0.45	0	0	0.51
154600	0.51	0.45	0.45	0	0	0.51
154700	0.51	0.45	0.45	0	0	0.51
154800	0.51	0.45	0.45	0	0	0.51
154900	0.51	0.45	0.45	0	0	0.51
155000	0.51	0.45	0.45	0	0	0.51
155100	0.51	0.45	0.45	0	0	0.51
155200	0.51	0.45	0.45	0	0	0.51
155300	0.51	0.45	0.45	0	0	0.51
155400	0.51	0.45	0.45	0	0	0.51
155500	0.51	0.45	0.45	0	0	0.51
155600	0.51	0.45	0.45	0	0	0.51
155700	0.51	0.45	0.45	0	0	0.51
155800	0.51	0.45	0.45	0	0	0.51
155900	0.51	0.45	0.45	0	0	0.51
156000	0.51	0.45	0.45	0	0	0.51
156100	0.51	0.45	0.45	0	0	0.51
156200	0.51	0.45	0.45	0	0	0.51
156300	0.51	0.45	0.45	0	0	0.51
156400	0.51	0.45	0.45	0	0	0.51
156500	0.51	0.45	0.45	0	0	0.51
156600	0.51	0.45	0.45	0	0	0.51
156700	0.51	0.45	0.45	0	0	0.51
156800	0.51	0.45	0.45	0	0	0.51
156900	0.51	0.45	0.45	0	0	0.51
157000	0.51	0.45	0.45	0	0	0.51
157100	0.51	0.45	0.45	0	0	0.51
157200	0.51	0.45	0.45	0	0	0.51
157300	0.51	0.45	0.45	0	0	0.51
157400	0.51	0.45	0.45	0	0	0.51
157500	0.51	0.45	0.45	0	0	0.51
157600	0.51	0.45	0.45	0	0	0.51
157700	0.51	0.45	0.45	0	0	0.51
157800	0.51	0.45	0.45	0	0	0.51
157900	0.51	0.45	0.45	0	0	0.51
158000	0.51	0.45	0.45	0	0	0.51
158100	0.51	0.45	0.45	0	0	0.51
158200	0.51	0.45	0.45	0	0	0.51
158300	0.51	0.45	0.45	0	0	0.51
158400	0.51	0.45	0.45	0	0	0.51
158500	0.51	0.45	0.45	0	0	0.51
158600	0.51	0.45	0.45	0	0	0.51
158700	0.51	0.45	0.45	0	0	0.51
158800	0.51	0.45	0.45	0	0	0.51
158900	0.51	0.45	0.45	0	0	0.51
159000	0.51	0.45	0.45	0	0	0.51
159100	0.51	0.45	0.45	0	0	0.51
159200	0.51	0.45	0.45	0	0	0.51
159300	0.51	0.45	0.45	0	0	0.51
159400	0.51	0.45	0.45	0	0	0.51
159500	0.51	0.45	0.45	0	0	0.51
159600	0.51	0.45	0.45	0	0	0.51
159700	0.51	0.45	0.45	0	0	0.51
159800	0.51	0.45	0.45	0	0	0.51
159900	0.51	0.45	0.45	0	0	0.51
160000	0.51	0.45	0.45	0	0	0.51
160100	0.51	0.45	0.45	0	0	0.51
160200	0.51	0.45	0.45	0	0	0.51
160300	0.51	0.45	0.45	0	0	0.51
160400	0.51	0.45	0.45	0	0	0.51
160500	0.51	0.45	0.45	0	0	0.51
160600	0.51	0.46	0.46	0	0	0.51
160700	0.51	0.46	0.46	0	0	0.51
160800	0.51	0.46	0.46	0	0	0.51
160900	0.51	0.46	0.46	0	0	0.51
161000	0.51	0.46	0.46	0	0	0.51
161100	0.51	0.46	0.46	0	0	0.51
161200	0.51	0.46	0.46	0	0	0.51
161300	0.51	0.46	0.46	0	0	0.51
161400	0.51	0.46	0.46	0	0	0.51
161500	0.51	0.46	0.46	0	0	0.51
161600	0.52	0.46	0.46	0	0	0.52
161700	0.52	0.46	0.46	0	0	0.52
161800	0.52	0.46	0.46	0	0	0.52
161900	0.52	0.46	0.46	0	0	0.52
162000	0.52	0.46	0.46	0	0	0.52
162100	0.52	0.46	0.46	0	0	0.52
162200	0.52	0.46	0.46	0	0	0.52
162300	0.52	0.46	0.46	0	0	0.52
162400	0.52	0.46	0.46	0	0	0.52
162500	0.52	0.46	0.46	0	0	0.52
162600	0.51	0.46	0.46	0	0	0.51
162700	0.51	0.46	0.46	0	0	0.51
162800	0.51	0.46	0.46	0	0	0.51
162900	0.51	0.46	0.46	0	0	0.51
163000	0.51	0.46	0.46	0	0	0.51
163100	0.51	0.46	0.46	0	0	0.51
163200	0.51	0.46	0.46	0	0	0.51
163300	0.51	0.46	0.46	0	0	0.51
163400	0.51	0.46	0.46	0	0	0.51
163500	0.51	0.46	0.46	0	0	0.51
163600	0.51	0.46	0.46	0	0	0.51
163700	0.51	0.46	0.46	0	0	0.51
163800	0.51	0.46	0.46	0	0	0.51
163900	0.51	0.46	0.46	0	0	0.51
164000	0.51	0.46	0.46	0	0	0.51
164100	0.51	0.46	0.46	0	0	0.51
164200	0.51	0.46	0.46	0	0	0.51
164300	0.51	0.46	0.46	0	0	0.51
164400	0.51	0.46	0.46	0	0	0.51
164500	0.51	0.46	0.46	0	0	0.51
164600	0.51	0.46	0.46	0	0	0.51
164700	0.51	0.46	0.46	0	0	0.51
164800	0.51	0.46	0.46	0	0	0.51
164900	0.5	0.46	0.46	0	0	0.5
165000	0.5	0.46	0.46	0	0	0.5
165100	0.5	0.46	0.46	0	0	0.5
165200	0.5	0.46	0.46	0	0	0.5
165300	0.5	0.46	0.46	0	0	0.5
165400	0.5	0.46	0.46	0	0	0.5
165500	0.5	0.46	0.46	0	0	0.5
165600	0.5	0.46	0.46	0	0	0.5
165700	0.5	0.46	0.46	0	0	0.5
165800	0.5	0.46	0.46	0	0	0.5
165900	0.5	0.46	0.46	0	0	0.5
166000	0.5	0.46	0.46	0	0	0.5
166100	0.51	0.46	0.46	0	0	0.51
166200	0.51	0.46	0.46	0	0	0.51
166300	0.51	0.46	0.46	0	0	0.51
166400	0.51	0.46	0.46	0	0	0.51
166500	0.51	0.46	0.46	0	0	0.51
166600	0.51	0.46	0.46	0	0	0.51
166700	0.51	0.46	0.46	0	0	0.51
166800	0.51	0.46	0.46	0	0	0.51
166900	0.51	0.46	0.46	0	0	0.51
167000	0.51	0.46	0.46	0	0	0.51
167100	0.51	0.46	0.46	0	0	0.51
167200	0.51	0.46	0.46	0	0	0.51
167300	0.51	0.46	0.46	0	0	0.51
167400	0.51	0.46	0.46	0	0	0.51
167500	0.52	0.46	0.46	0	0	0.52
167600	0.52	0.46	0.46	0	0	0.52
167700	0.52	0.46	0.46	0	0	0.52
167800	0.52	0.46	0.46	0	0	0.52
167900	0.52	0.46	0.46	0	0	0.52
168000	0.52	0.46	0.46	0	0	0.52
168100	0.52	0.46	0.46	0	0	0.52
168200	0.52	0.46	0.46	0	0	0.52
168300	0.52	0.46	0.46	0	0	0.52
168400	0.52	0.46	0.46	0	0	0.52
168500	0.52	0.46	0.46	0	0	0.52
168600	0.52	0.46	0.46	0	0	0.52
168700	0.52	0.46	0.46	0	0	0.52
168800	0.52	0.46	0.46	0	0	0.52
168900	0.52	0.46	0.46	0	0	0.52
169000	0.52	0.46	0.46	0	0	0.52
169100	0.52	0.46	0.46	0	0	0.52
169200	0.52	0.46	0.46	0	0	0.52
169300	0.52	0.46	0.46	0	0	0.52
169400	0.52	0.46	0.46	0	0	0.52
169500	0.52	0.46	0.46	0	0	0.52
169600	0.52	0.46	0.46	0	0	0.52
169700	0.52	0.46	0.46	0	0	0.52
169800	0.52	0.46	0.46	0	0	0.52
169900	0.52	0.46	0.46	0	0	0.52
170000	0.52	0.46	0.46	0	0	0.52
170100	0.52	0.46	0.46	0	0	0.52
170200	0.52	0.46	0.46	0	0	0.52
170300	0.52	0.46	0.46	0	0	0.52
170400	0.52	0.46	0.46	0	0	0.52
170500	0.52	0.46	0.46	0	0	0.52
170600	0.52	0.46	0.46	0	0	0.52
170700	0.52	0.46	0.46	0	0	0.52
170800	0.52	0.46	0.46	0	0	0.52
170900	0.52	0.46	0.46	0	0	0.52
171000	0.52	0.46	0.46	0	0	0.52
171100	0.52	0.46	0.46	0	0	0.52
171200	0.52	0.46	0.46	0	0	0.52
171300	0.52	0.46	0.46	0	0	0.52
171400	0.52	0.46	0.46	0	0	0.52
171500	0.52	0.46	0.46	0	0	0.52
171600	0.52	0.46	0.46	0	0	0.52
171700	0.52	0.46	0.46	0	0	0.52
171800	0.52	0.46	0.46	0	0	0.52
171900	0.52	0.46	0.46	0	0	0.52
172000	0.52	0.46	0.46	0	0	0.52
172100	0.52	0.46	0.46	0	0	0.52
172200	0.52	0.46	0.46	0	0	0.52
172300	0.52	0.46	0.46	0	0	0.52
172400	0.52	0.46	0.46	0	0	0.52
172500	0.52	0.46	0.46	0	0	0.52
172600	0.52	0.46	0.46	0	0	0.52
172700	0.52	0.46	0.46	0	0	0.52
172800	0.52	0.46	0.46	0	0	0.52
172900	0.52	0.46	0.46	0	0	0.52
173000	0.52	0.46	0.46	0	0	0.52
173100	0.52	0.46	0.46	0	0	0.52
173200	0.52	0.46	0.46	0	0	0.52
173300	0.52	0.46	0.46	0	0	0.52
173400	0.52	0.46	0.46	0	0	0.52
173500	0.52	0.46	0.46	0	0	0.52
173600	0.52	0.46	0.46	0	0	0.52
173700	0.52	0.46	0.46	0	0	0.52
173800	0.52	0.46	0.46	0	0	0.52
173900	0.52	0.46	0.46	0	0	0.52
174000	0.52	0.46	0.46	0	0	0.52
174100	0.52	0.46	0.46	0	0	0.52
174200	0.52	0.46	0.46	0	0	0.52
174300	0.52	0.46	0.46	0	0	0.52
174400	0.52	0.46	0.46	0	0	0.52
174500	0.52	0.46	0.46	0	0	0.52
174600	0.52	0.46	0.46	0	0	0.52
174700	0.52	0.46	0.46	0	0	0.52
174800	0.52	0.46	0.46	0	0	0.52
174900	0.52	0.46	0.46	0	0	0.52
175000	0.52	0.46	0.46	0	0	0.52
175100	0.52	0.46	0.46	0	0	0.52
175200	0.52	0.46	0.46	0	0	0.52
175300	0.52	0.46	0.46	0	0	0.52
175400	0.52	0.46	0.46	0	0	0.52
175500	0.52	0.46	0.46	0	0	0.52
175600	0.52	0.46	0.46	0	0	0.52
175700	0.52	0.46	0.46	0	0	0.52
175800	0.51	0.46	0.46	0	0	0.51
175900	0.51	0.46	0.46	0	0	0.51
176000	0.51	0.46	0.46	0	0	0.51
176100	0.51	0.46	0.46	0	0	0.51
176200	0.51	0.46	0.46	0	0	0.51
176300	0.51	0.46	0.46	0	0	0.51
176400	0.51	0.46	0.46	0	0	0.51
176500	0.51	0.46	0.46	0	0	0.51
176600	0.51	0.46	0.46	0	0	0.51
176700	0.51	0.46	0.46	0	0	0.51
176800	0.51	0.46	0.46	0	0	0.51
176900	0.51	0.46	0.46	0	0	0.51
177000	0.51	0.46	0.46	0	0	0.51
177100	0.51	0.46	0.46	0	0	0.51
177200	0.51	0.46	0.46	0	0	0.51
177300	0.51	0.46	0.46	0	0	0.51
177400	0.52	0.46	0.46	0	0	0.52
177500	0.52	0.46	0.46	0	0	0.52
177600	0.52	0.46	0.46	0	0	0.52
177700	0.53	0.46	0.46	0	0	0.53
177800	0.53	0.46	0.46	0	0	0.53
177900	0.53	0.46	0.46	0	0	0.53
178000	0.53	0.46	0.46	0	0	0.53
178100	0.53	0.46	0.46	0	0	0.53
178200	0.53	0.46	0.46	0	0	0.53
178300	0.53	0.46	0.46	0	0	0.53
178400	0.53	0.46	0.46	0	0	0.53
178500	0.53	0.45	0.45	0	0	0.53
178600	0.53	0.45	0.45	0	0	0.53
178700	0.53	0.45	0.45	0	0	0.53
178800	0.53	0.45	0.45	0	0	0.53
178900	0.53	0.45	0.45	0	0	0.53
179000	0.53	0.45	0.45	0	0	0.53
179100	0.53	0.45	0.45	0	0	0.53
179200	0.53	0.45	0.45	0	0	0.53
179300	0.53	0.45	0.45	0	0	0.53
179400	0.53	0.45	0.45	0	0	0.53
179500	0.53	0.45	0.45	0	0	0.53
179600	0.53	0.45	0.45	0	0	0.53
179700	0.53	0.45	0.45	0	0	0.53
179800	0.53	0.46	0.46	0	0	0.53
179900	0.53	0.46	0.46	0	0	0.53
180000	0.53	0.46	0.46	0	0	0.53
180100	0.53	0.46	0.46	0	0	0.53
180200	0.53	0.46	0.46	0	0	0.53
180300	0.53	0.46	0.46	0	0	0.53
180400	0.53	0.46	0.46	0	0	0.53
180500	0.53	0.46	0.46	0	0	0.53
180600	0.53	0.46	0.46	0	0	0.53
180700	0.53	0.46	0.46	0	0	0.53
180800	0.53	0.46	0.46	0	0	0.53
180900	0.53	0.46	0.46	0	0	0.53
181000	0.53	0.46	0.46	0	0	0.53
181100	0.53	0.46	0.46	0	0	0.53
181200	0.53	0.46	0.46	0	0	0.53
181300	0.53	0.46	0.46	0	0	0.53
181400	0.53	0.46	0.46	0	0	0.53
181500	0.53	0.46	0.46	0	0	0.53
181600	0.53	0.46	0.46	0	0	0.53
181700	0.53	0.46	0.46	0	0	0.53
181800	0.53	0.46	0.46	0	0	0.53
181900	0.53	0.46	0.46	0	0	0.53
182000	0.53	0.46	0.46	0	0	0.53
182100	0.53	0.46	0.46	0	0	0.53
182200	0.53	0.46	0.46	0	0	0.53
182300	0.53	0.46	0.46	0	0	0.53
182400	0.53	0.46	0.46	0	0	0.53
182500	0.53	0.46	0.46	0	0	0.53
182600	0.53	0.46	0.46	0	0	0.53
182700	0.53	0.46	0.46	0	0	0.53
182800	0.53	0.46	0.46	0	0	0.53
182900	0.53	0.46	0.46	0	0	0.53
183000	0.53	0.46	0.46	0	0	0.53
183100	0.53	0.46	0.46	0	0	0.53
183200	0.53	0.46	0.46	0	0	0.53
183300	0.53	0.46	0.46	0	0	0.53
183400	0.53	0.46	0.46	0	0	0.53
183500	0.53	0.46	0.46	0	0	0.53
183600	0.53	0.46	0.46	0	0	0.53
183700	0.53	0.46	0.46	0	0	0.53
183800	0.53	0.46	0.46	0	0	0.53
183900	0.53	0.46	0.46	0	0	0.53
184000	0.53	0.46	0.46	0	0	0.53
184100	0.53	0.46	0.46	0	0	0.53
184200	0.53	0.46	0.46	0	0	0.53
184300	0.53	0.46	0.46	0	0	0.53
184400	0.53	0.46	0.46	0	0	0.53
184500	0.53	0.46	0.46	0	0	0.53
184600	0.53	0.46	0.46	0	0	0.53
184700	0.53	0.46	0.46	0	0	0.53
184800	0.53	0.46	0.46	0	0	0.53
184900	0.53	0.46	0.46	0	0	0.53
185000	0.53	0.46	0.46	0	0	0.53
185100	0.53	0.46	0.46	0	0	0.53
185200	0.53	0.46	0.46	0	0	0.53
185300	0.53	0.46	0.46	0	0	0.53
185400	0.53	0.46	0.46	0	0	0.53
185500	0.53	0.46	0.46	0	0	0.53
185600	0.53	0.46	0.46	0	0	0.53
185700	0.53	0.46	0.46	0	0	0.53
185800	0.53	0.46	0.46	0	0	0.53
185900	0.53	0.46	0.46	0	0	0.53
186000	0.53	0.46	0.46	0	0	0.53
186100	0.53	0.46	0.46	0	0	0.53
186200	0.53	0.46	0.46	0	0	0.53
186300	0.53	0.46	0.46	0	0	0.53
186400	0.53	0.46	0.46	0	0	0.53
186500	0.53	0.46	0.46	0	0	0.53
186600	0.53	0.46	0.46	0	0	0.53
186700	0.52	0.46	0.46	0	0	0.52
186800	0.52	0.46	0.46	0	0	0.52
186900	0.52	0.46	0.46	0	0	0.52
187000	0.52	0.46	0.46	0	0	0.52
187100	0.52	0.46	0.46	0	0	0.52
187200	0.52	0.46	0.46	0	0	0.52
187300	0.52	0.46	0.46	0	0	0.52
187400	0.52	0.46	0.46	0	0	0.52
187500	0.52	0.46	0.46	0	0	0.52
187600	0.52	0.46	0.46	0	0	0.52
187700	0.52	0.46	0.46	0	0	0.52
187800	0.52	0.46	0.46	0	0	0.52
187900	0.52	0.46	0.46	0	0	0.52
188000	0.52	0.46	0.46	0	0	0.52
188100	0.52	0.46	0.46	0	0	0.52
188200	0.52	0.46	0.46	0	0	0.52
188300	0.52	0.46	0.46	0	0	0.52
188400	0.52	0.46	0.46	0	0	0.52
188500	0.52	0.46	0.46	0	0	0.52
188600	0.52	0.46	0.46	0	0	0.52
188700	0.52	0.46	0.46	0	0	0.52
188800	0.52	0.46	0.46	0	0	0.52
188900	0.52	0.46	0.46	0	0	0.52
189000	0.52	0.46	0.46	0	0	0.52
189100	0.52	0.46	0.46	0	0	0.52
189200	0.52	0.46	0.46	0	0	0.52
189300	0.52	0.46	0.46	0	0	0.52
189400	0.52	0.46	0.46	0	0	0.52
189500	0.52	0.46	0.46	0	0	0.52
189600	0.52	0.46	0.46	0	0	0.52
189700	0.52	0.46	0.46	0	0	0.52
189800	0.52	0.46	0.46	0	0	0.52
189900	0.52	0.46	0.46	0	0	0.52
190000	0.52	0.46	0.46	0	0	0.52
190100	0.52	0.46	0.46	0	0	0.52
190200	0.52	0.46	0.46	0	0	0.52
190300	0.52	0.46	0.46	0	0	0.52
190400	0.53	0.46	0.46	0	0	0.53
190500	0.53	0.46	0.46	0	0	0.53
190600	0.52	0.46	0.46	0	0	0.52
190700	0.52	0.46	0.46	0	0	0.52
190800	0.52	0.46	0.46	0	0	0.52
190900	0.52	0.46	0.46	0	0	0.52
191000	0.52	0.46	0.46	0	0	0.52
191100	0.52	0.46	0.46	0	0	0.52
191200	0.52	0.46	0.46	0	0	0.52
191300	0.52	0.46	0.46	0	0	0.52
191400	0.52	0.46	0.46	0	0	0.52
191500	0.52	0.46	0.46	0	0	0.52
191600	0.52	0.46	0.46	0	0	0.52
191700	0.52	0.46	0.46	0	0	0.52
191800	0.52	0.46	0.46	0	0	0.52
191900	0.52	0.46	0.46	0	0	0.52
192000	0.52	0.46	0.46	0	0	0.52
192100	0.52	0.46	0.46	0	0	0.52
192200	0.52	0.46	0.46	0	0	0.52
192300	0.52	0.46	0.46	0	0	0.52
192400	0.52	0.46	0.46	0	0	0.52
192500	0.52	0.46	0.46	0	0	0.52
192600	0.52	0.46	0.46	0	0	0.52
192700	0.52	0.46	0.46	0	0	0.52
192800	0.52	0.46	0.46	0	0	0.52
192900	0.52	0.46	0.46	0	0	0.52
193000	0.52	0.46	0.46	0	0	0.52
193100	0.52	0.46	0.46	0	0	0.52
193200	0.52	0.46	0.46	0	0	0.52
193300	0.52	0.46	0.46	0	0	0.52
193400	0.52	0.47	0.47	0	0	0.52
193500	0.52	0.47	0.47	0	0	0.52
193600	0.52	0.47	0.47	0	0	0.52
193700	0.52	0.47	0.47	0	0	0.52
193800	0.52	0.47	0.47	0	0	0.52
193900	0.52	0.47	0.47	0	0	0.52
194000	0.52	0.46	0.46	0	0	0.52
194100	0.52	0.46	0.46	0	0	0.52
194200	0.52	0.46	0.46	0	0	0.52
194300	0.52	0.46	0.46	0	0	0.52
194400	0.52	0.46	0.46	0	0	0.52
194500	0.52	0.46	0.46	0	0	0.52
194600	0.52	0.46	0.46	0	0	0.52
194700	0.52	0.46	0.46	0	0	0.52
194800	0.52	0.46	0.46	0	0	0.52
194900	0.52	0.46	0.46	0	0	0.52
195000	0.52	0.46	0.46	0	0	0.52
195100	0.52	0.46	0.46	0	0	0.52
195200	0.52	0.46	0.46	0	0	0.52
195300	0.52	0.46	0.46	0	0	0.52
195400	0.52	0.46	0.46	0	0	0.52
195500	0.52	0.46	0.46	0	0	0.52
195600	0.52	0.46	0.46	0	0	0.52
195700	0.52	0.46	0.46	0	0	0.52
195800	0.52	0.46	0.46	0	0	0.52
195900	0.52	0.46	0.46	0	0	0.52
196000	0.52	0.46	0.46	0	0	0.52
196100	0.52	0.46	0.46	0	0	0.52
196200	0.52	0.46	0.46	0	0	0.52
196300	0.52	0.46	0.46	0	0	0.52
196400	0.52	0.46	0.46	0	0	0.52
196500	0.52	0.46	0.46	0	0	0.52
196600	0.52	0.46	0.46	0	0	0.52
196700	0.52	0.46	0.46	0	0	0.52
196800	0.52	0.46	0.46	0	0	0.52
196900	0.52	0.46	0.46	0	0	0.52
197000	0.52	0.46	0.46	0	0	0.52
197100	0.52	0.46	0.46	0	0	0.52
197200	0.52	0.46	0.46	0	0	0.52
197300	0.52	0.46	0.46	0	0	0.52
197400	0.52	0.46	0.46	0	0	0.52
197500	0.52	0.46	0.46	0	0	0.52
197600	0.52	0.46	0.46	0	0	0.52
197700	0.52	0.46	0.46	0	0	0.52
197800	0.52	0.46	0.46	0	0	0.52
197900	0.51	0.46	0.46	0	0	0.51
198000	0.51	0.46	0.46	0	0	0.51
198100	0.51	0.46	0.46	0	0	0.51
198200	0.51	0.46	0.46	0	0	0.51
198300	0.51	0.46	0.46	0	0	0.51
198400	0.51	0.46	0.46	0	0	0.51
198500	0.51	0.46	0.46	0	0	0.51
198600	0.51	0.46	0.46	0	0	0.51
198700	0.51	0.46	0.46	0	0	0.51
198800	0.51	0.46	0.46	0	0	0.51
198900	0.51	0.46	0.46	0	0	0.51
199000	0.51	0.46	0.46	0	0	0.51
199100	0.51	0.46	0.46	0	0	0.51
199200	0.51	0.46	0.46	0	0	0.51
199300	0.51	0.46	0.46	0	0	0.51
199400	0.51	0.46	0.46	0	0	0.51
199500	0.51	0.46	0.46	0	0	0.51
199600	0.51	0.46	0.46	0	0	0.51
199700	0.51	0.46	0.46	0	0	0.51
199800	0.51	0.46	0.46	0	0	0.51
199900	0.51	0.46	0.46	0	0	0.51
200000	0.52	0.46	0.46	0	0	0.52
200100	0.52	0.46	0.46	0	0	0.52
200200	0.52	0.46	0.46	0	0	0.52
200300	0.52	0.46	0.46	0	0	0.52
200400	0.52	0.46	0.46	0	0	0.52
200500	0.52	0.46	0.46	0	0	0.52
200600	0.52	0.46	0.46	0	0	0.52
200700	0.52	0.46	0.46	0	0	0.52
200800	0.52	0.46	0.46	0	0	0.52
200900	0.52	0.46	0.46	0	0	0.52
201000	0.52	0.46	0.46	0	0	0.52
201100	0.52	0.46	0.46	0	0	0.52
201200	0.52	0.46	0.46	0	0	0.52
201300	0.52	0.46	0.46	0	0	0.52
201400	0.52	0.46	0.46	0	0	0.52
201500	0.52	0.46	0.46	0	0	0.52
201600	0.53	0.46	0.46	0	0	0.53
201700	0.53	0.46	0.46	0	0	0.53
201800	0.53	0.46	0.46	0	0	0.53
201900	0.53	0.46	0.46	0	0	0.53
202000	0.53	0.46	0.46	0	0	0.53
202100	0.53	0.46	0.46	0	0	0.53
202200	0.53	0.46	0.46	0	0	0.53
202300	0.53	0.46	0.46	0	0	0.53
202400	0.53	0.46	0.46	0	0	0.53
202500	0.53	0.46	0.46	0	0	0.53
202600	0.53	0.46	0.46	0	0	0.53
202700	0.53	0.46	0.46	0	0	0.53
202800	0.53	0.46	0.46	0	0	0.53
202900	0.53	0.46	0.46	0	0	0.53
203000	0.53	0.46	0.46	0	0	0.53
203100	0.53	0.46	0.46	0	0	0.53
203200	0.53	0.46	0.46	0	0	0.53
203300	0.53	0.46	0.46	0	0	0.53
203400	0.53	0.46	0.46	0	0	0.53
203500	0.53	0.46	0.46	0	0	0.53
203600	0.53	0.46	0.46	0	0	0.53
203700	0.53	0.46	0.46	0	0	0.53
203800	0.53	0.46	0.46	0	0	0.53
203900	0.53	0.46	0.46	0	0	0.53
204000	0.53	0.46	0.46	0	0	0.53
204100	0.53	0.46	0.46	0	0	0.53
204200	0.53	0.46	0.46	0	0	0.53
204300	0.53	0.46	0.46	0	0	0.53
204400	0.53	0.46	0.46	0	0	0.53
204500	0.53	0.46	0.46	0	0	0.53
204600	0.53	0.46	0.46	0	0	0.53
204700	0.53	0.46	0.46	0	0	0.53
204800	0.53	0.46	0.46	0	0	0.53
204900	0.53	0.46	0.46	0	0	0.53
205000	0.53	0.46	0.46	0	0	0.53
205100	0.53	0.46	0.46	0	0	0.53
205200	0.53	0.46	0.46	0	0	0.53
205300	0.53	0.46	0.46	0	0	0.53
205400	0.53	0.46	0.46	0	0	0.53
205500	0.53	0.46	0.46	0	0	0.53
205600	0.53	0.46	0.46	0	0	0.53
205700	0.53	0.46	0.46	0	0	0.53
205800	0.53	0.46	0.46	0	0	0.53
205900	0.53	0.46	0.46	0	0	0.53
206000	0.53	0.46	0.46	0	0	0.53
206100	0.53	0.46	0.46	0	0	0.53
206200	0.53	0.46	0.46	0	0	0.53
206300	0.53	0.46	0.46	0	0	0.53
206400	0.53	0.46	0.46	0	0	0.53
206500	0.53	0.46	0.46	0	0	0.53
206600	0.53	0.46	0.46	0	0	0.53
206700	0.53	0.46	0.46	0	0	0.53
206800	0.53	0.46	0.46	0	0	0.53
206900	0.53	0.46	0.46	0	0	0.53
207000	0.53	0.46	0.46	0	0	0.53
207100	0.53	0.46	0.46	0	0	0.53
207200	0.53	0.46	0.46	0	0	0.53
207300	0.53	0.46	0.46	0	0	0.53
207400	0.53	0.46	0.46	0	0	0.53
207500	0.53	0.46	0.46	0	0	0.53
207600	0.53	0.46	0.46	0	0	0.53
207700	0.53	0.46	0.46	0	0	0.53
207800	0.53	0.46	0.46	0	0	0.53
207900	0.53	0.46	0.46	0	0	0.53
208000	0.53	0.46	0.46	0	0	0.53
208100	0.53	0.46	0.46	0	0	0.53
208200	0.53	0.46	0.46	0	0	0.53
208300	0.53	0.46	0.46	0	0	0.53
208400	0.53	0.46	0.46	0	0	0.53
208500	0.53	0.46	0.46	0	0	0.53
208600	0.53	0.46	0.46	0	0	0.53
208700	0.53	0.46	0.46	0	0	0.53
208800	0.53	0.46	0.46	0	0	0.53
208900	0.53	0.46	0.46	0	0	0.53
209000	0.53	0.46	0.46	0	0	0.53
209100	0.53	0.46	0.46	0	0	0.53
209200	0.53	0.46	0.46	0	0	0.53
209300	0.53	0.46	0.46	0	0	0.53
209400	0.53	0.46	0.46	0	0	0.53
209500	0.53	0.46	0.46	0	0	0.53
209600	0.53	0.46	0.46	0	0	0.53
209700	0.53	0.46	0.46	0	0	0.53
209800	0.52	0.46	0.46	0	0	0.52
209900	0.52	0.46	0.46	0	0	0.52
210000	0.52	0.46	0.46	0	0	0.52
210100	0.52	0.46	0.46	0	0	0.52
210200	0.52	0.46	0.46	0	0	0.52
210300	0.52	0.46	0.46	0	0	0.52
210400	0.52	0.46	0.46	0	0	0.52
210500	0.52	0.46	0.46	0	0	0.52
210600	0.52	0.46	0.46	0	0	0.52
210700	0.52	0.46	0.46	0	0	0.52
210800	0.52	0.46	0.46	0	0	0.52
210900	0.52	0.46	0.46	0	0	0.52
211000	0.52	0.46	0.46	0	0	0.52
211100	0.52	0.46	0.46	0	0	0.52
211200	0.52	0.46	0.46	0	0	0.52
211300	0.52	0.46	0.46	0	0	0.52
211400	0.52	0.46	0.46	0	0	0.52
211500	0.52	0.46	0.46	0	0	0.52
211600	0.52	0.46	0.46	0	0	0.52
211700	0.52	0.46	0.46	0	0	0.52
211800	0.52	0.46	0.46	0	0	0.52
211900	0.52	0.46	0.46	0	0	0.52
212000	0.52	0.46	0.46	0	0	0.52
212100	0.52	0.46	0.46	0	0	0.52
212200	0.52	0.46	0.46	0	0	0.52
212300	0.52	0.46	0.46	0	0	0.52
212400	0.52	0.46	0.46	0	0	0.52
212500	0.52	0.46	0.46	0	0	0.52
212600	0.52	0.46	0.46	0	0	0.52
212700	0.52	0.46	0.46	0	0	0.52
212800	0.52	0.46	0.46	0	0	0.52
212900	0.52	0.46	0.46	0	0	0.52
213000	0.52	0.46	0.46	0	0	0.52
213100	0.52	0.46	0.46	0	0	0.52
213200	0.52	0.46	0.46	0	0	0.52
213300	0.52	0.46	0.46	0	0	0.52
213400	0.52	0.46	0.46	0	0	0.52
213500	0.52	0.46	0.46	0	0	0.52
213600	0.52	0.46	0.46	0	0	0.52
213700	0.52	0.46	0.46	0	0	0.52
213800	0.52	0.46	0.46	0	0	0.52
213900	0.52	0.46	0.46	0	0	0.52
214000	0.52	0.46	0.46	0	0	0.52
214100	0.52	0.46	0.46	0	0	0.52
214200	0.52	0.46	0.46	0	0	0.52
214300	0.52	0.46	0.46	0	0	0.52
214400	0.52	0.46	0.46	0	0	0.52
214500	0.52	0.46	0.46	0	0	0.52
214600	0.52	0.46	0.46	0	0	0.52
214700	0.52	0.46	0.46	0	0	0.52
214800	0.52	0.46	0.46	0	0	0.52
214900	0.52	0.46	0.46	0	0	0.52
215000	0.52	0.46	0.46	0	0	0.52
215100	0.52	0.46	0.46	0	0	0.52
215200	0.52	0.46	0.46	0	0	0.52
215300	0.52	0.46	0.46	0	0	0.52
215400	0.52	0.46	0.46	0	0	0.52
215500	0.52	0.46	0.46	0	0	0.52
215600	0.52	0.46	0.46	0	0	0.52
215700	0.52	0.46	0.46	0	0	0.52
215800	0.52	0.46	0.46	0	0	0.52
215900	0.52	0.45	0.45	0	0	0.52
216000	0.52	0.45	0.45	0	0	0.52
216100	0.52	0.45	0.45	0	0	0.52
216200	0.52	0.45	0.45	0	0	0.52
216300	0.52	0.45	0.45	0	0	0.52
216400	0.52	0.45	0.45	0	0	0.52
216500	0.52	0.45	0.45	0	0	0.52
216600	0.52	0.45	0.45	0	0	0.52
216700	0.52	0.45	0.45	0	0	0.52
216800	0.52	0.45	0.45	0	0	0.52
216900	0.52	0.45	0.45	0	0	0.52
217000	0.52	0.45	0.45	0	0	0.52
217100	0.52	0.45	0.45	0	0	0.52
217200	0.52	0.45	0.45	0	0	0.52
217300	0.52	0.45	0.45	0	0	0.52
217400	0.52	0.45	0.45	0	0	0.52
217500	0.52	0.45	0.45	0	0	0.52
217600	0.52	0.45	0.45	0	0	0.52
217700	0.52	0.45	0.45	0	0	0.52
217800	0.52	0.45	0.45	0	0	0.52
217900	0.52	0.45	0.45	0	0	0.52
218000	0.52	0.45	0.45	0	0	0.52
218100	0.52	0.45	0.45	0	0	0.52
218200	0.52	0.45	0.45	0	0	0.52
218300	0.52	0.45	0.45	0	0	0.52
218400	0.52	0.45	0.45	0	0	0.52
218500	0.52	0.45	0.45	0	0	0.52
218600	0.52	0.45	0.45	0	0	0.52
218700	0.52	0.45	0.45	0	0	0.52
218800	0.52	0.45	0.45	0	0	0.52
218900	0.52	0.45	0.45	0	0	0.52
219000	0.52	0.45	0.45	0	0	0.52
219100	0.52	0.45	0.45	0	0	0.52
219200	0.52	0.45	0.45	0	0	0.52
219300	0.52	0.45	0.45	0	0	0.52
219400	0.52	0.45	0.45	0	0	0.52
219500	0.52	0.45	0.45	0	0	0.52
219600	0.52	0.45	0.45	0	0	0.52
219700	0.52	0.45	0.45	0	0	0.52
219800	0.52	0.45	0.45	0	0	0.52
219900	0.52	0.45	0.45	0	0	0.52
220000	0.52	0.45	0.45	0	0	0.52
220100	0.52	0.45	0.45	0	0	0.52
220200	0.52	0.45	0.45	0	0	0.52
220300	0.52	0.45	0.45	0	0	0.52
220400	0.52	0.45	0.45	0	0	0.52
220500	0.52	0.45	0.45	0	0	0.52
220600	0.52	0.45	0.45	0	0	0.52
220700	0.52	0.45	0.45	0	0	0.52
220800	0.52	0.45	0.45	0	0	0.52
220900	0.52	0.45	0.45	0	0	0.52
221000	0.52	0.45	0.45	0	0	0.52
221100	0.52	0.45	0.45	0	0	0.52
221200	0.52	0.45	0.45	0	0	0.52
221300	0.52	0.45	0.45	0	0	0.52
221400	0.52	0.45	0.45	0	0	0.52
221500	0.52	0.45	0.45	0	0	0.52
221600	0.52	0.45	0.45	0	0	0.52
221700	0.52	0.45	0.45	0	0	0.52
221800	0.52	0.45	0.45	0	0	0.52
221900	0.52	0.45	0.45	0	0	0.52
222000	0.52	0.45	0.45	0	0	0.52
222100	0.52	0.45	0.45	0	0	0.52
222200	0.52	0.45	0.45	0	0	0.52
222300	0.52	0.45	0.45	0	0	0.52
222400	0.52	0.45	0.45	0	0	0.52
222500	0.52	0.45	0.45	0	0	0.52
222600	0.52	0.45	0.45	0	0	0.52
222700	0.52	0.45	0.45	0	0	0.52
222800	0.53	0.45	0.45	0	0	0.53
222900	0.53	0.45	0.45	0	0	0.53
223000	0.53	0.45	0.45	0	0	0.53
223100	0.53	0.45	0.45	0	0	0.53
223200	0.53	0.45	0.45	0	0	0.53
223300	0.53	0.45	0.45	0	0	0.53
223400	0.53	0.45	0.45	0	0	0.53
223500	0.52	0.45	0.45	0	0	0.52
223600	0.52	0.45	0.45	0	0	0.52
223700	0.52	0.45	0.45	0	0	0.52
223800	0.52	0.45	0.45	0	0	0.52
223900	0.52	0.45	0.45	0	0	0.52
224000	0.52	0.45	0.45	0	0	0.52
224100	0.52	0.45	0.45	0	0	0.52
224200	0.52	0.45	0.45	0	0	0.52
224300	0.52	0.45	0.45	0	0	0.52
224400	0.52	0.45	0.45	0	0	0.52
224500	0.52	0.45	0.45	0	0	0.52
224600	0.52	0.45	0.45	0	0	0.52
224700	0.52	0.45	0.45	0	0	0.52
224800	0.52	0.45	0.45	0	0	0.52
224900	0.52	0.45	0.45	0	0	0.52
225000	0.52	0.45	0.45	0	0	0.52
225100	0.52	0.45	0.45	0	0	0.52
225200	0.52	0.45	0.45	0	0	0.52
225300	0.52	0.45	0.45	0	0	0.52
225400	0.52	0.45	0.45	0	0	0.52
225500	0.52	0.45	0.45	0	0	0.52
225600	0.52	0.45	0.45	0	0	0.52
225700	0.52	0.45	0.45	0	0	0.52
225800	0.52	0.45	0.45	0	0	0.52
225900	0.52	0.45	0.45	0	0	0.52
226000	0.52	0.45	0.45	0	0	0.52
226100	0.52	0.45	0.45	0	0	0.52
226200	0.52	0.45	0.45	0	0	0.52
226300	0.52	0.45	0.45	0	0	0.52
226400	0.52	0.45	0.45	0	0	0.52
226500	0.52	0.45	0.45	0	0	0.52
226600	0.52	0.45	0.45	0	0	0.52
226700	0.52	0.45	0.45	0	0	0.52
226800	0.52	0.45	0.45	0	0	0.52
226900	0.52	0.45	0.45	0	0	0.52
227000	0.52	0.45	0.45	0	0	0.52
227100	0.52	0.45	0.45	0	0	0.52
227200	0.52	0.45	0.45	0	0	0.52
227300	0.52	0.45	0.45	0	0	0.52
227400	0.52	0.45	0.45	0	0	0.52
227500	0.52	0.45	0.45	0	0	0.52
227600	0.52	0.45	0.45	0	0	0.52
227700	0.53	0.45	0.45	0	0	0.53
227800	0.53	0.45	0.45	0	0	0.53
227900	0.53	0.45	0.45	0	0	0.53
228000	0.53	0.45	0.45	0	0	0.53
228100	0.52	0.45	0.45	0	0	0.52
228200	0.52	0.45	0.45	0	0	0.52
228300	0.52	0.45	0.45	0	0	0.52
228400	0.52	0.45	0.45	0	0	0.52
228500	0.52	0.45	0.45	0	0	0.52
228600	0.52	0.45	0.45	0	0	0.52
228700	0.52	0.45	0.45	0	0	0.52
228800	0.52	0.45	0.45	0	0	0.52
228900	0.52	0.45	0.45	0	0	0.52
229000	0.52	0.45	0.45	0	0	0.52
229100	0.52	0.45	0.45	0	0	0.52
229200	0.52	0.45	0.45	0	0	0.52
229300	0.52	0.45	0.45	0	0	0.52
229400	0.52	0.45	0.45	0	0	0.52
229500	0.52	0.45	0.45	0	0	0.52
229600	0.52	0.45	0.45	0	0	0.52
229700	0.52	0.45	0.45	0	0	0.52
229800	0.52	0.45	0.45	0	0	0.52
229900	0.52	0.45	0.45	0	0	0.52
230000	0.52	0.45	0.45	0	0	0.52
230100	0.52	0.45	0.45	0	0	0.52
230200	0.52	0.45	0.45	0	0	0.52
230300	0.52	0.45	0.45	0	0	0.52
230400	0.52	0.45	0.45	0	0	0.52
230500	0.52	0.45	0.45	0	0	0.52
230600	0.52	0.45	0.45	0	0	0.52
230700	0.52	0.45	0.45	0	0	0.52
230800	0.52	0.45	0.45	0	0	0.52
230900	0.52	0.45	0.45	0	0	0.52
231000	0.52	0.45	0.45	0	0	0.52
231100	0.52	0.45	0.45	0	0	0.52
231200	0.52	0.45	0.45	0	0	0.52
231300	0.52	0.45	0.45	0	0	0.52
231400	0.52	0.45	0.45	0	0	0.52
231500	0.52	0.45	0.45	0	0	0.52
231600	0.52	0.45	0.45	0	0	0.52
231700	0.52	0.45	0.45	0	0	0.52
231800	0.52	0.45	0.45	0	0	0.52
231900	0.52	0.45	0.45	0	0	0.52
232000	0.52	0.45	0.45	0	0	0.52
232100	0.52	0.45	0.45	0	0	0.52
232200	0.52	0.45	0.45	0	0	0.52
232300	0.52	0.45	0.45	0	0	0.52
232400	0.52	0.45	0.45	0	0	0.52
232500	0.52	0.45	0.45	0	0	0.52
232600	0.52	0.45	0.45	0	0	0.52
232700	0.52	0.45	0.45	0	0	0.52
232800	0.52	0.45	0.45	0	0	0.52
232900	0.52	0.45	0.45	0	0	0.52
233000	0.52	0.45	0.45	0	0	0.52
233100	0.52	0.46	0.46	0	0	0.52
233200	0.52	0.46	0.46	0	0	0.52
233300	0.51	0.45	0.45	0	0	0.51
233400	0.51	0.45	0.45	0	0	0.51
233500	0.51	0.45	0.45	0	0	0.51
233600	0.51	0.45	0.45	0	0	0.51
233700	0.51	0.45	0.45	0	0	0.51
233800	0.51	0.45	0.45	0	0	0.51
233900	0.51	0.45	0.45	0	0	0.51
234000	0.51	0.45	0.45	0	0	0.51
234100	0.51	0.45	0.45	0	0	0.51
234200	0.51	0.45	0.45	0	0	0.51
234300	0.51	0.45	0.45	0	0	0.51
234400	0.51	0.45	0.45	0	0	0.51
234500	0.51	0.45	0.45	0	0	0.51
234600	0.51	0.45	0.45	0	0	0.51
234700	0.51	0.45	0.45	0	0	0.51
234800	0.51	0.45	0.45	0	0	0.51
234900	0.51	0.45	0.45	0	0	0.51
235000	0.51	0.45	0.45	0	0	0.51
235100	0.51	0.45	0.45	0	0	0.51
235200	0.51	0.45	0.45	0	0	0.51
235300	0.51	0.45	0.45	0	0	0.51
235400	0.51	0.45	0.45	0	0	0.51
235500	0.51	0.45	0.45	0	0	0.51
235600	0.51	0.45	0.45	0	0	0.51
235700	0.51	0.45	0.45	0	0	0.51
235800	0.51	0.45	0.45	0	0	0.51
235900	0.51	0.45	0.45	0	0	0.51
236000	0.51	0.45	0.45	0	0	0.51
236100	0.51	0.45	0.45	0	0	0.51
236200	0.51	0.45	0.45	0	0	0.51
236300	0.51	0.45	0.45	0	0	0.51
236400	0.51	0.45	0.45	0	0	0.51
236500	0.51	0.45	0.45	0	0	0.51
236600	0.51	0.45	0.45	0	0	0.51
236700	0.51	0.45	0.45	0	0	0.51
236800	0.51	0.45	0.45	0	0	0.51
236900	0.51	0.45	0.45	0	0	0.51
237000	0.51	0.45	0.45	0	0	0.51
237100	0.51	0.45	0.45	0	0	0.51
237200	0.51	0.45	0.45	0	0	0.51
237300	0.51	0.45	0.45	0	0	0.51
237400	0.51	0.45	0.45	0	0	0.51
237500	0.51	0.45	0.45	0	0	0.51
237600	0.51	0.45	0.45	0	0	0.51
237700	0.51	0.45	0.45	0	0	0.51
237800	0.51	0.45	0.45	0	0	0.51
237900	0.51	0.45	0.45	0	0	0.51
238000	0.51	0.45	0.45	0	0	0.51
238100	0.51	0.45	0.45	0	0	0.51
238200	0.51	0.45	0.45	0	0	0.51
238300	0.51	0.45	0.45	0	0	0.51
238400	0.51	0.45	0.45	0	0	0.51
238500	0.51	0.45	0.45	0	0	0.51
238600	0.51	0.45	0.45	0	0	0.51
238700	0.51	0.45	0.45	0	0	0.51
238800	0.51	0.45	0.45	0	0	0.51
238900	0.51	0.45	0.45	0	0	0.51
239000	0.51	0.45	0.45	0	0	0.51
239100	0.51	0.45	0.45	0	0	0.51
239200	0.51	0.45	0.45	0	0	0.51
239300	0.51	0.45	0.45	0	0	0.51
239400	0.51	0.45	0.45	0	0	0.51
239500	0.51	0.45	0.45	0	0	0.51
239600	0.51	0.45	0.45	0	0	0.51
239700	0.51	0.45	0.45	0	0	0.51
239800	0.51	0.45	0.45	0	0	0.51
239900	0.51	0.45	0.45	0	0	0.51
240000	0.51	0.45	0.45	0	0	0.51
240100	0.52	0.45	0.45	0	0	0.52
240200	0.52	0.45	0.45	0	0	0.52
240300	0.52	0.45	0.45	0	0	0.52
240400	0.52	0.45	0.45	0	0	0.52
240500	0.52	0.45	0.45	0	0	0.52
240600	0.52	0.45	0.45	0	0	0.52
240700	0.51	0.45	0.45	0	0	0.51
240800	0.51	0.45	0.45	0	0	0.51
240900	0.51	0.45	0.45	0	0	0.51
241000	0.51	0.45	0.45	0	0	0.51
241100	0.51	0.45	0.45	0	0	0.51
241200	0.51	0.45	0.45	0	0	0.51
241300	0.51	0.45	0.45	0	0	0.51
241400	0.51	0.45	0.45	0	0	0.51
241500	0.51	0.45	0.45	0	0	0.51
241600	0.51	0.45	0.45	0	0	0.51
241700	0.51	0.45	0.45	0	0	0.51
241800	0.51	0.45	0.45	0	0	0.51
241900	0.51	0.45	0.45	0	0	0.51
242000	0.51	0.45	0.45	0	0	0.51
242100	0.51	0.45	0.45	0	0	0.51
242200	0.51	0.45	0.45	0	0	0.51
242300	0.52	0.45	0.45	0	0	0.52
242400	0.52	0.45	0.45	0	0	0.52
242500	0.52	0.45	0.45	0	0	0.52
242600	0.52	0.45	0.45	0	0	0.52
242700	0.52	0.45	0.45	0	0	0.52
242800	0.52	0.45	0.45	0	0	0.52
242900	0.52	0.45	0.45	0	0	0.52
243000	0.52	0.45	0.45	0	0	0.52
243100	0.52	0.45	0.45	0	0	0.52
243200	0.52	0.45	0.45	0	0	0.52
243300	0.52	0.46	0.46	0	0	0.52
243400	0.52	0.46	0.46	0	0	0.52
243500	0.52	0.46	0.46	0	0	0.52
243600	0.51	0.46	0.46	0	0	0.51
243700	0.51	0.46	0.46	0	0	0.51
243800	0.51	0.46	0.46	0	0	0.51
243900	0.51	0.46	0.46	0	0	0.51
244000	0.51	0.46	0.46	0	0	0.51
244100	0.51	0.46	0.46	0	0	0.51
244200	0.51	0.46	0.46	0	0	0.51
244300	0.51	0.46	0.46	0	0	0.51
244400	0.51	0.46	0.46	0	0	0.51
244500	0.51	0.46	0.46	0	0	0.51
244600	0.51	0.46	0.46	0	0	0.51
244700	0.51	0.46	0.46	0	0	0.51
244800	0.51	0.46	0.46	0	0	0.51
244900	0.51	0.46	0.46	0	0	0.51
245000	0.51	0.46	0.46	0	0	0.51
245100	0.51	0.46	0.46	0	0	0.51
245200	0.52	0.46	0.46	0	0	0.52
245300	0.52	0.46	0.46	0	0	0.52
245400	0.52	0.46	0.46	0	0	0.52
245500	0.51	0.46	0.46	0	0	0.51
245600	0.51	0.46	0.46	0	0	0.51
245700	0.51	0.46	0.46	0	0	0.51
245800	0.51	0.46	0.46	0	0	0.51
245900	0.51	0.46	0.46	0	0	0.51
246000	0.51	0.46	0.46	0	0	0.51
246100	0.51	0.46	0.46	0	0	0.51
246200	0.51	0.46	0.46	0	0	0.51
246300	0.52	0.46	0.46	0	0	0.52
246400	0.52	0.46	0.46	0	0	0.52
246500	0.52	0.46	0.46	0	0	0.52
246600	0.52	0.46	0.46	0	0	0.52
246700	0.52	0.46	0.46	0	0	0.52
246800	0.52	0.46	0.46	0	0	0.52
246900	0.52	0.46	0.46	0	0	0.52
247000	0.52	0.46	0.46	0	0	0.52
247100	0.52	0.46	0.46	0	0	0.52
247200	0.52	0.46	0.46	0	0	0.52
247300	0.51	0.46	0.46	0	0	0.51
247400	0.51	0.46	0.46	0	0	0.51
247500	0.51	0.46	0.46	0	0	0.51
247600	0.51	0.46	0.46	0	0	0.51
247700	0.51	0.46	0.46	0	0	0.51
247800	0.51	0.46	0.46	0	0	0.51
247900	0.51	0.46	0.46	0	0	0.51
248000	0.51	0.46	0.46	0	0	0.51
248100	0.51	0.46	0.46	0	0	0.51
248200	0.51	0.46	0.46	0	0	0.51
248300	0.51	0.46	0.46	0	0	0.51
248400	0.51	0.46	0.46	0	0	0.51
248500	0.51	0.46	0.46	0	0	0.51
248600	0.52	0.46	0.46	0	0	0.52
248700	0.52	0.46	0.46	0	0	0.52
248800	0.52	0.46	0.46	0	0	0.52
248900	0.52	0.46	0.46	0	0	0.52
249000	0.52	0.46	0.46	0	0	0.52
249100	0.52	0.46	0.46	0	0	0.52
249200	0.52	0.46	0.46	0	0	0.52
249300	0.52	0.46	0.46	0	0	0.52
249400	0.52	0.46	0.46	0	0	0.52
249500	0.52	0.46	0.46	0	0	0.52
249600	0.52	0.46	0.46	0	0	0.52
249700	0.52	0.46	0.46	0	0	0.52
249800	0.52	0.46	0.46	0	0	0.52
249900	0.52	0.46	0.46	0	0	0.52
250000	0.52	0.46	0.46	0	0	0.52
250100	0.52	0.46	0.46	0	0	0.52
250200	0.52	0.46	0.46	0	0	0.52
250300	0.52	0.46	0.46	0	0	0.52
250400	0.52	0.46	0.46	0	0	0.52
250500	0.52	0.46	0.46	0	0	0.52
250600	0.52	0.46	0.46	0	0	0.52
250700	0.52	0.46	0.46	0	0	0.52
250800	0.52	0.46	0.46	0	0	0.52
250900	0.52	0.46	0.46	0	0	0.52
251000	0.52	0.46	0.46	0	0	0.52
251100	0.52	0.46	0.46	0	0	0.52
251200	0.52	0.46	0.46	0	0	0.52
251300	0.52	0.46	0.46	0	0	0.52
251400	0.52	0.46	0.46	0	0	0.52
251500	0.52	0.46	0.46	0	0	0.52
251600	0.52	0.46	0.46	0	0	0.52
251700	0.52	0.46	0.46	0	0	0.52
251800	0.52	0.46	0.46	0	0	0.52
251900	0.52	0.46	0.46	0	0	0.52
252000	0.52	0.46	0.46	0	0	0.52
252100	0.52	0.46	0.46	0	0	0.52
252200	0.52	0.46	0.46	0	0	0.52
252300	0.52	0.46	0.46	0	0	0.52
252400	0.52	0.46	0.46	0	0	0.52
252500	0.52	0.46	0.46	0	0	0.52
252600	0.52	0.46	0.46	0	0	0.52
252700	0.52	0.46	0.46	0	0	0.52
252800	0.52	0.46	0.46	0	0	0.52
252900	0.52	0.46	0.46	0	0	0.52
253000	0.52	0.46	0.46	0	0	0.52
253100	0.52	0.46	0.46	0	0	0.52
253200	0.52	0.46	0.46	0	0	0.52
253300	0.52	0.46	0.46	0	0	0.52
253400	0.52	0.46	0.46	0	0	0.52
253500	0.52	0.46	0.46	0	0	0.52
253600	0.52	0.46	0.46	0	0	0.52
253700	0.52	0.46	0.46	0	0	0.52
253800	0.52	0.46	0.46	0	0	0.52
253900	0.52	0.46	0.46	0	0	0.52
254000	0.52	0.46	0.46	0	0	0.52
254100	0.52	0.46	0.46	0	0	0.52
254200	0.52	0.46	0.46	0	0	0.52
254300	0.52	0.46	0.46	0	0	0.52
254400	0.52	0.46	0.46	0	0	0.52
254500	0.52	0.46	0.46	0	0	0.52
254600	0.52	0.46	0.46	0	0	0.52
254700	0.53	0.46	0.46	0	0	0.53
254800	0.53	0.46	0.46	0	0	0.53
254900	0.53	0.46	0.46	0	0	0.53
255000	0.53	0.46	0.46	0	0	0.53
255100	0.52	0.46	0.46	0	0	0.52
255200	0.52	0.46	0.46	0	0	0.52
255300	0.52	0.46	0.46	0	0	0.52
255400	0.52	0.46	0.46	0	0	0.52
255500	0.52	0.46	0.46	0	0	0.52
255600	0.52	0.46	0.46	0	0	0.52
255700	0.52	0.46	0.46	0	0	0.52
255800	0.52	0.46	0.46	0	0	0.52
255900	0.52	0.46	0.46	0	0	0.52
256000	0.52	0.46	0.46	0	0	0.52
256100	0.52	0.46	0.46	0	0	0.52
256200	0.52	0.46	0.46	0	0	0.52
256300	0.52	0.46	0.46	0	0	0.52
256400	0.52	0.45	0.45	0	0	0.52
256500	0.52	0.45	0.45	0	0	0.52
256600	0.52	0.45	0.45	0	0	0.52
256700	0.52	0.45	0.45	0	0	0.52
256800	0.52	0.45	0.45	0	0	0.52
256900	0.52	0.45	0.45	0	0	0.52
257000	0.52	0.45	0.45	0	0	0.52
257100	0.52	0.45	0.45	0	0	0.52
257200	0.52	0.45	0.45	0	0	0.52
257300	0.52	0.45	0.45	0	0	0.52
257400	0.52	0.45	0.45	0	0	0.52
257500	0.52	0.45	0.45	0	0	0.52
257600	0.52	0.45	0.45	0	0	0.52
257700	0.52	0.45	0.45	0	0	0.52
257800	0.52	0.45	0.45	0	0	0.52
257900	0.52	0.45	0.45	0	0	0.52
258000	0.52	0.45	0.45	0	0	0.52
258100	0.52	0.45	0.45	0	0	0.52
258200	0.52	0.45	0.45	0	0	0.52
258300	0.52	0.45	0.45	0	0	0.52
258400	0.52	0.45	0.45	0	0	0.52
258500	0.52	0.45	0.45	0	0	0.52
258600	0.52	0.45	0.45	0	0	0.52
258700	0.52	0.45	0.45	0	0	0.52
258800	0.52	0.45	0.45	0	0	0.52
258900	0.52	0.45	0.45	0	0	0.52
259000	0.52	0.45	0.45	0	0	0.52
259100	0.52	0.45	0.45	0	0	0.52
259200	0.52	0.45	0.45	0	0	0.52
259300	0.52	0.45	0.45	0	0	0.52
259400	0.52	0.45	0.45	0	0	0.52
259500	0.52	0.45	0.45	0	0	0.52
259600	0.52	0.45	0.45	0	0	0.52
259700	0.52	0.45	0.45	0	0	0.52
259800	0.52	0.45	0.45	0	0	0.52
259900	0.52	0.45	0.45	0	0	0.52
260000	0.52	0.45	0.45	0	0	0.52
260100	0.52	0.45	0.45	0	0	0.52
260200	0.52	0.46	0.46	0	0	0.52
260300	0.52	0.46	0.46	0	0	0.52
260400	0.52	0.46	0.46	0	0	0.52
260500	0.52	0.45	0.45	0	0	0.52
260600	0.52	0.45	0.45	0	0	0.52
260700	0.52	0.45	0.45	0	0	0.52
260800	0.52	0.45	0.45	0	0	0.52
260900	0.52	0.45	0.45	0	0	0.52
261000	0.52	0.45	0.45	0	0	0.52
261100	0.52	0.45	0.45	0	0	0.52
261200	0.52	0.45	0.45	0	0	0.52
261300	0.52	0.45	0.45	0	0	0.52
261400	0.52	0.45	0.45	0	0	0.52
261500	0.52	0.45	0.45	0	0	0.52
261600	0.52	0.45	0.45	0	0	0.52
261700	0.52	0.45	0.45	0	0	0.52
261800	0.52	0.45	0.45	0	0	0.52
261900	0.52	0.45	0.45	0	0	0.52
262000	0.52	0.45	0.45	0	0	0.52
262100	0.52	0.45	0.45	0	0	0.52
262200	0.52	0.45	0.45	0	0	0.52
262300	0.52	0.45	0.45	0	0	0.52
262400	0.52	0.45	0.45	0	0	0.52
262500	0.52	0.45	0.45	0	0	0.52
262600	0.52	0.45	0.45	0	0	0.52
262700	0.52	0.45	0.45	0	0	0.52
262800	0.52	0.45	0.45	0	0	0.52
262900	0.52	0.45	0.45	0	0	0.52
263000	0.52	0.45	0.45	0	0	0.52
263100	0.52	0.45	0.45	0	0	0.52
263200	0.52	0.45	0.45	0	0	0.52
263300	0.52	0.45	0.45	0	0	0.52
263400	0.52	0.45	0.45	0	0	0.52
263500	0.52	0.45	0.45	0	0	0.52
263600	0.52	0.45	0.45	0	0	0.52
263700	0.52	0.45	0.45	0	0	0.52
263800	0.52	0.45	0.45	0	0	0.52
263900	0.52	0.45	0.45	0	0	0.52
264000	0.52	0.45	0.45	0	0	0.52
264100	0.52	0.45	0.45	0	0	0.52
264200	0.52	0.45	0.45	0	0	0.52
264300	0.52	0.45	0.45	0	0	0.52
264400	0.52	0.45	0.45	0	0	0.52
264500	0.52	0.45	0.45	0	0	0.52
264600	0.52	0.45	0.45	0	0	0.52
264700	0.51	0.45	0.45	0	0	0.51
264800	0.52	0.45	0.45	0	0	0.52
264900	0.52	0.45	0.45	0	0	0.52
265000	0.52	0.45	0.45	0	0	0.52
265100	0.51	0.45	0.45	0	0	0.51
265200	0.51	0.44	0.44	0	0	0.51
265300	0.51	0.44	0.44	0	0	0.51
265400	0.51	0.44	0.44	0	0	0.51
265500	0.51	0.44	0.44	0	0	0.51
265600	0.51	0.44	0.44	0	0	0.51
265700	0.51	0.45	0.45	0	0	0.51
265800	0.51	0.45	0.45	0	0	0.51
265900	0.51	0.45	0.45	0	0	0.51
266000	0.51	0.45	0.45	0	0	0.51
266100	0.51	0.45	0.45	0	0	0.51
266200	0.51	0.45	0.45	0	0	0.51
266300	0.51	0.46	0.46	0	0	0.51
266400	0.51	0.46	0.46	0	0	0.51
266500	0.51	0.46	0.46	0	0	0.51
266600	0.51	0.45	0.45	0	0	0.51
266700	0.51	0.45	0.45	0	0	0.51
266800	0.51	0.45	0.45	0	0	0.51
266900	0.51	0.45	0.45	0	0	0.51
267000	0.51	0.45	0.45	0	0	0.51
267100	0.51	0.45	0.45	0	0	0.51
267200	0.51	0.45	0.45	0	0	0.51
267300	0.51	0.45	0.45	0	0	0.51
267400	0.51	0.45	0.45	0	0	0.51
267500	0.51	0.45	0.45	0	0	0.51
267600	0.51	0.45	0.45	0	0	0.51
267700	0.51	0.45	0.45	0	0	0.51
267800	0.51	0.45	0.45	0	0	0.51
267900	0.51	0.45	0.45	0	0	0.51
268000	0.51	0.45	0.45	0	0	0.51
268100	0.51	0.45	0.45	0	0	0.51
268200	0.51	0.45	0.45	0	0	0.51
268300	0.51	0.46	0.46	0	0	0.51
268400	0.51	0.46	0.46	0	0	0.51
268500	0.51	0.45	0.45	0	0	0.51
268600	0.51	0.45	0.45	0	0	0.51
268700	0.51	0.45	0.45	0	0	0.51
268800	0.51	0.45	0.45	0	0	0.51
268900	0.51	0.45	0.45	0	0	0.51
269000	0.51	0.45	0.45	0	0	0.51
269100	0.51	0.45	0.45	0	0	0.51
269200	0.51	0.45	0.45	0	0	0.51
269300	0.51	0.45	0.45	0	0	0.51
269400	0.51	0.45	0.45	0	0	0.51
269500	0.51	0.45	0.45	0	0	0.51
269600	0.51	0.45	0.45	0	0	0.51
269700	0.51	0.45	0.45	0	0	0.51
269800	0.52	0.45	0.45	0	0	0.52
269900	0.52	0.45	0.45	0	0	0.52
270000	0.51	0.45	0.45	0	0	0.51
270100	0.51	0.45	0.45	0	0	0.51
270200	0.51	0.45	0.45	0	0	0.51
270300	0.51	0.45	0.45	0	0	0.51
270400	0.51	0.45	0.45	0	0	0.51
270500	0.51	0.45	0.45	0	0	0.51
270600	0.51	0.45	0.45	0	0	0.51
270700	0.51	0.45	0.45	0	0	0.51
270800	0.51	0.45	0.45	0	0	0.51
270900	0.51	0.45	0.45	0	0	0.51
271000	0.51	0.45	0.45	0	0	0.51
271100	0.51	0.45	0.45	0	0	0.51
271200	0.51	0.45	0.45	0	0	0.51
271300	0.51	0.45	0.45	0	0	0.51
271400	0.51	0.45	0.45	0	0	0.51
271500	0.51	0.45	0.45	0	0	0.51
271600	0.51	0.45	0.45	0	0	0.51
271700	0.51	0.45	0.45	0	0	0.51
271800	0.51	0.45	0.45	0	0	0.51
271900	0.51	0.45	0.45	0	0	0.51
272000	0.51	0.45	0.45	0	0	0.51
272100	0.51	0.45	0.45	0	0	0.51
272200	0.51	0.45	0.45	0	0	0.51
272300	0.51	0.45	0.45	0	0	0.51
272400	0.51	0.45	0.45	0	0	0.51
272500	0.52	0.45	0.45	0	0	0.52
272600	0.52	0.45	0.45	0	0	0.52
272700	0.52	0.45	0.45	0	0	0.52
272800	0.52	0.45	0.45	0	0	0.52
272900	0.52	0.45	0.45	0	0	0.52
273000	0.52	0.45	0.45	0	0	0.52
273100	0.52	0.45	0.45	0	0	0.52
273200	0.52	0.45	0.45	0	0	0.52
273300	0.52	0.45	0.45	0	0	0.52
273400	0.52	0.45	0.45	0	0	0.52
273500	0.52	0.45	0.45	0	0	0.52
273600	0.52	0.45	0.45	0	0	0.52
273700	0.52	0.45	0.45	0	0	0.52
273800	0.52	0.45	0.45	0	0	0.52
273900	0.52	0.45	0.45	0	0	0.52
274000	0.52	0.45	0.45	0	0	0.52
274100	0.52	0.45	0.45	0	0	0.52
274200	0.52	0.45	0.45	0	0	0.52
274300	0.53	0.45	0.45	0	0	0.53
274400	0.53	0.45	0.45	0	0	0.53
274500	0.53	0.45	0.45	0	0	0.53
274600	0.53	0.45	0.45	0	0	0.53
274700	0.53	0.45	0.45	0	0	0.53
274800	0.53	0.45	0.45	0	0	0.53
274900	0.53	0.45	0.45	0	0	0.53
275000	0.53	0.45	0.45	0	0	0.53
275100	0.53	0.45	0.45	0	0	0.53
275200	0.53	0.45	0.45	0	0	0.53
275300	0.54	0.45	0.45	0	0	0.54
275400	0.53	0.45	0.45	0	0	0.53
275500	0.53	0.45	0.45	0	0	0.53
275600	0.53	0.45	0.45	0	0	0.53
275700	0.53	0.45	0.45	0	0	0.53
275800	0.53	0.45	0.45	0	0	0.53
275900	0.53	0.45	0.45	0	0	0.53
276000	0.53	0.45	0.45	0	0	0.53
276100	0.53	0.45	0.45	0	0	0.53
276200	0.53	0.45	0.45	0	0	0.53
276300	0.53	0.45	0.45	0	0	0.53
276400	0.53	0.45	0.45	0	0	0.53
276500	0.53	0.45	0.45	0	0	0.53
276600	0.53	0.45	0.45	0	0	0.53
276700	0.53	0.45	0.45	0	0	0.53
276800	0.52	0.45	0.45	0	0	0.52
276900	0.52	0.45	0.45	0	0	0.52
277000	0.52	0.45	0.45	0	0	0.52
277100	0.52	0.46	0.46	0	0	0.52
277200	0.52	0.46	0.46	0	0	0.52
277300	0.52	0.45	0.45	0	0	0.52
277400	0.52	0.45	0.45	0	0	0.52
277500	0.52	0.45	0.45	0	0	0.52
277600	0.51	0.45	0.45	0	0	0.51
277700	0.51	0.45	0.45	0	0	0.51
277800	0.51	0.45	0.45	0	0	0.51
277900	0.51	0.45	0.45	0	0	0.51
278000	0.51	0.45	0.45	0	0	0.51
278100	0.51	0.45	0.45	0	0	0.51
278200	0.51	0.45	0.45	0	0	0.51
278300	0.51	0.45	0.45	0	0	0.51
278400	0.51	0.45	0.45	0	0	0.51
278500	0.51	0.45	0.45	0	0	0.51
278600	0.51	0.45	0.45	0	0	0.51
278700	0.51	0.45	0.45	0	0	0.51
278800	0.51	0.46	0.46	0	0	0.51
278900	0.51	0.46	0.46	0	0	0.51
279000	0.51	0.46	0.46	0	0	0.51
279100	0.51	0.46	0.46	0	0	0.51
279200	0.51	0.46	0.46	0	0	0.51
279300	0.51	0.46	0.46	0	0	0.51
279400	0.51	0.46	0.46	0	0	0.51
279500	0.51	0.46	0.46	0	0	0.51
279600	0.51	0.46	0.46	0	0	0.51
279700	0.51	0.46	0.46	0	0	0.51
279800	0.51	0.46	0.46	0	0	0.51
279900	0.51	0.46	0.46	0	0	0.51
280000	0.51	0.46	0.46	0	0	0.51
280100	0.51	0.46	0.46	0	0	0.51
280200	0.51	0.46	0.46	0	0	0.51
280300	0.51	0.46	0.46	0	0	0.51
280400	0.51	0.46	0.46	0	0	0.51
280500	0.52	0.46	0.46	0	0	0.52
280600	0.52	0.46	0.46	0	0	0.52
280700	0.52	0.46	0.46	0	0	0.52
280800	0.52	0.46	0.46	0	0	0.52
280900	0.52	0.46	0.46	0	0	0.52
281000	0.52	0.46	0.46	0	0	0.52
281100	0.52	0.46	0.46	0	0	0.52
281200	0.52	0.46	0.46	0	0	0.52
281300	0.52	0.46	0.46	0	0	0.52
281400	0.52	0.46	0.46	0	0	0.52
281500	0.52	0.46	0.46	0	0	0.52
281600	0.52	0.46	0.46	0	0	0.52
281700	0.52	0.46	0.46	0	0	0.52
281800	0.52	0.46	0.46	0	0	0.52
281900	0.52	0.46	0.46	0	0	0.52
282000	0.52	0.46	0.46	0	0	0.52
282100	0.52	0.46	0.46	0	0	0.52
282200	0.52	0.46	0.46	0	0	0.52
282300	0.52	0.46	0.46	0	0	0.52
282400	0.52	0.46	0.46	0	0	0.52
282500	0.52	0.46	0.46	0	0	0.52
282600	0.52	0.46	0.46	0	0	0.52
282700	0.52	0.46	0.46	0	0	0.52
282800	0.52	0.46	0.46	0	0	0.52
282900	0.52	0.46	0.46	0	0	0.52
283000	0.52	0.46	0.46	0	0	0.52
283100	0.52	0.46	0.46	0	0	0.52
283200	0.52	0.46	0.46	0	0	0.52
283300	0.52	0.46	0.46	0	0	0.52
283400	0.52	0.46	0.46	0	0	0.52
283500	0.52	0.46	0.46	0	0	0.52
283600	0.52	0.46	0.46	0	0	0.52
283700	0.52	0.46	0.46	0	0	0.52
283800	0.52	0.46	0.46	0	0	0.52
283900	0.52	0.46	0.46	0	0	0.52
284000	0.52	0.46	0.46	0	0	0.52
284100	0.52	0.46	0.46	0	0	0.52
284200	0.52	0.46	0.46	0	0	0.52
284300	0.52	0.46	0.46	0	0	0.52
284400	0.52	0.46	0.46	0	0	0.52
284500	0.52	0.46	0.46	0	0	0.52
284600	0.52	0.46	0.46	0	0	0.52
284700	0.52	0.46	0.46	0	0	0.52
284800	0.52	0.46	0.46	0	0	0.52
284900	0.52	0.46	0.46	0	0	0.52
285000	0.52	0.46	0.46	0	0	0.52
285100	0.52	0.46	0.46	0	0	0.52
285200	0.52	0.46	0.46	0	0	0.52
285300	0.52	0.46	0.46	0	0	0.52
285400	0.52	0.46	0.46	0	0	0.52
285500	0.52	0.46	0.46	0	0	0.52
285600	0.52	0.46	0.46	0	0	0.52
285700	0.52	0.46	0.46	0	0	0.52
285800	0.52	0.46	0.46	0	0	0.52
285900	0.52	0.46	0.46	0	0	0.52
286000	0.52	0.46	0.46	0	0	0.52
286100	0.52	0.46	0.46	0	0	0.52
286200	0.52	0.46	0.46	0	0	0.52
286300	0.52	0.46	0.46	0	0	0.52
286400	0.52	0.46	0.46	0	0	0.52
286500	0.52	0.46	0.46	0	0	0.52
286600	0.52	0.46	0.46	0	0	0.52
286700	0.53	0.46	0.46	0	0	0.53
286800	0.53	0.46	0.46	0	0	0.53
286900	0.53	0.46	0.46	0	0	0.53
287000	0.53	0.46	0.46	0	0	0.53
287100	0.53	0.46	0.46	0	0	0.53
287200	0.53	0.46	0.46	0	0	0.53
287300	0.53	0.46	0.46	0	0	0.53
287400	0.53	0.46	0.46	0	0	0.53
287500	0.53	0.46	0.46	0	0	0.53
287600	0.53	0.46	0.46	0	0	0.53
287700	0.53	0.46	0.46	0	0	0.53
287800	0.53	0.46	0.46	0	0	0.53
287900	0.53	0.46	0.46	0	0	0.53
288000	0.53	0.46	0.46	0	0	0.53
288100	0.53	0.46	0.46	0	0	0.53
288200	0.53	0.46	0.46	0	0	0.53
288300	0.53	0.46	0.46	0	0	0.53
288400	0.53	0.46	0.46	0	0	0.53
288500	0.53	0.46	0.46	0	0	0.53
288600	0.53	0.46	0.46	0	0	0.53
288700	0.53	0.46	0.46	0	0	0.53
288800	0.53	0.46	0.46	0	0	0.53
288900	0.53	0.46	0.46	0	0	0.53
289000	0.53	0.46	0.46	0	0	0.53
289100	0.53	0.46	0.46	0	0	0.53
289200	0.53	0.46	0.46	0	0	0.53
289300	0.53	0.46	0.46	0	0	0.53
289400	0.53	0.46	0.46	0	0	0.53
289500	0.53	0.46	0.46	0	0	0.53
289600	0.53	0.46	0.46	0	0	0.53
289700	0.53	0.46	0.46	0	0	0.53
289800	0.53	0.46	0.46	0	0	0.53
289900	0.53	0.46	0.46	0	0	0.53
290000	0.53	0.46	0.46	0	0	0.53
290100	0.53	0.46	0.46	0	0	0.53
290200	0.53	0.46	0.46	0	0	0.53
290300	0.53	0.46	0.46	0	0	0.53
290400	0.53	0.46	0.46	0	0	0.53
290500	0.53	0.45	0.45	0	0	0.53
290600	0.53	0.45	0.45	0	0	0.53
290700	0.53	0.45	0.45	0	0	0.53
290800	0.53	0.45	0.45	0	0	0.53
290900	0.53	0.45	0.45	0	0	0.53
291000	0.53	0.45	0.45	0	0	0.53
291100	0.53	0.45	0.45	0	0	0.53
291200	0.53	0.45	0.45	0	0	0.53
291300	0.53	0.45	0.45	0	0	0.53
291400	0.53	0.45	0.45	0	0	0.53
291500	0.53	0.45	0.45	0	0	0.53
291600	0.53	0.45	0.45	0	0	0.53
291700	0.53	0.45	0.45	0	0	0.53
291800	0.53	0.45	0.45	0	0	0.53
291900	0.53	0.45	0.45	0	0	0.53
292000	0.53	0.45	0.45	0	0	0.53
292100	0.53	0.45	0.45	0	0	0.53
292200	0.53	0.45	0.45	0	0	0.53
292300	0.53	0.45	0.45	0	0	0.53
292400	0.53	0.45	0.45	0	0	0.53
292500	0.53	0.45	0.45	0	0	0.53
292600	0.52	0.45	0.45	0	0	0.52
292700	0.52	0.45	0.45	0	0	0.52
292800	0.52	0.45	0.45	0	0	0.52
292900	0.52	0.45	0.45	0	0	0.52
293000	0.52	0.45	0.45	0	0	0.52
293100	0.52	0.45	0.45	0	0	0.52
293200	0.52	0.45	0.45	0	0	0.52
293300	0.52	0.45	0.45	0	0	0.52
293400	0.52	0.45	0.45	0	0	0.52
293500	0.52	0.46	0.46	0	0	0.52
293600	0.52	0.46	0.46	0	0	0.52
293700	0.52	0.46	0.46	0	0	0.52
293800	0.52	0.46	0.46	0	0	0.52
293900	0.52	0.46	0.46	0	0	0.52
294000	0.52	0.46	0.46	0	0	0.52
294100	0.52	0.46	0.46	0	0	0.52
294200	0.52	0.46	0.46	0	0	0.52
294300	0.52	0.46	0.46	0	0	0.52
294400	0.52	0.46	0.46	0	0	0.52
294500	0.52	0.46	0.46	0	0	0.52
294600	0.52	0.46	0.46	0	0	0.52
294700	0.52	0.46	0.46	0	0	0.52
294800	0.52	0.46	0.46	0	0	0.52
294900	0.52	0.46	0.46	0	0	0.52
295000	0.52	0.46	0.46	0	0	0.52
295100	0.52	0.46	0.46	0	0	0.52
295200	0.52	0.46	0.46	0	0	0.52
295300	0.52	0.46	0.46	0	0	0.52
295400	0.52	0.46	0.46	0	0	0.52
295500	0.52	0.46	0.46	0	0	0.52
295600	0.52	0.46	0.46	0	0	0.52
295700	0.52	0.46	0.46	0	0	0.52
295800	0.52	0.46	0.46	0	0	0.52
295900	0.52	0.46	0.46	0	0	0.52
296000	0.52	0.46	0.46	0	0	0.52
296100	0.52	0.46	0.46	0	0	0.52
296200	0.52	0.46	0.46	0	0	0.52
296300	0.52	0.45	0.45	0	0	0.52
296400	0.52	0.45	0.45	0	0	0.52
296500	0.52	0.45	0.45	0	0	0.52
296600	0.52	0.45	0.45	0	0	0.52
296700	0.52	0.45	0.45	0	0	0.52
296800	0.52	0.45	0.45	0	0	0.52
296900	0.52	0.45	0.45	0	0	0.52
297000	0.52	0.45	0.45	0	0	0.52
297100	0.52	0.45	0.45	0	0	0.52
297200	0.52	0.45	0.45	0	0	0.52
297300	0.52	0.45	0.45	0	0	0.52
297400	0.52	0.45	0.45	0	0	0.52
297500	0.52	0.45	0.45	0	0	0.52
297600	0.52	0.45	0.45	0	0	0.52
297700	0.52	0.45	0.45	0	0	0.52
297800	0.52	0.45	0.45	0	0	0.52
297900	0.52	0.45	0.45	0	0	0.52
298000	0.52	0.45	0.45	0	0	0.52
298100	0.52	0.45	0.45	0	0	0.52
298200	0.52	0.45	0.45	0	0	0.52
298300	0.52	0.45	0.45	0	0	0.52
298400	0.52	0.45	0.45	0	0	0.52
298500	0.52	0.45	0.45	0	0	0.52
298600	0.52	0.45	0.45	0	0	0.52
298700	0.52	0.45	0.45	0	0	0.52
298800	0.52	0.45	0.45	0	0	0.52
298900	0.52	0.45	0.45	0	0	0.52
299000	0.52	0.45	0.45	0	0	0.52
299100	0.52	0.45	0.45	0	0	0.52
299200	0.52	0.45	0.45	0	0	0.52
299300	0.52	0.45	0.45	0	0	0.52
299400	0.52	0.45	0.45	0	0	0.52
299500	0.52	0.45	0.45	0	0	0.52
299600	0.52	0.45	0.45	0	0	0.52
299700	0.52	0.45	0.45	0	0	0.52
299800	0.52	0.45	0.45	0	0	0.52
299900	0.52	0.45	0.45	0	0	0.52
300000	0.52	0.45	0.45	0	0	0.52
300100	0.52	0.45	0.45	0	0	0.52
300200	0.52	0.45	0.45	0	0	0.52
300300	0.52	0.45	0.45	0	0	0.52
