100	0.09	0.09	0.09	0	0	0.09
200	0.08	0.09	0.09	0	0	0.08
300	0.08	0.07	0.07	0	0	0.08
400	0.09	0.07	0.07	0	0	0.09
500	0.1	0.07	0.07	0	0	0.1
600	0.06	0.06	0.06	0	0	0.06
700	0.05	0.06	0.06	0	0	0.05
800	0.04	0.06	0.06	0	0	0.04
900	0.05	0.05	0.05	0	0	0.05
1000	0.05	0.05	0.05	0	0	0.05
1100	0.06	0.05	0.05	0	0	0.06
1200	0.07	0.07	0.07	0	0	0.07
1300	0.07	0.07	0.07	0	0	0.07
1400	0.07	0.07	0.07	0	0	0.07
1500	0.08	0.07	0.07	0	0	0.08
1600	0.09	0.07	0.07	0	0	0.09
1700	0.09	0.07	0.07	0	0	0.09
1800	0.1	0.07	0.07	0	0	0.1
1900	0.1	0.06	0.06	0	0	0.1
2000	0.1	0.06	0.06	0	0	0.1
2100	0.09	0.07	0.07	0	0	0.09
2200	0.08	0.07	0.07	0	0	0.08
2300	0.09	0.06	0.06	0	0	0.09
2400	0.1	0.06	0.06	0	0	0.1
2500	0.07	0.06	0.06	0	0	0.07
2600	0.06	0.06	0.06	0	0	0.06
2700	0.06	0.07	0.07	0	0	0.06
2800	0.07	0.09	0.09	0	0	0.07
2900	0.08	0.08	0.08	0	0	0.08
3000	0.07	0.08	0.08	0	0	0.07
3100	0.07	0.08	0.08	0	0	0.07
3200	0.07	0.09	0.09	0	0	0.07
3300	0.08	0.1	0.1	0	0	0.08
3400	0.1	0.09	0.09	0	0	0.1
3500	0.1	0.09	0.09	0	0	0.1
3600	0.11	0.09	0.09	0	0	0.11
3700	0.11	0.08	0.08	0	0	0.11
3800	0.13	0.08	0.08	0	0	0.13
3900	0.12	0.06	0.06	0	0	0.12
4000	0.12	0.06	0.06	0	0	0.12
4100	0.12	0.07	0.07	0	0	0.12
4200	0.12	0.08	0.08	0	0	0.12
4300	0.13	0.08	0.08	0	0	0.13
4400	0.14	0.07	0.07	0	0	0.14
4500	0.14	0.07	0.07	0	0	0.14
4600	0.14	0.08	0.08	0	0	0.14
4700	0.13	0.08	0.08	0	0	0.13
4800	0.14	0.09	0.09	0	0	0.14
4900	0.12	0.08	0.08	0	0	0.12
5000	0.12	0.09	0.09	0	0	0.12
5100	0.11	0.09	0.09	0	0	0.11
5200	0.11	0.08	0.08	0	0	0.11
5300	0.1	0.08	0.08	0	0	0.1
5400	0.1	0.08	0.08	0	0	0.1
5500	0.07	0.08	0.08	0	0	0.07
5600	0.05	0.08	0.08	0	0	0.05
5700	0.05	0.06	0.06	0	0	0.05
5800	0.05	0.06	0.06	0	0	0.05
5900	0.05	0.06	0.06	0	0	0.05
6000	0.07	0.08	0.08	0	0	0.07
6100	0.08	0.08	0.08	0	0	0.08
6200	0.09	0.08	0.08	0	0	0.09
6300	0.09	0.08	0.08	0	0	0.09
6400	0.11	0.1	0.1	0	0	0.11
6500	0.09	0.1	0.1	0	0	0.09
6600	0.1	0.1	0.1	0	0	0.1
6700	0.1	0.09	0.09	0	0	0.1
6800	0.11	0.08	0.08	0	0	0.11
6900	0.11	0.08	0.08	0	0	0.11
7000	0.12	0.09	0.09	0	0	0.12
7100	0.13	0.1	0.1	0	0	0.13
7200	0.13	0.11	0.11	0	0	0.13
7300	0.13	0.1	0.1	0	0	0.13
7400	0.12	0.1	0.1	0	0	0.12
7500	0.12	0.11	0.11	0	0	0.12
7600	0.11	0.1	0.1	0	0	0.11
7700	0.12	0.1	0.1	0	0	0.12
7800	0.09	0.11	0.11	0	0	0.09
7900	0.08	0.11	0.11	0	0	0.08
8000	0.09	0.12	0.12	0	0	0.09
8100	0.09	0.11	0.11	0	0	0.09
8200	0.09	0.09	0.09	0	0	0.09
8300	0.1	0.1	0.1	0	0	0.1
8400	0.09	0.09	0.09	0	0	0.09
8500	0.09	0.1	0.1	0	0	0.09
8600	0.09	0.11	0.11	0	0	0.09
8700	0.08	0.1	0.1	0	0	0.08
8800	0.09	0.09	0.09	0	0	0.09
8900	0.09	0.09	0.09	0	0	0.09
9000	0.1	0.09	0.09	0	0	0.1
9100	0.1	0.09	0.09	0	0	0.1
9200	0.1	0.1	0.1	0	0	0.1
9300	0.1	0.12	0.12	0	0	0.1
9400	0.09	0.12	0.12	0	0	0.09
9500	0.09	0.12	0.12	0	0	0.09
9600	0.1	0.12	0.12	0	0	0.1
9700	0.11	0.13	0.13	0	0	0.11
9800	0.09	0.13	0.13	0	0	0.09
9900	0.09	0.15	0.15	0	0	0.09
10000	0.09	0.16	0.16	0	0	0.09
10100	0.09	0.15	0.15	0	0	0.09
10200	0.08	0.14	0.14	0	0	0.08
10300	0.08	0.13	0.13	0	0	0.08
10400	0.08	0.14	0.14	0	0	0.08
10500	0.07	0.13	0.13	0	0	0.07
10600	0.07	0.15	0.15	0	0	0.07
10700	0.08	0.15	0.15	0	0	0.08
10800	0.08	0.15	0.15	0	0	0.08
10900	0.08	0.16	0.16	0	0	0.08
11000	0.08	0.16	0.16	0	0	0.08
11100	0.08	0.17	0.17	0	0	0.08
11200	0.07	0.17	0.17	0	0	0.07
11300	0.07	0.18	0.18	0	0	0.07
11400	0.05	0.17	0.17	0	0	0.05
11500	0.08	0.17	0.17	0	0	0.08
11600	0.1	0.18	0.18	0	0	0.1
11700	0.11	0.18	0.18	0	0	0.11
11800	0.1	0.18	0.18	0	0	0.1
11900	0.09	0.17	0.17	0	0	0.09
12000	0.08	0.17	0.17	0	0	0.08
12100	0.08	0.17	0.17	0	0	0.08
12200	0.08	0.18	0.18	0	0	0.08
12300	0.08	0.18	0.18	0	0	0.08
12400	0.09	0.2	0.2	0	0	0.09
12500	0.08	0.22	0.22	0	0	0.08
12600	0.09	0.23	0.23	0	0	0.09
12700	0.09	0.2	0.2	0	0	0.09
12800	0.08	0.19	0.19	0	0	0.08
12900	0.08	0.19	0.19	0	0	0.08
13000	0.09	0.2	0.2	0	0	0.09
13100	0.08	0.19	0.19	0	0	0.08
13200	0.08	0.2	0.2	0	0	0.08
13300	0.08	0.2	0.2	0	0	0.08
13400	0.05	0.19	0.19	0	0	0.05
13500	0.05	0.19	0.19	0	0	0.05
13600	0.05	0.2	0.2	0	0	0.05
13700	0.05	0.2	0.2	0	0	0.05
13800	0.06	0.2	0.2	0	0	0.06
13900	0.07	0.2	0.2	0	0	0.07
14000	0.07	0.17	0.17	0	0	0.07
14100	0.07	0.16	0.16	0	0	0.07
14200	0.07	0.16	0.16	0	0	0.07
14300	0.06	0.16	0.16	0	0	0.06
14400	0.06	0.15	0.15	0	0	0.06
14500	0.07	0.15	0.15	0	0	0.07
14600	0.07	0.15	0.15	0	0	0.07
14700	0.07	0.16	0.16	0	0	0.07
14800	0.07	0.16	0.16	0	0	0.07
14900	0.09	0.15	0.15	0	0	0.09
15000	0.09	0.14	0.14	0	0	0.09
15100	0.08	0.16	0.16	0	0	0.08
15200	0.08	0.15	0.15	0	0	0.08
15300	0.08	0.14	0.14	0	0	0.08
15400	0.08	0.15	0.15	0	0	0.08
15500	0.07	0.13	0.13	0	0	0.07
15600	0.08	0.13	0.13	0	0	0.08
15700	0.07	0.13	0.13	0	0	0.07
15800	0.07	0.13	0.13	0	0	0.07
15900	0.08	0.14	0.14	0	0	0.08
16000	0.07	0.14	0.14	0	0	0.07
16100	0.07	0.14	0.14	0	0	0.07
16200	0.08	0.16	0.16	0	0	0.08
16300	0.1	0.15	0.15	0	0	0.1
16400	0.1	0.14	0.14	0	0	0.1
16500	0.11	0.13	0.13	0	0	0.11
16600	0.11	0.13	0.13	0	0	0.11
16700	0.1	0.12	0.12	0	0	0.1
16800	0.1	0.11	0.11	0	0	0.1
16900	0.09	0.11	0.11	0	0	0.09
17000	0.11	0.11	0.11	0	0	0.11
17100	0.09	0.13	0.13	0	0	0.09
17200	0.08	0.12	0.12	0	0	0.08
17300	0.08	0.13	0.13	0	0	0.08
17400	0.07	0.13	0.13	0	0	0.07
17500	0.08	0.14	0.14	0	0	0.08
17600	0.08	0.12	0.12	0	0	0.08
17700	0.08	0.1	0.1	0	0	0.08
17800	0.08	0.11	0.11	0	0	0.08
17900	0.1	0.1	0.1	0	0	0.1
18000	0.1	0.12	0.12	0	0	0.1
18100	0.11	0.11	0.11	0	0	0.11
18200	0.11	0.11	0.11	0	0	0.11
18300	0.11	0.11	0.11	0	0	0.11
18400	0.12	0.09	0.09	0	0	0.12
18500	0.12	0.09	0.09	0	0	0.12
18600	0.11	0.09	0.09	0	0	0.11
18700	0.12	0.09	0.09	0	0	0.12
18800	0.11	0.09	0.09	0	0	0.11
18900	0.1	0.09	0.09	0	0	0.1
19000	0.12	0.09	0.09	0	0	0.12
19100	0.14	0.1	0.1	0	0	0.14
19200	0.14	0.1	0.1	0	0	0.14
19300	0.15	0.1	0.1	0	0	0.15
19400	0.15	0.1	0.1	0	0	0.15
19500	0.12	0.11	0.11	0	0	0.12
19600	0.12	0.1	0.1	0	0	0.12
19700	0.12	0.1	0.1	0	0	0.12
19800	0.12	0.1	0.1	0	0	0.12
19900	0.12	0.1	0.1	0	0	0.12
20000	0.13	0.1	0.1	0	0	0.13
20100	0.12	0.09	0.09	0	0	0.12
20200	0.12	0.1	0.1	0	0	0.12
20300	0.13	0.09	0.09	0	0	0.13
20400	0.14	0.09	0.09	0	0	0.14
20500	0.14	0.1	0.1	0	0	0.14
20600	0.13	0.11	0.11	0	0	0.13
20700	0.13	0.1	0.1	0	0	0.13
20800	0.13	0.09	0.09	0	0	0.13
20900	0.12	0.1	0.1	0	0	0.12
21000	0.12	0.1	0.1	0	0	0.12
21100	0.13	0.1	0.1	0	0	0.13
21200	0.11	0.09	0.09	0	0	0.11
21300	0.11	0.1	0.1	0	0	0.11
21400	0.08	0.1	0.1	0	0	0.08
21500	0.07	0.1	0.1	0	0	0.07
21600	0.07	0.1	0.1	0	0	0.07
21700	0.06	0.09	0.09	0	0	0.06
21800	0.05	0.09	0.09	0	0	0.05
21900	0.05	0.09	0.09	0	0	0.05
22000	0.07	0.1	0.1	0	0	0.07
22100	0.08	0.1	0.1	0	0	0.08
22200	0.08	0.1	0.1	0	0	0.08
22300	0.08	0.09	0.09	0	0	0.08
22400	0.07	0.11	0.11	0	0	0.07
22500	0.06	0.11	0.11	0	0	0.06
22600	0.07	0.1	0.1	0	0	0.07
22700	0.09	0.1	0.1	0	0	0.09
22800	0.06	0.1	0.1	0	0	0.06
22900	0.06	0.13	0.13	0	0	0.06
23000	0.06	0.14	0.14	0	0	0.06
23100	0.05	0.14	0.14	0	0	0.05
23200	0.04	0.14	0.14	0	0	0.04
23300	0.04	0.13	0.13	0	0	0.04
23400	0.05	0.13	0.13	0	0	0.05
23500	0.05	0.14	0.14	0	0	0.05
23600	0.07	0.14	0.14	0	0	0.07
23700	0.07	0.14	0.14	0	0	0.07
23800	0.08	0.14	0.14	0	0	0.08
23900	0.09	0.14	0.14	0	0	0.09
24000	0.08	0.14	0.14	0	0	0.08
24100	0.08	0.13	0.13	0	0	0.08
24200	0.08	0.12	0.12	0	0	0.08
24300	0.09	0.12	0.12	0	0	0.09
24400	0.09	0.11	0.11	0	0	0.09
24500	0.09	0.11	0.11	0	0	0.09
24600	0.1	0.1	0.1	0	0	0.1
24700	0.12	0.12	0.12	0	0	0.12
24800	0.11	0.12	0.12	0	0	0.11
24900	0.12	0.12	0.12	0	0	0.12
25000	0.09	0.11	0.11	0	0	0.09
25100	0.08	0.11	0.11	0	0	0.08
25200	0.08	0.1	0.1	0	0	0.08
25300	0.1	0.1	0.1	0	0	0.1
25400	0.1	0.1	0.1	0	0	0.1
25500	0.1	0.1	0.1	0	0	0.1
25600	0.11	0.1	0.1	0	0	0.11
25700	0.1	0.1	0.1	0	0	0.1
25800	0.1	0.1	0.1	0	0	0.1
25900	0.1	0.1	0.1	0	0	0.1
26000	0.1	0.11	0.11	0	0	0.1
26100	0.09	0.1	0.1	0	0	0.09
26200	0.08	0.1	0.1	0	0	0.08
26300	0.08	0.1	0.1	0	0	0.08
26400	0.09	0.1	0.1	0	0	0.09
26500	0.09	0.1	0.1	0	0	0.09
26600	0.08	0.11	0.11	0	0	0.08
26700	0.07	0.11	0.11	0	0	0.07
26800	0.09	0.11	0.11	0	0	0.09
26900	0.1	0.11	0.11	0	0	0.1
27000	0.11	0.12	0.12	0	0	0.11
27100	0.1	0.12	0.12	0	0	0.1
27200	0.1	0.14	0.14	0	0	0.1
27300	0.1	0.13	0.13	0	0	0.1
27400	0.1	0.13	0.13	0	0	0.1
27500	0.09	0.13	0.13	0	0	0.09
27600	0.1	0.15	0.15	0	0	0.1
27700	0.09	0.14	0.14	0	0	0.09
27800	0.09	0.14	0.14	0	0	0.09
27900	0.09	0.13	0.13	0	0	0.09
28000	0.11	0.13	0.13	0	0	0.11
28100	0.1	0.14	0.14	0	0	0.1
28200	0.11	0.13	0.13	0	0	0.11
28300	0.11	0.13	0.13	0	0	0.11
28400	0.12	0.13	0.13	0	0	0.12
28500	0.12	0.12	0.12	0	0	0.12
28600	0.11	0.12	0.12	0	0	0.11
28700	0.11	0.12	0.12	0	0	0.11
28800	0.11	0.12	0.12	0	0	0.11
28900	0.1	0.12	0.12	0	0	0.1
29000	0.1	0.12	0.12	0	0	0.1
29100	0.1	0.12	0.12	0	0	0.1
29200	0.1	0.1	0.1	0	0	0.1
29300	0.1	0.1	0.1	0	0	0.1
29400	0.1	0.12	0.12	0	0	0.1
29500	0.1	0.12	0.12	0	0	0.1
29600	0.11	0.13	0.13	0	0	0.11
29700	0.12	0.13	0.13	0	0	0.12
29800	0.13	0.13	0.13	0	0	0.13
29900	0.13	0.14	0.14	0	0	0.13
30000	0.13	0.13	0.13	0	0	0.13
30100	0.13	0.11	0.11	0	0	0.13
30200	0.14	0.11	0.11	0	0	0.14
30300	0.14	0.11	0.11	0	0	0.14
30400	0.14	0.11	0.11	0	0	0.14
30500	0.14	0.11	0.11	0	0	0.14
30600	0.14	0.12	0.12	0	0	0.14
30700	0.14	0.13	0.13	0	0	0.14
30800	0.17	0.13	0.13	0	0	0.17
30900	0.16	0.12	0.12	0	0	0.16
31000	0.16	0.11	0.11	0	0	0.16
31100	0.18	0.12	0.12	0	0	0.18
31200	0.17	0.11	0.11	0	0	0.17
31300	0.15	0.12	0.12	0	0	0.15
31400	0.15	0.13	0.13	0	0	0.15
31500	0.15	0.13	0.13	0	0	0.15
31600	0.15	0.12	0.12	0	0	0.15
31700	0.16	0.13	0.13	0	0	0.16
31800	0.16	0.13	0.13	0	0	0.16
31900	0.2	0.13	0.13	0	0	0.2
32000	0.19	0.12	0.12	0	0	0.19
32100	0.19	0.11	0.11	0	0	0.19
32200	0.18	0.11	0.11	0	0	0.18
32300	0.16	0.11	0.11	0	0	0.16
32400	0.15	0.11	0.11	0	0	0.15
32500	0.16	0.11	0.11	0	0	0.16
32600	0.16	0.11	0.11	0	0	0.16
32700	0.16	0.12	0.12	0	0	0.16
32800	0.16	0.12	0.12	0	0	0.16
32900	0.16	0.13	0.13	0	0	0.16
33000	0.19	0.13	0.13	0	0	0.19
33100	0.18	0.13	0.13	0	0	0.18
33200	0.18	0.11	0.11	0	0	0.18
33300	0.17	0.1	0.1	0	0	0.17
33400	0.17	0.11	0.11	0	0	0.17
33500	0.18	0.11	0.11	0	0	0.18
33600	0.19	0.1	0.1	0	0	0.19
33700	0.19	0.1	0.1	0	0	0.19
33800	0.19	0.11	0.11	0	0	0.19
33900	0.19	0.12	0.12	0	0	0.19
34000	0.2	0.12	0.12	0	0	0.2
34100	0.21	0.12	0.12	0	0	0.21
34200	0.21	0.11	0.11	0	0	0.21
34300	0.21	0.13	0.13	0	0	0.21
34400	0.21	0.12	0.12	0	0	0.21
34500	0.2	0.13	0.13	0	0	0.2
34600	0.19	0.12	0.12	0	0	0.19
34700	0.19	0.12	0.12	0	0	0.19
34800	0.19	0.13	0.13	0	0	0.19
34900	0.19	0.13	0.13	0	0	0.19
35000	0.2	0.13	0.13	0	0	0.2
35100	0.21	0.14	0.14	0	0	0.21
35200	0.21	0.16	0.16	0	0	0.21
35300	0.21	0.15	0.15	0	0	0.21
35400	0.21	0.15	0.15	0	0	0.21
35500	0.2	0.16	0.16	0	0	0.2
35600	0.2	0.15	0.15	0	0	0.2
35700	0.19	0.15	0.15	0	0	0.19
35800	0.18	0.15	0.15	0	0	0.18
35900	0.19	0.16	0.16	0	0	0.19
36000	0.2	0.16	0.16	0	0	0.2
36100	0.21	0.15	0.15	0	0	0.21
36200	0.21	0.16	0.16	0	0	0.21
36300	0.2	0.17	0.17	0	0	0.2
36400	0.21	0.17	0.17	0	0	0.21
36500	0.21	0.15	0.15	0	0	0.21
36600	0.21	0.14	0.14	0	0	0.21
36700	0.22	0.14	0.14	0	0	0.22
36800	0.22	0.14	0.14	0	0	0.22
36900	0.23	0.14	0.14	0	0	0.23
37000	0.22	0.16	0.16	0	0	0.22
37100	0.21	0.16	0.16	0	0	0.21
37200	0.21	0.15	0.15	0	0	0.21
37300	0.21	0.15	0.15	0	0	0.21
37400	0.21	0.19	0.19	0	0	0.21
37500	0.21	0.19	0.19	0	0	0.21
37600	0.21	0.19	0.19	0	0	0.21
37700	0.22	0.18	0.18	0	0	0.22
37800	0.23	0.17	0.17	0	0	0.23
37900	0.23	0.17	0.17	0	0	0.23
38000	0.24	0.16	0.16	0	0	0.24
38100	0.24	0.17	0.17	0	0	0.24
38200	0.25	0.17	0.17	0	0	0.25
38300	0.25	0.17	0.17	0	0	0.25
38400	0.24	0.16	0.16	0	0	0.24
38500	0.24	0.16	0.16	0	0	0.24
38600	0.24	0.17	0.17	0	0	0.24
38700	0.26	0.18	0.18	0	0	0.26
38800	0.25	0.19	0.19	0	0	0.25
38900	0.25	0.19	0.19	0	0	0.25
39000	0.26	0.2	0.2	0	0	0.26
39100	0.27	0.2	0.2	0	0	0.27
39200	0.27	0.22	0.22	0	0	0.27
39300	0.27	0.22	0.22	0	0	0.27
39400	0.28	0.23	0.23	0	0	0.28
39500	0.27	0.23	0.23	0	0	0.27
39600	0.28	0.24	0.24	0	0	0.28
39700	0.28	0.22	0.22	0	0	0.28
39800	0.28	0.21	0.21	0	0	0.28
39900	0.28	0.21	0.21	0	0	0.28
40000	0.28	0.21	0.21	0	0	0.28
40100	0.28	0.21	0.21	0	0	0.28
40200	0.27	0.21	0.21	0	0	0.27
40300	0.27	0.2	0.2	0	0	0.27
40400	0.27	0.2	0.2	0	0	0.27
40500	0.27	0.19	0.19	0	0	0.27
40600	0.27	0.17	0.17	0	0	0.27
40700	0.28	0.18	0.18	0	0	0.28
40800	0.29	0.18	0.18	0	0	0.29
40900	0.29	0.19	0.19	0	0	0.29
41000	0.29	0.19	0.19	0	0	0.29
41100	0.29	0.19	0.19	0	0	0.29
41200	0.29	0.2	0.2	0	0	0.29
41300	0.29	0.18	0.18	0	0	0.29
41400	0.31	0.18	0.18	0	0	0.31
41500	0.31	0.17	0.17	0	0	0.31
41600	0.31	0.18	0.18	0	0	0.31
41700	0.31	0.17	0.17	0	0	0.31
41800	0.32	0.17	0.17	0	0	0.32
41900	0.32	0.16	0.16	0	0	0.32
42000	0.32	0.16	0.16	0	0	0.32
42100	0.32	0.16	0.16	0	0	0.32
42200	0.32	0.16	0.16	0	0	0.32
42300	0.32	0.15	0.15	0	0	0.32
42400	0.32	0.15	0.15	0	0	0.32
42500	0.32	0.17	0.17	0	0	0.32
42600	0.31	0.16	0.16	0	0	0.31
42700	0.31	0.17	0.17	0	0	0.31
42800	0.31	0.17	0.17	0	0	0.31
42900	0.32	0.17	0.17	0	0	0.32
43000	0.32	0.17	0.17	0	0	0.32
43100	0.32	0.17	0.17	0	0	0.32
43200	0.32	0.17	0.17	0	0	0.32
43300	0.32	0.18	0.18	0	0	0.32
43400	0.32	0.18	0.18	0	0	0.32
43500	0.32	0.18	0.18	0	0	0.32
43600	0.32	0.18	0.18	0	0	0.32
43700	0.32	0.19	0.19	0	0	0.32
43800	0.32	0.18	0.18	0	0	0.32
43900	0.32	0.18	0.18	0	0	0.32
44000	0.33	0.18	0.18	0	0	0.33
44100	0.32	0.17	0.17	0	0	0.32
44200	0.32	0.18	0.18	0	0	0.32
44300	0.32	0.17	0.17	0	0	0.32
44400	0.33	0.18	0.18	0	0	0.33
44500	0.34	0.19	0.19	0	0	0.34
44600	0.35	0.18	0.18	0	0	0.35
44700	0.34	0.18	0.18	0	0	0.34
44800	0.35	0.19	0.19	0	0	0.35
44900	0.34	0.21	0.21	0	0	0.34
45000	0.35	0.2	0.2	0	0	0.35
45100	0.35	0.22	0.22	0	0	0.35
45200	0.35	0.21	0.21	0	0	0.35
45300	0.36	0.21	0.21	0	0	0.36
45400	0.36	0.21	0.21	0	0	0.36
45500	0.36	0.19	0.19	0	0	0.36
45600	0.37	0.19	0.19	0	0	0.37
45700	0.37	0.2	0.2	0	0	0.37
45800	0.37	0.21	0.21	0	0	0.37
45900	0.36	0.2	0.2	0	0	0.36
46000	0.36	0.2	0.2	0	0	0.36
46100	0.36	0.2	0.2	0	0	0.36
46200	0.36	0.2	0.2	0	0	0.36
46300	0.36	0.2	0.2	0	0	0.36
46400	0.36	0.21	0.21	0	0	0.36
46500	0.37	0.21	0.21	0	0	0.37
46600	0.37	0.21	0.21	0	0	0.37
46700	0.37	0.21	0.21	0	0	0.37
46800	0.37	0.22	0.22	0	0	0.37
46900	0.37	0.22	0.22	0	0	0.37
47000	0.36	0.22	0.22	0	0	0.36
47100	0.36	0.24	0.24	0	0	0.36
47200	0.36	0.25	0.25	0	0	0.36
47300	0.36	0.24	0.24	0	0	0.36
47400	0.36	0.26	0.26	0	0	0.36
47500	0.36	0.26	0.26	0	0	0.36
47600	0.36	0.27	0.27	0	0	0.36
47700	0.36	0.27	0.27	0	0	0.36
47800	0.36	0.27	0.27	0	0	0.36
47900	0.36	0.27	0.27	0	0	0.36
48000	0.36	0.27	0.27	0	0	0.36
48100	0.36	0.27	0.27	0	0	0.36
48200	0.36	0.27	0.27	0	0	0.36
48300	0.36	0.27	0.27	0	0	0.36
48400	0.36	0.26	0.26	0	0	0.36
48500	0.37	0.26	0.26	0	0	0.37
48600	0.37	0.27	0.27	0	0	0.37
48700	0.37	0.27	0.27	0	0	0.37
48800	0.37	0.26	0.26	0	0	0.37
48900	0.37	0.26	0.26	0	0	0.37
49000	0.37	0.28	0.28	0	0	0.37
49100	0.37	0.29	0.29	0	0	0.37
49200	0.37	0.28	0.28	0	0	0.37
49300	0.37	0.28	0.28	0	0	0.37
49400	0.38	0.29	0.29	0	0	0.38
49500	0.38	0.29	0.29	0	0	0.38
49600	0.38	0.29	0.29	0	0	0.38
49700	0.38	0.29	0.29	0	0	0.38
49800	0.39	0.31	0.31	0	0	0.39
49900	0.39	0.31	0.31	0	0	0.39
50000	0.39	0.3	0.3	0	0	0.39
50100	0.41	0.3	0.3	0	0	0.41
50200	0.41	0.29	0.29	0	0	0.41
50300	0.41	0.28	0.28	0	0	0.41
50400	0.41	0.27	0.27	0	0	0.41
50500	0.41	0.27	0.27	0	0	0.41
50600	0.41	0.28	0.28	0	0	0.41
50700	0.41	0.28	0.28	0	0	0.41
50800	0.41	0.3	0.3	0	0	0.41
50900	0.41	0.31	0.31	0	0	0.41
51000	0.41	0.3	0.3	0	0	0.41
51100	0.41	0.3	0.3	0	0	0.41
51200	0.41	0.32	0.32	0	0	0.41
51300	0.41	0.34	0.34	0	0	0.41
51400	0.41	0.3	0.3	0	0	0.41
51500	0.41	0.3	0.3	0	0	0.41
51600	0.41	0.29	0.29	0	0	0.41
51700	0.41	0.29	0.29	0	0	0.41
51800	0.43	0.29	0.29	0	0	0.43
51900	0.43	0.29	0.29	0	0	0.43
52000	0.43	0.28	0.28	0	0	0.43
52100	0.43	0.29	0.29	0	0	0.43
52200	0.43	0.29	0.29	0	0	0.43
52300	0.43	0.29	0.29	0	0	0.43
52400	0.43	0.28	0.28	0	0	0.43
52500	0.43	0.3	0.3	0	0	0.43
52600	0.44	0.31	0.31	0	0	0.44
52700	0.44	0.32	0.32	0	0	0.44
52800	0.44	0.31	0.31	0	0	0.44
52900	0.43	0.31	0.31	0	0	0.43
53000	0.43	0.31	0.31	0	0	0.43
53100	0.43	0.31	0.31	0	0	0.43
53200	0.43	0.32	0.32	0	0	0.43
53300	0.43	0.33	0.33	0	0	0.43
53400	0.43	0.33	0.33	0	0	0.43
53500	0.43	0.35	0.35	0	0	0.43
53600	0.43	0.35	0.35	0	0	0.43
53700	0.43	0.35	0.35	0	0	0.43
53800	0.43	0.35	0.35	0	0	0.43
53900	0.43	0.35	0.35	0	0	0.43
54000	0.42	0.35	0.35	0	0	0.42
54100	0.42	0.35	0.35	0	0	0.42
54200	0.42	0.36	0.36	0	0	0.42
54300	0.42	0.36	0.36	0	0	0.42
54400	0.42	0.37	0.37	0	0	0.42
54500	0.42	0.37	0.37	0	0	0.42
54600	0.42	0.36	0.36	0	0	0.42
54700	0.42	0.35	0.35	0	0	0.42
54800	0.42	0.35	0.35	0	0	0.42
54900	0.42	0.35	0.35	0	0	0.42
55000	0.42	0.35	0.35	0	0	0.42
55100	0.42	0.35	0.35	0	0	0.42
55200	0.43	0.35	0.35	0	0	0.43
55300	0.43	0.36	0.36	0	0	0.43
55400	0.43	0.37	0.37	0	0	0.43
55500	0.43	0.37	0.37	0	0	0.43
55600	0.43	0.37	0.37	0	0	0.43
55700	0.43	0.37	0.37	0	0	0.43
55800	0.43	0.37	0.37	0	0	0.43
55900	0.44	0.37	0.37	0	0	0.44
56000	0.44	0.37	0.37	0	0	0.44
56100	0.45	0.37	0.37	0	0	0.45
56200	0.44	0.37	0.37	0	0	0.44
56300	0.44	0.37	0.37	0	0	0.44
56400	0.44	0.38	0.38	0	0	0.44
56500	0.44	0.38	0.38	0	0	0.44
56600	0.44	0.38	0.38	0	0	0.44
56700	0.44	0.37	0.37	0	0	0.44
56800	0.44	0.38	0.38	0	0	0.44
56900	0.44	0.39	0.39	0	0	0.44
57000	0.45	0.38	0.38	0	0	0.45
57100	0.45	0.38	0.38	0	0	0.45
57200	0.45	0.38	0.38	0	0	0.45
57300	0.45	0.38	0.38	0	0	0.45
57400	0.45	0.38	0.38	0	0	0.45
57500	0.45	0.39	0.39	0	0	0.45
57600	0.45	0.39	0.39	0	0	0.45
57700	0.45	0.39	0.39	0	0	0.45
57800	0.45	0.39	0.39	0	0	0.45
57900	0.45	0.39	0.39	0	0	0.45
58000	0.45	0.4	0.4	0	0	0.45
58100	0.45	0.4	0.4	0	0	0.45
58200	0.45	0.41	0.41	0	0	0.45
58300	0.46	0.42	0.42	0	0	0.46
58400	0.46	0.41	0.41	0	0	0.46
58500	0.46	0.41	0.41	0	0	0.46
58600	0.46	0.41	0.41	0	0	0.46
58700	0.46	0.42	0.42	0	0	0.46
58800	0.46	0.42	0.42	0	0	0.46
58900	0.46	0.42	0.42	0	0	0.46
59000	0.46	0.42	0.42	0	0	0.46
59100	0.47	0.42	0.42	0	0	0.47
59200	0.47	0.44	0.44	0	0	0.47
59300	0.48	0.45	0.45	0	0	0.48
59400	0.48	0.45	0.45	0	0	0.48
59500	0.49	0.44	0.44	0	0	0.49
59600	0.49	0.44	0.44	0	0	0.49
59700	0.49	0.44	0.44	0	0	0.49
59800	0.49	0.44	0.44	0	0	0.49
59900	0.5	0.44	0.44	0	0	0.5
60000	0.48	0.45	0.45	0	0	0.48
60100	0.48	0.45	0.45	0	0	0.48
60200	0.48	0.45	0.45	0	0	0.48
60300	0.48	0.45	0.45	0	0	0.48
60400	0.48	0.47	0.47	0	0	0.48
60500	0.48	0.47	0.47	0	0	0.48
60600	0.48	0.47	0.47	0	0	0.48
60700	0.48	0.47	0.47	0	0	0.48
60800	0.48	0.47	0.47	0	0	0.48
60900	0.48	0.47	0.47	0	0	0.48
61000	0.48	0.47	0.47	0	0	0.48
61100	0.48	0.47	0.47	0	0	0.48
61200	0.48	0.47	0.47	0	0	0.48
61300	0.48	0.46	0.46	0	0	0.48
61400	0.48	0.46	0.46	0	0	0.48
61500	0.48	0.46	0.46	0	0	0.48
61600	0.48	0.46	0.46	0	0	0.48
61700	0.48	0.46	0.46	0	0	0.48
61800	0.48	0.45	0.45	0	0	0.48
61900	0.48	0.45	0.45	0	0	0.48
62000	0.48	0.45	0.45	0	0	0.48
62100	0.48	0.45	0.45	0	0	0.48
62200	0.48	0.45	0.45	0	0	0.48
62300	0.48	0.45	0.45	0	0	0.48
62400	0.48	0.45	0.45	0	0	0.48
62500	0.48	0.46	0.46	0	0	0.48
62600	0.48	0.46	0.46	0	0	0.48
62700	0.48	0.46	0.46	0	0	0.48
62800	0.48	0.46	0.46	0	0	0.48
62900	0.48	0.46	0.46	0	0	0.48
63000	0.48	0.46	0.46	0	0	0.48
63100	0.48	0.46	0.46	0	0	0.48
63200	0.48	0.46	0.46	0	0	0.48
63300	0.48	0.46	0.46	0	0	0.48
63400	0.48	0.46	0.46	0	0	0.48
63500	0.48	0.46	0.46	0	0	0.48
63600	0.48	0.46	0.46	0	0	0.48
63700	0.48	0.46	0.46	0	0	0.48
63800	0.48	0.46	0.46	0	0	0.48
63900	0.49	0.46	0.46	0	0	0.49
64000	0.49	0.46	0.46	0	0	0.49
64100	0.49	0.46	0.46	0	0	0.49
64200	0.49	0.46	0.46	0	0	0.49
64300	0.49	0.47	0.47	0	0	0.49
64400	0.49	0.48	0.48	0	0	0.49
64500	0.49	0.48	0.48	0	0	0.49
64600	0.49	0.48	0.48	0	0	0.49
64700	0.49	0.47	0.47	0	0	0.49
64800	0.49	0.47	0.47	0	0	0.49
64900	0.49	0.47	0.47	0	0	0.49
65000	0.49	0.46	0.46	0	0	0.49
65100	0.49	0.46	0.46	0	0	0.49
65200	0.49	0.46	0.46	0	0	0.49
65300	0.49	0.46	0.46	0	0	0.49
65400	0.49	0.46	0.46	0	0	0.49
65500	0.49	0.46	0.46	0	0	0.49
65600	0.49	0.46	0.46	0	0	0.49
65700	0.49	0.46	0.46	0	0	0.49
65800	0.49	0.46	0.46	0	0	0.49
65900	0.49	0.46	0.46	0	0	0.49
66000	0.49	0.46	0.46	0	0	0.49
66100	0.49	0.45	0.45	0	0	0.49
66200	0.49	0.45	0.45	0	0	0.49
66300	0.49	0.45	0.45	0	0	0.49
66400	0.49	0.45	0.45	0	0	0.49
66500	0.49	0.46	0.46	0	0	0.49
66600	0.49	0.47	0.47	0	0	0.49
66700	0.49	0.47	0.47	0	0	0.49
66800	0.49	0.47	0.47	0	0	0.49
66900	0.49	0.47	0.47	0	0	0.49
67000	0.49	0.47	0.47	0	0	0.49
67100	0.49	0.47	0.47	0	0	0.49
67200	0.49	0.47	0.47	0	0	0.49
67300	0.49	0.47	0.47	0	0	0.49
67400	0.49	0.47	0.47	0	0	0.49
67500	0.49	0.46	0.46	0	0	0.49
67600	0.49	0.46	0.46	0	0	0.49
67700	0.49	0.46	0.46	0	0	0.49
67800	0.49	0.46	0.46	0	0	0.49
67900	0.49	0.46	0.46	0	0	0.49
68000	0.49	0.46	0.46	0	0	0.49
68100	0.49	0.46	0.46	0	0	0.49
68200	0.49	0.46	0.46	0	0	0.49
68300	0.49	0.46	0.46	0	0	0.49
68400	0.49	0.46	0.46	0	0	0.49
68500	0.49	0.46	0.46	0	0	0.49
68600	0.49	0.46	0.46	0	0	0.49
68700	0.49	0.46	0.46	0	0	0.49
68800	0.49	0.46	0.46	0	0	0.49
68900	0.49	0.46	0.46	0	0	0.49
69000	0.49	0.47	0.47	0	0	0.49
69100	0.49	0.47	0.47	0	0	0.49
69200	0.49	0.47	0.47	0	0	0.49
69300	0.49	0.47	0.47	0	0	0.49
69400	0.49	0.48	0.48	0	0	0.49
69500	0.49	0.48	0.48	0	0	0.49
69600	0.49	0.48	0.48	0	0	0.49
69700	0.49	0.47	0.47	0	0	0.49
69800	0.49	0.47	0.47	0	0	0.49
69900	0.49	0.47	0.47	0	0	0.49
70000	0.49	0.47	0.47	0	0	0.49
70100	0.49	0.47	0.47	0	0	0.49
70200	0.49	0.47	0.47	0	0	0.49
70300	0.49	0.47	0.47	0	0	0.49
70400	0.49	0.47	0.47	0	0	0.49
70500	0.49	0.47	0.47	0	0	0.49
70600	0.49	0.47	0.47	0	0	0.49
70700	0.49	0.47	0.47	0	0	0.49
70800	0.49	0.46	0.46	0	0	0.49
70900	0.49	0.46	0.46	0	0	0.49
71000	0.49	0.46	0.46	0	0	0.49
71100	0.49	0.46	0.46	0	0	0.49
71200	0.49	0.46	0.46	0	0	0.49
71300	0.49	0.46	0.46	0	0	0.49
71400	0.49	0.46	0.46	0	0	0.49
71500	0.49	0.46	0.46	0	0	0.49
71600	0.49	0.46	0.46	0	0	0.49
71700	0.49	0.46	0.46	0	0	0.49
71800	0.49	0.46	0.46	0	0	0.49
71900	0.49	0.46	0.46	0	0	0.49
72000	0.49	0.46	0.46	0	0	0.49
72100	0.49	0.46	0.46	0	0	0.49
72200	0.49	0.46	0.46	0	0	0.49
72300	0.49	0.46	0.46	0	0	0.49
72400	0.49	0.46	0.46	0	0	0.49
72500	0.49	0.46	0.46	0	0	0.49
72600	0.49	0.46	0.46	0	0	0.49
72700	0.49	0.46	0.46	0	0	0.49
72800	0.49	0.46	0.46	0	0	0.49
72900	0.49	0.46	0.46	0	0	0.49
73000	0.49	0.46	0.46	0	0	0.49
73100	0.49	0.46	0.46	0	0	0.49
73200	0.49	0.46	0.46	0	0	0.49
73300	0.49	0.46	0.46	0	0	0.49
73400	0.49	0.46	0.46	0	0	0.49
73500	0.49	0.46	0.46	0	0	0.49
73600	0.49	0.46	0.46	0	0	0.49
73700	0.49	0.46	0.46	0	0	0.49
73800	0.49	0.46	0.46	0	0	0.49
73900	0.49	0.46	0.46	0	0	0.49
74000	0.49	0.46	0.46	0	0	0.49
74100	0.49	0.46	0.46	0	0	0.49
74200	0.49	0.46	0.46	0	0	0.49
74300	0.49	0.46	0.46	0	0	0.49
74400	0.49	0.46	0.46	0	0	0.49
74500	0.49	0.46	0.46	0	0	0.49
74600	0.49	0.46	0.46	0	0	0.49
74700	0.49	0.46	0.46	0	0	0.49
74800	0.49	0.46	0.46	0	0	0.49
74900	0.49	0.46	0.46	0	0	0.49
75000	0.49	0.46	0.46	0	0	0.49
75100	0.49	0.46	0.46	0	0	0.49
75200	0.49	0.46	0.46	0	0	0.49
75300	0.49	0.46	0.46	0	0	0.49
75400	0.49	0.46	0.46	0	0	0.49
75500	0.49	0.46	0.46	0	0	0.49
75600	0.49	0.46	0.46	0	0	0.49
75700	0.49	0.46	0.46	0	0	0.49
75800	0.49	0.46	0.46	0	0	0.49
75900	0.49	0.46	0.46	0	0	0.49
76000	0.49	0.47	0.47	0	0	0.49
76100	0.49	0.47	0.47	0	0	0.49
76200	0.49	0.47	0.47	0	0	0.49
76300	0.49	0.47	0.47	0	0	0.49
76400	0.49	0.47	0.47	0	0	0.49
76500	0.49	0.47	0.47	0	0	0.49
76600	0.49	0.48	0.48	0	0	0.49
76700	0.49	0.48	0.48	0	0	0.49
76800	0.49	0.48	0.48	0	0	0.49
76900	0.49	0.48	0.48	0	0	0.49
77000	0.49	0.48	0.48	0	0	0.49
77100	0.49	0.48	0.48	0	0	0.49
77200	0.49	0.48	0.48	0	0	0.49
77300	0.49	0.48	0.48	0	0	0.49
77400	0.49	0.48	0.48	0	0	0.49
77500	0.49	0.48	0.48	0	0	0.49
77600	0.49	0.48	0.48	0	0	0.49
77700	0.49	0.48	0.48	0	0	0.49
77800	0.49	0.48	0.48	0	0	0.49
77900	0.49	0.48	0.48	0	0	0.49
78000	0.49	0.48	0.48	0	0	0.49
78100	0.49	0.48	0.48	0	0	0.49
78200	0.49	0.49	0.49	0	0	0.49
78300	0.49	0.48	0.48	0	0	0.49
78400	0.49	0.48	0.48	0	0	0.49
78500	0.49	0.48	0.48	0	0	0.49
78600	0.49	0.48	0.48	0	0	0.49
78700	0.49	0.48	0.48	0	0	0.49
78800	0.49	0.48	0.48	0	0	0.49
78900	0.49	0.48	0.48	0	0	0.49
79000	0.49	0.48	0.48	0	0	0.49
79100	0.49	0.47	0.47	0	0	0.49
79200	0.49	0.47	0.47	0	0	0.49
79300	0.49	0.47	0.47	0	0	0.49
79400	0.49	0.47	0.47	0	0	0.49
79500	0.49	0.47	0.47	0	0	0.49
79600	0.49	0.47	0.47	0	0	0.49
79700	0.49	0.47	0.47	0	0	0.49
79800	0.49	0.47	0.47	0	0	0.49
79900	0.49	0.47	0.47	0	0	0.49
80000	0.49	0.47	0.47	0	0	0.49
80100	0.49	0.47	0.47	0	0	0.49
80200	0.49	0.47	0.47	0	0	0.49
80300	0.49	0.47	0.47	0	0	0.49
80400	0.49	0.47	0.47	0	0	0.49
80500	0.49	0.47	0.47	0	0	0.49
80600	0.49	0.47	0.47	0	0	0.49
80700	0.49	0.47	0.47	0	0	0.49
80800	0.49	0.47	0.47	0	0	0.49
80900	0.49	0.47	0.47	0	0	0.49
81000	0.49	0.48	0.48	0	0	0.49
81100	0.49	0.48	0.48	0	0	0.49
81200	0.49	0.48	0.48	0	0	0.49
81300	0.49	0.48	0.48	0	0	0.49
81400	0.49	0.48	0.48	0	0	0.49
81500	0.49	0.48	0.48	0	0	0.49
81600	0.49	0.48	0.48	0	0	0.49
81700	0.49	0.48	0.48	0	0	0.49
81800	0.49	0.48	0.48	0	0	0.49
81900	0.49	0.48	0.48	0	0	0.49
82000	0.49	0.48	0.48	0	0	0.49
82100	0.49	0.48	0.48	0	0	0.49
82200	0.49	0.48	0.48	0	0	0.49
82300	0.49	0.48	0.48	0	0	0.49
82400	0.49	0.48	0.48	0	0	0.49
82500	0.49	0.48	0.48	0	0	0.49
82600	0.49	0.48	0.48	0	0	0.49
82700	0.49	0.48	0.48	0	0	0.49
82800	0.49	0.48	0.48	0	0	0.49
82900	0.49	0.48	0.48	0	0	0.49
83000	0.49	0.48	0.48	0	0	0.49
83100	0.48	0.48	0.48	0	0	0.48
83200	0.48	0.48	0.48	0	0	0.48
83300	0.48	0.48	0.48	0	0	0.48
83400	0.48	0.48	0.48	0	0	0.48
83500	0.48	0.48	0.48	0	0	0.48
83600	0.48	0.48	0.48	0	0	0.48
83700	0.48	0.48	0.48	0	0	0.48
83800	0.48	0.48	0.48	0	0	0.48
83900	0.48	0.48	0.48	0	0	0.48
84000	0.48	0.48	0.48	0	0	0.48
84100	0.48	0.48	0.48	0	0	0.48
84200	0.48	0.48	0.48	0	0	0.48
84300	0.48	0.47	0.47	0	0	0.48
84400	0.48	0.47	0.47	0	0	0.48
84500	0.48	0.47	0.47	0	0	0.48
84600	0.48	0.47	0.47	0	0	0.48
84700	0.48	0.47	0.47	0	0	0.48
84800	0.48	0.47	0.47	0	0	0.48
84900	0.48	0.47	0.47	0	0	0.48
85000	0.48	0.47	0.47	0	0	0.48
85100	0.48	0.47	0.47	0	0	0.48
85200	0.48	0.48	0.48	0	0	0.48
85300	0.48	0.48	0.48	0	0	0.48
85400	0.48	0.48	0.48	0	0	0.48
85500	0.48	0.48	0.48	0	0	0.48
85600	0.48	0.48	0.48	0	0	0.48
85700	0.48	0.48	0.48	0	0	0.48
85800	0.48	0.48	0.48	0	0	0.48
85900	0.48	0.48	0.48	0	0	0.48
86000	0.48	0.48	0.48	0	0	0.48
86100	0.48	0.48	0.48	0	0	0.48
86200	0.48	0.48	0.48	0	0	0.48
86300	0.48	0.48	0.48	0	0	0.48
86400	0.48	0.48	0.48	0	0	0.48
86500	0.48	0.48	0.48	0	0	0.48
86600	0.48	0.48	0.48	0	0	0.48
86700	0.48	0.48	0.48	0	0	0.48
86800	0.48	0.48	0.48	0	0	0.48
86900	0.48	0.48	0.48	0	0	0.48
87000	0.48	0.48	0.48	0	0	0.48
87100	0.48	0.48	0.48	0	0	0.48
87200	0.48	0.48	0.48	0	0	0.48
87300	0.48	0.48	0.48	0	0	0.48
87400	0.48	0.48	0.48	0	0	0.48
87500	0.48	0.48	0.48	0	0	0.48
87600	0.48	0.48	0.48	0	0	0.48
87700	0.48	0.48	0.48	0	0	0.48
87800	0.48	0.48	0.48	0	0	0.48
87900	0.48	0.48	0.48	0	0	0.48
88000	0.48	0.48	0.48	0	0	0.48
88100	0.48	0.48	0.48	0	0	0.48
88200	0.48	0.48	0.48	0	0	0.48
88300	0.48	0.48	0.48	0	0	0.48
88400	0.48	0.48	0.48	0	0	0.48
88500	0.48	0.48	0.48	0	0	0.48
88600	0.48	0.48	0.48	0	0	0.48
88700	0.48	0.48	0.48	0	0	0.48
88800	0.48	0.48	0.48	0	0	0.48
88900	0.48	0.48	0.48	0	0	0.48
89000	0.48	0.47	0.47	0	0	0.48
89100	0.48	0.46	0.46	0	0	0.48
89200	0.48	0.46	0.46	0	0	0.48
89300	0.48	0.46	0.46	0	0	0.48
89400	0.48	0.46	0.46	0	0	0.48
89500	0.48	0.46	0.46	0	0	0.48
89600	0.48	0.46	0.46	0	0	0.48
89700	0.48	0.46	0.46	0	0	0.48
89800	0.48	0.46	0.46	0	0	0.48
89900	0.48	0.46	0.46	0	0	0.48
90000	0.48	0.45	0.45	0	0	0.48
90100	0.48	0.45	0.45	0	0	0.48
90200	0.48	0.45	0.45	0	0	0.48
90300	0.48	0.45	0.45	0	0	0.48
90400	0.48	0.45	0.45	0	0	0.48
90500	0.48	0.44	0.44	0	0	0.48
90600	0.48	0.44	0.44	0	0	0.48
90700	0.48	0.44	0.44	0	0	0.48
90800	0.48	0.44	0.44	0	0	0.48
90900	0.48	0.44	0.44	0	0	0.48
91000	0.48	0.44	0.44	0	0	0.48
91100	0.48	0.44	0.44	0	0	0.48
91200	0.48	0.44	0.44	0	0	0.48
91300	0.48	0.44	0.44	0	0	0.48
91400	0.48	0.44	0.44	0	0	0.48
91500	0.48	0.44	0.44	0	0	0.48
91600	0.48	0.44	0.44	0	0	0.48
91700	0.48	0.44	0.44	0	0	0.48
91800	0.48	0.44	0.44	0	0	0.48
91900	0.48	0.44	0.44	0	0	0.48
92000	0.48	0.44	0.44	0	0	0.48
92100	0.48	0.44	0.44	0	0	0.48
92200	0.48	0.44	0.44	0	0	0.48
92300	0.48	0.44	0.44	0	0	0.48
92400	0.48	0.44	0.44	0	0	0.48
92500	0.48	0.44	0.44	0	0	0.48
92600	0.48	0.44	0.44	0	0	0.48
92700	0.48	0.44	0.44	0	0	0.48
92800	0.48	0.44	0.44	0	0	0.48
92900	0.48	0.44	0.44	0	0	0.48
93000	0.48	0.44	0.44	0	0	0.48
93100	0.48	0.44	0.44	0	0	0.48
93200	0.48	0.45	0.45	0	0	0.48
93300	0.48	0.45	0.45	0	0	0.48
93400	0.48	0.45	0.45	0	0	0.48
93500	0.48	0.45	0.45	0	0	0.48
93600	0.48	0.45	0.45	0	0	0.48
93700	0.48	0.45	0.45	0	0	0.48
93800	0.48	0.45	0.45	0	0	0.48
93900	0.48	0.45	0.45	0	0	0.48
94000	0.48	0.45	0.45	0	0	0.48
94100	0.48	0.45	0.45	0	0	0.48
94200	0.48	0.45	0.45	0	0	0.48
94300	0.48	0.45	0.45	0	0	0.48
94400	0.48	0.45	0.45	0	0	0.48
94500	0.48	0.45	0.45	0	0	0.48
94600	0.48	0.45	0.45	0	0	0.48
94700	0.48	0.45	0.45	0	0	0.48
94800	0.48	0.46	0.46	0	0	0.48
94900	0.48	0.46	0.46	0	0	0.48
95000	0.48	0.46	0.46	0	0	0.48
95100	0.48	0.46	0.46	0	0	0.48
95200	0.48	0.46	0.46	0	0	0.48
95300	0.48	0.46	0.46	0	0	0.48
95400	0.47	0.46	0.46	0	0	0.47
95500	0.47	0.46	0.46	0	0	0.47
95600	0.47	0.45	0.45	0	0	0.47
95700	0.47	0.45	0.45	0	0	0.47
95800	0.47	0.45	0.45	0	0	0.47
95900	0.47	0.45	0.45	0	0	0.47
96000	0.47	0.45	0.45	0	0	0.47
96100	0.47	0.45	0.45	0	0	0.47
96200	0.47	0.45	0.45	0	0	0.47
96300	0.47	0.45	0.45	0	0	0.47
96400	0.47	0.45	0.45	0	0	0.47
96500	0.47	0.45	0.45	0	0	0.47
96600	0.47	0.45	0.45	0	0	0.47
96700	0.47	0.45	0.45	0	0	0.47
96800	0.47	0.45	0.45	0	0	0.47
96900	0.47	0.45	0.45	0	0	0.47
97000	0.47	0.45	0.45	0	0	0.47
97100	0.47	0.45	0.45	0	0	0.47
97200	0.47	0.45	0.45	0	0	0.47
97300	0.47	0.45	0.45	0	0	0.47
97400	0.47	0.45	0.45	0	0	0.47
97500	0.47	0.46	0.46	0	0	0.47
97600	0.47	0.46	0.46	0	0	0.47
97700	0.47	0.45	0.45	0	0	0.47
97800	0.48	0.45	0.45	0	0	0.48
97900	0.47	0.45	0.45	0	0	0.47
98000	0.47	0.45	0.45	0	0	0.47
98100	0.47	0.44	0.44	0	0	0.47
98200	0.47	0.44	0.44	0	0	0.47
98300	0.47	0.44	0.44	0	0	0.47
98400	0.47	0.44	0.44	0	0	0.47
98500	0.47	0.44	0.44	0	0	0.47
98600	0.47	0.44	0.44	0	0	0.47
98700	0.47	0.44	0.44	0	0	0.47
98800	0.47	0.44	0.44	0	0	0.47
98900	0.47	0.44	0.44	0	0	0.47
99000	0.47	0.44	0.44	0	0	0.47
99100	0.47	0.44	0.44	0	0	0.47
99200	0.47	0.44	0.44	0	0	0.47
99300	0.47	0.44	0.44	0	0	0.47
99400	0.47	0.44	0.44	0	0	0.47
99500	0.47	0.44	0.44	0	0	0.47
99600	0.47	0.44	0.44	0	0	0.47
99700	0.47	0.44	0.44	0	0	0.47
99800	0.47	0.44	0.44	0	0	0.47
99900	0.47	0.44	0.44	0	0	0.47
100000	0.47	0.44	0.44	0	0	0.47
100100	0.47	0.44	0.44	0	0	0.47
100200	0.47	0.44	0.44	0	0	0.47
100300	0.47	0.44	0.44	0	0	0.47
100400	0.47	0.44	0.44	0	0	0.47
100500	0.47	0.45	0.45	0	0	0.47
100600	0.47	0.45	0.45	0	0	0.47
100700	0.47	0.45	0.45	0	0	0.47
100800	0.47	0.45	0.45	0	0	0.47
100900	0.47	0.45	0.45	0	0	0.47
101000	0.47	0.45	0.45	0	0	0.47
101100	0.47	0.45	0.45	0	0	0.47
101200	0.46	0.45	0.45	0	0	0.46
101300	0.46	0.46	0.46	0	0	0.46
101400	0.46	0.46	0.46	0	0	0.46
101500	0.46	0.46	0.46	0	0	0.46
101600	0.46	0.46	0.46	0	0	0.46
101700	0.46	0.46	0.46	0	0	0.46
101800	0.46	0.46	0.46	0	0	0.46
101900	0.46	0.46	0.46	0	0	0.46
102000	0.46	0.46	0.46	0	0	0.46
102100	0.46	0.46	0.46	0	0	0.46
102200	0.46	0.46	0.46	0	0	0.46
102300	0.46	0.46	0.46	0	0	0.46
102400	0.46	0.46	0.46	0	0	0.46
102500	0.46	0.46	0.46	0	0	0.46
102600	0.46	0.46	0.46	0	0	0.46
102700	0.46	0.46	0.46	0	0	0.46
102800	0.47	0.46	0.46	0	0	0.47
102900	0.47	0.45	0.45	0	0	0.47
103000	0.47	0.46	0.46	0	0	0.47
103100	0.47	0.45	0.45	0	0	0.47
103200	0.47	0.45	0.45	0	0	0.47
103300	0.47	0.45	0.45	0	0	0.47
103400	0.47	0.45	0.45	0	0	0.47
103500	0.47	0.45	0.45	0	0	0.47
103600	0.47	0.45	0.45	0	0	0.47
103700	0.47	0.45	0.45	0	0	0.47
103800	0.47	0.45	0.45	0	0	0.47
103900	0.47	0.45	0.45	0	0	0.47
104000	0.47	0.45	0.45	0	0	0.47
104100	0.47	0.45	0.45	0	0	0.47
104200	0.47	0.45	0.45	0	0	0.47
104300	0.47	0.45	0.45	0	0	0.47
104400	0.47	0.45	0.45	0	0	0.47
104500	0.47	0.45	0.45	0	0	0.47
104600	0.47	0.45	0.45	0	0	0.47
104700	0.47	0.45	0.45	0	0	0.47
104800	0.47	0.45	0.45	0	0	0.47
104900	0.47	0.45	0.45	0	0	0.47
105000	0.47	0.45	0.45	0	0	0.47
105100	0.47	0.45	0.45	0	0	0.47
105200	0.47	0.45	0.45	0	0	0.47
105300	0.47	0.45	0.45	0	0	0.47
105400	0.47	0.45	0.45	0	0	0.47
105500	0.47	0.46	0.46	0	0	0.47
105600	0.47	0.46	0.46	0	0	0.47
105700	0.47	0.46	0.46	0	0	0.47
105800	0.47	0.46	0.46	0	0	0.47
105900	0.47	0.46	0.46	0	0	0.47
106000	0.47	0.46	0.46	0	0	0.47
106100	0.47	0.46	0.46	0	0	0.47
106200	0.47	0.46	0.46	0	0	0.47
106300	0.47	0.46	0.46	0	0	0.47
106400	0.48	0.45	0.45	0	0	0.48
106500	0.48	0.45	0.45	0	0	0.48
106600	0.48	0.45	0.45	0	0	0.48
106700	0.48	0.45	0.45	0	0	0.48
106800	0.48	0.45	0.45	0	0	0.48
106900	0.48	0.45	0.45	0	0	0.48
107000	0.48	0.45	0.45	0	0	0.48
107100	0.48	0.46	0.46	0	0	0.48
107200	0.48	0.47	0.47	0	0	0.48
107300	0.48	0.47	0.47	0	0	0.48
107400	0.48	0.46	0.46	0	0	0.48
107500	0.48	0.46	0.46	0	0	0.48
107600	0.48	0.46	0.46	0	0	0.48
107700	0.48	0.46	0.46	0	0	0.48
107800	0.48	0.46	0.46	0	0	0.48
107900	0.48	0.46	0.46	0	0	0.48
108000	0.48	0.46	0.46	0	0	0.48
108100	0.48	0.46	0.46	0	0	0.48
108200	0.48	0.46	0.46	0	0	0.48
108300	0.48	0.46	0.46	0	0	0.48
108400	0.48	0.46	0.46	0	0	0.48
108500	0.48	0.46	0.46	0	0	0.48
108600	0.48	0.46	0.46	0	0	0.48
108700	0.48	0.46	0.46	0	0	0.48
108800	0.48	0.46	0.46	0	0	0.48
108900	0.48	0.46	0.46	0	0	0.48
109000	0.48	0.46	0.46	0	0	0.48
109100	0.48	0.46	0.46	0	0	0.48
109200	0.48	0.46	0.46	0	0	0.48
109300	0.48	0.46	0.46	0	0	0.48
109400	0.48	0.46	0.46	0	0	0.48
109500	0.48	0.46	0.46	0	0	0.48
109600	0.48	0.46	0.46	0	0	0.48
109700	0.48	0.46	0.46	0	0	0.48
109800	0.48	0.46	0.46	0	0	0.48
109900	0.48	0.46	0.46	0	0	0.48
110000	0.48	0.46	0.46	0	0	0.48
110100	0.48	0.46	0.46	0	0	0.48
110200	0.48	0.46	0.46	0	0	0.48
110300	0.48	0.46	0.46	0	0	0.48
110400	0.48	0.46	0.46	0	0	0.48
110500	0.48	0.46	0.46	0	0	0.48
110600	0.48	0.46	0.46	0	0	0.48
110700	0.48	0.46	0.46	0	0	0.48
110800	0.48	0.46	0.46	0	0	0.48
110900	0.48	0.46	0.46	0	0	0.48
111000	0.48	0.45	0.45	0	0	0.48
111100	0.48	0.45	0.45	0	0	0.48
111200	0.48	0.45	0.45	0	0	0.48
111300	0.47	0.45	0.45	0	0	0.47
111400	0.47	0.45	0.45	0	0	0.47
111500	0.47	0.45	0.45	0	0	0.47
111600	0.47	0.45	0.45	0	0	0.47
111700	0.47	0.45	0.45	0	0	0.47
111800	0.47	0.45	0.45	0	0	0.47
111900	0.47	0.45	0.45	0	0	0.47
112000	0.47	0.45	0.45	0	0	0.47
112100	0.47	0.45	0.45	0	0	0.47
112200	0.47	0.45	0.45	0	0	0.47
112300	0.48	0.45	0.45	0	0	0.48
112400	0.48	0.45	0.45	0	0	0.48
112500	0.48	0.45	0.45	0	0	0.48
112600	0.48	0.45	0.45	0	0	0.48
112700	0.48	0.45	0.45	0	0	0.48
112800	0.48	0.45	0.45	0	0	0.48
112900	0.48	0.45	0.45	0	0	0.48
113000	0.48	0.45	0.45	0	0	0.48
113100	0.48	0.46	0.46	0	0	0.48
113200	0.48	0.46	0.46	0	0	0.48
113300	0.48	0.46	0.46	0	0	0.48
113400	0.48	0.46	0.46	0	0	0.48
113500	0.48	0.46	0.46	0	0	0.48
113600	0.48	0.46	0.46	0	0	0.48
113700	0.48	0.46	0.46	0	0	0.48
113800	0.48	0.46	0.46	0	0	0.48
113900	0.48	0.46	0.46	0	0	0.48
114000	0.48	0.46	0.46	0	0	0.48
114100	0.48	0.46	0.46	0	0	0.48
114200	0.48	0.46	0.46	0	0	0.48
114300	0.48	0.46	0.46	0	0	0.48
114400	0.48	0.46	0.46	0	0	0.48
114500	0.49	0.45	0.45	0	0	0.49
114600	0.49	0.46	0.46	0	0	0.49
114700	0.49	0.46	0.46	0	0	0.49
114800	0.49	0.46	0.46	0	0	0.49
114900	0.49	0.46	0.46	0	0	0.49
115000	0.49	0.46	0.46	0	0	0.49
115100	0.49	0.46	0.46	0	0	0.49
115200	0.49	0.46	0.46	0	0	0.49
115300	0.49	0.46	0.46	0	0	0.49
115400	0.49	0.46	0.46	0	0	0.49
115500	0.49	0.46	0.46	0	0	0.49
115600	0.49	0.47	0.47	0	0	0.49
115700	0.49	0.48	0.48	0	0	0.49
115800	0.49	0.47	0.47	0	0	0.49
115900	0.49	0.47	0.47	0	0	0.49
116000	0.49	0.47	0.47	0	0	0.49
116100	0.49	0.47	0.47	0	0	0.49
116200	0.49	0.47	0.47	0	0	0.49
116300	0.49	0.47	0.47	0	0	0.49
116400	0.49	0.47	0.47	0	0	0.49
116500	0.49	0.47	0.47	0	0	0.49
116600	0.49	0.47	0.47	0	0	0.49
116700	0.49	0.47	0.47	0	0	0.49
116800	0.49	0.47	0.47	0	0	0.49
116900	0.49	0.47	0.47	0	0	0.49
117000	0.49	0.47	0.47	0	0	0.49
117100	0.49	0.47	0.47	0	0	0.49
117200	0.49	0.47	0.47	0	0	0.49
117300	0.49	0.47	0.47	0	0	0.49
117400	0.49	0.47	0.47	0	0	0.49
117500	0.49	0.47	0.47	0	0	0.49
117600	0.49	0.47	0.47	0	0	0.49
117700	0.49	0.47	0.47	0	0	0.49
117800	0.49	0.46	0.46	0	0	0.49
117900	0.49	0.46	0.46	0	0	0.49
118000	0.49	0.46	0.46	0	0	0.49
118100	0.49	0.46	0.46	0	0	0.49
118200	0.49	0.46	0.46	0	0	0.49
118300	0.49	0.46	0.46	0	0	0.49
118400	0.49	0.46	0.46	0	0	0.49
118500	0.49	0.46	0.46	0	0	0.49
118600	0.49	0.46	0.46	0	0	0.49
118700	0.49	0.46	0.46	0	0	0.49
118800	0.49	0.46	0.46	0	0	0.49
118900	0.49	0.46	0.46	0	0	0.49
119000	0.49	0.46	0.46	0	0	0.49
119100	0.49	0.46	0.46	0	0	0.49
119200	0.49	0.46	0.46	0	0	0.49
119300	0.49	0.46	0.46	0	0	0.49
119400	0.49	0.46	0.46	0	0	0.49
119500	0.49	0.47	0.47	0	0	0.49
119600	0.49	0.47	0.47	0	0	0.49
119700	0.49	0.47	0.47	0	0	0.49
119800	0.49	0.47	0.47	0	0	0.49
119900	0.49	0.47	0.47	0	0	0.49
120000	0.49	0.47	0.47	0	0	0.49
120100	0.49	0.47	0.47	0	0	0.49
120200	0.49	0.47	0.47	0	0	0.49
120300	0.49	0.47	0.47	0	0	0.49
120400	0.49	0.47	0.47	0	0	0.49
120500	0.49	0.47	0.47	0	0	0.49
120600	0.49	0.47	0.47	0	0	0.49
120700	0.49	0.47	0.47	0	0	0.49
120800	0.49	0.47	0.47	0	0	0.49
120900	0.49	0.47	0.47	0	0	0.49
121000	0.49	0.47	0.47	0	0	0.49
121100	0.49	0.47	0.47	0	0	0.49
121200	0.49	0.47	0.47	0	0	0.49
121300	0.49	0.47	0.47	0	0	0.49
121400	0.49	0.47	0.47	0	0	0.49
121500	0.49	0.47	0.47	0	0	0.49
121600	0.49	0.47	0.47	0	0	0.49
121700	0.49	0.47	0.47	0	0	0.49
121800	0.49	0.47	0.47	0	0	0.49
121900	0.49	0.47	0.47	0	0	0.49
122000	0.49	0.47	0.47	0	0	0.49
122100	0.49	0.47	0.47	0	0	0.49
122200	0.49	0.47	0.47	0	0	0.49
122300	0.49	0.47	0.47	0	0	0.49
