100	0.07	0.06	0.06	0	0	0.07
200	0.08	0.04	0.04	0	0	0.08
300	0.07	0.03	0.03	0	0	0.07
400	0.08	0.02	0.02	0	0	0.08
500	0.08	0.04	0.04	0	0	0.08
600	0.08	0.04	0.04	0	0	0.08
700	0.08	0.04	0.04	0	0	0.08
800	0.09	0.04	0.04	0	0	0.09
900	0.09	0.04	0.04	0	0	0.09
1000	0.11	0.03	0.03	0	0	0.11
1100	0.09	0.03	0.03	0	0	0.09
1200	0.09	0.04	0.04	0	0	0.09
1300	0.09	0.04	0.04	0	0	0.09
1400	0.09	0.05	0.05	0	0	0.09
1500	0.09	0.04	0.04	0	0	0.09
1600	0.08	0.05	0.05	0	0	0.08
1700	0.08	0.05	0.05	0	0	0.08
1800	0.09	0.05	0.05	0	0	0.09
1900	0.09	0.07	0.07	0	0	0.09
2000	0.09	0.05	0.05	0	0	0.09
2100	0.1	0.05	0.05	0	0	0.1
2200	0.1	0.06	0.06	0	0	0.1
2300	0.09	0.06	0.06	0	0	0.09
2400	0.09	0.08	0.08	0	0	0.09
2500	0.1	0.08	0.08	0	0	0.1
2600	0.09	0.07	0.07	0	0	0.09
2700	0.09	0.07	0.07	0	0	0.09
2800	0.09	0.07	0.07	0	0	0.09
2900	0.1	0.04	0.04	0	0	0.1
3000	0.12	0.06	0.06	0	0	0.12
3100	0.14	0.07	0.07	0	0	0.14
3200	0.15	0.07	0.07	0	0	0.15
3300	0.14	0.06	0.06	0	0	0.14
3400	0.14	0.06	0.06	0	0	0.14
3500	0.15	0.07	0.07	0	0	0.15
3600	0.15	0.08	0.08	0	0	0.15
3700	0.14	0.09	0.09	0	0	0.14
3800	0.13	0.09	0.09	0	0	0.13
3900	0.14	0.08	0.08	0	0	0.14
4000	0.14	0.09	0.09	0	0	0.14
4100	0.14	0.09	0.09	0	0	0.14
4200	0.15	0.09	0.09	0	0	0.15
4300	0.16	0.08	0.08	0	0	0.16
4400	0.16	0.08	0.08	0	0	0.16
4500	0.16	0.09	0.09	0	0	0.16
4600	0.16	0.09	0.09	0	0	0.16
4700	0.16	0.08	0.08	0	0	0.16
4800	0.16	0.09	0.09	0	0	0.16
4900	0.17	0.1	0.1	0	0	0.17
5000	0.16	0.09	0.09	0	0	0.16
5100	0.15	0.08	0.08	0	0	0.15
5200	0.14	0.08	0.08	0	0	0.14
5300	0.15	0.08	0.08	0	0	0.15
5400	0.15	0.09	0.09	0	0	0.15
5500	0.16	0.08	0.08	0	0	0.16
5600	0.17	0.1	0.1	0	0	0.17
5700	0.15	0.11	0.11	0	0	0.15
5800	0.14	0.11	0.11	0	0	0.14
5900	0.14	0.09	0.09	0	0	0.14
6000	0.16	0.1	0.1	0	0	0.16
6100	0.16	0.09	0.09	0	0	0.16
6200	0.17	0.09	0.09	0	0	0.17
6300	0.16	0.11	0.11	0	0	0.16
6400	0.16	0.11	0.11	0	0	0.16
6500	0.17	0.09	0.09	0	0	0.17
6600	0.17	0.1	0.1	0	0	0.17
6700	0.16	0.11	0.11	0	0	0.16
6800	0.16	0.12	0.12	0	0	0.16
6900	0.17	0.12	0.12	0	0	0.17
7000	0.17	0.12	0.12	0	0	0.17
7100	0.17	0.12	0.12	0	0	0.17
7200	0.16	0.12	0.12	0	0	0.16
7300	0.16	0.11	0.11	0	0	0.16
7400	0.17	0.11	0.11	0	0	0.17
7500	0.16	0.11	0.11	0	0	0.16
7600	0.14	0.1	0.1	0	0	0.14
7700	0.14	0.09	0.09	0	0	0.14
7800	0.12	0.09	0.09	0	0	0.12
7900	0.13	0.09	0.09	0	0	0.13
8000	0.12	0.08	0.08	0	0	0.12
8100	0.14	0.1	0.1	0	0	0.14
8200	0.13	0.1	0.1	0	0	0.13
8300	0.11	0.08	0.08	0	0	0.11
8400	0.1	0.08	0.08	0	0	0.1
8500	0.1	0.07	0.07	0	0	0.1
8600	0.1	0.08	0.08	0	0	0.1
8700	0.11	0.06	0.06	0	0	0.11
8800	0.11	0.05	0.05	0	0	0.11
8900	0.12	0.05	0.05	0	0	0.12
9000	0.14	0.05	0.05	0	0	0.14
9100	0.14	0.04	0.04	0	0	0.14
9200	0.14	0.04	0.04	0	0	0.14
9300	0.14	0.05	0.05	0	0	0.14
9400	0.17	0.05	0.05	0	0	0.17
9500	0.17	0.05	0.05	0	0	0.17
9600	0.17	0.06	0.06	0	0	0.17
9700	0.17	0.07	0.07	0	0	0.17
9800	0.16	0.08	0.08	0	0	0.16
9900	0.16	0.07	0.07	0	0	0.16
10000	0.17	0.08	0.08	0	0	0.17
10100	0.16	0.07	0.07	0	0	0.16
10200	0.15	0.08	0.08	0	0	0.15
10300	0.16	0.09	0.09	0	0	0.16
10400	0.17	0.08	0.08	0	0	0.17
10500	0.17	0.07	0.07	0	0	0.17
10600	0.17	0.05	0.05	0	0	0.17
10700	0.15	0.05	0.05	0	0	0.15
10800	0.17	0.05	0.05	0	0	0.17
10900	0.18	0.05	0.05	0	0	0.18
11000	0.17	0.06	0.06	0	0	0.17
11100	0.19	0.06	0.06	0	0	0.19
11200	0.19	0.07	0.07	0	0	0.19
11300	0.19	0.07	0.07	0	0	0.19
11400	0.18	0.07	0.07	0	0	0.18
11500	0.18	0.07	0.07	0	0	0.18
11600	0.18	0.07	0.07	0	0	0.18
11700	0.17	0.06	0.06	0	0	0.17
11800	0.17	0.05	0.05	0	0	0.17
11900	0.17	0.05	0.05	0	0	0.17
12000	0.16	0.05	0.05	0	0	0.16
12100	0.16	0.05	0.05	0	0	0.16
12200	0.16	0.06	0.06	0	0	0.16
12300	0.16	0.07	0.07	0	0	0.16
12400	0.16	0.07	0.07	0	0	0.16
12500	0.16	0.08	0.08	0	0	0.16
12600	0.16	0.09	0.09	0	0	0.16
12700	0.16	0.09	0.09	0	0	0.16
12800	0.16	0.09	0.09	0	0	0.16
12900	0.17	0.08	0.08	0	0	0.17
13000	0.16	0.08	0.08	0	0	0.16
13100	0.16	0.09	0.09	0	0	0.16
13200	0.17	0.08	0.08	0	0	0.17
13300	0.16	0.07	0.07	0	0	0.16
13400	0.17	0.07	0.07	0	0	0.17
13500	0.17	0.07	0.07	0	0	0.17
13600	0.18	0.06	0.06	0	0	0.18
13700	0.18	0.07	0.07	0	0	0.18
13800	0.19	0.06	0.06	0	0	0.19
13900	0.19	0.06	0.06	0	0	0.19
14000	0.19	0.06	0.06	0	0	0.19
14100	0.18	0.07	0.07	0	0	0.18
14200	0.19	0.08	0.08	0	0	0.19
14300	0.19	0.08	0.08	0	0	0.19
14400	0.18	0.07	0.07	0	0	0.18
14500	0.18	0.05	0.05	0	0	0.18
14600	0.18	0.05	0.05	0	0	0.18
14700	0.17	0.05	0.05	0	0	0.17
14800	0.17	0.07	0.07	0	0	0.17
14900	0.17	0.07	0.07	0	0	0.17
15000	0.18	0.08	0.08	0	0	0.18
15100	0.18	0.08	0.08	0	0	0.18
15200	0.18	0.09	0.09	0	0	0.18
15300	0.18	0.09	0.09	0	0	0.18
15400	0.18	0.08	0.08	0	0	0.18
15500	0.18	0.08	0.08	0	0	0.18
15600	0.17	0.1	0.1	0	0	0.17
15700	0.17	0.1	0.1	0	0	0.17
15800	0.17	0.09	0.09	0	0	0.17
15900	0.16	0.09	0.09	0	0	0.16
16000	0.16	0.11	0.11	0	0	0.16
16100	0.17	0.11	0.11	0	0	0.17
16200	0.19	0.12	0.12	0	0	0.19
16300	0.17	0.11	0.11	0	0	0.17
16400	0.18	0.12	0.12	0	0	0.18
16500	0.17	0.14	0.14	0	0	0.17
16600	0.17	0.14	0.14	0	0	0.17
16700	0.16	0.15	0.15	0	0	0.16
16800	0.16	0.14	0.14	0	0	0.16
16900	0.18	0.13	0.13	0	0	0.18
17000	0.18	0.12	0.12	0	0	0.18
17100	0.19	0.13	0.13	0	0	0.19
17200	0.19	0.13	0.13	0	0	0.19
17300	0.19	0.12	0.12	0	0	0.19
17400	0.2	0.14	0.14	0	0	0.2
17500	0.21	0.14	0.14	0	0	0.21
17600	0.21	0.14	0.14	0	0	0.21
17700	0.2	0.14	0.14	0	0	0.2
17800	0.2	0.13	0.13	0	0	0.2
17900	0.2	0.13	0.13	0	0	0.2
18000	0.21	0.15	0.15	0	0	0.21
18100	0.2	0.15	0.15	0	0	0.2
18200	0.2	0.15	0.15	0	0	0.2
18300	0.2	0.15	0.15	0	0	0.2
18400	0.21	0.15	0.15	0	0	0.21
18500	0.2	0.16	0.16	0	0	0.2
18600	0.2	0.15	0.15	0	0	0.2
18700	0.2	0.16	0.16	0	0	0.2
18800	0.21	0.16	0.16	0	0	0.21
18900	0.21	0.15	0.15	0	0	0.21
19000	0.21	0.15	0.15	0	0	0.21
19100	0.21	0.16	0.16	0	0	0.21
19200	0.21	0.16	0.16	0	0	0.21
19300	0.21	0.17	0.17	0	0	0.21
19400	0.22	0.17	0.17	0	0	0.22
19500	0.22	0.16	0.16	0	0	0.22
19600	0.21	0.17	0.17	0	0	0.21
19700	0.21	0.17	0.17	0	0	0.21
19800	0.21	0.16	0.16	0	0	0.21
19900	0.22	0.16	0.16	0	0	0.22
20000	0.23	0.16	0.16	0	0	0.23
20100	0.23	0.17	0.17	0	0	0.23
20200	0.23	0.16	0.16	0	0	0.23
20300	0.24	0.16	0.16	0	0	0.24
20400	0.25	0.16	0.16	0	0	0.25
20500	0.26	0.16	0.16	0	0	0.26
20600	0.26	0.16	0.16	0	0	0.26
20700	0.25	0.15	0.15	0	0	0.25
20800	0.24	0.16	0.16	0	0	0.24
20900	0.23	0.15	0.15	0	0	0.23
21000	0.23	0.17	0.17	0	0	0.23
21100	0.23	0.18	0.18	0	0	0.23
21200	0.23	0.17	0.17	0	0	0.23
21300	0.23	0.18	0.18	0	0	0.23
21400	0.23	0.18	0.18	0	0	0.23
21500	0.23	0.18	0.18	0	0	0.23
21600	0.24	0.19	0.19	0	0	0.24
21700	0.26	0.19	0.19	0	0	0.26
21800	0.25	0.2	0.2	0	0	0.25
21900	0.26	0.18	0.18	0	0	0.26
22000	0.27	0.18	0.18	0	0	0.27
22100	0.27	0.18	0.18	0	0	0.27
22200	0.26	0.2	0.2	0	0	0.26
22300	0.26	0.2	0.2	0	0	0.26
22400	0.26	0.21	0.21	0	0	0.26
22500	0.26	0.21	0.21	0	0	0.26
22600	0.26	0.23	0.23	0	0	0.26
22700	0.26	0.22	0.22	0	0	0.26
22800	0.25	0.22	0.22	0	0	0.25
22900	0.25	0.23	0.23	0	0	0.25
23000	0.25	0.23	0.23	0	0	0.25
23100	0.24	0.22	0.22	0	0	0.24
23200	0.25	0.21	0.21	0	0	0.25
23300	0.26	0.21	0.21	0	0	0.26
23400	0.26	0.22	0.22	0	0	0.26
23500	0.26	0.21	0.21	0	0	0.26
23600	0.25	0.21	0.21	0	0	0.25
23700	0.25	0.21	0.21	0	0	0.25
23800	0.25	0.21	0.21	0	0	0.25
23900	0.25	0.2	0.2	0	0	0.25
24000	0.26	0.2	0.2	0	0	0.26
24100	0.26	0.22	0.22	0	0	0.26
24200	0.27	0.22	0.22	0	0	0.27
24300	0.26	0.22	0.22	0	0	0.26
24400	0.27	0.22	0.22	0	0	0.27
24500	0.27	0.22	0.22	0	0	0.27
24600	0.27	0.22	0.22	0	0	0.27
24700	0.28	0.23	0.23	0	0	0.28
24800	0.28	0.24	0.24	0	0	0.28
24900	0.28	0.23	0.23	0	0	0.28
25000	0.28	0.24	0.24	0	0	0.28
25100	0.28	0.24	0.24	0	0	0.28
25200	0.29	0.23	0.23	0	0	0.29
25300	0.28	0.24	0.24	0	0	0.28
25400	0.28	0.23	0.23	0	0	0.28
25500	0.28	0.23	0.23	0	0	0.28
25600	0.27	0.23	0.23	0	0	0.27
25700	0.27	0.24	0.24	0	0	0.27
25800	0.27	0.24	0.24	0	0	0.27
25900	0.28	0.24	0.24	0	0	0.28
26000	0.28	0.24	0.24	0	0	0.28
26100	0.28	0.24	0.24	0	0	0.28
26200	0.28	0.26	0.26	0	0	0.28
26300	0.28	0.28	0.28	0	0	0.28
26400	0.28	0.27	0.27	0	0	0.28
26500	0.28	0.28	0.28	0	0	0.28
26600	0.28	0.28	0.28	0	0	0.28
26700	0.28	0.27	0.27	0	0	0.28
26800	0.29	0.27	0.27	0	0	0.29
26900	0.29	0.27	0.27	0	0	0.29
27000	0.31	0.27	0.27	0	0	0.31
27100	0.3	0.27	0.27	0	0	0.3
27200	0.3	0.27	0.27	0	0	0.3
27300	0.3	0.27	0.27	0	0	0.3
27400	0.29	0.28	0.28	0	0	0.29
27500	0.28	0.28	0.28	0	0	0.28
27600	0.27	0.29	0.29	0	0	0.27
27700	0.29	0.29	0.29	0	0	0.29
27800	0.29	0.29	0.29	0	0	0.29
27900	0.29	0.29	0.29	0	0	0.29
28000	0.29	0.3	0.3	0	0	0.29
28100	0.29	0.3	0.3	0	0	0.29
28200	0.29	0.3	0.3	0	0	0.29
28300	0.29	0.3	0.3	0	0	0.29
28400	0.3	0.3	0.3	0	0	0.3
28500	0.32	0.3	0.3	0	0	0.32
28600	0.32	0.3	0.3	0	0	0.32
28700	0.31	0.3	0.3	0	0	0.31
28800	0.31	0.31	0.31	0	0	0.31
28900	0.33	0.31	0.31	0	0	0.33
29000	0.34	0.31	0.31	0	0	0.34
29100	0.33	0.31	0.31	0	0	0.33
29200	0.33	0.31	0.31	0	0	0.33
29300	0.33	0.31	0.31	0	0	0.33
29400	0.33	0.32	0.32	0	0	0.33
29500	0.34	0.33	0.33	0	0	0.34
29600	0.34	0.32	0.32	0	0	0.34
29700	0.34	0.32	0.32	0	0	0.34
29800	0.35	0.32	0.32	0	0	0.35
29900	0.35	0.33	0.33	0	0	0.35
30000	0.36	0.31	0.31	0	0	0.36
30100	0.35	0.31	0.31	0	0	0.35
30200	0.35	0.31	0.31	0	0	0.35
30300	0.35	0.31	0.31	0	0	0.35
30400	0.36	0.31	0.31	0	0	0.36
30500	0.35	0.3	0.3	0	0	0.35
30600	0.35	0.3	0.3	0	0	0.35
30700	0.36	0.3	0.3	0	0	0.36
30800	0.35	0.31	0.31	0	0	0.35
30900	0.35	0.32	0.32	0	0	0.35
31000	0.35	0.32	0.32	0	0	0.35
31100	0.36	0.31	0.31	0	0	0.36
31200	0.37	0.32	0.32	0	0	0.37
31300	0.38	0.32	0.32	0	0	0.38
31400	0.39	0.33	0.33	0	0	0.39
31500	0.38	0.33	0.33	0	0	0.38
31600	0.38	0.33	0.33	0	0	0.38
31700	0.38	0.33	0.33	0	0	0.38
31800	0.38	0.32	0.32	0	0	0.38
31900	0.38	0.32	0.32	0	0	0.38
32000	0.38	0.32	0.32	0	0	0.38
32100	0.39	0.32	0.32	0	0	0.39
32200	0.39	0.32	0.32	0	0	0.39
32300	0.39	0.32	0.32	0	0	0.39
32400	0.39	0.33	0.33	0	0	0.39
32500	0.4	0.33	0.33	0	0	0.4
32600	0.4	0.33	0.33	0	0	0.4
32700	0.41	0.33	0.33	0	0	0.41
32800	0.41	0.31	0.31	0	0	0.41
32900	0.41	0.31	0.31	0	0	0.41
33000	0.41	0.32	0.32	0	0	0.41
33100	0.41	0.32	0.32	0	0	0.41
33200	0.41	0.31	0.31	0	0	0.41
33300	0.41	0.31	0.31	0	0	0.41
33400	0.41	0.31	0.31	0	0	0.41
33500	0.41	0.31	0.31	0	0	0.41
33600	0.41	0.31	0.31	0	0	0.41
33700	0.42	0.31	0.31	0	0	0.42
33800	0.42	0.32	0.32	0	0	0.42
33900	0.42	0.31	0.31	0	0	0.42
34000	0.42	0.31	0.31	0	0	0.42
34100	0.42	0.31	0.31	0	0	0.42
34200	0.42	0.32	0.32	0	0	0.42
34300	0.42	0.32	0.32	0	0	0.42
34400	0.42	0.32	0.32	0	0	0.42
34500	0.43	0.34	0.34	0	0	0.43
34600	0.43	0.35	0.35	0	0	0.43
34700	0.43	0.36	0.36	0	0	0.43
34800	0.44	0.35	0.35	0	0	0.44
34900	0.44	0.35	0.35	0	0	0.44
35000	0.44	0.35	0.35	0	0	0.44
35100	0.44	0.35	0.35	0	0	0.44
35200	0.44	0.35	0.35	0	0	0.44
35300	0.43	0.35	0.35	0	0	0.43
35400	0.43	0.36	0.36	0	0	0.43
35500	0.43	0.36	0.36	0	0	0.43
35600	0.43	0.36	0.36	0	0	0.43
35700	0.43	0.36	0.36	0	0	0.43
35800	0.43	0.35	0.35	0	0	0.43
35900	0.43	0.35	0.35	0	0	0.43
36000	0.43	0.35	0.35	0	0	0.43
36100	0.43	0.35	0.35	0	0	0.43
36200	0.43	0.35	0.35	0	0	0.43
36300	0.43	0.35	0.35	0	0	0.43
36400	0.43	0.35	0.35	0	0	0.43
36500	0.43	0.34	0.34	0	0	0.43
36600	0.42	0.34	0.34	0	0	0.42
36700	0.42	0.34	0.34	0	0	0.42
36800	0.41	0.34	0.34	0	0	0.41
36900	0.41	0.34	0.34	0	0	0.41
37000	0.42	0.34	0.34	0	0	0.42
37100	0.41	0.35	0.35	0	0	0.41
37200	0.41	0.35	0.35	0	0	0.41
37300	0.42	0.35	0.35	0	0	0.42
37400	0.42	0.35	0.35	0	0	0.42
37500	0.41	0.35	0.35	0	0	0.41
37600	0.41	0.35	0.35	0	0	0.41
37700	0.41	0.35	0.35	0	0	0.41
37800	0.41	0.36	0.36	0	0	0.41
37900	0.41	0.36	0.36	0	0	0.41
38000	0.41	0.36	0.36	0	0	0.41
38100	0.41	0.36	0.36	0	0	0.41
38200	0.41	0.36	0.36	0	0	0.41
38300	0.41	0.37	0.37	0	0	0.41
38400	0.41	0.38	0.38	0	0	0.41
38500	0.41	0.38	0.38	0	0	0.41
38600	0.41	0.38	0.38	0	0	0.41
38700	0.42	0.37	0.37	0	0	0.42
38800	0.42	0.37	0.37	0	0	0.42
38900	0.42	0.37	0.37	0	0	0.42
39000	0.42	0.37	0.37	0	0	0.42
39100	0.42	0.37	0.37	0	0	0.42
39200	0.42	0.37	0.37	0	0	0.42
39300	0.42	0.37	0.37	0	0	0.42
39400	0.42	0.38	0.38	0	0	0.42
39500	0.42	0.37	0.37	0	0	0.42
39600	0.42	0.38	0.38	0	0	0.42
39700	0.43	0.38	0.38	0	0	0.43
39800	0.43	0.38	0.38	0	0	0.43
39900	0.43	0.38	0.38	0	0	0.43
40000	0.43	0.37	0.37	0	0	0.43
40100	0.43	0.37	0.37	0	0	0.43
40200	0.44	0.37	0.37	0	0	0.44
40300	0.44	0.37	0.37	0	0	0.44
40400	0.44	0.37	0.37	0	0	0.44
40500	0.43	0.37	0.37	0	0	0.43
40600	0.43	0.37	0.37	0	0	0.43
40700	0.43	0.38	0.38	0	0	0.43
40800	0.43	0.38	0.38	0	0	0.43
40900	0.44	0.38	0.38	0	0	0.44
41000	0.44	0.38	0.38	0	0	0.44
41100	0.44	0.38	0.38	0	0	0.44
41200	0.44	0.38	0.38	0	0	0.44
41300	0.44	0.38	0.38	0	0	0.44
41400	0.44	0.38	0.38	0	0	0.44
41500	0.44	0.39	0.39	0	0	0.44
41600	0.44	0.4	0.4	0	0	0.44
41700	0.44	0.4	0.4	0	0	0.44
41800	0.43	0.4	0.4	0	0	0.43
41900	0.43	0.4	0.4	0	0	0.43
42000	0.43	0.4	0.4	0	0	0.43
42100	0.44	0.4	0.4	0	0	0.44
42200	0.44	0.41	0.41	0	0	0.44
42300	0.44	0.4	0.4	0	0	0.44
42400	0.44	0.4	0.4	0	0	0.44
42500	0.44	0.4	0.4	0	0	0.44
42600	0.44	0.4	0.4	0	0	0.44
42700	0.44	0.4	0.4	0	0	0.44
42800	0.44	0.4	0.4	0	0	0.44
42900	0.44	0.4	0.4	0	0	0.44
43000	0.44	0.4	0.4	0	0	0.44
43100	0.44	0.39	0.39	0	0	0.44
43200	0.44	0.39	0.39	0	0	0.44
43300	0.44	0.39	0.39	0	0	0.44
43400	0.44	0.39	0.39	0	0	0.44
43500	0.43	0.39	0.39	0	0	0.43
43600	0.43	0.39	0.39	0	0	0.43
43700	0.43	0.39	0.39	0	0	0.43
43800	0.43	0.4	0.4	0	0	0.43
43900	0.43	0.4	0.4	0	0	0.43
44000	0.43	0.4	0.4	0	0	0.43
44100	0.43	0.41	0.41	0	0	0.43
44200	0.43	0.4	0.4	0	0	0.43
44300	0.43	0.41	0.41	0	0	0.43
44400	0.43	0.41	0.41	0	0	0.43
44500	0.42	0.41	0.41	0	0	0.42
44600	0.42	0.41	0.41	0	0	0.42
44700	0.42	0.41	0.41	0	0	0.42
44800	0.42	0.41	0.41	0	0	0.42
44900	0.42	0.41	0.41	0	0	0.42
45000	0.43	0.41	0.41	0	0	0.43
45100	0.43	0.41	0.41	0	0	0.43
45200	0.42	0.4	0.4	0	0	0.42
45300	0.41	0.4	0.4	0	0	0.41
45400	0.41	0.4	0.4	0	0	0.41
45500	0.41	0.4	0.4	0	0	0.41
45600	0.41	0.4	0.4	0	0	0.41
45700	0.41	0.4	0.4	0	0	0.41
45800	0.41	0.4	0.4	0	0	0.41
45900	0.41	0.39	0.39	0	0	0.41
46000	0.41	0.39	0.39	0	0	0.41
46100	0.41	0.39	0.39	0	0	0.41
46200	0.42	0.39	0.39	0	0	0.42
46300	0.42	0.39	0.39	0	0	0.42
46400	0.42	0.39	0.39	0	0	0.42
46500	0.42	0.39	0.39	0	0	0.42
46600	0.41	0.39	0.39	0	0	0.41
46700	0.41	0.4	0.4	0	0	0.41
46800	0.41	0.4	0.4	0	0	0.41
46900	0.41	0.39	0.39	0	0	0.41
47000	0.41	0.38	0.38	0	0	0.41
47100	0.41	0.39	0.39	0	0	0.41
47200	0.41	0.39	0.39	0	0	0.41
47300	0.41	0.39	0.39	0	0	0.41
47400	0.42	0.39	0.39	0	0	0.42
47500	0.42	0.39	0.39	0	0	0.42
47600	0.42	0.39	0.39	0	0	0.42
47700	0.42	0.38	0.38	0	0	0.42
47800	0.42	0.38	0.38	0	0	0.42
47900	0.43	0.38	0.38	0	0	0.43
48000	0.42	0.38	0.38	0	0	0.42
48100	0.43	0.39	0.39	0	0	0.43
48200	0.42	0.39	0.39	0	0	0.42
48300	0.42	0.39	0.39	0	0	0.42
48400	0.42	0.39	0.39	0	0	0.42
48500	0.41	0.39	0.39	0	0	0.41
48600	0.41	0.39	0.39	0	0	0.41
48700	0.42	0.39	0.39	0	0	0.42
48800	0.42	0.38	0.38	0	0	0.42
48900	0.42	0.37	0.37	0	0	0.42
49000	0.43	0.38	0.38	0	0	0.43
49100	0.43	0.39	0.39	0	0	0.43
49200	0.43	0.39	0.39	0	0	0.43
49300	0.43	0.39	0.39	0	0	0.43
49400	0.43	0.39	0.39	0	0	0.43
49500	0.43	0.39	0.39	0	0	0.43
49600	0.43	0.39	0.39	0	0	0.43
49700	0.43	0.39	0.39	0	0	0.43
49800	0.43	0.39	0.39	0	0	0.43
49900	0.43	0.39	0.39	0	0	0.43
50000	0.43	0.39	0.39	0	0	0.43
50100	0.43	0.39	0.39	0	0	0.43
50200	0.42	0.39	0.39	0	0	0.42
50300	0.42	0.4	0.4	0	0	0.42
50400	0.42	0.4	0.4	0	0	0.42
50500	0.42	0.4	0.4	0	0	0.42
50600	0.42	0.4	0.4	0	0	0.42
50700	0.42	0.4	0.4	0	0	0.42
50800	0.42	0.4	0.4	0	0	0.42
50900	0.42	0.4	0.4	0	0	0.42
51000	0.42	0.4	0.4	0	0	0.42
51100	0.42	0.39	0.39	0	0	0.42
51200	0.42	0.39	0.39	0	0	0.42
51300	0.42	0.39	0.39	0	0	0.42
51400	0.42	0.39	0.39	0	0	0.42
51500	0.42	0.39	0.39	0	0	0.42
51600	0.41	0.39	0.39	0	0	0.41
51700	0.41	0.38	0.38	0	0	0.41
51800	0.42	0.38	0.38	0	0	0.42
51900	0.42	0.38	0.38	0	0	0.42
52000	0.43	0.38	0.38	0	0	0.43
52100	0.44	0.38	0.38	0	0	0.44
52200	0.44	0.38	0.38	0	0	0.44
52300	0.44	0.38	0.38	0	0	0.44
52400	0.44	0.38	0.38	0	0	0.44
52500	0.44	0.38	0.38	0	0	0.44
52600	0.44	0.38	0.38	0	0	0.44
52700	0.44	0.38	0.38	0	0	0.44
52800	0.44	0.38	0.38	0	0	0.44
52900	0.43	0.38	0.38	0	0	0.43
53000	0.43	0.38	0.38	0	0	0.43
53100	0.43	0.38	0.38	0	0	0.43
53200	0.43	0.38	0.38	0	0	0.43
53300	0.43	0.38	0.38	0	0	0.43
53400	0.43	0.38	0.38	0	0	0.43
53500	0.43	0.38	0.38	0	0	0.43
53600	0.43	0.39	0.39	0	0	0.43
53700	0.43	0.39	0.39	0	0	0.43
53800	0.43	0.39	0.39	0	0	0.43
53900	0.43	0.4	0.4	0	0	0.43
54000	0.43	0.4	0.4	0	0	0.43
54100	0.44	0.39	0.39	0	0	0.44
54200	0.44	0.39	0.39	0	0	0.44
54300	0.44	0.39	0.39	0	0	0.44
54400	0.44	0.39	0.39	0	0	0.44
54500	0.44	0.39	0.39	0	0	0.44
54600	0.44	0.39	0.39	0	0	0.44
54700	0.44	0.39	0.39	0	0	0.44
54800	0.44	0.4	0.4	0	0	0.44
54900	0.44	0.4	0.4	0	0	0.44
55000	0.44	0.4	0.4	0	0	0.44
55100	0.44	0.39	0.39	0	0	0.44
55200	0.44	0.38	0.38	0	0	0.44
55300	0.44	0.39	0.39	0	0	0.44
55400	0.44	0.39	0.39	0	0	0.44
55500	0.44	0.39	0.39	0	0	0.44
55600	0.45	0.39	0.39	0	0	0.45
55700	0.45	0.39	0.39	0	0	0.45
55800	0.44	0.39	0.39	0	0	0.44
55900	0.44	0.39	0.39	0	0	0.44
56000	0.44	0.39	0.39	0	0	0.44
56100	0.44	0.39	0.39	0	0	0.44
56200	0.44	0.39	0.39	0	0	0.44
56300	0.44	0.39	0.39	0	0	0.44
56400	0.44	0.39	0.39	0	0	0.44
56500	0.44	0.39	0.39	0	0	0.44
56600	0.44	0.39	0.39	0	0	0.44
56700	0.44	0.39	0.39	0	0	0.44
56800	0.44	0.39	0.39	0	0	0.44
56900	0.44	0.39	0.39	0	0	0.44
57000	0.44	0.39	0.39	0	0	0.44
57100	0.45	0.39	0.39	0	0	0.45
57200	0.45	0.39	0.39	0	0	0.45
57300	0.45	0.39	0.39	0	0	0.45
57400	0.45	0.39	0.39	0	0	0.45
57500	0.45	0.39	0.39	0	0	0.45
57600	0.45	0.39	0.39	0	0	0.45
57700	0.45	0.39	0.39	0	0	0.45
57800	0.45	0.39	0.39	0	0	0.45
57900	0.45	0.4	0.4	0	0	0.45
58000	0.45	0.41	0.41	0	0	0.45
58100	0.46	0.4	0.4	0	0	0.46
58200	0.46	0.4	0.4	0	0	0.46
58300	0.46	0.41	0.41	0	0	0.46
58400	0.46	0.41	0.41	0	0	0.46
58500	0.46	0.41	0.41	0	0	0.46
58600	0.46	0.41	0.41	0	0	0.46
58700	0.46	0.42	0.42	0	0	0.46
58800	0.46	0.42	0.42	0	0	0.46
58900	0.46	0.42	0.42	0	0	0.46
59000	0.46	0.42	0.42	0	0	0.46
59100	0.46	0.42	0.42	0	0	0.46
59200	0.46	0.42	0.42	0	0	0.46
59300	0.46	0.42	0.42	0	0	0.46
59400	0.46	0.42	0.42	0	0	0.46
59500	0.46	0.42	0.42	0	0	0.46
59600	0.46	0.42	0.42	0	0	0.46
59700	0.46	0.42	0.42	0	0	0.46
59800	0.46	0.42	0.42	0	0	0.46
59900	0.46	0.42	0.42	0	0	0.46
60000	0.46	0.42	0.42	0	0	0.46
60100	0.46	0.42	0.42	0	0	0.46
60200	0.46	0.42	0.42	0	0	0.46
60300	0.46	0.42	0.42	0	0	0.46
60400	0.46	0.43	0.43	0	0	0.46
60500	0.46	0.43	0.43	0	0	0.46
60600	0.46	0.43	0.43	0	0	0.46
60700	0.46	0.43	0.43	0	0	0.46
60800	0.46	0.43	0.43	0	0	0.46
60900	0.46	0.43	0.43	0	0	0.46
61000	0.46	0.43	0.43	0	0	0.46
61100	0.46	0.43	0.43	0	0	0.46
61200	0.46	0.43	0.43	0	0	0.46
61300	0.46	0.44	0.44	0	0	0.46
61400	0.46	0.43	0.43	0	0	0.46
61500	0.46	0.42	0.42	0	0	0.46
61600	0.46	0.42	0.42	0	0	0.46
61700	0.46	0.43	0.43	0	0	0.46
61800	0.46	0.43	0.43	0	0	0.46
61900	0.46	0.43	0.43	0	0	0.46
62000	0.46	0.43	0.43	0	0	0.46
62100	0.46	0.43	0.43	0	0	0.46
62200	0.46	0.43	0.43	0	0	0.46
62300	0.46	0.44	0.44	0	0	0.46
62400	0.46	0.44	0.44	0	0	0.46
62500	0.47	0.44	0.44	0	0	0.47
62600	0.47	0.44	0.44	0	0	0.47
62700	0.47	0.44	0.44	0	0	0.47
62800	0.47	0.44	0.44	0	0	0.47
62900	0.47	0.44	0.44	0	0	0.47
63000	0.47	0.44	0.44	0	0	0.47
63100	0.47	0.44	0.44	0	0	0.47
63200	0.47	0.44	0.44	0	0	0.47
63300	0.47	0.44	0.44	0	0	0.47
63400	0.47	0.44	0.44	0	0	0.47
63500	0.47	0.44	0.44	0	0	0.47
63600	0.47	0.44	0.44	0	0	0.47
63700	0.47	0.44	0.44	0	0	0.47
63800	0.47	0.44	0.44	0	0	0.47
63900	0.47	0.45	0.45	0	0	0.47
64000	0.47	0.45	0.45	0	0	0.47
64100	0.47	0.44	0.44	0	0	0.47
64200	0.47	0.44	0.44	0	0	0.47
64300	0.48	0.44	0.44	0	0	0.48
64400	0.48	0.43	0.43	0	0	0.48
64500	0.48	0.43	0.43	0	0	0.48
64600	0.48	0.43	0.43	0	0	0.48
64700	0.47	0.42	0.42	0	0	0.47
64800	0.47	0.42	0.42	0	0	0.47
64900	0.47	0.42	0.42	0	0	0.47
65000	0.47	0.42	0.42	0	0	0.47
65100	0.47	0.42	0.42	0	0	0.47
65200	0.47	0.43	0.43	0	0	0.47
65300	0.47	0.42	0.42	0	0	0.47
65400	0.47	0.42	0.42	0	0	0.47
65500	0.47	0.42	0.42	0	0	0.47
65600	0.47	0.42	0.42	0	0	0.47
65700	0.47	0.43	0.43	0	0	0.47
65800	0.48	0.43	0.43	0	0	0.48
65900	0.48	0.43	0.43	0	0	0.48
66000	0.48	0.43	0.43	0	0	0.48
66100	0.48	0.43	0.43	0	0	0.48
66200	0.48	0.43	0.43	0	0	0.48
66300	0.49	0.43	0.43	0	0	0.49
66400	0.49	0.43	0.43	0	0	0.49
66500	0.48	0.43	0.43	0	0	0.48
66600	0.48	0.43	0.43	0	0	0.48
66700	0.48	0.43	0.43	0	0	0.48
66800	0.48	0.43	0.43	0	0	0.48
66900	0.48	0.43	0.43	0	0	0.48
67000	0.48	0.43	0.43	0	0	0.48
67100	0.48	0.43	0.43	0	0	0.48
67200	0.48	0.44	0.44	0	0	0.48
67300	0.48	0.43	0.43	0	0	0.48
67400	0.48	0.43	0.43	0	0	0.48
67500	0.48	0.43	0.43	0	0	0.48
67600	0.47	0.43	0.43	0	0	0.47
67700	0.47	0.43	0.43	0	0	0.47
67800	0.48	0.42	0.42	0	0	0.48
67900	0.48	0.42	0.42	0	0	0.48
68000	0.48	0.43	0.43	0	0	0.48
68100	0.48	0.43	0.43	0	0	0.48
68200	0.47	0.43	0.43	0	0	0.47
68300	0.47	0.43	0.43	0	0	0.47
68400	0.47	0.43	0.43	0	0	0.47
68500	0.47	0.43	0.43	0	0	0.47
68600	0.47	0.44	0.44	0	0	0.47
68700	0.47	0.44	0.44	0	0	0.47
68800	0.47	0.44	0.44	0	0	0.47
68900	0.47	0.44	0.44	0	0	0.47
69000	0.47	0.44	0.44	0	0	0.47
69100	0.47	0.44	0.44	0	0	0.47
69200	0.47	0.44	0.44	0	0	0.47
69300	0.47	0.44	0.44	0	0	0.47
69400	0.47	0.44	0.44	0	0	0.47
69500	0.47	0.44	0.44	0	0	0.47
69600	0.47	0.44	0.44	0	0	0.47
69700	0.47	0.44	0.44	0	0	0.47
69800	0.47	0.44	0.44	0	0	0.47
69900	0.48	0.44	0.44	0	0	0.48
70000	0.48	0.43	0.43	0	0	0.48
70100	0.48	0.43	0.43	0	0	0.48
70200	0.49	0.43	0.43	0	0	0.49
70300	0.49	0.43	0.43	0	0	0.49
70400	0.49	0.43	0.43	0	0	0.49
70500	0.49	0.43	0.43	0	0	0.49
70600	0.49	0.43	0.43	0	0	0.49
70700	0.48	0.43	0.43	0	0	0.48
70800	0.48	0.43	0.43	0	0	0.48
70900	0.48	0.43	0.43	0	0	0.48
71000	0.48	0.43	0.43	0	0	0.48
71100	0.48	0.43	0.43	0	0	0.48
71200	0.48	0.43	0.43	0	0	0.48
71300	0.48	0.43	0.43	0	0	0.48
71400	0.48	0.43	0.43	0	0	0.48
71500	0.48	0.43	0.43	0	0	0.48
71600	0.48	0.43	0.43	0	0	0.48
71700	0.48	0.43	0.43	0	0	0.48
71800	0.48	0.43	0.43	0	0	0.48
71900	0.48	0.43	0.43	0	0	0.48
72000	0.48	0.43	0.43	0	0	0.48
72100	0.48	0.43	0.43	0	0	0.48
72200	0.48	0.43	0.43	0	0	0.48
72300	0.48	0.43	0.43	0	0	0.48
72400	0.48	0.43	0.43	0	0	0.48
72500	0.49	0.43	0.43	0	0	0.49
72600	0.49	0.43	0.43	0	0	0.49
72700	0.49	0.43	0.43	0	0	0.49
72800	0.49	0.43	0.43	0	0	0.49
72900	0.49	0.43	0.43	0	0	0.49
73000	0.49	0.43	0.43	0	0	0.49
73100	0.49	0.43	0.43	0	0	0.49
73200	0.49	0.43	0.43	0	0	0.49
73300	0.49	0.44	0.44	0	0	0.49
73400	0.49	0.43	0.43	0	0	0.49
73500	0.48	0.43	0.43	0	0	0.48
73600	0.48	0.43	0.43	0	0	0.48
73700	0.48	0.43	0.43	0	0	0.48
73800	0.48	0.44	0.44	0	0	0.48
73900	0.48	0.44	0.44	0	0	0.48
74000	0.48	0.44	0.44	0	0	0.48
74100	0.48	0.44	0.44	0	0	0.48
74200	0.48	0.44	0.44	0	0	0.48
74300	0.48	0.44	0.44	0	0	0.48
74400	0.48	0.44	0.44	0	0	0.48
74500	0.48	0.44	0.44	0	0	0.48
74600	0.48	0.44	0.44	0	0	0.48
74700	0.48	0.44	0.44	0	0	0.48
74800	0.48	0.44	0.44	0	0	0.48
74900	0.48	0.44	0.44	0	0	0.48
75000	0.48	0.44	0.44	0	0	0.48
75100	0.48	0.44	0.44	0	0	0.48
75200	0.48	0.44	0.44	0	0	0.48
75300	0.49	0.44	0.44	0	0	0.49
75400	0.49	0.44	0.44	0	0	0.49
75500	0.49	0.45	0.45	0	0	0.49
75600	0.49	0.45	0.45	0	0	0.49
75700	0.49	0.45	0.45	0	0	0.49
75800	0.49	0.45	0.45	0	0	0.49
75900	0.49	0.45	0.45	0	0	0.49
76000	0.49	0.45	0.45	0	0	0.49
76100	0.49	0.45	0.45	0	0	0.49
76200	0.49	0.45	0.45	0	0	0.49
76300	0.49	0.45	0.45	0	0	0.49
76400	0.49	0.45	0.45	0	0	0.49
76500	0.49	0.45	0.45	0	0	0.49
76600	0.49	0.45	0.45	0	0	0.49
76700	0.49	0.45	0.45	0	0	0.49
76800	0.49	0.45	0.45	0	0	0.49
76900	0.49	0.45	0.45	0	0	0.49
77000	0.49	0.45	0.45	0	0	0.49
77100	0.49	0.45	0.45	0	0	0.49
77200	0.49	0.45	0.45	0	0	0.49
77300	0.49	0.45	0.45	0	0	0.49
77400	0.49	0.45	0.45	0	0	0.49
77500	0.49	0.45	0.45	0	0	0.49
77600	0.49	0.45	0.45	0	0	0.49
77700	0.49	0.45	0.45	0	0	0.49
77800	0.49	0.45	0.45	0	0	0.49
77900	0.49	0.45	0.45	0	0	0.49
78000	0.49	0.45	0.45	0	0	0.49
78100	0.49	0.46	0.46	0	0	0.49
78200	0.49	0.46	0.46	0	0	0.49
78300	0.49	0.46	0.46	0	0	0.49
78400	0.49	0.46	0.46	0	0	0.49
78500	0.49	0.46	0.46	0	0	0.49
78600	0.49	0.46	0.46	0	0	0.49
78700	0.49	0.46	0.46	0	0	0.49
78800	0.49	0.46	0.46	0	0	0.49
78900	0.49	0.46	0.46	0	0	0.49
79000	0.49	0.46	0.46	0	0	0.49
79100	0.49	0.46	0.46	0	0	0.49
79200	0.49	0.46	0.46	0	0	0.49
79300	0.49	0.46	0.46	0	0	0.49
79400	0.49	0.46	0.46	0	0	0.49
79500	0.49	0.46	0.46	0	0	0.49
79600	0.49	0.46	0.46	0	0	0.49
79700	0.49	0.46	0.46	0	0	0.49
79800	0.49	0.46	0.46	0	0	0.49
79900	0.49	0.46	0.46	0	0	0.49
80000	0.49	0.46	0.46	0	0	0.49
80100	0.49	0.46	0.46	0	0	0.49
80200	0.49	0.46	0.46	0	0	0.49
80300	0.49	0.46	0.46	0	0	0.49
80400	0.49	0.46	0.46	0	0	0.49
80500	0.49	0.46	0.46	0	0	0.49
80600	0.49	0.46	0.46	0	0	0.49
80700	0.49	0.46	0.46	0	0	0.49
80800	0.49	0.46	0.46	0	0	0.49
80900	0.49	0.46	0.46	0	0	0.49
81000	0.49	0.46	0.46	0	0	0.49
81100	0.49	0.46	0.46	0	0	0.49
81200	0.49	0.46	0.46	0	0	0.49
81300	0.49	0.46	0.46	0	0	0.49
81400	0.49	0.46	0.46	0	0	0.49
81500	0.49	0.46	0.46	0	0	0.49
81600	0.49	0.46	0.46	0	0	0.49
81700	0.49	0.46	0.46	0	0	0.49
81800	0.49	0.46	0.46	0	0	0.49
81900	0.49	0.46	0.46	0	0	0.49
82000	0.49	0.46	0.46	0	0	0.49
82100	0.49	0.46	0.46	0	0	0.49
82200	0.49	0.46	0.46	0	0	0.49
82300	0.49	0.46	0.46	0	0	0.49
82400	0.49	0.46	0.46	0	0	0.49
82500	0.49	0.46	0.46	0	0	0.49
82600	0.49	0.46	0.46	0	0	0.49
82700	0.49	0.46	0.46	0	0	0.49
82800	0.49	0.46	0.46	0	0	0.49
82900	0.49	0.46	0.46	0	0	0.49
83000	0.49	0.46	0.46	0	0	0.49
83100	0.49	0.46	0.46	0	0	0.49
83200	0.49	0.46	0.46	0	0	0.49
83300	0.49	0.46	0.46	0	0	0.49
83400	0.49	0.46	0.46	0	0	0.49
83500	0.49	0.46	0.46	0	0	0.49
83600	0.49	0.46	0.46	0	0	0.49
83700	0.49	0.46	0.46	0	0	0.49
83800	0.49	0.47	0.47	0	0	0.49
83900	0.49	0.47	0.47	0	0	0.49
84000	0.49	0.47	0.47	0	0	0.49
84100	0.49	0.47	0.47	0	0	0.49
84200	0.49	0.47	0.47	0	0	0.49
84300	0.49	0.47	0.47	0	0	0.49
84400	0.49	0.47	0.47	0	0	0.49
84500	0.49	0.47	0.47	0	0	0.49
84600	0.49	0.47	0.47	0	0	0.49
84700	0.49	0.47	0.47	0	0	0.49
84800	0.49	0.47	0.47	0	0	0.49
84900	0.5	0.47	0.47	0	0	0.5
85000	0.5	0.47	0.47	0	0	0.5
85100	0.5	0.47	0.47	0	0	0.5
85200	0.5	0.47	0.47	0	0	0.5
85300	0.5	0.47	0.47	0	0	0.5
85400	0.5	0.47	0.47	0	0	0.5
85500	0.5	0.47	0.47	0	0	0.5
85600	0.5	0.47	0.47	0	0	0.5
85700	0.5	0.47	0.47	0	0	0.5
85800	0.5	0.47	0.47	0	0	0.5
85900	0.5	0.47	0.47	0	0	0.5
86000	0.5	0.47	0.47	0	0	0.5
86100	0.5	0.47	0.47	0	0	0.5
86200	0.5	0.47	0.47	0	0	0.5
86300	0.5	0.47	0.47	0	0	0.5
86400	0.5	0.47	0.47	0	0	0.5
86500	0.5	0.47	0.47	0	0	0.5
86600	0.5	0.47	0.47	0	0	0.5
86700	0.49	0.47	0.47	0	0	0.49
86800	0.49	0.47	0.47	0	0	0.49
86900	0.49	0.47	0.47	0	0	0.49
87000	0.49	0.47	0.47	0	0	0.49
87100	0.49	0.47	0.47	0	0	0.49
87200	0.49	0.46	0.46	0	0	0.49
87300	0.49	0.46	0.46	0	0	0.49
87400	0.49	0.46	0.46	0	0	0.49
87500	0.49	0.46	0.46	0	0	0.49
87600	0.49	0.46	0.46	0	0	0.49
87700	0.49	0.46	0.46	0	0	0.49
87800	0.49	0.46	0.46	0	0	0.49
87900	0.49	0.46	0.46	0	0	0.49
88000	0.49	0.46	0.46	0	0	0.49
88100	0.49	0.46	0.46	0	0	0.49
88200	0.49	0.46	0.46	0	0	0.49
88300	0.49	0.46	0.46	0	0	0.49
88400	0.49	0.46	0.46	0	0	0.49
88500	0.49	0.46	0.46	0	0	0.49
88600	0.49	0.46	0.46	0	0	0.49
88700	0.49	0.46	0.46	0	0	0.49
88800	0.49	0.46	0.46	0	0	0.49
88900	0.49	0.46	0.46	0	0	0.49
89000	0.49	0.46	0.46	0	0	0.49
89100	0.49	0.46	0.46	0	0	0.49
89200	0.49	0.46	0.46	0	0	0.49
89300	0.49	0.46	0.46	0	0	0.49
89400	0.49	0.46	0.46	0	0	0.49
89500	0.49	0.46	0.46	0	0	0.49
89600	0.49	0.46	0.46	0	0	0.49
89700	0.49	0.46	0.46	0	0	0.49
89800	0.49	0.46	0.46	0	0	0.49
89900	0.49	0.46	0.46	0	0	0.49
90000	0.49	0.46	0.46	0	0	0.49
90100	0.49	0.47	0.47	0	0	0.49
90200	0.49	0.47	0.47	0	0	0.49
90300	0.49	0.47	0.47	0	0	0.49
90400	0.49	0.47	0.47	0	0	0.49
90500	0.49	0.47	0.47	0	0	0.49
90600	0.49	0.47	0.47	0	0	0.49
90700	0.49	0.47	0.47	0	0	0.49
90800	0.49	0.47	0.47	0	0	0.49
90900	0.49	0.47	0.47	0	0	0.49
91000	0.49	0.47	0.47	0	0	0.49
91100	0.49	0.47	0.47	0	0	0.49
91200	0.49	0.47	0.47	0	0	0.49
91300	0.49	0.48	0.48	0	0	0.49
91400	0.49	0.48	0.48	0	0	0.49
91500	0.49	0.48	0.48	0	0	0.49
91600	0.49	0.47	0.47	0	0	0.49
91700	0.49	0.47	0.47	0	0	0.49
91800	0.49	0.47	0.47	0	0	0.49
91900	0.49	0.47	0.47	0	0	0.49
92000	0.49	0.47	0.47	0	0	0.49
92100	0.49	0.47	0.47	0	0	0.49
92200	0.49	0.47	0.47	0	0	0.49
92300	0.49	0.47	0.47	0	0	0.49
92400	0.49	0.47	0.47	0	0	0.49
92500	0.49	0.47	0.47	0	0	0.49
92600	0.49	0.47	0.47	0	0	0.49
92700	0.49	0.47	0.47	0	0	0.49
92800	0.49	0.47	0.47	0	0	0.49
92900	0.49	0.47	0.47	0	0	0.49
93000	0.49	0.47	0.47	0	0	0.49
93100	0.49	0.47	0.47	0	0	0.49
93200	0.49	0.47	0.47	0	0	0.49
93300	0.49	0.47	0.47	0	0	0.49
93400	0.49	0.47	0.47	0	0	0.49
93500	0.49	0.47	0.47	0	0	0.49
93600	0.48	0.47	0.47	0	0	0.48
93700	0.48	0.47	0.47	0	0	0.48
93800	0.48	0.48	0.48	0	0	0.48
93900	0.48	0.48	0.48	0	0	0.48
94000	0.48	0.48	0.48	0	0	0.48
94100	0.48	0.48	0.48	0	0	0.48
94200	0.48	0.48	0.48	0	0	0.48
94300	0.48	0.48	0.48	0	0	0.48
94400	0.48	0.48	0.48	0	0	0.48
94500	0.48	0.48	0.48	0	0	0.48
94600	0.49	0.48	0.48	0	0	0.49
94700	0.49	0.48	0.48	0	0	0.49
94800	0.49	0.48	0.48	0	0	0.49
94900	0.48	0.48	0.48	0	0	0.48
95000	0.48	0.48	0.48	0	0	0.48
95100	0.48	0.47	0.47	0	0	0.48
95200	0.48	0.47	0.47	0	0	0.48
95300	0.48	0.47	0.47	0	0	0.48
95400	0.48	0.47	0.47	0	0	0.48
95500	0.48	0.47	0.47	0	0	0.48
95600	0.48	0.47	0.47	0	0	0.48
95700	0.48	0.47	0.47	0	0	0.48
95800	0.48	0.47	0.47	0	0	0.48
95900	0.48	0.47	0.47	0	0	0.48
96000	0.48	0.47	0.47	0	0	0.48
96100	0.48	0.47	0.47	0	0	0.48
96200	0.48	0.47	0.47	0	0	0.48
96300	0.48	0.47	0.47	0	0	0.48
96400	0.48	0.47	0.47	0	0	0.48
96500	0.48	0.47	0.47	0	0	0.48
96600	0.48	0.47	0.47	0	0	0.48
96700	0.48	0.47	0.47	0	0	0.48
96800	0.48	0.47	0.47	0	0	0.48
96900	0.48	0.47	0.47	0	0	0.48
97000	0.48	0.47	0.47	0	0	0.48
97100	0.48	0.47	0.47	0	0	0.48
97200	0.48	0.47	0.47	0	0	0.48
97300	0.48	0.47	0.47	0	0	0.48
97400	0.48	0.47	0.47	0	0	0.48
97500	0.48	0.47	0.47	0	0	0.48
97600	0.48	0.47	0.47	0	0	0.48
97700	0.48	0.47	0.47	0	0	0.48
97800	0.48	0.47	0.47	0	0	0.48
97900	0.48	0.47	0.47	0	0	0.48
98000	0.48	0.47	0.47	0	0	0.48
98100	0.48	0.47	0.47	0	0	0.48
98200	0.48	0.47	0.47	0	0	0.48
98300	0.48	0.47	0.47	0	0	0.48
98400	0.48	0.47	0.47	0	0	0.48
98500	0.48	0.47	0.47	0	0	0.48
98600	0.48	0.47	0.47	0	0	0.48
98700	0.48	0.47	0.47	0	0	0.48
98800	0.48	0.47	0.47	0	0	0.48
98900	0.48	0.47	0.47	0	0	0.48
99000	0.48	0.47	0.47	0	0	0.48
99100	0.48	0.47	0.47	0	0	0.48
99200	0.48	0.47	0.47	0	0	0.48
99300	0.48	0.47	0.47	0	0	0.48
99400	0.48	0.47	0.47	0	0	0.48
99500	0.48	0.47	0.47	0	0	0.48
99600	0.48	0.47	0.47	0	0	0.48
99700	0.48	0.47	0.47	0	0	0.48
99800	0.48	0.47	0.47	0	0	0.48
99900	0.48	0.47	0.47	0	0	0.48
100000	0.48	0.48	0.48	0	0	0.48
100100	0.48	0.48	0.48	0	0	0.48
100200	0.48	0.48	0.48	0	0	0.48
100300	0.48	0.48	0.48	0	0	0.48
100400	0.48	0.48	0.48	0	0	0.48
100500	0.48	0.48	0.48	0	0	0.48
100600	0.48	0.48	0.48	0	0	0.48
100700	0.48	0.48	0.48	0	0	0.48
100800	0.48	0.48	0.48	0	0	0.48
100900	0.48	0.48	0.48	0	0	0.48
101000	0.48	0.48	0.48	0	0	0.48
101100	0.48	0.48	0.48	0	0	0.48
101200	0.48	0.48	0.48	0	0	0.48
101300	0.48	0.48	0.48	0	0	0.48
101400	0.48	0.48	0.48	0	0	0.48
101500	0.48	0.48	0.48	0	0	0.48
101600	0.48	0.48	0.48	0	0	0.48
101700	0.48	0.48	0.48	0	0	0.48
101800	0.48	0.48	0.48	0	0	0.48
101900	0.48	0.48	0.48	0	0	0.48
102000	0.48	0.48	0.48	0	0	0.48
102100	0.48	0.48	0.48	0	0	0.48
102200	0.48	0.48	0.48	0	0	0.48
102300	0.48	0.48	0.48	0	0	0.48
102400	0.48	0.48	0.48	0	0	0.48
102500	0.49	0.48	0.48	0	0	0.49
102600	0.49	0.48	0.48	0	0	0.49
102700	0.49	0.48	0.48	0	0	0.49
102800	0.49	0.48	0.48	0	0	0.49
102900	0.49	0.48	0.48	0	0	0.49
103000	0.49	0.48	0.48	0	0	0.49
103100	0.49	0.48	0.48	0	0	0.49
103200	0.49	0.48	0.48	0	0	0.49
103300	0.49	0.48	0.48	0	0	0.49
103400	0.49	0.48	0.48	0	0	0.49
103500	0.49	0.48	0.48	0	0	0.49
103600	0.49	0.48	0.48	0	0	0.49
103700	0.49	0.48	0.48	0	0	0.49
103800	0.49	0.48	0.48	0	0	0.49
103900	0.49	0.48	0.48	0	0	0.49
104000	0.49	0.48	0.48	0	0	0.49
104100	0.49	0.48	0.48	0	0	0.49
104200	0.49	0.48	0.48	0	0	0.49
104300	0.49	0.48	0.48	0	0	0.49
104400	0.49	0.48	0.48	0	0	0.49
104500	0.49	0.48	0.48	0	0	0.49
104600	0.49	0.48	0.48	0	0	0.49
104700	0.49	0.48	0.48	0	0	0.49
104800	0.49	0.48	0.48	0	0	0.49
104900	0.49	0.48	0.48	0	0	0.49
105000	0.49	0.47	0.47	0	0	0.49
105100	0.49	0.47	0.47	0	0	0.49
105200	0.49	0.47	0.47	0	0	0.49
105300	0.49	0.47	0.47	0	0	0.49
105400	0.49	0.47	0.47	0	0	0.49
105500	0.49	0.47	0.47	0	0	0.49
105600	0.49	0.47	0.47	0	0	0.49
105700	0.49	0.47	0.47	0	0	0.49
105800	0.49	0.48	0.48	0	0	0.49
105900	0.49	0.48	0.48	0	0	0.49
106000	0.49	0.48	0.48	0	0	0.49
106100	0.49	0.48	0.48	0	0	0.49
106200	0.49	0.48	0.48	0	0	0.49
106300	0.49	0.48	0.48	0	0	0.49
106400	0.49	0.48	0.48	0	0	0.49
106500	0.49	0.48	0.48	0	0	0.49
106600	0.49	0.48	0.48	0	0	0.49
106700	0.49	0.48	0.48	0	0	0.49
106800	0.49	0.48	0.48	0	0	0.49
106900	0.49	0.48	0.48	0	0	0.49
107000	0.49	0.48	0.48	0	0	0.49
107100	0.49	0.48	0.48	0	0	0.49
107200	0.49	0.48	0.48	0	0	0.49
107300	0.49	0.48	0.48	0	0	0.49
107400	0.49	0.48	0.48	0	0	0.49
107500	0.49	0.48	0.48	0	0	0.49
107600	0.49	0.48	0.48	0	0	0.49
107700	0.49	0.48	0.48	0	0	0.49
107800	0.49	0.48	0.48	0	0	0.49
107900	0.49	0.48	0.48	0	0	0.49
108000	0.49	0.48	0.48	0	0	0.49
108100	0.49	0.48	0.48	0	0	0.49
108200	0.49	0.48	0.48	0	0	0.49
108300	0.49	0.48	0.48	0	0	0.49
108400	0.49	0.48	0.48	0	0	0.49
108500	0.49	0.48	0.48	0	0	0.49
108600	0.49	0.48	0.48	0	0	0.49
108700	0.49	0.48	0.48	0	0	0.49
108800	0.49	0.48	0.48	0	0	0.49
108900	0.49	0.48	0.48	0	0	0.49
109000	0.49	0.48	0.48	0	0	0.49
109100	0.49	0.48	0.48	0	0	0.49
109200	0.49	0.48	0.48	0	0	0.49
109300	0.49	0.48	0.48	0	0	0.49
109400	0.49	0.48	0.48	0	0	0.49
109500	0.49	0.48	0.48	0	0	0.49
109600	0.49	0.48	0.48	0	0	0.49
109700	0.49	0.47	0.47	0	0	0.49
109800	0.49	0.47	0.47	0	0	0.49
109900	0.49	0.47	0.47	0	0	0.49
110000	0.49	0.47	0.47	0	0	0.49
110100	0.49	0.47	0.47	0	0	0.49
110200	0.49	0.47	0.47	0	0	0.49
110300	0.49	0.47	0.47	0	0	0.49
110400	0.49	0.47	0.47	0	0	0.49
110500	0.49	0.47	0.47	0	0	0.49
110600	0.49	0.47	0.47	0	0	0.49
110700	0.49	0.47	0.47	0	0	0.49
110800	0.49	0.47	0.47	0	0	0.49
110900	0.49	0.46	0.46	0	0	0.49
111000	0.49	0.46	0.46	0	0	0.49
111100	0.49	0.46	0.46	0	0	0.49
111200	0.49	0.46	0.46	0	0	0.49
111300	0.49	0.46	0.46	0	0	0.49
111400	0.49	0.46	0.46	0	0	0.49
111500	0.49	0.46	0.46	0	0	0.49
111600	0.49	0.46	0.46	0	0	0.49
111700	0.49	0.46	0.46	0	0	0.49
111800	0.49	0.46	0.46	0	0	0.49
111900	0.49	0.46	0.46	0	0	0.49
112000	0.49	0.46	0.46	0	0	0.49
112100	0.49	0.46	0.46	0	0	0.49
112200	0.49	0.46	0.46	0	0	0.49
112300	0.49	0.46	0.46	0	0	0.49
112400	0.49	0.46	0.46	0	0	0.49
112500	0.49	0.46	0.46	0	0	0.49
112600	0.49	0.46	0.46	0	0	0.49
112700	0.49	0.46	0.46	0	0	0.49
112800	0.49	0.46	0.46	0	0	0.49
112900	0.49	0.46	0.46	0	0	0.49
113000	0.49	0.47	0.47	0	0	0.49
113100	0.49	0.47	0.47	0	0	0.49
113200	0.49	0.47	0.47	0	0	0.49
113300	0.49	0.47	0.47	0	0	0.49
113400	0.5	0.47	0.47	0	0	0.5
113500	0.5	0.47	0.47	0	0	0.5
113600	0.5	0.46	0.46	0	0	0.5
113700	0.5	0.46	0.46	0	0	0.5
113800	0.5	0.46	0.46	0	0	0.5
113900	0.5	0.46	0.46	0	0	0.5
114000	0.5	0.46	0.46	0	0	0.5
114100	0.5	0.46	0.46	0	0	0.5
114200	0.5	0.46	0.46	0	0	0.5
114300	0.5	0.46	0.46	0	0	0.5
114400	0.5	0.46	0.46	0	0	0.5
114500	0.5	0.46	0.46	0	0	0.5
114600	0.5	0.46	0.46	0	0	0.5
114700	0.5	0.46	0.46	0	0	0.5
114800	0.5	0.46	0.46	0	0	0.5
114900	0.5	0.46	0.46	0	0	0.5
115000	0.5	0.46	0.46	0	0	0.5
115100	0.5	0.46	0.46	0	0	0.5
115200	0.5	0.46	0.46	0	0	0.5
115300	0.5	0.46	0.46	0	0	0.5
115400	0.5	0.46	0.46	0	0	0.5
115500	0.5	0.46	0.46	0	0	0.5
115600	0.5	0.46	0.46	0	0	0.5
115700	0.5	0.46	0.46	0	0	0.5
115800	0.5	0.46	0.46	0	0	0.5
115900	0.5	0.46	0.46	0	0	0.5
116000	0.5	0.46	0.46	0	0	0.5
116100	0.5	0.46	0.46	0	0	0.5
116200	0.5	0.46	0.46	0	0	0.5
116300	0.5	0.46	0.46	0	0	0.5
116400	0.5	0.46	0.46	0	0	0.5
116500	0.5	0.46	0.46	0	0	0.5
116600	0.5	0.46	0.46	0	0	0.5
116700	0.5	0.46	0.46	0	0	0.5
116800	0.5	0.46	0.46	0	0	0.5
116900	0.5	0.46	0.46	0	0	0.5
117000	0.5	0.46	0.46	0	0	0.5
117100	0.5	0.46	0.46	0	0	0.5
117200	0.5	0.47	0.47	0	0	0.5
117300	0.5	0.48	0.48	0	0	0.5
117400	0.5	0.48	0.48	0	0	0.5
117500	0.5	0.48	0.48	0	0	0.5
117600	0.5	0.48	0.48	0	0	0.5
117700	0.5	0.48	0.48	0	0	0.5
117800	0.5	0.48	0.48	0	0	0.5
117900	0.5	0.48	0.48	0	0	0.5
118000	0.5	0.48	0.48	0	0	0.5
118100	0.5	0.48	0.48	0	0	0.5
118200	0.5	0.46	0.46	0	0	0.5
118300	0.5	0.46	0.46	0	0	0.5
118400	0.5	0.46	0.46	0	0	0.5
118500	0.5	0.46	0.46	0	0	0.5
118600	0.5	0.46	0.46	0	0	0.5
118700	0.5	0.46	0.46	0	0	0.5
118800	0.5	0.46	0.46	0	0	0.5
118900	0.5	0.46	0.46	0	0	0.5
119000	0.5	0.46	0.46	0	0	0.5
119100	0.5	0.46	0.46	0	0	0.5
119200	0.5	0.46	0.46	0	0	0.5
119300	0.5	0.46	0.46	0	0	0.5
119400	0.5	0.46	0.46	0	0	0.5
119500	0.5	0.46	0.46	0	0	0.5
119600	0.5	0.46	0.46	0	0	0.5
119700	0.5	0.46	0.46	0	0	0.5
119800	0.5	0.46	0.46	0	0	0.5
119900	0.5	0.46	0.46	0	0	0.5
120000	0.5	0.46	0.46	0	0	0.5
120100	0.5	0.46	0.46	0	0	0.5
120200	0.5	0.46	0.46	0	0	0.5
120300	0.5	0.46	0.46	0	0	0.5
120400	0.5	0.46	0.46	0	0	0.5
120500	0.5	0.46	0.46	0	0	0.5
120600	0.5	0.46	0.46	0	0	0.5
120700	0.5	0.46	0.46	0	0	0.5
120800	0.5	0.46	0.46	0	0	0.5
120900	0.5	0.46	0.46	0	0	0.5
121000	0.5	0.46	0.46	0	0	0.5
121100	0.5	0.46	0.46	0	0	0.5
121200	0.5	0.46	0.46	0	0	0.5
121300	0.5	0.46	0.46	0	0	0.5
121400	0.5	0.46	0.46	0	0	0.5
121500	0.5	0.46	0.46	0	0	0.5
121600	0.5	0.46	0.46	0	0	0.5
121700	0.5	0.46	0.46	0	0	0.5
121800	0.5	0.46	0.46	0	0	0.5
121900	0.5	0.46	0.46	0	0	0.5
122000	0.5	0.46	0.46	0	0	0.5
122100	0.5	0.46	0.46	0	0	0.5
122200	0.5	0.46	0.46	0	0	0.5
122300	0.5	0.46	0.46	0	0	0.5
122400	0.5	0.46	0.46	0	0	0.5
122500	0.5	0.46	0.46	0	0	0.5
122600	0.5	0.46	0.46	0	0	0.5
122700	0.5	0.46	0.46	0	0	0.5
122800	0.5	0.46	0.46	0	0	0.5
122900	0.5	0.46	0.46	0	0	0.5
123000	0.5	0.46	0.46	0	0	0.5
123100	0.5	0.46	0.46	0	0	0.5
123200	0.5	0.46	0.46	0	0	0.5
123300	0.5	0.46	0.46	0	0	0.5
123400	0.5	0.46	0.46	0	0	0.5
123500	0.5	0.47	0.47	0	0	0.5
123600	0.5	0.47	0.47	0	0	0.5
123700	0.5	0.46	0.46	0	0	0.5
123800	0.5	0.46	0.46	0	0	0.5
123900	0.5	0.46	0.46	0	0	0.5
124000	0.5	0.46	0.46	0	0	0.5
124100	0.5	0.46	0.46	0	0	0.5
124200	0.5	0.46	0.46	0	0	0.5
124300	0.5	0.46	0.46	0	0	0.5
124400	0.5	0.46	0.46	0	0	0.5
124500	0.5	0.46	0.46	0	0	0.5
124600	0.5	0.46	0.46	0	0	0.5
124700	0.5	0.46	0.46	0	0	0.5
124800	0.5	0.46	0.46	0	0	0.5
124900	0.5	0.46	0.46	0	0	0.5
125000	0.5	0.46	0.46	0	0	0.5
125100	0.5	0.47	0.47	0	0	0.5
125200	0.5	0.47	0.47	0	0	0.5
125300	0.5	0.47	0.47	0	0	0.5
125400	0.5	0.47	0.47	0	0	0.5
125500	0.5	0.46	0.46	0	0	0.5
125600	0.5	0.46	0.46	0	0	0.5
125700	0.5	0.46	0.46	0	0	0.5
125800	0.5	0.46	0.46	0	0	0.5
125900	0.5	0.47	0.47	0	0	0.5
126000	0.5	0.47	0.47	0	0	0.5
126100	0.5	0.47	0.47	0	0	0.5
126200	0.49	0.47	0.47	0	0	0.49
126300	0.49	0.47	0.47	0	0	0.49
126400	0.49	0.47	0.47	0	0	0.49
126500	0.49	0.47	0.47	0	0	0.49
126600	0.49	0.47	0.47	0	0	0.49
126700	0.49	0.47	0.47	0	0	0.49
126800	0.49	0.47	0.47	0	0	0.49
126900	0.49	0.47	0.47	0	0	0.49
127000	0.49	0.47	0.47	0	0	0.49
127100	0.49	0.47	0.47	0	0	0.49
127200	0.49	0.47	0.47	0	0	0.49
127300	0.49	0.47	0.47	0	0	0.49
127400	0.49	0.47	0.47	0	0	0.49
127500	0.49	0.47	0.47	0	0	0.49
127600	0.49	0.47	0.47	0	0	0.49
127700	0.49	0.47	0.47	0	0	0.49
127800	0.49	0.47	0.47	0	0	0.49
127900	0.49	0.47	0.47	0	0	0.49
128000	0.49	0.47	0.47	0	0	0.49
128100	0.49	0.47	0.47	0	0	0.49
128200	0.49	0.47	0.47	0	0	0.49
128300	0.49	0.47	0.47	0	0	0.49
128400	0.49	0.47	0.47	0	0	0.49
128500	0.49	0.47	0.47	0	0	0.49
128600	0.49	0.47	0.47	0	0	0.49
128700	0.49	0.47	0.47	0	0	0.49
128800	0.49	0.47	0.47	0	0	0.49
128900	0.49	0.47	0.47	0	0	0.49
129000	0.49	0.47	0.47	0	0	0.49
129100	0.5	0.47	0.47	0	0	0.5
129200	0.49	0.47	0.47	0	0	0.49
129300	0.49	0.47	0.47	0	0	0.49
129400	0.49	0.47	0.47	0	0	0.49
129500	0.49	0.47	0.47	0	0	0.49
129600	0.49	0.47	0.47	0	0	0.49
129700	0.49	0.47	0.47	0	0	0.49
129800	0.49	0.47	0.47	0	0	0.49
129900	0.49	0.47	0.47	0	0	0.49
130000	0.49	0.47	0.47	0	0	0.49
130100	0.49	0.47	0.47	0	0	0.49
130200	0.49	0.47	0.47	0	0	0.49
130300	0.49	0.47	0.47	0	0	0.49
130400	0.49	0.47	0.47	0	0	0.49
130500	0.49	0.47	0.47	0	0	0.49
130600	0.49	0.47	0.47	0	0	0.49
130700	0.49	0.47	0.47	0	0	0.49
130800	0.49	0.47	0.47	0	0	0.49
130900	0.49	0.47	0.47	0	0	0.49
131000	0.49	0.47	0.47	0	0	0.49
131100	0.49	0.47	0.47	0	0	0.49
131200	0.49	0.47	0.47	0	0	0.49
131300	0.49	0.47	0.47	0	0	0.49
131400	0.49	0.47	0.47	0	0	0.49
131500	0.49	0.47	0.47	0	0	0.49
131600	0.49	0.47	0.47	0	0	0.49
131700	0.49	0.47	0.47	0	0	0.49
131800	0.49	0.47	0.47	0	0	0.49
131900	0.49	0.47	0.47	0	0	0.49
132000	0.49	0.47	0.47	0	0	0.49
132100	0.49	0.47	0.47	0	0	0.49
132200	0.49	0.47	0.47	0	0	0.49
132300	0.49	0.47	0.47	0	0	0.49
132400	0.49	0.47	0.47	0	0	0.49
132500	0.49	0.47	0.47	0	0	0.49
132600	0.49	0.47	0.47	0	0	0.49
132700	0.49	0.47	0.47	0	0	0.49
132800	0.49	0.47	0.47	0	0	0.49
132900	0.49	0.47	0.47	0	0	0.49
133000	0.49	0.47	0.47	0	0	0.49
133100	0.49	0.47	0.47	0	0	0.49
133200	0.49	0.47	0.47	0	0	0.49
133300	0.49	0.47	0.47	0	0	0.49
133400	0.49	0.47	0.47	0	0	0.49
133500	0.49	0.47	0.47	0	0	0.49
133600	0.49	0.47	0.47	0	0	0.49
133700	0.49	0.47	0.47	0	0	0.49
133800	0.49	0.46	0.46	0	0	0.49
133900	0.49	0.46	0.46	0	0	0.49
134000	0.49	0.46	0.46	0	0	0.49
134100	0.49	0.46	0.46	0	0	0.49
134200	0.49	0.46	0.46	0	0	0.49
134300	0.49	0.46	0.46	0	0	0.49
134400	0.49	0.46	0.46	0	0	0.49
134500	0.49	0.46	0.46	0	0	0.49
134600	0.5	0.46	0.46	0	0	0.5
134700	0.5	0.46	0.46	0	0	0.5
134800	0.49	0.46	0.46	0	0	0.49
134900	0.49	0.46	0.46	0	0	0.49
135000	0.49	0.46	0.46	0	0	0.49
135100	0.49	0.46	0.46	0	0	0.49
135200	0.49	0.47	0.47	0	0	0.49
135300	0.49	0.47	0.47	0	0	0.49
135400	0.49	0.47	0.47	0	0	0.49
135500	0.49	0.47	0.47	0	0	0.49
135600	0.49	0.47	0.47	0	0	0.49
135700	0.49	0.47	0.47	0	0	0.49
135800	0.49	0.47	0.47	0	0	0.49
135900	0.49	0.47	0.47	0	0	0.49
136000	0.49	0.47	0.47	0	0	0.49
136100	0.49	0.47	0.47	0	0	0.49
136200	0.49	0.47	0.47	0	0	0.49
136300	0.49	0.47	0.47	0	0	0.49
136400	0.49	0.47	0.47	0	0	0.49
136500	0.49	0.47	0.47	0	0	0.49
136600	0.49	0.47	0.47	0	0	0.49
136700	0.49	0.47	0.47	0	0	0.49
136800	0.49	0.47	0.47	0	0	0.49
136900	0.49	0.47	0.47	0	0	0.49
137000	0.49	0.47	0.47	0	0	0.49
137100	0.49	0.47	0.47	0	0	0.49
137200	0.49	0.47	0.47	0	0	0.49
137300	0.49	0.47	0.47	0	0	0.49
137400	0.49	0.47	0.47	0	0	0.49
137500	0.49	0.47	0.47	0	0	0.49
137600	0.49	0.47	0.47	0	0	0.49
137700	0.49	0.47	0.47	0	0	0.49
137800	0.49	0.47	0.47	0	0	0.49
137900	0.49	0.47	0.47	0	0	0.49
138000	0.49	0.48	0.48	0	0	0.49
138100	0.49	0.48	0.48	0	0	0.49
138200	0.49	0.48	0.48	0	0	0.49
138300	0.49	0.47	0.47	0	0	0.49
138400	0.49	0.47	0.47	0	0	0.49
138500	0.49	0.47	0.47	0	0	0.49
138600	0.49	0.47	0.47	0	0	0.49
138700	0.49	0.47	0.47	0	0	0.49
138800	0.49	0.47	0.47	0	0	0.49
138900	0.49	0.47	0.47	0	0	0.49
139000	0.49	0.47	0.47	0	0	0.49
139100	0.49	0.47	0.47	0	0	0.49
139200	0.49	0.47	0.47	0	0	0.49
139300	0.49	0.47	0.47	0	0	0.49
139400	0.49	0.47	0.47	0	0	0.49
139500	0.49	0.47	0.47	0	0	0.49
139600	0.49	0.47	0.47	0	0	0.49
139700	0.49	0.47	0.47	0	0	0.49
139800	0.49	0.47	0.47	0	0	0.49
139900	0.49	0.47	0.47	0	0	0.49
140000	0.49	0.47	0.47	0	0	0.49
140100	0.49	0.47	0.47	0	0	0.49
140200	0.49	0.47	0.47	0	0	0.49
140300	0.49	0.47	0.47	0	0	0.49
140400	0.49	0.47	0.47	0	0	0.49
140500	0.49	0.47	0.47	0	0	0.49
140600	0.49	0.47	0.47	0	0	0.49
140700	0.49	0.47	0.47	0	0	0.49
140800	0.49	0.47	0.47	0	0	0.49
140900	0.49	0.47	0.47	0	0	0.49
141000	0.49	0.47	0.47	0	0	0.49
141100	0.49	0.47	0.47	0	0	0.49
141200	0.49	0.47	0.47	0	0	0.49
141300	0.49	0.47	0.47	0	0	0.49
141400	0.49	0.47	0.47	0	0	0.49
141500	0.49	0.47	0.47	0	0	0.49
141600	0.49	0.47	0.47	0	0	0.49
141700	0.49	0.47	0.47	0	0	0.49
141800	0.49	0.47	0.47	0	0	0.49
141900	0.49	0.47	0.47	0	0	0.49
142000	0.49	0.47	0.47	0	0	0.49
142100	0.49	0.47	0.47	0	0	0.49
142200	0.49	0.47	0.47	0	0	0.49
142300	0.49	0.47	0.47	0	0	0.49
142400	0.49	0.47	0.47	0	0	0.49
142500	0.49	0.47	0.47	0	0	0.49
142600	0.49	0.47	0.47	0	0	0.49
142700	0.49	0.47	0.47	0	0	0.49
142800	0.49	0.47	0.47	0	0	0.49
142900	0.49	0.47	0.47	0	0	0.49
143000	0.49	0.47	0.47	0	0	0.49
143100	0.49	0.47	0.47	0	0	0.49
143200	0.49	0.47	0.47	0	0	0.49
143300	0.49	0.47	0.47	0	0	0.49
143400	0.49	0.47	0.47	0	0	0.49
143500	0.49	0.47	0.47	0	0	0.49
143600	0.49	0.47	0.47	0	0	0.49
143700	0.49	0.47	0.47	0	0	0.49
143800	0.49	0.47	0.47	0	0	0.49
143900	0.49	0.47	0.47	0	0	0.49
144000	0.49	0.47	0.47	0	0	0.49
144100	0.49	0.47	0.47	0	0	0.49
144200	0.5	0.47	0.47	0	0	0.5
144300	0.5	0.47	0.47	0	0	0.5
144400	0.5	0.47	0.47	0	0	0.5
144500	0.5	0.47	0.47	0	0	0.5
144600	0.5	0.47	0.47	0	0	0.5
144700	0.5	0.47	0.47	0	0	0.5
144800	0.5	0.47	0.47	0	0	0.5
144900	0.5	0.47	0.47	0	0	0.5
145000	0.49	0.47	0.47	0	0	0.49
145100	0.49	0.47	0.47	0	0	0.49
145200	0.49	0.47	0.47	0	0	0.49
145300	0.49	0.47	0.47	0	0	0.49
145400	0.49	0.47	0.47	0	0	0.49
145500	0.49	0.47	0.47	0	0	0.49
145600	0.49	0.47	0.47	0	0	0.49
145700	0.49	0.47	0.47	0	0	0.49
145800	0.49	0.47	0.47	0	0	0.49
145900	0.49	0.47	0.47	0	0	0.49
146000	0.49	0.47	0.47	0	0	0.49
146100	0.49	0.47	0.47	0	0	0.49
146200	0.49	0.47	0.47	0	0	0.49
146300	0.49	0.47	0.47	0	0	0.49
146400	0.49	0.47	0.47	0	0	0.49
146500	0.49	0.47	0.47	0	0	0.49
146600	0.49	0.47	0.47	0	0	0.49
146700	0.49	0.47	0.47	0	0	0.49
146800	0.49	0.48	0.48	0	0	0.49
146900	0.49	0.48	0.48	0	0	0.49
147000	0.49	0.48	0.48	0	0	0.49
147100	0.49	0.48	0.48	0	0	0.49
147200	0.49	0.48	0.48	0	0	0.49
147300	0.49	0.48	0.48	0	0	0.49
147400	0.49	0.48	0.48	0	0	0.49
147500	0.49	0.48	0.48	0	0	0.49
147600	0.49	0.48	0.48	0	0	0.49
147700	0.49	0.48	0.48	0	0	0.49
147800	0.49	0.48	0.48	0	0	0.49
147900	0.49	0.48	0.48	0	0	0.49
148000	0.49	0.48	0.48	0	0	0.49
148100	0.49	0.48	0.48	0	0	0.49
148200	0.49	0.48	0.48	0	0	0.49
148300	0.49	0.48	0.48	0	0	0.49
148400	0.49	0.48	0.48	0	0	0.49
148500	0.49	0.48	0.48	0	0	0.49
148600	0.49	0.48	0.48	0	0	0.49
148700	0.49	0.48	0.48	0	0	0.49
148800	0.49	0.48	0.48	0	0	0.49
148900	0.49	0.48	0.48	0	0	0.49
149000	0.49	0.48	0.48	0	0	0.49
149100	0.49	0.48	0.48	0	0	0.49
149200	0.49	0.48	0.48	0	0	0.49
149300	0.49	0.48	0.48	0	0	0.49
149400	0.49	0.48	0.48	0	0	0.49
149500	0.49	0.48	0.48	0	0	0.49
149600	0.49	0.48	0.48	0	0	0.49
149700	0.49	0.48	0.48	0	0	0.49
149800	0.49	0.48	0.48	0	0	0.49
149900	0.49	0.47	0.47	0	0	0.49
150000	0.49	0.47	0.47	0	0	0.49
150100	0.49	0.47	0.47	0	0	0.49
150200	0.49	0.48	0.48	0	0	0.49
150300	0.49	0.48	0.48	0	0	0.49
150400	0.49	0.47	0.47	0	0	0.49
150500	0.49	0.47	0.47	0	0	0.49
150600	0.49	0.47	0.47	0	0	0.49
150700	0.49	0.47	0.47	0	0	0.49
150800	0.49	0.47	0.47	0	0	0.49
150900	0.49	0.47	0.47	0	0	0.49
151000	0.49	0.47	0.47	0	0	0.49
151100	0.49	0.47	0.47	0	0	0.49
151200	0.49	0.47	0.47	0	0	0.49
151300	0.49	0.47	0.47	0	0	0.49
151400	0.49	0.47	0.47	0	0	0.49
151500	0.49	0.47	0.47	0	0	0.49
151600	0.49	0.47	0.47	0	0	0.49
151700	0.49	0.47	0.47	0	0	0.49
151800	0.49	0.47	0.47	0	0	0.49
151900	0.49	0.47	0.47	0	0	0.49
152000	0.49	0.47	0.47	0	0	0.49
152100	0.49	0.47	0.47	0	0	0.49
152200	0.49	0.47	0.47	0	0	0.49
152300	0.49	0.47	0.47	0	0	0.49
152400	0.49	0.47	0.47	0	0	0.49
152500	0.49	0.48	0.48	0	0	0.49
152600	0.49	0.48	0.48	0	0	0.49
152700	0.49	0.48	0.48	0	0	0.49
152800	0.49	0.48	0.48	0	0	0.49
152900	0.49	0.48	0.48	0	0	0.49
153000	0.49	0.48	0.48	0	0	0.49
153100	0.49	0.48	0.48	0	0	0.49
153200	0.49	0.48	0.48	0	0	0.49
153300	0.49	0.48	0.48	0	0	0.49
153400	0.49	0.48	0.48	0	0	0.49
153500	0.49	0.48	0.48	0	0	0.49
153600	0.5	0.47	0.47	0	0	0.5
153700	0.5	0.47	0.47	0	0	0.5
153800	0.5	0.47	0.47	0	0	0.5
153900	0.5	0.47	0.47	0	0	0.5
154000	0.5	0.47	0.47	0	0	0.5
154100	0.5	0.47	0.47	0	0	0.5
154200	0.5	0.47	0.47	0	0	0.5
154300	0.5	0.47	0.47	0	0	0.5
154400	0.5	0.47	0.47	0	0	0.5
154500	0.5	0.47	0.47	0	0	0.5
154600	0.5	0.47	0.47	0	0	0.5
154700	0.5	0.47	0.47	0	0	0.5
154800	0.5	0.47	0.47	0	0	0.5
154900	0.5	0.47	0.47	0	0	0.5
155000	0.5	0.47	0.47	0	0	0.5
155100	0.5	0.47	0.47	0	0	0.5
155200	0.5	0.47	0.47	0	0	0.5
155300	0.5	0.47	0.47	0	0	0.5
155400	0.49	0.47	0.47	0	0	0.49
155500	0.49	0.47	0.47	0	0	0.49
155600	0.49	0.47	0.47	0	0	0.49
155700	0.49	0.49	0.49	0	0	0.49
155800	0.49	0.49	0.49	0	0	0.49
155900	0.49	0.49	0.49	0	0	0.49
156000	0.49	0.49	0.49	0	0	0.49
156100	0.49	0.49	0.49	0	0	0.49
156200	0.49	0.49	0.49	0	0	0.49
156300	0.49	0.49	0.49	0	0	0.49
156400	0.49	0.49	0.49	0	0	0.49
156500	0.49	0.49	0.49	0	0	0.49
156600	0.49	0.49	0.49	0	0	0.49
156700	0.49	0.49	0.49	0	0	0.49
156800	0.49	0.49	0.49	0	0	0.49
156900	0.49	0.49	0.49	0	0	0.49
157000	0.49	0.49	0.49	0	0	0.49
157100	0.49	0.49	0.49	0	0	0.49
157200	0.49	0.49	0.49	0	0	0.49
157300	0.49	0.49	0.49	0	0	0.49
157400	0.49	0.49	0.49	0	0	0.49
157500	0.49	0.49	0.49	0	0	0.49
157600	0.49	0.49	0.49	0	0	0.49
157700	0.49	0.49	0.49	0	0	0.49
157800	0.49	0.49	0.49	0	0	0.49
157900	0.49	0.49	0.49	0	0	0.49
158000	0.49	0.49	0.49	0	0	0.49
158100	0.49	0.49	0.49	0	0	0.49
158200	0.49	0.49	0.49	0	0	0.49
158300	0.49	0.49	0.49	0	0	0.49
158400	0.49	0.49	0.49	0	0	0.49
158500	0.49	0.49	0.49	0	0	0.49
158600	0.49	0.49	0.49	0	0	0.49
158700	0.49	0.49	0.49	0	0	0.49
158800	0.49	0.49	0.49	0	0	0.49
158900	0.49	0.49	0.49	0	0	0.49
159000	0.49	0.49	0.49	0	0	0.49
159100	0.49	0.49	0.49	0	0	0.49
159200	0.49	0.49	0.49	0	0	0.49
159300	0.49	0.49	0.49	0	0	0.49
159400	0.49	0.49	0.49	0	0	0.49
159500	0.49	0.49	0.49	0	0	0.49
159600	0.49	0.49	0.49	0	0	0.49
159700	0.49	0.49	0.49	0	0	0.49
159800	0.49	0.49	0.49	0	0	0.49
159900	0.49	0.49	0.49	0	0	0.49
160000	0.49	0.49	0.49	0	0	0.49
160100	0.49	0.49	0.49	0	0	0.49
160200	0.49	0.49	0.49	0	0	0.49
160300	0.49	0.5	0.5	0	0	0.49
160400	0.49	0.49	0.49	0	0	0.49
160500	0.48	0.49	0.49	0	0	0.48
160600	0.48	0.49	0.49	0	0	0.48
160700	0.48	0.49	0.49	0	0	0.48
160800	0.48	0.49	0.49	0	0	0.48
160900	0.48	0.49	0.49	0	0	0.48
161000	0.48	0.49	0.49	0	0	0.48
161100	0.48	0.49	0.49	0	0	0.48
161200	0.48	0.49	0.49	0	0	0.48
161300	0.48	0.49	0.49	0	0	0.48
161400	0.48	0.49	0.49	0	0	0.48
161500	0.48	0.49	0.49	0	0	0.48
161600	0.48	0.49	0.49	0	0	0.48
161700	0.48	0.49	0.49	0	0	0.48
161800	0.48	0.49	0.49	0	0	0.48
161900	0.48	0.49	0.49	0	0	0.48
162000	0.48	0.49	0.49	0	0	0.48
162100	0.48	0.49	0.49	0	0	0.48
162200	0.48	0.48	0.48	0	0	0.48
162300	0.48	0.48	0.48	0	0	0.48
162400	0.48	0.48	0.48	0	0	0.48
162500	0.48	0.48	0.48	0	0	0.48
162600	0.48	0.48	0.48	0	0	0.48
162700	0.48	0.48	0.48	0	0	0.48
162800	0.48	0.48	0.48	0	0	0.48
162900	0.48	0.48	0.48	0	0	0.48
163000	0.49	0.48	0.48	0	0	0.49
163100	0.49	0.48	0.48	0	0	0.49
163200	0.49	0.48	0.48	0	0	0.49
163300	0.49	0.48	0.48	0	0	0.49
163400	0.49	0.48	0.48	0	0	0.49
163500	0.49	0.48	0.48	0	0	0.49
163600	0.49	0.48	0.48	0	0	0.49
163700	0.49	0.48	0.48	0	0	0.49
163800	0.49	0.48	0.48	0	0	0.49
163900	0.49	0.48	0.48	0	0	0.49
164000	0.49	0.48	0.48	0	0	0.49
164100	0.49	0.48	0.48	0	0	0.49
164200	0.49	0.48	0.48	0	0	0.49
164300	0.49	0.48	0.48	0	0	0.49
164400	0.49	0.48	0.48	0	0	0.49
164500	0.49	0.48	0.48	0	0	0.49
164600	0.49	0.48	0.48	0	0	0.49
164700	0.49	0.48	0.48	0	0	0.49
164800	0.49	0.48	0.48	0	0	0.49
164900	0.49	0.48	0.48	0	0	0.49
165000	0.49	0.48	0.48	0	0	0.49
165100	0.49	0.48	0.48	0	0	0.49
165200	0.49	0.48	0.48	0	0	0.49
165300	0.49	0.48	0.48	0	0	0.49
165400	0.49	0.48	0.48	0	0	0.49
165500	0.49	0.48	0.48	0	0	0.49
165600	0.49	0.48	0.48	0	0	0.49
165700	0.49	0.48	0.48	0	0	0.49
165800	0.49	0.48	0.48	0	0	0.49
165900	0.49	0.48	0.48	0	0	0.49
166000	0.49	0.48	0.48	0	0	0.49
166100	0.49	0.48	0.48	0	0	0.49
166200	0.49	0.48	0.48	0	0	0.49
166300	0.49	0.48	0.48	0	0	0.49
166400	0.49	0.48	0.48	0	0	0.49
166500	0.49	0.48	0.48	0	0	0.49
166600	0.49	0.48	0.48	0	0	0.49
166700	0.49	0.48	0.48	0	0	0.49
166800	0.49	0.48	0.48	0	0	0.49
166900	0.49	0.48	0.48	0	0	0.49
167000	0.49	0.48	0.48	0	0	0.49
167100	0.49	0.48	0.48	0	0	0.49
167200	0.49	0.48	0.48	0	0	0.49
167300	0.49	0.48	0.48	0	0	0.49
167400	0.49	0.48	0.48	0	0	0.49
167500	0.49	0.48	0.48	0	0	0.49
167600	0.49	0.48	0.48	0	0	0.49
167700	0.49	0.48	0.48	0	0	0.49
167800	0.49	0.48	0.48	0	0	0.49
167900	0.49	0.48	0.48	0	0	0.49
168000	0.49	0.48	0.48	0	0	0.49
168100	0.49	0.48	0.48	0	0	0.49
168200	0.49	0.48	0.48	0	0	0.49
168300	0.49	0.48	0.48	0	0	0.49
168400	0.49	0.48	0.48	0	0	0.49
168500	0.49	0.48	0.48	0	0	0.49
168600	0.49	0.48	0.48	0	0	0.49
168700	0.49	0.48	0.48	0	0	0.49
168800	0.49	0.48	0.48	0	0	0.49
168900	0.49	0.48	0.48	0	0	0.49
169000	0.49	0.48	0.48	0	0	0.49
169100	0.49	0.48	0.48	0	0	0.49
169200	0.49	0.48	0.48	0	0	0.49
169300	0.49	0.48	0.48	0	0	0.49
169400	0.49	0.48	0.48	0	0	0.49
169500	0.49	0.48	0.48	0	0	0.49
169600	0.49	0.48	0.48	0	0	0.49
169700	0.49	0.48	0.48	0	0	0.49
169800	0.49	0.48	0.48	0	0	0.49
169900	0.49	0.48	0.48	0	0	0.49
170000	0.49	0.48	0.48	0	0	0.49
170100	0.49	0.48	0.48	0	0	0.49
170200	0.49	0.48	0.48	0	0	0.49
170300	0.49	0.48	0.48	0	0	0.49
170400	0.49	0.48	0.48	0	0	0.49
170500	0.49	0.48	0.48	0	0	0.49
170600	0.49	0.48	0.48	0	0	0.49
170700	0.49	0.48	0.48	0	0	0.49
170800	0.49	0.48	0.48	0	0	0.49
170900	0.49	0.48	0.48	0	0	0.49
171000	0.49	0.48	0.48	0	0	0.49
171100	0.49	0.48	0.48	0	0	0.49
171200	0.49	0.48	0.48	0	0	0.49
171300	0.49	0.48	0.48	0	0	0.49
171400	0.49	0.48	0.48	0	0	0.49
171500	0.49	0.48	0.48	0	0	0.49
171600	0.49	0.48	0.48	0	0	0.49
171700	0.49	0.49	0.49	0	0	0.49
171800	0.49	0.49	0.49	0	0	0.49
171900	0.49	0.49	0.49	0	0	0.49
172000	0.49	0.49	0.49	0	0	0.49
172100	0.49	0.49	0.49	0	0	0.49
172200	0.49	0.49	0.49	0	0	0.49
172300	0.49	0.49	0.49	0	0	0.49
172400	0.49	0.49	0.49	0	0	0.49
172500	0.49	0.49	0.49	0	0	0.49
172600	0.49	0.49	0.49	0	0	0.49
172700	0.49	0.49	0.49	0	0	0.49
172800	0.49	0.49	0.49	0	0	0.49
172900	0.49	0.49	0.49	0	0	0.49
173000	0.49	0.5	0.5	0	0	0.49
173100	0.49	0.5	0.5	0	0	0.49
173200	0.49	0.49	0.49	0	0	0.49
173300	0.49	0.48	0.48	0	0	0.49
173400	0.49	0.48	0.48	0	0	0.49
173500	0.49	0.48	0.48	0	0	0.49
173600	0.49	0.48	0.48	0	0	0.49
173700	0.49	0.48	0.48	0	0	0.49
173800	0.49	0.48	0.48	0	0	0.49
173900	0.49	0.48	0.48	0	0	0.49
174000	0.49	0.48	0.48	0	0	0.49
174100	0.49	0.49	0.49	0	0	0.49
174200	0.49	0.49	0.49	0	0	0.49
174300	0.49	0.49	0.49	0	0	0.49
174400	0.49	0.49	0.49	0	0	0.49
174500	0.49	0.49	0.49	0	0	0.49
174600	0.49	0.49	0.49	0	0	0.49
174700	0.49	0.49	0.49	0	0	0.49
174800	0.49	0.49	0.49	0	0	0.49
174900	0.49	0.5	0.5	0	0	0.49
175000	0.49	0.5	0.5	0	0	0.49
175100	0.49	0.5	0.5	0	0	0.49
175200	0.49	0.5	0.5	0	0	0.49
175300	0.49	0.5	0.5	0	0	0.49
175400	0.49	0.5	0.5	0	0	0.49
175500	0.49	0.5	0.5	0	0	0.49
175600	0.49	0.5	0.5	0	0	0.49
175700	0.49	0.5	0.5	0	0	0.49
175800	0.49	0.5	0.5	0	0	0.49
175900	0.49	0.5	0.5	0	0	0.49
176000	0.49	0.5	0.5	0	0	0.49
176100	0.49	0.5	0.5	0	0	0.49
176200	0.49	0.5	0.5	0	0	0.49
176300	0.49	0.5	0.5	0	0	0.49
176400	0.49	0.5	0.5	0	0	0.49
176500	0.49	0.5	0.5	0	0	0.49
176600	0.49	0.5	0.5	0	0	0.49
176700	0.49	0.5	0.5	0	0	0.49
176800	0.49	0.5	0.5	0	0	0.49
176900	0.49	0.5	0.5	0	0	0.49
177000	0.49	0.5	0.5	0	0	0.49
177100	0.49	0.5	0.5	0	0	0.49
177200	0.49	0.5	0.5	0	0	0.49
177300	0.49	0.5	0.5	0	0	0.49
177400	0.49	0.5	0.5	0	0	0.49
177500	0.49	0.5	0.5	0	0	0.49
177600	0.49	0.5	0.5	0	0	0.49
177700	0.49	0.5	0.5	0	0	0.49
177800	0.49	0.5	0.5	0	0	0.49
177900	0.49	0.5	0.5	0	0	0.49
178000	0.49	0.5	0.5	0	0	0.49
178100	0.49	0.5	0.5	0	0	0.49
178200	0.49	0.5	0.5	0	0	0.49
178300	0.49	0.5	0.5	0	0	0.49
178400	0.49	0.5	0.5	0	0	0.49
178500	0.49	0.5	0.5	0	0	0.49
178600	0.49	0.5	0.5	0	0	0.49
178700	0.49	0.5	0.5	0	0	0.49
178800	0.49	0.5	0.5	0	0	0.49
178900	0.49	0.5	0.5	0	0	0.49
179000	0.49	0.5	0.5	0	0	0.49
179100	0.48	0.5	0.5	0	0	0.48
179200	0.48	0.5	0.5	0	0	0.48
179300	0.48	0.5	0.5	0	0	0.48
179400	0.48	0.5	0.5	0	0	0.48
179500	0.48	0.5	0.5	0	0	0.48
179600	0.48	0.5	0.5	0	0	0.48
179700	0.48	0.5	0.5	0	0	0.48
179800	0.48	0.5	0.5	0	0	0.48
179900	0.48	0.5	0.5	0	0	0.48
180000	0.48	0.5	0.5	0	0	0.48
180100	0.48	0.5	0.5	0	0	0.48
180200	0.48	0.5	0.5	0	0	0.48
180300	0.48	0.5	0.5	0	0	0.48
180400	0.48	0.5	0.5	0	0	0.48
180500	0.48	0.5	0.5	0	0	0.48
180600	0.48	0.5	0.5	0	0	0.48
180700	0.48	0.5	0.5	0	0	0.48
180800	0.48	0.5	0.5	0	0	0.48
180900	0.48	0.5	0.5	0	0	0.48
181000	0.48	0.5	0.5	0	0	0.48
181100	0.48	0.5	0.5	0	0	0.48
181200	0.48	0.5	0.5	0	0	0.48
181300	0.48	0.5	0.5	0	0	0.48
181400	0.48	0.5	0.5	0	0	0.48
181500	0.48	0.5	0.5	0	0	0.48
181600	0.48	0.5	0.5	0	0	0.48
181700	0.48	0.5	0.5	0	0	0.48
181800	0.48	0.5	0.5	0	0	0.48
181900	0.48	0.5	0.5	0	0	0.48
182000	0.48	0.5	0.5	0	0	0.48
182100	0.48	0.5	0.5	0	0	0.48
182200	0.48	0.5	0.5	0	0	0.48
182300	0.48	0.5	0.5	0	0	0.48
182400	0.48	0.5	0.5	0	0	0.48
182500	0.48	0.5	0.5	0	0	0.48
182600	0.48	0.5	0.5	0	0	0.48
182700	0.48	0.5	0.5	0	0	0.48
182800	0.48	0.5	0.5	0	0	0.48
182900	0.48	0.5	0.5	0	0	0.48
183000	0.48	0.5	0.5	0	0	0.48
183100	0.48	0.5	0.5	0	0	0.48
183200	0.48	0.5	0.5	0	0	0.48
183300	0.48	0.5	0.5	0	0	0.48
183400	0.48	0.5	0.5	0	0	0.48
183500	0.48	0.5	0.5	0	0	0.48
183600	0.48	0.5	0.5	0	0	0.48
183700	0.48	0.5	0.5	0	0	0.48
183800	0.48	0.5	0.5	0	0	0.48
183900	0.48	0.5	0.5	0	0	0.48
184000	0.48	0.5	0.5	0	0	0.48
184100	0.48	0.5	0.5	0	0	0.48
184200	0.48	0.5	0.5	0	0	0.48
184300	0.48	0.5	0.5	0	0	0.48
184400	0.48	0.5	0.5	0	0	0.48
184500	0.48	0.5	0.5	0	0	0.48
184600	0.48	0.5	0.5	0	0	0.48
184700	0.48	0.5	0.5	0	0	0.48
184800	0.48	0.5	0.5	0	0	0.48
184900	0.48	0.5	0.5	0	0	0.48
185000	0.48	0.5	0.5	0	0	0.48
185100	0.48	0.5	0.5	0	0	0.48
185200	0.48	0.5	0.5	0	0	0.48
185300	0.48	0.5	0.5	0	0	0.48
185400	0.48	0.5	0.5	0	0	0.48
185500	0.49	0.49	0.49	0	0	0.49
185600	0.49	0.49	0.49	0	0	0.49
185700	0.49	0.49	0.49	0	0	0.49
185800	0.49	0.49	0.49	0	0	0.49
185900	0.48	0.49	0.49	0	0	0.48
186000	0.48	0.49	0.49	0	0	0.48
186100	0.48	0.49	0.49	0	0	0.48
186200	0.48	0.49	0.49	0	0	0.48
186300	0.48	0.49	0.49	0	0	0.48
186400	0.48	0.49	0.49	0	0	0.48
186500	0.48	0.49	0.49	0	0	0.48
186600	0.49	0.49	0.49	0	0	0.49
186700	0.49	0.49	0.49	0	0	0.49
186800	0.49	0.49	0.49	0	0	0.49
186900	0.49	0.49	0.49	0	0	0.49
187000	0.49	0.49	0.49	0	0	0.49
187100	0.49	0.49	0.49	0	0	0.49
187200	0.49	0.49	0.49	0	0	0.49
187300	0.49	0.49	0.49	0	0	0.49
187400	0.49	0.49	0.49	0	0	0.49
187500	0.49	0.49	0.49	0	0	0.49
187600	0.49	0.49	0.49	0	0	0.49
187700	0.5	0.49	0.49	0	0	0.5
187800	0.5	0.49	0.49	0	0	0.5
187900	0.5	0.49	0.49	0	0	0.5
188000	0.5	0.49	0.49	0	0	0.5
188100	0.5	0.49	0.49	0	0	0.5
188200	0.5	0.49	0.49	0	0	0.5
188300	0.5	0.49	0.49	0	0	0.5
188400	0.5	0.49	0.49	0	0	0.5
188500	0.5	0.49	0.49	0	0	0.5
188600	0.5	0.49	0.49	0	0	0.5
188700	0.5	0.49	0.49	0	0	0.5
188800	0.5	0.49	0.49	0	0	0.5
188900	0.5	0.49	0.49	0	0	0.5
189000	0.5	0.49	0.49	0	0	0.5
189100	0.5	0.49	0.49	0	0	0.5
189200	0.5	0.49	0.49	0	0	0.5
189300	0.5	0.49	0.49	0	0	0.5
189400	0.5	0.49	0.49	0	0	0.5
189500	0.5	0.49	0.49	0	0	0.5
189600	0.5	0.49	0.49	0	0	0.5
189700	0.5	0.49	0.49	0	0	0.5
189800	0.5	0.49	0.49	0	0	0.5
189900	0.5	0.49	0.49	0	0	0.5
190000	0.5	0.49	0.49	0	0	0.5
190100	0.5	0.49	0.49	0	0	0.5
190200	0.49	0.49	0.49	0	0	0.49
190300	0.49	0.49	0.49	0	0	0.49
190400	0.49	0.49	0.49	0	0	0.49
190500	0.49	0.49	0.49	0	0	0.49
190600	0.49	0.49	0.49	0	0	0.49
190700	0.49	0.49	0.49	0	0	0.49
190800	0.49	0.49	0.49	0	0	0.49
190900	0.48	0.49	0.49	0	0	0.48
191000	0.48	0.49	0.49	0	0	0.48
191100	0.48	0.49	0.49	0	0	0.48
191200	0.48	0.49	0.49	0	0	0.48
191300	0.48	0.49	0.49	0	0	0.48
191400	0.48	0.49	0.49	0	0	0.48
191500	0.48	0.49	0.49	0	0	0.48
191600	0.48	0.49	0.49	0	0	0.48
191700	0.48	0.49	0.49	0	0	0.48
191800	0.48	0.49	0.49	0	0	0.48
191900	0.48	0.49	0.49	0	0	0.48
192000	0.48	0.49	0.49	0	0	0.48
192100	0.48	0.49	0.49	0	0	0.48
192200	0.48	0.49	0.49	0	0	0.48
192300	0.48	0.49	0.49	0	0	0.48
192400	0.48	0.49	0.49	0	0	0.48
192500	0.48	0.49	0.49	0	0	0.48
192600	0.48	0.49	0.49	0	0	0.48
192700	0.48	0.49	0.49	0	0	0.48
192800	0.48	0.49	0.49	0	0	0.48
192900	0.48	0.49	0.49	0	0	0.48
193000	0.48	0.49	0.49	0	0	0.48
193100	0.48	0.49	0.49	0	0	0.48
193200	0.48	0.49	0.49	0	0	0.48
193300	0.48	0.49	0.49	0	0	0.48
193400	0.48	0.49	0.49	0	0	0.48
193500	0.48	0.49	0.49	0	0	0.48
193600	0.48	0.49	0.49	0	0	0.48
193700	0.48	0.49	0.49	0	0	0.48
193800	0.48	0.49	0.49	0	0	0.48
193900	0.48	0.49	0.49	0	0	0.48
194000	0.48	0.49	0.49	0	0	0.48
194100	0.48	0.49	0.49	0	0	0.48
194200	0.48	0.49	0.49	0	0	0.48
194300	0.48	0.49	0.49	0	0	0.48
194400	0.48	0.49	0.49	0	0	0.48
194500	0.48	0.49	0.49	0	0	0.48
194600	0.48	0.49	0.49	0	0	0.48
194700	0.48	0.49	0.49	0	0	0.48
194800	0.48	0.49	0.49	0	0	0.48
194900	0.48	0.49	0.49	0	0	0.48
195000	0.48	0.49	0.49	0	0	0.48
195100	0.47	0.49	0.49	0	0	0.47
195200	0.47	0.49	0.49	0	0	0.47
195300	0.47	0.49	0.49	0	0	0.47
195400	0.47	0.49	0.49	0	0	0.47
195500	0.47	0.49	0.49	0	0	0.47
195600	0.47	0.49	0.49	0	0	0.47
195700	0.47	0.49	0.49	0	0	0.47
195800	0.47	0.49	0.49	0	0	0.47
195900	0.47	0.49	0.49	0	0	0.47
196000	0.48	0.49	0.49	0	0	0.48
196100	0.48	0.49	0.49	0	0	0.48
196200	0.48	0.49	0.49	0	0	0.48
196300	0.47	0.49	0.49	0	0	0.47
196400	0.47	0.49	0.49	0	0	0.47
196500	0.47	0.49	0.49	0	0	0.47
196600	0.47	0.49	0.49	0	0	0.47
196700	0.47	0.5	0.5	0	0	0.47
196800	0.47	0.5	0.5	0	0	0.47
196900	0.47	0.5	0.5	0	0	0.47
197000	0.47	0.5	0.5	0	0	0.47
197100	0.47	0.5	0.5	0	0	0.47
197200	0.48	0.5	0.5	0	0	0.48
197300	0.47	0.5	0.5	0	0	0.47
197400	0.47	0.5	0.5	0	0	0.47
197500	0.47	0.5	0.5	0	0	0.47
197600	0.47	0.5	0.5	0	0	0.47
197700	0.47	0.5	0.5	0	0	0.47
197800	0.47	0.5	0.5	0	0	0.47
197900	0.47	0.5	0.5	0	0	0.47
198000	0.47	0.5	0.5	0	0	0.47
198100	0.47	0.5	0.5	0	0	0.47
198200	0.47	0.5	0.5	0	0	0.47
198300	0.47	0.5	0.5	0	0	0.47
198400	0.47	0.5	0.5	0	0	0.47
198500	0.47	0.5	0.5	0	0	0.47
198600	0.47	0.5	0.5	0	0	0.47
198700	0.47	0.5	0.5	0	0	0.47
198800	0.47	0.5	0.5	0	0	0.47
198900	0.47	0.5	0.5	0	0	0.47
199000	0.47	0.5	0.5	0	0	0.47
199100	0.47	0.5	0.5	0	0	0.47
199200	0.47	0.5	0.5	0	0	0.47
199300	0.47	0.5	0.5	0	0	0.47
199400	0.47	0.49	0.49	0	0	0.47
199500	0.47	0.49	0.49	0	0	0.47
199600	0.47	0.49	0.49	0	0	0.47
199700	0.47	0.49	0.49	0	0	0.47
199800	0.47	0.49	0.49	0	0	0.47
199900	0.47	0.49	0.49	0	0	0.47
200000	0.47	0.49	0.49	0	0	0.47
200100	0.47	0.49	0.49	0	0	0.47
200200	0.47	0.49	0.49	0	0	0.47
200300	0.47	0.49	0.49	0	0	0.47
200400	0.47	0.49	0.49	0	0	0.47
200500	0.47	0.49	0.49	0	0	0.47
200600	0.47	0.49	0.49	0	0	0.47
200700	0.47	0.49	0.49	0	0	0.47
200800	0.47	0.49	0.49	0	0	0.47
200900	0.47	0.49	0.49	0	0	0.47
201000	0.47	0.49	0.49	0	0	0.47
201100	0.47	0.49	0.49	0	0	0.47
201200	0.47	0.49	0.49	0	0	0.47
201300	0.47	0.49	0.49	0	0	0.47
201400	0.47	0.49	0.49	0	0	0.47
201500	0.48	0.49	0.49	0	0	0.48
201600	0.48	0.49	0.49	0	0	0.48
201700	0.48	0.49	0.49	0	0	0.48
201800	0.48	0.49	0.49	0	0	0.48
201900	0.48	0.49	0.49	0	0	0.48
202000	0.48	0.48	0.48	0	0	0.48
202100	0.48	0.48	0.48	0	0	0.48
202200	0.48	0.48	0.48	0	0	0.48
202300	0.48	0.48	0.48	0	0	0.48
202400	0.48	0.48	0.48	0	0	0.48
202500	0.48	0.48	0.48	0	0	0.48
202600	0.48	0.49	0.49	0	0	0.48
202700	0.48	0.49	0.49	0	0	0.48
202800	0.48	0.49	0.49	0	0	0.48
202900	0.48	0.49	0.49	0	0	0.48
203000	0.48	0.49	0.49	0	0	0.48
203100	0.48	0.49	0.49	0	0	0.48
203200	0.48	0.49	0.49	0	0	0.48
203300	0.48	0.49	0.49	0	0	0.48
203400	0.48	0.49	0.49	0	0	0.48
203500	0.48	0.49	0.49	0	0	0.48
203600	0.48	0.49	0.49	0	0	0.48
203700	0.48	0.49	0.49	0	0	0.48
203800	0.48	0.49	0.49	0	0	0.48
203900	0.48	0.49	0.49	0	0	0.48
204000	0.48	0.5	0.5	0	0	0.48
204100	0.48	0.5	0.5	0	0	0.48
204200	0.48	0.5	0.5	0	0	0.48
204300	0.48	0.5	0.5	0	0	0.48
204400	0.48	0.49	0.49	0	0	0.48
204500	0.48	0.49	0.49	0	0	0.48
204600	0.48	0.49	0.49	0	0	0.48
204700	0.48	0.49	0.49	0	0	0.48
204800	0.48	0.49	0.49	0	0	0.48
204900	0.48	0.49	0.49	0	0	0.48
205000	0.48	0.49	0.49	0	0	0.48
205100	0.48	0.49	0.49	0	0	0.48
205200	0.48	0.49	0.49	0	0	0.48
205300	0.48	0.49	0.49	0	0	0.48
205400	0.48	0.49	0.49	0	0	0.48
205500	0.48	0.49	0.49	0	0	0.48
205600	0.48	0.49	0.49	0	0	0.48
205700	0.48	0.49	0.49	0	0	0.48
205800	0.48	0.49	0.49	0	0	0.48
205900	0.48	0.49	0.49	0	0	0.48
206000	0.48	0.49	0.49	0	0	0.48
206100	0.48	0.49	0.49	0	0	0.48
206200	0.48	0.49	0.49	0	0	0.48
206300	0.48	0.49	0.49	0	0	0.48
206400	0.48	0.49	0.49	0	0	0.48
206500	0.48	0.49	0.49	0	0	0.48
206600	0.48	0.49	0.49	0	0	0.48
206700	0.48	0.49	0.49	0	0	0.48
206800	0.48	0.49	0.49	0	0	0.48
206900	0.48	0.49	0.49	0	0	0.48
207000	0.48	0.49	0.49	0	0	0.48
207100	0.48	0.49	0.49	0	0	0.48
207200	0.48	0.49	0.49	0	0	0.48
207300	0.48	0.49	0.49	0	0	0.48
207400	0.48	0.49	0.49	0	0	0.48
207500	0.48	0.49	0.49	0	0	0.48
207600	0.48	0.49	0.49	0	0	0.48
207700	0.48	0.49	0.49	0	0	0.48
207800	0.48	0.49	0.49	0	0	0.48
207900	0.48	0.49	0.49	0	0	0.48
208000	0.48	0.49	0.49	0	0	0.48
208100	0.48	0.49	0.49	0	0	0.48
208200	0.48	0.49	0.49	0	0	0.48
208300	0.48	0.49	0.49	0	0	0.48
208400	0.48	0.49	0.49	0	0	0.48
208500	0.48	0.49	0.49	0	0	0.48
208600	0.48	0.49	0.49	0	0	0.48
208700	0.48	0.49	0.49	0	0	0.48
208800	0.48	0.49	0.49	0	0	0.48
208900	0.48	0.49	0.49	0	0	0.48
209000	0.48	0.49	0.49	0	0	0.48
209100	0.48	0.49	0.49	0	0	0.48
209200	0.48	0.49	0.49	0	0	0.48
209300	0.48	0.49	0.49	0	0	0.48
209400	0.48	0.49	0.49	0	0	0.48
209500	0.48	0.48	0.48	0	0	0.48
209600	0.48	0.48	0.48	0	0	0.48
209700	0.48	0.48	0.48	0	0	0.48
209800	0.48	0.48	0.48	0	0	0.48
209900	0.48	0.48	0.48	0	0	0.48
210000	0.48	0.48	0.48	0	0	0.48
210100	0.48	0.48	0.48	0	0	0.48
210200	0.48	0.47	0.47	0	0	0.48
210300	0.48	0.47	0.47	0	0	0.48
210400	0.48	0.47	0.47	0	0	0.48
210500	0.48	0.47	0.47	0	0	0.48
210600	0.48	0.47	0.47	0	0	0.48
210700	0.48	0.47	0.47	0	0	0.48
210800	0.48	0.47	0.47	0	0	0.48
210900	0.48	0.47	0.47	0	0	0.48
211000	0.48	0.47	0.47	0	0	0.48
211100	0.48	0.47	0.47	0	0	0.48
211200	0.48	0.47	0.47	0	0	0.48
211300	0.48	0.47	0.47	0	0	0.48
211400	0.48	0.47	0.47	0	0	0.48
211500	0.48	0.48	0.48	0	0	0.48
211600	0.48	0.48	0.48	0	0	0.48
211700	0.48	0.48	0.48	0	0	0.48
211800	0.48	0.48	0.48	0	0	0.48
211900	0.48	0.48	0.48	0	0	0.48
212000	0.48	0.48	0.48	0	0	0.48
212100	0.48	0.48	0.48	0	0	0.48
212200	0.48	0.48	0.48	0	0	0.48
212300	0.48	0.48	0.48	0	0	0.48
212400	0.48	0.48	0.48	0	0	0.48
212500	0.49	0.48	0.48	0	0	0.49
212600	0.49	0.48	0.48	0	0	0.49
212700	0.49	0.48	0.48	0	0	0.49
212800	0.49	0.48	0.48	0	0	0.49
212900	0.49	0.48	0.48	0	0	0.49
213000	0.49	0.48	0.48	0	0	0.49
213100	0.49	0.48	0.48	0	0	0.49
213200	0.49	0.48	0.48	0	0	0.49
213300	0.49	0.48	0.48	0	0	0.49
213400	0.49	0.48	0.48	0	0	0.49
213500	0.49	0.48	0.48	0	0	0.49
213600	0.49	0.48	0.48	0	0	0.49
213700	0.49	0.48	0.48	0	0	0.49
213800	0.49	0.48	0.48	0	0	0.49
213900	0.49	0.48	0.48	0	0	0.49
214000	0.49	0.48	0.48	0	0	0.49
214100	0.49	0.48	0.48	0	0	0.49
214200	0.49	0.48	0.48	0	0	0.49
214300	0.49	0.48	0.48	0	0	0.49
214400	0.49	0.48	0.48	0	0	0.49
214500	0.49	0.48	0.48	0	0	0.49
214600	0.49	0.48	0.48	0	0	0.49
214700	0.49	0.48	0.48	0	0	0.49
214800	0.49	0.48	0.48	0	0	0.49
214900	0.49	0.48	0.48	0	0	0.49
215000	0.49	0.49	0.49	0	0	0.49
215100	0.49	0.49	0.49	0	0	0.49
215200	0.49	0.49	0.49	0	0	0.49
215300	0.49	0.49	0.49	0	0	0.49
215400	0.49	0.49	0.49	0	0	0.49
215500	0.49	0.49	0.49	0	0	0.49
215600	0.49	0.49	0.49	0	0	0.49
215700	0.49	0.49	0.49	0	0	0.49
215800	0.49	0.49	0.49	0	0	0.49
215900	0.49	0.49	0.49	0	0	0.49
216000	0.49	0.49	0.49	0	0	0.49
216100	0.49	0.49	0.49	0	0	0.49
216200	0.49	0.49	0.49	0	0	0.49
216300	0.49	0.49	0.49	0	0	0.49
216400	0.49	0.49	0.49	0	0	0.49
216500	0.49	0.49	0.49	0	0	0.49
216600	0.49	0.49	0.49	0	0	0.49
216700	0.49	0.49	0.49	0	0	0.49
216800	0.49	0.49	0.49	0	0	0.49
216900	0.49	0.49	0.49	0	0	0.49
217000	0.49	0.49	0.49	0	0	0.49
217100	0.49	0.49	0.49	0	0	0.49
217200	0.5	0.48	0.48	0	0	0.5
217300	0.5	0.48	0.48	0	0	0.5
217400	0.5	0.48	0.48	0	0	0.5
217500	0.5	0.48	0.48	0	0	0.5
217600	0.5	0.48	0.48	0	0	0.5
217700	0.5	0.48	0.48	0	0	0.5
217800	0.49	0.48	0.48	0	0	0.49
217900	0.49	0.48	0.48	0	0	0.49
218000	0.49	0.48	0.48	0	0	0.49
218100	0.49	0.48	0.48	0	0	0.49
218200	0.49	0.48	0.48	0	0	0.49
218300	0.49	0.48	0.48	0	0	0.49
218400	0.49	0.48	0.48	0	0	0.49
218500	0.49	0.48	0.48	0	0	0.49
218600	0.49	0.48	0.48	0	0	0.49
218700	0.49	0.48	0.48	0	0	0.49
218800	0.49	0.48	0.48	0	0	0.49
218900	0.49	0.48	0.48	0	0	0.49
219000	0.49	0.48	0.48	0	0	0.49
219100	0.49	0.48	0.48	0	0	0.49
219200	0.49	0.48	0.48	0	0	0.49
219300	0.49	0.48	0.48	0	0	0.49
219400	0.49	0.48	0.48	0	0	0.49
219500	0.49	0.48	0.48	0	0	0.49
219600	0.49	0.48	0.48	0	0	0.49
219700	0.49	0.48	0.48	0	0	0.49
219800	0.49	0.48	0.48	0	0	0.49
219900	0.49	0.48	0.48	0	0	0.49
220000	0.49	0.48	0.48	0	0	0.49
220100	0.49	0.48	0.48	0	0	0.49
220200	0.49	0.48	0.48	0	0	0.49
220300	0.49	0.48	0.48	0	0	0.49
220400	0.49	0.48	0.48	0	0	0.49
220500	0.49	0.48	0.48	0	0	0.49
220600	0.49	0.48	0.48	0	0	0.49
220700	0.49	0.48	0.48	0	0	0.49
220800	0.49	0.49	0.49	0	0	0.49
220900	0.5	0.49	0.49	0	0	0.5
221000	0.5	0.49	0.49	0	0	0.5
221100	0.5	0.49	0.49	0	0	0.5
221200	0.5	0.49	0.49	0	0	0.5
221300	0.5	0.49	0.49	0	0	0.5
221400	0.5	0.49	0.49	0	0	0.5
221500	0.5	0.49	0.49	0	0	0.5
221600	0.5	0.49	0.49	0	0	0.5
221700	0.5	0.49	0.49	0	0	0.5
221800	0.5	0.49	0.49	0	0	0.5
221900	0.5	0.49	0.49	0	0	0.5
222000	0.5	0.49	0.49	0	0	0.5
222100	0.5	0.49	0.49	0	0	0.5
222200	0.5	0.49	0.49	0	0	0.5
222300	0.5	0.49	0.49	0	0	0.5
222400	0.5	0.49	0.49	0	0	0.5
222500	0.5	0.49	0.49	0	0	0.5
222600	0.5	0.49	0.49	0	0	0.5
222700	0.5	0.49	0.49	0	0	0.5
222800	0.5	0.49	0.49	0	0	0.5
222900	0.5	0.49	0.49	0	0	0.5
223000	0.5	0.49	0.49	0	0	0.5
223100	0.5	0.49	0.49	0	0	0.5
223200	0.5	0.49	0.49	0	0	0.5
223300	0.5	0.49	0.49	0	0	0.5
223400	0.5	0.49	0.49	0	0	0.5
223500	0.5	0.49	0.49	0	0	0.5
223600	0.5	0.49	0.49	0	0	0.5
223700	0.5	0.49	0.49	0	0	0.5
223800	0.5	0.49	0.49	0	0	0.5
223900	0.5	0.49	0.49	0	0	0.5
224000	0.5	0.49	0.49	0	0	0.5
224100	0.5	0.49	0.49	0	0	0.5
224200	0.5	0.49	0.49	0	0	0.5
224300	0.5	0.49	0.49	0	0	0.5
224400	0.5	0.49	0.49	0	0	0.5
224500	0.5	0.49	0.49	0	0	0.5
224600	0.5	0.49	0.49	0	0	0.5
224700	0.5	0.49	0.49	0	0	0.5
224800	0.5	0.49	0.49	0	0	0.5
224900	0.5	0.49	0.49	0	0	0.5
225000	0.5	0.49	0.49	0	0	0.5
225100	0.5	0.49	0.49	0	0	0.5
225200	0.5	0.49	0.49	0	0	0.5
225300	0.5	0.49	0.49	0	0	0.5
225400	0.5	0.49	0.49	0	0	0.5
225500	0.5	0.49	0.49	0	0	0.5
225600	0.5	0.49	0.49	0	0	0.5
225700	0.5	0.49	0.49	0	0	0.5
