100	0.07	0.09	0.09	0	0	0.07
200	0.09	0.1	0.1	0	0	0.09
300	0.1	0.12	0.12	0	0	0.1
400	0.12	0.14	0.14	0	0	0.12
500	0.09	0.15	0.15	0	0	0.09
600	0.08	0.16	0.16	0	0	0.08
700	0.07	0.17	0.17	0	0	0.07
800	0.08	0.17	0.17	0	0	0.08
900	0.08	0.16	0.16	0	0	0.08
1000	0.08	0.16	0.16	0	0	0.08
1100	0.09	0.16	0.16	0	0	0.09
1200	0.1	0.17	0.17	0	0	0.1
1300	0.11	0.17	0.17	0	0	0.11
1400	0.11	0.19	0.19	0	0	0.11
1500	0.11	0.18	0.18	0	0	0.11
1600	0.12	0.18	0.18	0	0	0.12
1700	0.12	0.18	0.18	0	0	0.12
1800	0.12	0.18	0.18	0	0	0.12
1900	0.13	0.18	0.18	0	0	0.13
2000	0.13	0.18	0.18	0	0	0.13
2100	0.14	0.18	0.18	0	0	0.14
2200	0.14	0.18	0.18	0	0	0.14
2300	0.13	0.18	0.18	0	0	0.13
2400	0.13	0.18	0.18	0	0	0.13
2500	0.13	0.18	0.18	0	0	0.13
2600	0.14	0.19	0.19	0	0	0.14
2700	0.13	0.2	0.2	0	0	0.13
2800	0.15	0.2	0.2	0	0	0.15
2900	0.15	0.21	0.21	0	0	0.15
3000	0.15	0.22	0.22	0	0	0.15
3100	0.15	0.21	0.21	0	0	0.15
3200	0.15	0.22	0.22	0	0	0.15
3300	0.15	0.23	0.23	0	0	0.15
3400	0.17	0.23	0.23	0	0	0.17
3500	0.19	0.23	0.23	0	0	0.19
3600	0.19	0.22	0.22	0	0	0.19
3700	0.18	0.22	0.22	0	0	0.18
3800	0.19	0.25	0.25	0	0	0.19
3900	0.19	0.26	0.26	0	0	0.19
4000	0.19	0.25	0.25	0	0	0.19
4100	0.2	0.25	0.25	0	0	0.2
4200	0.19	0.26	0.26	0	0	0.19
4300	0.19	0.25	0.25	0	0	0.19
4400	0.19	0.27	0.27	0	0	0.19
4500	0.19	0.25	0.25	0	0	0.19
4600	0.19	0.26	0.26	0	0	0.19
4700	0.2	0.24	0.24	0	0	0.2
4800	0.19	0.24	0.24	0	0	0.19
4900	0.18	0.25	0.25	0	0	0.18
5000	0.17	0.25	0.25	0	0	0.17
5100	0.17	0.25	0.25	0	0	0.17
5200	0.17	0.25	0.25	0	0	0.17
5300	0.18	0.25	0.25	0	0	0.18
5400	0.18	0.25	0.25	0	0	0.18
5500	0.2	0.26	0.26	0	0	0.2
5600	0.21	0.25	0.25	0	0	0.21
5700	0.21	0.25	0.25	0	0	0.21
5800	0.2	0.25	0.25	0	0	0.2
5900	0.19	0.25	0.25	0	0	0.19
6000	0.2	0.26	0.26	0	0	0.2
6100	0.21	0.26	0.26	0	0	0.21
6200	0.21	0.27	0.27	0	0	0.21
6300	0.2	0.26	0.26	0	0	0.2
6400	0.2	0.27	0.27	0	0	0.2
6500	0.2	0.28	0.28	0	0	0.2
6600	0.2	0.29	0.29	0	0	0.2
6700	0.2	0.3	0.3	0	0	0.2
6800	0.2	0.29	0.29	0	0	0.2
6900	0.21	0.3	0.3	0	0	0.21
7000	0.19	0.31	0.31	0	0	0.19
7100	0.19	0.31	0.31	0	0	0.19
7200	0.19	0.31	0.31	0	0	0.19
7300	0.18	0.32	0.32	0	0	0.18
7400	0.18	0.33	0.33	0	0	0.18
7500	0.16	0.32	0.32	0	0	0.16
7600	0.16	0.33	0.33	0	0	0.16
7700	0.16	0.34	0.34	0	0	0.16
7800	0.16	0.35	0.35	0	0	0.16
7900	0.16	0.34	0.34	0	0	0.16
8000	0.16	0.34	0.34	0	0	0.16
8100	0.17	0.34	0.34	0	0	0.17
8200	0.19	0.35	0.35	0	0	0.19
8300	0.19	0.36	0.36	0	0	0.19
8400	0.2	0.36	0.36	0	0	0.2
8500	0.22	0.37	0.37	0	0	0.22
8600	0.21	0.36	0.36	0	0	0.21
8700	0.22	0.36	0.36	0	0	0.22
8800	0.22	0.36	0.36	0	0	0.22
8900	0.22	0.36	0.36	0	0	0.22
9000	0.22	0.35	0.35	0	0	0.22
9100	0.23	0.35	0.35	0	0	0.23
9200	0.24	0.33	0.33	0	0	0.24
9300	0.24	0.34	0.34	0	0	0.24
9400	0.24	0.35	0.35	0	0	0.24
9500	0.24	0.35	0.35	0	0	0.24
9600	0.24	0.33	0.33	0	0	0.24
9700	0.25	0.32	0.32	0	0	0.25
9800	0.25	0.31	0.31	0	0	0.25
9900	0.25	0.28	0.28	0	0	0.25
10000	0.25	0.26	0.26	0	0	0.25
10100	0.25	0.26	0.26	0	0	0.25
10200	0.24	0.26	0.26	0	0	0.24
10300	0.24	0.26	0.26	0	0	0.24
10400	0.25	0.28	0.28	0	0	0.25
10500	0.25	0.28	0.28	0	0	0.25
10600	0.25	0.26	0.26	0	0	0.25
10700	0.25	0.27	0.27	0	0	0.25
10800	0.26	0.27	0.27	0	0	0.26
10900	0.26	0.28	0.28	0	0	0.26
11000	0.26	0.27	0.27	0	0	0.26
11100	0.26	0.27	0.27	0	0	0.26
11200	0.26	0.27	0.27	0	0	0.26
11300	0.26	0.27	0.27	0	0	0.26
11400	0.26	0.28	0.28	0	0	0.26
11500	0.26	0.29	0.29	0	0	0.26
11600	0.26	0.29	0.29	0	0	0.26
11700	0.26	0.28	0.28	0	0	0.26
11800	0.26	0.29	0.29	0	0	0.26
11900	0.26	0.31	0.31	0	0	0.26
12000	0.26	0.31	0.31	0	0	0.26
12100	0.26	0.31	0.31	0	0	0.26
12200	0.26	0.29	0.29	0	0	0.26
12300	0.26	0.29	0.29	0	0	0.26
12400	0.26	0.29	0.29	0	0	0.26
12500	0.26	0.29	0.29	0	0	0.26
12600	0.26	0.29	0.29	0	0	0.26
12700	0.26	0.27	0.27	0	0	0.26
12800	0.26	0.26	0.26	0	0	0.26
12900	0.26	0.26	0.26	0	0	0.26
13000	0.26	0.26	0.26	0	0	0.26
13100	0.26	0.26	0.26	0	0	0.26
13200	0.26	0.26	0.26	0	0	0.26
13300	0.26	0.26	0.26	0	0	0.26
13400	0.27	0.26	0.26	0	0	0.27
13500	0.27	0.26	0.26	0	0	0.27
13600	0.27	0.26	0.26	0	0	0.27
13700	0.27	0.26	0.26	0	0	0.27
13800	0.27	0.27	0.27	0	0	0.27
13900	0.27	0.28	0.28	0	0	0.27
14000	0.29	0.26	0.26	0	0	0.29
14100	0.29	0.25	0.25	0	0	0.29
14200	0.29	0.25	0.25	0	0	0.29
14300	0.29	0.25	0.25	0	0	0.29
14400	0.3	0.25	0.25	0	0	0.3
14500	0.3	0.26	0.26	0	0	0.3
14600	0.29	0.27	0.27	0	0	0.29
14700	0.3	0.26	0.26	0	0	0.3
14800	0.3	0.26	0.26	0	0	0.3
14900	0.3	0.26	0.26	0	0	0.3
15000	0.31	0.26	0.26	0	0	0.31
15100	0.32	0.27	0.27	0	0	0.32
15200	0.31	0.27	0.27	0	0	0.31
15300	0.3	0.29	0.29	0	0	0.3
15400	0.3	0.29	0.29	0	0	0.3
15500	0.3	0.27	0.27	0	0	0.3
15600	0.31	0.27	0.27	0	0	0.31
15700	0.32	0.29	0.29	0	0	0.32
15800	0.32	0.3	0.3	0	0	0.32
15900	0.31	0.32	0.32	0	0	0.31
16000	0.32	0.33	0.33	0	0	0.32
16100	0.32	0.33	0.33	0	0	0.32
16200	0.33	0.32	0.32	0	0	0.33
16300	0.33	0.31	0.31	0	0	0.33
16400	0.34	0.3	0.3	0	0	0.34
16500	0.34	0.3	0.3	0	0	0.34
16600	0.33	0.3	0.3	0	0	0.33
16700	0.33	0.3	0.3	0	0	0.33
16800	0.33	0.3	0.3	0	0	0.33
16900	0.34	0.28	0.28	0	0	0.34
17000	0.33	0.28	0.28	0	0	0.33
17100	0.33	0.27	0.27	0	0	0.33
17200	0.33	0.27	0.27	0	0	0.33
17300	0.33	0.29	0.29	0	0	0.33
17400	0.33	0.29	0.29	0	0	0.33
17500	0.33	0.29	0.29	0	0	0.33
17600	0.34	0.28	0.28	0	0	0.34
17700	0.33	0.27	0.27	0	0	0.33
17800	0.32	0.26	0.26	0	0	0.32
17900	0.32	0.27	0.27	0	0	0.32
18000	0.32	0.28	0.28	0	0	0.32
18100	0.31	0.27	0.27	0	0	0.31
18200	0.32	0.27	0.27	0	0	0.32
18300	0.33	0.28	0.28	0	0	0.33
18400	0.33	0.29	0.29	0	0	0.33
18500	0.33	0.3	0.3	0	0	0.33
18600	0.33	0.3	0.3	0	0	0.33
18700	0.34	0.3	0.3	0	0	0.34
18800	0.34	0.31	0.31	0	0	0.34
18900	0.34	0.3	0.3	0	0	0.34
19000	0.33	0.3	0.3	0	0	0.33
19100	0.32	0.3	0.3	0	0	0.32
19200	0.34	0.3	0.3	0	0	0.34
19300	0.34	0.3	0.3	0	0	0.34
19400	0.35	0.3	0.3	0	0	0.35
19500	0.33	0.3	0.3	0	0	0.33
19600	0.33	0.31	0.31	0	0	0.33
19700	0.33	0.31	0.31	0	0	0.33
19800	0.32	0.31	0.31	0	0	0.32
19900	0.31	0.32	0.32	0	0	0.31
20000	0.31	0.33	0.33	0	0	0.31
20100	0.31	0.33	0.33	0	0	0.31
20200	0.31	0.34	0.34	0	0	0.31
20300	0.31	0.33	0.33	0	0	0.31
20400	0.31	0.33	0.33	0	0	0.31
20500	0.31	0.33	0.33	0	0	0.31
20600	0.31	0.33	0.33	0	0	0.31
20700	0.31	0.33	0.33	0	0	0.31
20800	0.31	0.33	0.33	0	0	0.31
20900	0.31	0.33	0.33	0	0	0.31
21000	0.32	0.33	0.33	0	0	0.32
21100	0.32	0.33	0.33	0	0	0.32
21200	0.33	0.33	0.33	0	0	0.33
21300	0.33	0.33	0.33	0	0	0.33
21400	0.33	0.33	0.33	0	0	0.33
21500	0.33	0.33	0.33	0	0	0.33
21600	0.33	0.31	0.31	0	0	0.33
21700	0.33	0.31	0.31	0	0	0.33
21800	0.33	0.3	0.3	0	0	0.33
21900	0.33	0.3	0.3	0	0	0.33
22000	0.33	0.31	0.31	0	0	0.33
22100	0.33	0.31	0.31	0	0	0.33
22200	0.33	0.31	0.31	0	0	0.33
22300	0.33	0.31	0.31	0	0	0.33
22400	0.33	0.31	0.31	0	0	0.33
22500	0.33	0.31	0.31	0	0	0.33
22600	0.33	0.32	0.32	0	0	0.33
22700	0.33	0.31	0.31	0	0	0.33
22800	0.34	0.32	0.32	0	0	0.34
22900	0.34	0.32	0.32	0	0	0.34
23000	0.34	0.3	0.3	0	0	0.34
23100	0.34	0.3	0.3	0	0	0.34
23200	0.34	0.31	0.31	0	0	0.34
23300	0.34	0.31	0.31	0	0	0.34
23400	0.34	0.31	0.31	0	0	0.34
23500	0.35	0.3	0.3	0	0	0.35
23600	0.36	0.3	0.3	0	0	0.36
23700	0.36	0.3	0.3	0	0	0.36
23800	0.35	0.3	0.3	0	0	0.35
23900	0.35	0.3	0.3	0	0	0.35
24000	0.35	0.31	0.31	0	0	0.35
24100	0.35	0.32	0.32	0	0	0.35
24200	0.35	0.31	0.31	0	0	0.35
24300	0.35	0.31	0.31	0	0	0.35
24400	0.35	0.31	0.31	0	0	0.35
24500	0.35	0.31	0.31	0	0	0.35
24600	0.35	0.3	0.3	0	0	0.35
24700	0.35	0.29	0.29	0	0	0.35
24800	0.36	0.29	0.29	0	0	0.36
24900	0.36	0.28	0.28	0	0	0.36
25000	0.35	0.28	0.28	0	0	0.35
25100	0.34	0.29	0.29	0	0	0.34
25200	0.34	0.29	0.29	0	0	0.34
25300	0.34	0.3	0.3	0	0	0.34
25400	0.34	0.3	0.3	0	0	0.34
25500	0.34	0.31	0.31	0	0	0.34
25600	0.34	0.33	0.33	0	0	0.34
25700	0.34	0.34	0.34	0	0	0.34
25800	0.34	0.34	0.34	0	0	0.34
25900	0.34	0.34	0.34	0	0	0.34
26000	0.34	0.36	0.36	0	0	0.34
26100	0.34	0.35	0.35	0	0	0.34
26200	0.34	0.34	0.34	0	0	0.34
26300	0.34	0.34	0.34	0	0	0.34
26400	0.34	0.35	0.35	0	0	0.34
26500	0.34	0.33	0.33	0	0	0.34
26600	0.34	0.33	0.33	0	0	0.34
26700	0.33	0.31	0.31	0	0	0.33
26800	0.33	0.32	0.32	0	0	0.33
26900	0.33	0.33	0.33	0	0	0.33
27000	0.33	0.33	0.33	0	0	0.33
27100	0.33	0.33	0.33	0	0	0.33
27200	0.33	0.33	0.33	0	0	0.33
27300	0.33	0.34	0.34	0	0	0.33
27400	0.33	0.34	0.34	0	0	0.33
27500	0.33	0.34	0.34	0	0	0.33
27600	0.33	0.34	0.34	0	0	0.33
27700	0.33	0.34	0.34	0	0	0.33
27800	0.32	0.34	0.34	0	0	0.32
27900	0.32	0.34	0.34	0	0	0.32
28000	0.32	0.34	0.34	0	0	0.32
28100	0.32	0.34	0.34	0	0	0.32
28200	0.32	0.34	0.34	0	0	0.32
28300	0.32	0.34	0.34	0	0	0.32
28400	0.32	0.34	0.34	0	0	0.32
28500	0.33	0.34	0.34	0	0	0.33
28600	0.33	0.34	0.34	0	0	0.33
28700	0.33	0.35	0.35	0	0	0.33
28800	0.33	0.35	0.35	0	0	0.33
28900	0.33	0.35	0.35	0	0	0.33
29000	0.33	0.35	0.35	0	0	0.33
29100	0.34	0.35	0.35	0	0	0.34
29200	0.34	0.35	0.35	0	0	0.34
29300	0.34	0.35	0.35	0	0	0.34
29400	0.33	0.35	0.35	0	0	0.33
29500	0.32	0.35	0.35	0	0	0.32
29600	0.32	0.36	0.36	0	0	0.32
29700	0.3	0.36	0.36	0	0	0.3
29800	0.3	0.37	0.37	0	0	0.3
29900	0.3	0.37	0.37	0	0	0.3
30000	0.3	0.38	0.38	0	0	0.3
30100	0.31	0.39	0.39	0	0	0.31
30200	0.31	0.37	0.37	0	0	0.31
30300	0.31	0.36	0.36	0	0	0.31
30400	0.3	0.35	0.35	0	0	0.3
30500	0.3	0.36	0.36	0	0	0.3
30600	0.29	0.36	0.36	0	0	0.29
30700	0.29	0.35	0.35	0	0	0.29
30800	0.29	0.35	0.35	0	0	0.29
30900	0.29	0.34	0.34	0	0	0.29
31000	0.3	0.34	0.34	0	0	0.3
31100	0.3	0.36	0.36	0	0	0.3
31200	0.31	0.36	0.36	0	0	0.31
31300	0.3	0.36	0.36	0	0	0.3
31400	0.3	0.37	0.37	0	0	0.3
31500	0.3	0.37	0.37	0	0	0.3
31600	0.3	0.37	0.37	0	0	0.3
31700	0.3	0.37	0.37	0	0	0.3
31800	0.3	0.36	0.36	0	0	0.3
31900	0.3	0.36	0.36	0	0	0.3
32000	0.3	0.36	0.36	0	0	0.3
32100	0.31	0.36	0.36	0	0	0.31
32200	0.33	0.37	0.37	0	0	0.33
32300	0.33	0.37	0.37	0	0	0.33
32400	0.33	0.38	0.38	0	0	0.33
32500	0.33	0.38	0.38	0	0	0.33
32600	0.33	0.36	0.36	0	0	0.33
32700	0.33	0.36	0.36	0	0	0.33
32800	0.32	0.36	0.36	0	0	0.32
32900	0.32	0.36	0.36	0	0	0.32
33000	0.31	0.36	0.36	0	0	0.31
33100	0.31	0.36	0.36	0	0	0.31
33200	0.31	0.36	0.36	0	0	0.31
33300	0.31	0.36	0.36	0	0	0.31
33400	0.31	0.36	0.36	0	0	0.31
33500	0.31	0.36	0.36	0	0	0.31
33600	0.33	0.37	0.37	0	0	0.33
33700	0.32	0.37	0.37	0	0	0.32
33800	0.32	0.38	0.38	0	0	0.32
33900	0.33	0.38	0.38	0	0	0.33
34000	0.33	0.39	0.39	0	0	0.33
34100	0.33	0.38	0.38	0	0	0.33
34200	0.34	0.38	0.38	0	0	0.34
34300	0.34	0.38	0.38	0	0	0.34
34400	0.33	0.39	0.39	0	0	0.33
34500	0.32	0.39	0.39	0	0	0.32
34600	0.32	0.39	0.39	0	0	0.32
34700	0.32	0.39	0.39	0	0	0.32
34800	0.32	0.39	0.39	0	0	0.32
34900	0.32	0.39	0.39	0	0	0.32
35000	0.32	0.39	0.39	0	0	0.32
35100	0.32	0.39	0.39	0	0	0.32
35200	0.31	0.39	0.39	0	0	0.31
35300	0.3	0.39	0.39	0	0	0.3
35400	0.3	0.4	0.4	0	0	0.3
35500	0.3	0.39	0.39	0	0	0.3
35600	0.31	0.39	0.39	0	0	0.31
35700	0.31	0.4	0.4	0	0	0.31
35800	0.31	0.4	0.4	0	0	0.31
35900	0.3	0.4	0.4	0	0	0.3
36000	0.3	0.39	0.39	0	0	0.3
36100	0.3	0.4	0.4	0	0	0.3
36200	0.3	0.4	0.4	0	0	0.3
36300	0.29	0.4	0.4	0	0	0.29
36400	0.29	0.41	0.41	0	0	0.29
36500	0.29	0.41	0.41	0	0	0.29
36600	0.29	0.41	0.41	0	0	0.29
36700	0.29	0.41	0.41	0	0	0.29
36800	0.29	0.41	0.41	0	0	0.29
36900	0.29	0.41	0.41	0	0	0.29
37000	0.29	0.4	0.4	0	0	0.29
37100	0.29	0.41	0.41	0	0	0.29
37200	0.3	0.42	0.42	0	0	0.3
37300	0.3	0.43	0.43	0	0	0.3
37400	0.31	0.43	0.43	0	0	0.31
37500	0.31	0.42	0.42	0	0	0.31
37600	0.31	0.43	0.43	0	0	0.31
37700	0.31	0.42	0.42	0	0	0.31
37800	0.3	0.43	0.43	0	0	0.3
37900	0.31	0.43	0.43	0	0	0.31
38000	0.31	0.43	0.43	0	0	0.31
38100	0.31	0.43	0.43	0	0	0.31
38200	0.31	0.43	0.43	0	0	0.31
38300	0.31	0.43	0.43	0	0	0.31
38400	0.31	0.44	0.44	0	0	0.31
38500	0.31	0.44	0.44	0	0	0.31
38600	0.31	0.44	0.44	0	0	0.31
38700	0.31	0.44	0.44	0	0	0.31
38800	0.31	0.44	0.44	0	0	0.31
38900	0.32	0.43	0.43	0	0	0.32
39000	0.32	0.42	0.42	0	0	0.32
39100	0.32	0.43	0.43	0	0	0.32
39200	0.32	0.42	0.42	0	0	0.32
39300	0.32	0.42	0.42	0	0	0.32
39400	0.32	0.42	0.42	0	0	0.32
39500	0.32	0.43	0.43	0	0	0.32
39600	0.32	0.43	0.43	0	0	0.32
39700	0.32	0.44	0.44	0	0	0.32
39800	0.32	0.42	0.42	0	0	0.32
39900	0.32	0.41	0.41	0	0	0.32
40000	0.32	0.41	0.41	0	0	0.32
40100	0.32	0.41	0.41	0	0	0.32
40200	0.32	0.42	0.42	0	0	0.32
40300	0.32	0.42	0.42	0	0	0.32
40400	0.32	0.41	0.41	0	0	0.32
40500	0.32	0.41	0.41	0	0	0.32
40600	0.32	0.41	0.41	0	0	0.32
40700	0.32	0.41	0.41	0	0	0.32
40800	0.32	0.41	0.41	0	0	0.32
40900	0.32	0.41	0.41	0	0	0.32
41000	0.32	0.41	0.41	0	0	0.32
41100	0.32	0.41	0.41	0	0	0.32
41200	0.31	0.41	0.41	0	0	0.31
41300	0.31	0.41	0.41	0	0	0.31
41400	0.31	0.41	0.41	0	0	0.31
41500	0.31	0.41	0.41	0	0	0.31
41600	0.31	0.42	0.42	0	0	0.31
41700	0.31	0.44	0.44	0	0	0.31
41800	0.31	0.44	0.44	0	0	0.31
41900	0.31	0.43	0.43	0	0	0.31
42000	0.31	0.43	0.43	0	0	0.31
42100	0.31	0.43	0.43	0	0	0.31
42200	0.31	0.42	0.42	0	0	0.31
42300	0.31	0.42	0.42	0	0	0.31
42400	0.31	0.42	0.42	0	0	0.31
42500	0.31	0.42	0.42	0	0	0.31
42600	0.31	0.42	0.42	0	0	0.31
42700	0.31	0.43	0.43	0	0	0.31
42800	0.31	0.43	0.43	0	0	0.31
42900	0.31	0.44	0.44	0	0	0.31
43000	0.31	0.45	0.45	0	0	0.31
43100	0.31	0.46	0.46	0	0	0.31
43200	0.31	0.45	0.45	0	0	0.31
43300	0.31	0.46	0.46	0	0	0.31
43400	0.31	0.46	0.46	0	0	0.31
43500	0.31	0.46	0.46	0	0	0.31
43600	0.31	0.46	0.46	0	0	0.31
43700	0.31	0.44	0.44	0	0	0.31
43800	0.31	0.44	0.44	0	0	0.31
43900	0.31	0.43	0.43	0	0	0.31
44000	0.31	0.44	0.44	0	0	0.31
44100	0.31	0.44	0.44	0	0	0.31
44200	0.31	0.44	0.44	0	0	0.31
44300	0.32	0.44	0.44	0	0	0.32
44400	0.33	0.44	0.44	0	0	0.33
44500	0.33	0.44	0.44	0	0	0.33
44600	0.33	0.44	0.44	0	0	0.33
44700	0.33	0.44	0.44	0	0	0.33
44800	0.33	0.44	0.44	0	0	0.33
44900	0.33	0.44	0.44	0	0	0.33
45000	0.33	0.44	0.44	0	0	0.33
45100	0.33	0.44	0.44	0	0	0.33
45200	0.33	0.45	0.45	0	0	0.33
45300	0.33	0.46	0.46	0	0	0.33
45400	0.33	0.46	0.46	0	0	0.33
45500	0.33	0.47	0.47	0	0	0.33
45600	0.33	0.46	0.46	0	0	0.33
45700	0.33	0.46	0.46	0	0	0.33
45800	0.33	0.46	0.46	0	0	0.33
45900	0.34	0.46	0.46	0	0	0.34
46000	0.33	0.46	0.46	0	0	0.33
46100	0.33	0.46	0.46	0	0	0.33
46200	0.33	0.46	0.46	0	0	0.33
46300	0.33	0.46	0.46	0	0	0.33
46400	0.33	0.47	0.47	0	0	0.33
46500	0.33	0.47	0.47	0	0	0.33
46600	0.35	0.47	0.47	0	0	0.35
46700	0.35	0.46	0.46	0	0	0.35
46800	0.35	0.46	0.46	0	0	0.35
46900	0.34	0.46	0.46	0	0	0.34
47000	0.34	0.46	0.46	0	0	0.34
47100	0.34	0.46	0.46	0	0	0.34
47200	0.34	0.46	0.46	0	0	0.34
47300	0.35	0.48	0.48	0	0	0.35
47400	0.35	0.47	0.47	0	0	0.35
47500	0.34	0.47	0.47	0	0	0.34
47600	0.34	0.47	0.47	0	0	0.34
47700	0.34	0.47	0.47	0	0	0.34
47800	0.33	0.47	0.47	0	0	0.33
47900	0.34	0.46	0.46	0	0	0.34
48000	0.35	0.46	0.46	0	0	0.35
48100	0.35	0.46	0.46	0	0	0.35
48200	0.35	0.46	0.46	0	0	0.35
48300	0.35	0.46	0.46	0	0	0.35
48400	0.35	0.46	0.46	0	0	0.35
48500	0.34	0.46	0.46	0	0	0.34
48600	0.34	0.46	0.46	0	0	0.34
48700	0.35	0.46	0.46	0	0	0.35
48800	0.34	0.47	0.47	0	0	0.34
48900	0.34	0.47	0.47	0	0	0.34
49000	0.34	0.47	0.47	0	0	0.34
49100	0.34	0.47	0.47	0	0	0.34
49200	0.34	0.47	0.47	0	0	0.34
49300	0.34	0.47	0.47	0	0	0.34
49400	0.34	0.47	0.47	0	0	0.34
49500	0.35	0.47	0.47	0	0	0.35
49600	0.35	0.47	0.47	0	0	0.35
49700	0.34	0.47	0.47	0	0	0.34
49800	0.34	0.46	0.46	0	0	0.34
49900	0.34	0.46	0.46	0	0	0.34
50000	0.34	0.46	0.46	0	0	0.34
50100	0.34	0.46	0.46	0	0	0.34
50200	0.34	0.46	0.46	0	0	0.34
50300	0.34	0.46	0.46	0	0	0.34
50400	0.34	0.48	0.48	0	0	0.34
50500	0.34	0.47	0.47	0	0	0.34
50600	0.34	0.47	0.47	0	0	0.34
50700	0.34	0.47	0.47	0	0	0.34
50800	0.34	0.46	0.46	0	0	0.34
50900	0.34	0.46	0.46	0	0	0.34
51000	0.34	0.46	0.46	0	0	0.34
51100	0.33	0.46	0.46	0	0	0.33
51200	0.33	0.46	0.46	0	0	0.33
51300	0.33	0.46	0.46	0	0	0.33
51400	0.32	0.45	0.45	0	0	0.32
51500	0.32	0.45	0.45	0	0	0.32
51600	0.32	0.45	0.45	0	0	0.32
51700	0.33	0.45	0.45	0	0	0.33
51800	0.33	0.45	0.45	0	0	0.33
51900	0.33	0.45	0.45	0	0	0.33
52000	0.33	0.45	0.45	0	0	0.33
52100	0.33	0.45	0.45	0	0	0.33
52200	0.32	0.45	0.45	0	0	0.32
52300	0.32	0.45	0.45	0	0	0.32
52400	0.32	0.45	0.45	0	0	0.32
52500	0.32	0.45	0.45	0	0	0.32
52600	0.32	0.46	0.46	0	0	0.32
52700	0.32	0.44	0.44	0	0	0.32
52800	0.32	0.45	0.45	0	0	0.32
52900	0.32	0.45	0.45	0	0	0.32
53000	0.32	0.46	0.46	0	0	0.32
53100	0.32	0.46	0.46	0	0	0.32
53200	0.32	0.46	0.46	0	0	0.32
53300	0.33	0.46	0.46	0	0	0.33
53400	0.34	0.46	0.46	0	0	0.34
53500	0.35	0.46	0.46	0	0	0.35
53600	0.35	0.46	0.46	0	0	0.35
53700	0.34	0.47	0.47	0	0	0.34
53800	0.34	0.46	0.46	0	0	0.34
53900	0.34	0.46	0.46	0	0	0.34
54000	0.34	0.46	0.46	0	0	0.34
54100	0.34	0.47	0.47	0	0	0.34
54200	0.35	0.47	0.47	0	0	0.35
54300	0.34	0.46	0.46	0	0	0.34
54400	0.35	0.46	0.46	0	0	0.35
54500	0.34	0.46	0.46	0	0	0.34
54600	0.33	0.46	0.46	0	0	0.33
54700	0.33	0.46	0.46	0	0	0.33
54800	0.33	0.46	0.46	0	0	0.33
54900	0.33	0.45	0.45	0	0	0.33
55000	0.33	0.45	0.45	0	0	0.33
55100	0.34	0.45	0.45	0	0	0.34
55200	0.34	0.45	0.45	0	0	0.34
55300	0.34	0.45	0.45	0	0	0.34
55400	0.34	0.45	0.45	0	0	0.34
55500	0.34	0.45	0.45	0	0	0.34
55600	0.35	0.45	0.45	0	0	0.35
55700	0.35	0.45	0.45	0	0	0.35
55800	0.35	0.45	0.45	0	0	0.35
55900	0.35	0.45	0.45	0	0	0.35
56000	0.36	0.45	0.45	0	0	0.36
56100	0.36	0.45	0.45	0	0	0.36
56200	0.36	0.45	0.45	0	0	0.36
56300	0.35	0.45	0.45	0	0	0.35
56400	0.36	0.45	0.45	0	0	0.36
56500	0.34	0.46	0.46	0	0	0.34
56600	0.34	0.47	0.47	0	0	0.34
56700	0.35	0.47	0.47	0	0	0.35
56800	0.35	0.46	0.46	0	0	0.35
56900	0.35	0.46	0.46	0	0	0.35
57000	0.35	0.46	0.46	0	0	0.35
57100	0.35	0.46	0.46	0	0	0.35
57200	0.35	0.46	0.46	0	0	0.35
57300	0.35	0.46	0.46	0	0	0.35
57400	0.35	0.46	0.46	0	0	0.35
57500	0.36	0.46	0.46	0	0	0.36
57600	0.36	0.46	0.46	0	0	0.36
57700	0.36	0.46	0.46	0	0	0.36
57800	0.36	0.47	0.47	0	0	0.36
57900	0.35	0.47	0.47	0	0	0.35
58000	0.34	0.47	0.47	0	0	0.34
58100	0.34	0.47	0.47	0	0	0.34
58200	0.34	0.47	0.47	0	0	0.34
58300	0.35	0.47	0.47	0	0	0.35
58400	0.34	0.47	0.47	0	0	0.34
58500	0.34	0.48	0.48	0	0	0.34
58600	0.34	0.48	0.48	0	0	0.34
58700	0.34	0.48	0.48	0	0	0.34
58800	0.35	0.47	0.47	0	0	0.35
58900	0.35	0.48	0.48	0	0	0.35
59000	0.35	0.47	0.47	0	0	0.35
59100	0.35	0.47	0.47	0	0	0.35
59200	0.35	0.47	0.47	0	0	0.35
59300	0.35	0.46	0.46	0	0	0.35
59400	0.35	0.46	0.46	0	0	0.35
59500	0.35	0.46	0.46	0	0	0.35
59600	0.35	0.46	0.46	0	0	0.35
59700	0.36	0.47	0.47	0	0	0.36
59800	0.36	0.47	0.47	0	0	0.36
59900	0.36	0.47	0.47	0	0	0.36
60000	0.36	0.46	0.46	0	0	0.36
60100	0.36	0.46	0.46	0	0	0.36
60200	0.36	0.46	0.46	0	0	0.36
60300	0.36	0.46	0.46	0	0	0.36
60400	0.36	0.45	0.45	0	0	0.36
60500	0.36	0.46	0.46	0	0	0.36
60600	0.37	0.46	0.46	0	0	0.37
60700	0.37	0.47	0.47	0	0	0.37
60800	0.36	0.46	0.46	0	0	0.36
60900	0.36	0.46	0.46	0	0	0.36
61000	0.37	0.46	0.46	0	0	0.37
61100	0.36	0.45	0.45	0	0	0.36
61200	0.37	0.45	0.45	0	0	0.37
61300	0.37	0.45	0.45	0	0	0.37
61400	0.35	0.45	0.45	0	0	0.35
61500	0.35	0.45	0.45	0	0	0.35
61600	0.35	0.45	0.45	0	0	0.35
61700	0.35	0.44	0.44	0	0	0.35
61800	0.35	0.45	0.45	0	0	0.35
61900	0.35	0.45	0.45	0	0	0.35
62000	0.35	0.45	0.45	0	0	0.35
62100	0.35	0.45	0.45	0	0	0.35
62200	0.35	0.44	0.44	0	0	0.35
62300	0.35	0.44	0.44	0	0	0.35
62400	0.35	0.44	0.44	0	0	0.35
62500	0.36	0.44	0.44	0	0	0.36
62600	0.36	0.45	0.45	0	0	0.36
62700	0.35	0.45	0.45	0	0	0.35
62800	0.35	0.45	0.45	0	0	0.35
62900	0.35	0.45	0.45	0	0	0.35
63000	0.35	0.45	0.45	0	0	0.35
63100	0.35	0.45	0.45	0	0	0.35
63200	0.36	0.45	0.45	0	0	0.36
63300	0.36	0.45	0.45	0	0	0.36
63400	0.36	0.45	0.45	0	0	0.36
63500	0.36	0.44	0.44	0	0	0.36
63600	0.36	0.44	0.44	0	0	0.36
63700	0.37	0.44	0.44	0	0	0.37
63800	0.38	0.44	0.44	0	0	0.38
63900	0.38	0.44	0.44	0	0	0.38
64000	0.38	0.44	0.44	0	0	0.38
64100	0.38	0.44	0.44	0	0	0.38
64200	0.39	0.44	0.44	0	0	0.39
64300	0.39	0.45	0.45	0	0	0.39
64400	0.39	0.44	0.44	0	0	0.39
64500	0.39	0.44	0.44	0	0	0.39
64600	0.39	0.44	0.44	0	0	0.39
64700	0.39	0.45	0.45	0	0	0.39
64800	0.39	0.45	0.45	0	0	0.39
64900	0.39	0.45	0.45	0	0	0.39
65000	0.39	0.46	0.46	0	0	0.39
65100	0.39	0.46	0.46	0	0	0.39
65200	0.39	0.46	0.46	0	0	0.39
65300	0.38	0.46	0.46	0	0	0.38
65400	0.38	0.46	0.46	0	0	0.38
65500	0.38	0.46	0.46	0	0	0.38
65600	0.38	0.46	0.46	0	0	0.38
65700	0.38	0.46	0.46	0	0	0.38
65800	0.38	0.46	0.46	0	0	0.38
65900	0.39	0.46	0.46	0	0	0.39
66000	0.41	0.46	0.46	0	0	0.41
66100	0.41	0.44	0.44	0	0	0.41
66200	0.41	0.44	0.44	0	0	0.41
66300	0.41	0.44	0.44	0	0	0.41
66400	0.41	0.44	0.44	0	0	0.41
66500	0.41	0.44	0.44	0	0	0.41
66600	0.4	0.43	0.43	0	0	0.4
66700	0.4	0.43	0.43	0	0	0.4
66800	0.4	0.43	0.43	0	0	0.4
66900	0.4	0.43	0.43	0	0	0.4
67000	0.4	0.43	0.43	0	0	0.4
67100	0.4	0.42	0.42	0	0	0.4
67200	0.4	0.42	0.42	0	0	0.4
67300	0.4	0.42	0.42	0	0	0.4
67400	0.4	0.42	0.42	0	0	0.4
67500	0.4	0.42	0.42	0	0	0.4
67600	0.4	0.42	0.42	0	0	0.4
67700	0.41	0.42	0.42	0	0	0.41
67800	0.41	0.42	0.42	0	0	0.41
67900	0.41	0.42	0.42	0	0	0.41
68000	0.42	0.42	0.42	0	0	0.42
68100	0.42	0.43	0.43	0	0	0.42
68200	0.42	0.42	0.42	0	0	0.42
68300	0.42	0.42	0.42	0	0	0.42
68400	0.41	0.42	0.42	0	0	0.41
68500	0.41	0.42	0.42	0	0	0.41
68600	0.41	0.42	0.42	0	0	0.41
68700	0.41	0.42	0.42	0	0	0.41
68800	0.42	0.42	0.42	0	0	0.42
68900	0.42	0.42	0.42	0	0	0.42
69000	0.42	0.42	0.42	0	0	0.42
69100	0.43	0.42	0.42	0	0	0.43
69200	0.43	0.42	0.42	0	0	0.43
69300	0.43	0.43	0.43	0	0	0.43
69400	0.43	0.43	0.43	0	0	0.43
69500	0.43	0.43	0.43	0	0	0.43
69600	0.43	0.43	0.43	0	0	0.43
69700	0.43	0.43	0.43	0	0	0.43
69800	0.43	0.43	0.43	0	0	0.43
69900	0.43	0.43	0.43	0	0	0.43
70000	0.43	0.43	0.43	0	0	0.43
70100	0.42	0.43	0.43	0	0	0.42
70200	0.42	0.43	0.43	0	0	0.42
70300	0.42	0.44	0.44	0	0	0.42
70400	0.42	0.44	0.44	0	0	0.42
70500	0.42	0.44	0.44	0	0	0.42
70600	0.42	0.43	0.43	0	0	0.42
70700	0.42	0.43	0.43	0	0	0.42
70800	0.42	0.44	0.44	0	0	0.42
70900	0.42	0.44	0.44	0	0	0.42
71000	0.42	0.44	0.44	0	0	0.42
71100	0.42	0.44	0.44	0	0	0.42
71200	0.42	0.44	0.44	0	0	0.42
71300	0.42	0.44	0.44	0	0	0.42
71400	0.42	0.44	0.44	0	0	0.42
71500	0.42	0.44	0.44	0	0	0.42
71600	0.42	0.44	0.44	0	0	0.42
71700	0.42	0.44	0.44	0	0	0.42
71800	0.42	0.44	0.44	0	0	0.42
71900	0.42	0.45	0.45	0	0	0.42
72000	0.42	0.46	0.46	0	0	0.42
72100	0.42	0.46	0.46	0	0	0.42
72200	0.42	0.47	0.47	0	0	0.42
72300	0.42	0.47	0.47	0	0	0.42
72400	0.42	0.47	0.47	0	0	0.42
72500	0.42	0.47	0.47	0	0	0.42
72600	0.41	0.48	0.48	0	0	0.41
72700	0.41	0.48	0.48	0	0	0.41
72800	0.41	0.48	0.48	0	0	0.41
72900	0.41	0.49	0.49	0	0	0.41
73000	0.41	0.49	0.49	0	0	0.41
73100	0.41	0.49	0.49	0	0	0.41
73200	0.41	0.49	0.49	0	0	0.41
73300	0.41	0.49	0.49	0	0	0.41
73400	0.41	0.5	0.5	0	0	0.41
73500	0.41	0.5	0.5	0	0	0.41
73600	0.41	0.49	0.49	0	0	0.41
73700	0.41	0.49	0.49	0	0	0.41
73800	0.41	0.49	0.49	0	0	0.41
73900	0.41	0.49	0.49	0	0	0.41
74000	0.41	0.49	0.49	0	0	0.41
74100	0.41	0.49	0.49	0	0	0.41
74200	0.41	0.49	0.49	0	0	0.41
74300	0.41	0.49	0.49	0	0	0.41
74400	0.41	0.49	0.49	0	0	0.41
74500	0.41	0.49	0.49	0	0	0.41
74600	0.41	0.49	0.49	0	0	0.41
74700	0.41	0.5	0.5	0	0	0.41
74800	0.41	0.5	0.5	0	0	0.41
74900	0.41	0.5	0.5	0	0	0.41
75000	0.41	0.5	0.5	0	0	0.41
75100	0.41	0.5	0.5	0	0	0.41
75200	0.41	0.5	0.5	0	0	0.41
75300	0.41	0.5	0.5	0	0	0.41
75400	0.41	0.49	0.49	0	0	0.41
75500	0.41	0.49	0.49	0	0	0.41
75600	0.41	0.49	0.49	0	0	0.41
75700	0.41	0.49	0.49	0	0	0.41
75800	0.41	0.48	0.48	0	0	0.41
75900	0.41	0.48	0.48	0	0	0.41
76000	0.41	0.48	0.48	0	0	0.41
76100	0.41	0.48	0.48	0	0	0.41
76200	0.42	0.48	0.48	0	0	0.42
76300	0.42	0.48	0.48	0	0	0.42
76400	0.42	0.48	0.48	0	0	0.42
76500	0.42	0.48	0.48	0	0	0.42
76600	0.42	0.48	0.48	0	0	0.42
76700	0.42	0.48	0.48	0	0	0.42
76800	0.41	0.48	0.48	0	0	0.41
76900	0.41	0.48	0.48	0	0	0.41
77000	0.41	0.48	0.48	0	0	0.41
77100	0.41	0.48	0.48	0	0	0.41
77200	0.41	0.48	0.48	0	0	0.41
77300	0.41	0.48	0.48	0	0	0.41
77400	0.41	0.48	0.48	0	0	0.41
77500	0.41	0.48	0.48	0	0	0.41
77600	0.41	0.48	0.48	0	0	0.41
77700	0.42	0.48	0.48	0	0	0.42
77800	0.42	0.48	0.48	0	0	0.42
77900	0.42	0.48	0.48	0	0	0.42
78000	0.42	0.48	0.48	0	0	0.42
78100	0.42	0.48	0.48	0	0	0.42
78200	0.41	0.48	0.48	0	0	0.41
78300	0.41	0.48	0.48	0	0	0.41
78400	0.41	0.48	0.48	0	0	0.41
78500	0.41	0.48	0.48	0	0	0.41
78600	0.41	0.48	0.48	0	0	0.41
78700	0.41	0.48	0.48	0	0	0.41
78800	0.41	0.49	0.49	0	0	0.41
78900	0.41	0.49	0.49	0	0	0.41
79000	0.41	0.49	0.49	0	0	0.41
79100	0.41	0.49	0.49	0	0	0.41
79200	0.41	0.49	0.49	0	0	0.41
79300	0.41	0.49	0.49	0	0	0.41
79400	0.41	0.49	0.49	0	0	0.41
79500	0.41	0.49	0.49	0	0	0.41
79600	0.41	0.49	0.49	0	0	0.41
79700	0.41	0.49	0.49	0	0	0.41
79800	0.41	0.49	0.49	0	0	0.41
79900	0.41	0.49	0.49	0	0	0.41
80000	0.41	0.49	0.49	0	0	0.41
80100	0.41	0.49	0.49	0	0	0.41
80200	0.41	0.49	0.49	0	0	0.41
80300	0.41	0.49	0.49	0	0	0.41
80400	0.41	0.49	0.49	0	0	0.41
80500	0.41	0.49	0.49	0	0	0.41
80600	0.41	0.49	0.49	0	0	0.41
80700	0.41	0.5	0.5	0	0	0.41
80800	0.41	0.5	0.5	0	0	0.41
80900	0.41	0.5	0.5	0	0	0.41
81000	0.41	0.5	0.5	0	0	0.41
81100	0.41	0.5	0.5	0	0	0.41
81200	0.41	0.5	0.5	0	0	0.41
81300	0.41	0.49	0.49	0	0	0.41
81400	0.41	0.5	0.5	0	0	0.41
81500	0.41	0.5	0.5	0	0	0.41
81600	0.41	0.5	0.5	0	0	0.41
81700	0.41	0.5	0.5	0	0	0.41
81800	0.41	0.5	0.5	0	0	0.41
81900	0.41	0.5	0.5	0	0	0.41
82000	0.41	0.5	0.5	0	0	0.41
82100	0.41	0.5	0.5	0	0	0.41
82200	0.41	0.5	0.5	0	0	0.41
82300	0.41	0.5	0.5	0	0	0.41
82400	0.41	0.5	0.5	0	0	0.41
82500	0.41	0.5	0.5	0	0	0.41
82600	0.41	0.5	0.5	0	0	0.41
82700	0.41	0.5	0.5	0	0	0.41
82800	0.41	0.5	0.5	0	0	0.41
82900	0.4	0.5	0.5	0	0	0.4
83000	0.4	0.5	0.5	0	0	0.4
83100	0.4	0.5	0.5	0	0	0.4
83200	0.4	0.5	0.5	0	0	0.4
83300	0.4	0.5	0.5	0	0	0.4
83400	0.4	0.5	0.5	0	0	0.4
83500	0.4	0.5	0.5	0	0	0.4
83600	0.4	0.5	0.5	0	0	0.4
83700	0.4	0.5	0.5	0	0	0.4
83800	0.4	0.49	0.49	0	0	0.4
83900	0.4	0.49	0.49	0	0	0.4
84000	0.4	0.49	0.49	0	0	0.4
84100	0.39	0.5	0.5	0	0	0.39
84200	0.39	0.49	0.49	0	0	0.39
84300	0.39	0.49	0.49	0	0	0.39
84400	0.39	0.49	0.49	0	0	0.39
84500	0.4	0.49	0.49	0	0	0.4
84600	0.4	0.49	0.49	0	0	0.4
84700	0.4	0.49	0.49	0	0	0.4
84800	0.41	0.49	0.49	0	0	0.41
84900	0.41	0.49	0.49	0	0	0.41
85000	0.41	0.49	0.49	0	0	0.41
85100	0.41	0.49	0.49	0	0	0.41
85200	0.4	0.49	0.49	0	0	0.4
85300	0.4	0.49	0.49	0	0	0.4
85400	0.42	0.49	0.49	0	0	0.42
85500	0.42	0.49	0.49	0	0	0.42
85600	0.42	0.49	0.49	0	0	0.42
85700	0.42	0.49	0.49	0	0	0.42
85800	0.42	0.49	0.49	0	0	0.42
85900	0.42	0.49	0.49	0	0	0.42
86000	0.42	0.48	0.48	0	0	0.42
86100	0.42	0.48	0.48	0	0	0.42
86200	0.42	0.48	0.48	0	0	0.42
86300	0.42	0.48	0.48	0	0	0.42
86400	0.42	0.48	0.48	0	0	0.42
86500	0.42	0.48	0.48	0	0	0.42
86600	0.42	0.48	0.48	0	0	0.42
86700	0.42	0.48	0.48	0	0	0.42
86800	0.42	0.49	0.49	0	0	0.42
86900	0.42	0.49	0.49	0	0	0.42
87000	0.42	0.5	0.5	0	0	0.42
87100	0.42	0.5	0.5	0	0	0.42
87200	0.42	0.5	0.5	0	0	0.42
87300	0.42	0.5	0.5	0	0	0.42
87400	0.42	0.5	0.5	0	0	0.42
87500	0.42	0.5	0.5	0	0	0.42
87600	0.42	0.5	0.5	0	0	0.42
87700	0.42	0.5	0.5	0	0	0.42
87800	0.42	0.5	0.5	0	0	0.42
87900	0.42	0.5	0.5	0	0	0.42
88000	0.42	0.5	0.5	0	0	0.42
88100	0.42	0.5	0.5	0	0	0.42
88200	0.42	0.5	0.5	0	0	0.42
88300	0.42	0.5	0.5	0	0	0.42
88400	0.42	0.5	0.5	0	0	0.42
88500	0.43	0.5	0.5	0	0	0.43
88600	0.43	0.5	0.5	0	0	0.43
88700	0.43	0.5	0.5	0	0	0.43
88800	0.42	0.5	0.5	0	0	0.42
88900	0.42	0.5	0.5	0	0	0.42
89000	0.42	0.5	0.5	0	0	0.42
89100	0.42	0.5	0.5	0	0	0.42
89200	0.41	0.5	0.5	0	0	0.41
89300	0.41	0.5	0.5	0	0	0.41
89400	0.41	0.5	0.5	0	0	0.41
89500	0.41	0.5	0.5	0	0	0.41
89600	0.41	0.5	0.5	0	0	0.41
89700	0.41	0.5	0.5	0	0	0.41
89800	0.41	0.5	0.5	0	0	0.41
89900	0.41	0.5	0.5	0	0	0.41
90000	0.41	0.5	0.5	0	0	0.41
90100	0.41	0.5	0.5	0	0	0.41
90200	0.41	0.5	0.5	0	0	0.41
90300	0.41	0.5	0.5	0	0	0.41
90400	0.41	0.5	0.5	0	0	0.41
90500	0.42	0.5	0.5	0	0	0.42
90600	0.42	0.5	0.5	0	0	0.42
90700	0.42	0.5	0.5	0	0	0.42
90800	0.42	0.5	0.5	0	0	0.42
90900	0.41	0.5	0.5	0	0	0.41
91000	0.41	0.5	0.5	0	0	0.41
91100	0.41	0.5	0.5	0	0	0.41
91200	0.41	0.5	0.5	0	0	0.41
91300	0.41	0.5	0.5	0	0	0.41
91400	0.41	0.5	0.5	0	0	0.41
91500	0.41	0.5	0.5	0	0	0.41
91600	0.41	0.5	0.5	0	0	0.41
91700	0.41	0.51	0.51	0	0	0.41
91800	0.41	0.51	0.51	0	0	0.41
91900	0.41	0.51	0.51	0	0	0.41
92000	0.41	0.5	0.5	0	0	0.41
92100	0.41	0.5	0.5	0	0	0.41
92200	0.4	0.5	0.5	0	0	0.4
92300	0.4	0.5	0.5	0	0	0.4
92400	0.4	0.5	0.5	0	0	0.4
92500	0.4	0.5	0.5	0	0	0.4
92600	0.4	0.5	0.5	0	0	0.4
92700	0.4	0.5	0.5	0	0	0.4
92800	0.4	0.5	0.5	0	0	0.4
92900	0.4	0.5	0.5	0	0	0.4
93000	0.39	0.5	0.5	0	0	0.39
93100	0.39	0.5	0.5	0	0	0.39
93200	0.39	0.5	0.5	0	0	0.39
93300	0.4	0.5	0.5	0	0	0.4
93400	0.4	0.5	0.5	0	0	0.4
93500	0.41	0.5	0.5	0	0	0.41
93600	0.41	0.5	0.5	0	0	0.41
93700	0.41	0.5	0.5	0	0	0.41
93800	0.41	0.5	0.5	0	0	0.41
93900	0.41	0.5	0.5	0	0	0.41
94000	0.41	0.5	0.5	0	0	0.41
94100	0.41	0.5	0.5	0	0	0.41
94200	0.42	0.5	0.5	0	0	0.42
94300	0.41	0.5	0.5	0	0	0.41
94400	0.41	0.5	0.5	0	0	0.41
94500	0.41	0.5	0.5	0	0	0.41
94600	0.41	0.5	0.5	0	0	0.41
94700	0.4	0.5	0.5	0	0	0.4
94800	0.4	0.5	0.5	0	0	0.4
94900	0.4	0.5	0.5	0	0	0.4
95000	0.4	0.51	0.51	0	0	0.4
95100	0.4	0.51	0.51	0	0	0.4
95200	0.4	0.51	0.51	0	0	0.4
95300	0.4	0.51	0.51	0	0	0.4
95400	0.4	0.51	0.51	0	0	0.4
95500	0.39	0.51	0.51	0	0	0.39
95600	0.39	0.51	0.51	0	0	0.39
95700	0.39	0.51	0.51	0	0	0.39
95800	0.39	0.51	0.51	0	0	0.39
95900	0.39	0.51	0.51	0	0	0.39
96000	0.39	0.51	0.51	0	0	0.39
96100	0.39	0.51	0.51	0	0	0.39
96200	0.39	0.51	0.51	0	0	0.39
96300	0.39	0.51	0.51	0	0	0.39
96400	0.39	0.51	0.51	0	0	0.39
96500	0.39	0.51	0.51	0	0	0.39
96600	0.39	0.51	0.51	0	0	0.39
96700	0.39	0.5	0.5	0	0	0.39
96800	0.39	0.5	0.5	0	0	0.39
96900	0.39	0.5	0.5	0	0	0.39
97000	0.39	0.5	0.5	0	0	0.39
97100	0.39	0.5	0.5	0	0	0.39
97200	0.39	0.5	0.5	0	0	0.39
97300	0.39	0.5	0.5	0	0	0.39
97400	0.39	0.5	0.5	0	0	0.39
97500	0.39	0.5	0.5	0	0	0.39
97600	0.39	0.49	0.49	0	0	0.39
97700	0.39	0.49	0.49	0	0	0.39
97800	0.39	0.49	0.49	0	0	0.39
97900	0.39	0.49	0.49	0	0	0.39
98000	0.39	0.49	0.49	0	0	0.39
98100	0.39	0.49	0.49	0	0	0.39
98200	0.39	0.49	0.49	0	0	0.39
98300	0.39	0.49	0.49	0	0	0.39
98400	0.39	0.5	0.5	0	0	0.39
98500	0.39	0.5	0.5	0	0	0.39
98600	0.39	0.49	0.49	0	0	0.39
98700	0.39	0.49	0.49	0	0	0.39
98800	0.39	0.48	0.48	0	0	0.39
98900	0.39	0.48	0.48	0	0	0.39
99000	0.39	0.48	0.48	0	0	0.39
99100	0.39	0.48	0.48	0	0	0.39
99200	0.39	0.48	0.48	0	0	0.39
99300	0.39	0.48	0.48	0	0	0.39
99400	0.39	0.48	0.48	0	0	0.39
99500	0.39	0.48	0.48	0	0	0.39
99600	0.39	0.48	0.48	0	0	0.39
99700	0.39	0.48	0.48	0	0	0.39
99800	0.39	0.48	0.48	0	0	0.39
99900	0.39	0.47	0.47	0	0	0.39
100000	0.39	0.47	0.47	0	0	0.39
100100	0.39	0.47	0.47	0	0	0.39
100200	0.39	0.47	0.47	0	0	0.39
100300	0.39	0.47	0.47	0	0	0.39
100400	0.39	0.47	0.47	0	0	0.39
100500	0.39	0.47	0.47	0	0	0.39
100600	0.39	0.47	0.47	0	0	0.39
100700	0.39	0.47	0.47	0	0	0.39
100800	0.39	0.47	0.47	0	0	0.39
100900	0.39	0.49	0.49	0	0	0.39
101000	0.4	0.49	0.49	0	0	0.4
101100	0.4	0.49	0.49	0	0	0.4
101200	0.41	0.5	0.5	0	0	0.41
101300	0.41	0.49	0.49	0	0	0.41
101400	0.4	0.5	0.5	0	0	0.4
101500	0.4	0.5	0.5	0	0	0.4
101600	0.4	0.49	0.49	0	0	0.4
101700	0.4	0.49	0.49	0	0	0.4
101800	0.41	0.48	0.48	0	0	0.41
101900	0.41	0.48	0.48	0	0	0.41
102000	0.41	0.48	0.48	0	0	0.41
102100	0.4	0.48	0.48	0	0	0.4
102200	0.4	0.48	0.48	0	0	0.4
102300	0.4	0.48	0.48	0	0	0.4
102400	0.39	0.49	0.49	0	0	0.39
102500	0.39	0.49	0.49	0	0	0.39
102600	0.39	0.49	0.49	0	0	0.39
102700	0.39	0.49	0.49	0	0	0.39
102800	0.39	0.49	0.49	0	0	0.39
102900	0.39	0.49	0.49	0	0	0.39
103000	0.39	0.49	0.49	0	0	0.39
103100	0.39	0.49	0.49	0	0	0.39
103200	0.39	0.49	0.49	0	0	0.39
103300	0.39	0.48	0.48	0	0	0.39
103400	0.39	0.48	0.48	0	0	0.39
103500	0.39	0.48	0.48	0	0	0.39
103600	0.39	0.48	0.48	0	0	0.39
103700	0.4	0.48	0.48	0	0	0.4
103800	0.41	0.48	0.48	0	0	0.41
103900	0.41	0.48	0.48	0	0	0.41
104000	0.41	0.48	0.48	0	0	0.41
104100	0.41	0.48	0.48	0	0	0.41
104200	0.41	0.48	0.48	0	0	0.41
104300	0.41	0.48	0.48	0	0	0.41
104400	0.41	0.49	0.49	0	0	0.41
104500	0.41	0.49	0.49	0	0	0.41
104600	0.41	0.49	0.49	0	0	0.41
104700	0.41	0.49	0.49	0	0	0.41
104800	0.41	0.49	0.49	0	0	0.41
104900	0.41	0.49	0.49	0	0	0.41
105000	0.41	0.48	0.48	0	0	0.41
105100	0.41	0.48	0.48	0	0	0.41
105200	0.41	0.48	0.48	0	0	0.41
105300	0.41	0.48	0.48	0	0	0.41
105400	0.41	0.48	0.48	0	0	0.41
105500	0.41	0.48	0.48	0	0	0.41
105600	0.41	0.48	0.48	0	0	0.41
105700	0.41	0.48	0.48	0	0	0.41
105800	0.4	0.48	0.48	0	0	0.4
105900	0.4	0.48	0.48	0	0	0.4
106000	0.4	0.48	0.48	0	0	0.4
106100	0.4	0.48	0.48	0	0	0.4
106200	0.4	0.48	0.48	0	0	0.4
106300	0.4	0.48	0.48	0	0	0.4
106400	0.41	0.48	0.48	0	0	0.41
106500	0.41	0.48	0.48	0	0	0.41
106600	0.41	0.48	0.48	0	0	0.41
106700	0.41	0.48	0.48	0	0	0.41
106800	0.42	0.48	0.48	0	0	0.42
106900	0.41	0.48	0.48	0	0	0.41
107000	0.41	0.48	0.48	0	0	0.41
107100	0.41	0.48	0.48	0	0	0.41
107200	0.41	0.48	0.48	0	0	0.41
107300	0.41	0.48	0.48	0	0	0.41
107400	0.41	0.48	0.48	0	0	0.41
107500	0.41	0.48	0.48	0	0	0.41
107600	0.4	0.48	0.48	0	0	0.4
107700	0.4	0.48	0.48	0	0	0.4
107800	0.4	0.48	0.48	0	0	0.4
107900	0.4	0.48	0.48	0	0	0.4
108000	0.4	0.48	0.48	0	0	0.4
108100	0.4	0.49	0.49	0	0	0.4
108200	0.39	0.49	0.49	0	0	0.39
108300	0.38	0.49	0.49	0	0	0.38
108400	0.38	0.49	0.49	0	0	0.38
108500	0.38	0.49	0.49	0	0	0.38
108600	0.38	0.49	0.49	0	0	0.38
108700	0.38	0.49	0.49	0	0	0.38
108800	0.38	0.49	0.49	0	0	0.38
108900	0.38	0.49	0.49	0	0	0.38
109000	0.38	0.49	0.49	0	0	0.38
109100	0.38	0.49	0.49	0	0	0.38
109200	0.38	0.49	0.49	0	0	0.38
109300	0.38	0.49	0.49	0	0	0.38
109400	0.38	0.49	0.49	0	0	0.38
109500	0.38	0.49	0.49	0	0	0.38
109600	0.38	0.49	0.49	0	0	0.38
109700	0.38	0.49	0.49	0	0	0.38
109800	0.39	0.49	0.49	0	0	0.39
109900	0.39	0.49	0.49	0	0	0.39
110000	0.38	0.49	0.49	0	0	0.38
110100	0.38	0.49	0.49	0	0	0.38
110200	0.39	0.49	0.49	0	0	0.39
110300	0.39	0.49	0.49	0	0	0.39
110400	0.39	0.49	0.49	0	0	0.39
110500	0.39	0.49	0.49	0	0	0.39
110600	0.4	0.49	0.49	0	0	0.4
110700	0.39	0.49	0.49	0	0	0.39
110800	0.38	0.48	0.48	0	0	0.38
110900	0.38	0.48	0.48	0	0	0.38
111000	0.38	0.48	0.48	0	0	0.38
111100	0.38	0.48	0.48	0	0	0.38
111200	0.38	0.47	0.47	0	0	0.38
111300	0.38	0.47	0.47	0	0	0.38
111400	0.39	0.47	0.47	0	0	0.39
111500	0.38	0.47	0.47	0	0	0.38
111600	0.38	0.47	0.47	0	0	0.38
111700	0.37	0.47	0.47	0	0	0.37
111800	0.37	0.47	0.47	0	0	0.37
111900	0.37	0.48	0.48	0	0	0.37
112000	0.37	0.48	0.48	0	0	0.37
112100	0.37	0.48	0.48	0	0	0.37
112200	0.38	0.48	0.48	0	0	0.38
112300	0.37	0.48	0.48	0	0	0.37
112400	0.37	0.48	0.48	0	0	0.37
112500	0.37	0.47	0.47	0	0	0.37
112600	0.37	0.47	0.47	0	0	0.37
112700	0.37	0.47	0.47	0	0	0.37
112800	0.37	0.47	0.47	0	0	0.37
112900	0.37	0.48	0.48	0	0	0.37
113000	0.37	0.49	0.49	0	0	0.37
113100	0.37	0.49	0.49	0	0	0.37
113200	0.37	0.49	0.49	0	0	0.37
113300	0.37	0.49	0.49	0	0	0.37
113400	0.37	0.48	0.48	0	0	0.37
113500	0.38	0.48	0.48	0	0	0.38
113600	0.37	0.47	0.47	0	0	0.37
113700	0.37	0.47	0.47	0	0	0.37
113800	0.37	0.47	0.47	0	0	0.37
113900	0.37	0.48	0.48	0	0	0.37
114000	0.37	0.48	0.48	0	0	0.37
114100	0.37	0.48	0.48	0	0	0.37
114200	0.37	0.49	0.49	0	0	0.37
114300	0.37	0.49	0.49	0	0	0.37
114400	0.37	0.49	0.49	0	0	0.37
114500	0.37	0.49	0.49	0	0	0.37
114600	0.37	0.49	0.49	0	0	0.37
114700	0.36	0.49	0.49	0	0	0.36
114800	0.36	0.49	0.49	0	0	0.36
114900	0.36	0.49	0.49	0	0	0.36
115000	0.37	0.49	0.49	0	0	0.37
115100	0.36	0.49	0.49	0	0	0.36
115200	0.36	0.49	0.49	0	0	0.36
115300	0.36	0.49	0.49	0	0	0.36
115400	0.36	0.5	0.5	0	0	0.36
115500	0.36	0.5	0.5	0	0	0.36
115600	0.36	0.51	0.51	0	0	0.36
115700	0.36	0.51	0.51	0	0	0.36
115800	0.36	0.51	0.51	0	0	0.36
115900	0.36	0.51	0.51	0	0	0.36
116000	0.37	0.52	0.52	0	0	0.37
116100	0.37	0.51	0.51	0	0	0.37
116200	0.38	0.51	0.51	0	0	0.38
116300	0.37	0.51	0.51	0	0	0.37
116400	0.37	0.51	0.51	0	0	0.37
116500	0.37	0.51	0.51	0	0	0.37
116600	0.37	0.51	0.51	0	0	0.37
116700	0.37	0.52	0.52	0	0	0.37
116800	0.37	0.52	0.52	0	0	0.37
116900	0.37	0.52	0.52	0	0	0.37
117000	0.37	0.52	0.52	0	0	0.37
117100	0.37	0.52	0.52	0	0	0.37
117200	0.37	0.52	0.52	0	0	0.37
117300	0.37	0.52	0.52	0	0	0.37
117400	0.37	0.52	0.52	0	0	0.37
117500	0.37	0.52	0.52	0	0	0.37
117600	0.37	0.52	0.52	0	0	0.37
117700	0.37	0.52	0.52	0	0	0.37
117800	0.37	0.52	0.52	0	0	0.37
117900	0.37	0.52	0.52	0	0	0.37
118000	0.37	0.52	0.52	0	0	0.37
118100	0.37	0.52	0.52	0	0	0.37
118200	0.37	0.52	0.52	0	0	0.37
118300	0.37	0.52	0.52	0	0	0.37
118400	0.37	0.52	0.52	0	0	0.37
118500	0.37	0.52	0.52	0	0	0.37
118600	0.37	0.52	0.52	0	0	0.37
118700	0.37	0.52	0.52	0	0	0.37
118800	0.37	0.52	0.52	0	0	0.37
118900	0.37	0.52	0.52	0	0	0.37
119000	0.37	0.52	0.52	0	0	0.37
119100	0.37	0.52	0.52	0	0	0.37
119200	0.38	0.52	0.52	0	0	0.38
119300	0.36	0.52	0.52	0	0	0.36
119400	0.36	0.52	0.52	0	0	0.36
119500	0.36	0.52	0.52	0	0	0.36
119600	0.36	0.52	0.52	0	0	0.36
119700	0.36	0.53	0.53	0	0	0.36
119800	0.36	0.53	0.53	0	0	0.36
119900	0.36	0.53	0.53	0	0	0.36
120000	0.36	0.53	0.53	0	0	0.36
120100	0.36	0.53	0.53	0	0	0.36
120200	0.36	0.53	0.53	0	0	0.36
120300	0.36	0.53	0.53	0	0	0.36
120400	0.36	0.53	0.53	0	0	0.36
120500	0.37	0.53	0.53	0	0	0.37
120600	0.38	0.53	0.53	0	0	0.38
120700	0.37	0.53	0.53	0	0	0.37
120800	0.37	0.53	0.53	0	0	0.37
120900	0.37	0.53	0.53	0	0	0.37
121000	0.37	0.53	0.53	0	0	0.37
121100	0.38	0.53	0.53	0	0	0.38
121200	0.38	0.53	0.53	0	0	0.38
121300	0.38	0.53	0.53	0	0	0.38
121400	0.38	0.53	0.53	0	0	0.38
121500	0.39	0.53	0.53	0	0	0.39
121600	0.39	0.52	0.52	0	0	0.39
121700	0.4	0.52	0.52	0	0	0.4
121800	0.39	0.52	0.52	0	0	0.39
121900	0.39	0.52	0.52	0	0	0.39
122000	0.39	0.52	0.52	0	0	0.39
122100	0.4	0.52	0.52	0	0	0.4
122200	0.4	0.52	0.52	0	0	0.4
122300	0.4	0.52	0.52	0	0	0.4
122400	0.4	0.52	0.52	0	0	0.4
122500	0.4	0.52	0.52	0	0	0.4
122600	0.4	0.52	0.52	0	0	0.4
122700	0.4	0.52	0.52	0	0	0.4
122800	0.4	0.52	0.52	0	0	0.4
122900	0.4	0.52	0.52	0	0	0.4
123000	0.41	0.52	0.52	0	0	0.41
123100	0.41	0.52	0.52	0	0	0.41
123200	0.41	0.52	0.52	0	0	0.41
123300	0.41	0.52	0.52	0	0	0.41
123400	0.41	0.52	0.52	0	0	0.41
123500	0.41	0.52	0.52	0	0	0.41
123600	0.41	0.52	0.52	0	0	0.41
123700	0.41	0.52	0.52	0	0	0.41
123800	0.41	0.52	0.52	0	0	0.41
123900	0.41	0.52	0.52	0	0	0.41
124000	0.41	0.52	0.52	0	0	0.41
124100	0.41	0.53	0.53	0	0	0.41
124200	0.41	0.53	0.53	0	0	0.41
124300	0.41	0.53	0.53	0	0	0.41
124400	0.41	0.53	0.53	0	0	0.41
124500	0.41	0.53	0.53	0	0	0.41
124600	0.41	0.53	0.53	0	0	0.41
124700	0.41	0.53	0.53	0	0	0.41
124800	0.41	0.53	0.53	0	0	0.41
124900	0.41	0.53	0.53	0	0	0.41
125000	0.41	0.53	0.53	0	0	0.41
125100	0.41	0.53	0.53	0	0	0.41
125200	0.41	0.53	0.53	0	0	0.41
125300	0.41	0.53	0.53	0	0	0.41
125400	0.41	0.53	0.53	0	0	0.41
125500	0.41	0.53	0.53	0	0	0.41
125600	0.42	0.53	0.53	0	0	0.42
125700	0.42	0.53	0.53	0	0	0.42
125800	0.42	0.53	0.53	0	0	0.42
125900	0.42	0.53	0.53	0	0	0.42
126000	0.42	0.52	0.52	0	0	0.42
126100	0.42	0.52	0.52	0	0	0.42
126200	0.42	0.52	0.52	0	0	0.42
126300	0.42	0.52	0.52	0	0	0.42
126400	0.42	0.52	0.52	0	0	0.42
126500	0.42	0.52	0.52	0	0	0.42
126600	0.42	0.52	0.52	0	0	0.42
126700	0.42	0.53	0.53	0	0	0.42
126800	0.42	0.53	0.53	0	0	0.42
126900	0.42	0.53	0.53	0	0	0.42
127000	0.42	0.53	0.53	0	0	0.42
127100	0.42	0.53	0.53	0	0	0.42
127200	0.42	0.52	0.52	0	0	0.42
127300	0.42	0.52	0.52	0	0	0.42
127400	0.42	0.52	0.52	0	0	0.42
127500	0.42	0.52	0.52	0	0	0.42
127600	0.42	0.52	0.52	0	0	0.42
127700	0.42	0.52	0.52	0	0	0.42
127800	0.42	0.52	0.52	0	0	0.42
127900	0.42	0.52	0.52	0	0	0.42
128000	0.42	0.52	0.52	0	0	0.42
128100	0.42	0.52	0.52	0	0	0.42
128200	0.42	0.52	0.52	0	0	0.42
128300	0.42	0.52	0.52	0	0	0.42
128400	0.42	0.52	0.52	0	0	0.42
128500	0.42	0.52	0.52	0	0	0.42
128600	0.42	0.52	0.52	0	0	0.42
128700	0.42	0.52	0.52	0	0	0.42
128800	0.42	0.52	0.52	0	0	0.42
128900	0.41	0.52	0.52	0	0	0.41
129000	0.41	0.52	0.52	0	0	0.41
129100	0.41	0.52	0.52	0	0	0.41
129200	0.41	0.52	0.52	0	0	0.41
129300	0.41	0.52	0.52	0	0	0.41
129400	0.41	0.52	0.52	0	0	0.41
129500	0.41	0.52	0.52	0	0	0.41
129600	0.41	0.53	0.53	0	0	0.41
129700	0.41	0.53	0.53	0	0	0.41
129800	0.41	0.53	0.53	0	0	0.41
129900	0.41	0.53	0.53	0	0	0.41
130000	0.41	0.53	0.53	0	0	0.41
130100	0.41	0.53	0.53	0	0	0.41
130200	0.41	0.53	0.53	0	0	0.41
130300	0.41	0.53	0.53	0	0	0.41
130400	0.41	0.53	0.53	0	0	0.41
130500	0.41	0.53	0.53	0	0	0.41
130600	0.41	0.53	0.53	0	0	0.41
130700	0.41	0.53	0.53	0	0	0.41
130800	0.41	0.54	0.54	0	0	0.41
130900	0.41	0.54	0.54	0	0	0.41
131000	0.41	0.54	0.54	0	0	0.41
131100	0.41	0.54	0.54	0	0	0.41
131200	0.41	0.54	0.54	0	0	0.41
131300	0.41	0.54	0.54	0	0	0.41
131400	0.41	0.54	0.54	0	0	0.41
131500	0.41	0.55	0.55	0	0	0.41
131600	0.41	0.55	0.55	0	0	0.41
131700	0.41	0.55	0.55	0	0	0.41
131800	0.41	0.54	0.54	0	0	0.41
131900	0.41	0.54	0.54	0	0	0.41
132000	0.41	0.54	0.54	0	0	0.41
132100	0.41	0.54	0.54	0	0	0.41
132200	0.41	0.54	0.54	0	0	0.41
132300	0.41	0.54	0.54	0	0	0.41
132400	0.41	0.54	0.54	0	0	0.41
132500	0.41	0.54	0.54	0	0	0.41
132600	0.41	0.54	0.54	0	0	0.41
132700	0.41	0.54	0.54	0	0	0.41
132800	0.41	0.54	0.54	0	0	0.41
132900	0.41	0.54	0.54	0	0	0.41
133000	0.41	0.54	0.54	0	0	0.41
133100	0.41	0.55	0.55	0	0	0.41
133200	0.41	0.55	0.55	0	0	0.41
133300	0.41	0.55	0.55	0	0	0.41
133400	0.41	0.55	0.55	0	0	0.41
133500	0.41	0.55	0.55	0	0	0.41
133600	0.41	0.54	0.54	0	0	0.41
133700	0.41	0.54	0.54	0	0	0.41
133800	0.41	0.53	0.53	0	0	0.41
133900	0.41	0.53	0.53	0	0	0.41
134000	0.41	0.53	0.53	0	0	0.41
134100	0.41	0.53	0.53	0	0	0.41
134200	0.41	0.53	0.53	0	0	0.41
134300	0.41	0.53	0.53	0	0	0.41
134400	0.41	0.53	0.53	0	0	0.41
134500	0.41	0.53	0.53	0	0	0.41
134600	0.41	0.53	0.53	0	0	0.41
134700	0.42	0.53	0.53	0	0	0.42
134800	0.42	0.53	0.53	0	0	0.42
134900	0.42	0.53	0.53	0	0	0.42
135000	0.42	0.53	0.53	0	0	0.42
135100	0.42	0.53	0.53	0	0	0.42
135200	0.42	0.53	0.53	0	0	0.42
135300	0.43	0.53	0.53	0	0	0.43
135400	0.43	0.53	0.53	0	0	0.43
135500	0.43	0.53	0.53	0	0	0.43
135600	0.42	0.53	0.53	0	0	0.42
135700	0.42	0.53	0.53	0	0	0.42
135800	0.42	0.53	0.53	0	0	0.42
135900	0.42	0.53	0.53	0	0	0.42
136000	0.42	0.53	0.53	0	0	0.42
136100	0.42	0.53	0.53	0	0	0.42
136200	0.42	0.53	0.53	0	0	0.42
136300	0.42	0.53	0.53	0	0	0.42
136400	0.42	0.53	0.53	0	0	0.42
136500	0.42	0.53	0.53	0	0	0.42
136600	0.42	0.53	0.53	0	0	0.42
136700	0.42	0.53	0.53	0	0	0.42
136800	0.42	0.53	0.53	0	0	0.42
136900	0.42	0.53	0.53	0	0	0.42
137000	0.42	0.53	0.53	0	0	0.42
137100	0.42	0.53	0.53	0	0	0.42
137200	0.42	0.53	0.53	0	0	0.42
137300	0.42	0.53	0.53	0	0	0.42
137400	0.42	0.53	0.53	0	0	0.42
137500	0.42	0.53	0.53	0	0	0.42
137600	0.42	0.53	0.53	0	0	0.42
137700	0.42	0.53	0.53	0	0	0.42
137800	0.42	0.53	0.53	0	0	0.42
137900	0.42	0.53	0.53	0	0	0.42
138000	0.42	0.53	0.53	0	0	0.42
138100	0.42	0.53	0.53	0	0	0.42
138200	0.42	0.53	0.53	0	0	0.42
138300	0.42	0.53	0.53	0	0	0.42
138400	0.42	0.53	0.53	0	0	0.42
138500	0.42	0.53	0.53	0	0	0.42
138600	0.42	0.53	0.53	0	0	0.42
138700	0.42	0.53	0.53	0	0	0.42
138800	0.42	0.53	0.53	0	0	0.42
138900	0.42	0.53	0.53	0	0	0.42
139000	0.42	0.53	0.53	0	0	0.42
139100	0.42	0.53	0.53	0	0	0.42
139200	0.42	0.53	0.53	0	0	0.42
139300	0.42	0.53	0.53	0	0	0.42
139400	0.42	0.53	0.53	0	0	0.42
139500	0.42	0.53	0.53	0	0	0.42
139600	0.42	0.53	0.53	0	0	0.42
139700	0.42	0.53	0.53	0	0	0.42
139800	0.42	0.53	0.53	0	0	0.42
139900	0.42	0.53	0.53	0	0	0.42
140000	0.42	0.53	0.53	0	0	0.42
140100	0.42	0.53	0.53	0	0	0.42
140200	0.42	0.53	0.53	0	0	0.42
140300	0.41	0.53	0.53	0	0	0.41
140400	0.41	0.52	0.52	0	0	0.41
140500	0.41	0.53	0.53	0	0	0.41
140600	0.41	0.53	0.53	0	0	0.41
140700	0.41	0.52	0.52	0	0	0.41
140800	0.41	0.52	0.52	0	0	0.41
140900	0.41	0.52	0.52	0	0	0.41
141000	0.41	0.52	0.52	0	0	0.41
141100	0.41	0.52	0.52	0	0	0.41
141200	0.41	0.52	0.52	0	0	0.41
141300	0.41	0.52	0.52	0	0	0.41
141400	0.41	0.52	0.52	0	0	0.41
141500	0.41	0.52	0.52	0	0	0.41
141600	0.41	0.52	0.52	0	0	0.41
141700	0.41	0.52	0.52	0	0	0.41
141800	0.41	0.52	0.52	0	0	0.41
141900	0.41	0.52	0.52	0	0	0.41
142000	0.41	0.52	0.52	0	0	0.41
142100	0.41	0.52	0.52	0	0	0.41
142200	0.41	0.52	0.52	0	0	0.41
142300	0.41	0.52	0.52	0	0	0.41
142400	0.41	0.52	0.52	0	0	0.41
142500	0.41	0.52	0.52	0	0	0.41
142600	0.41	0.52	0.52	0	0	0.41
142700	0.41	0.52	0.52	0	0	0.41
142800	0.41	0.52	0.52	0	0	0.41
142900	0.41	0.52	0.52	0	0	0.41
143000	0.41	0.52	0.52	0	0	0.41
143100	0.41	0.52	0.52	0	0	0.41
143200	0.43	0.52	0.52	0	0	0.43
143300	0.43	0.52	0.52	0	0	0.43
143400	0.43	0.52	0.52	0	0	0.43
143500	0.43	0.52	0.52	0	0	0.43
143600	0.42	0.52	0.52	0	0	0.42
143700	0.42	0.54	0.54	0	0	0.42
143800	0.42	0.54	0.54	0	0	0.42
143900	0.42	0.54	0.54	0	0	0.42
144000	0.42	0.54	0.54	0	0	0.42
144100	0.42	0.54	0.54	0	0	0.42
144200	0.42	0.54	0.54	0	0	0.42
144300	0.42	0.53	0.53	0	0	0.42
144400	0.42	0.53	0.53	0	0	0.42
144500	0.42	0.53	0.53	0	0	0.42
144600	0.42	0.53	0.53	0	0	0.42
144700	0.42	0.53	0.53	0	0	0.42
144800	0.42	0.53	0.53	0	0	0.42
144900	0.42	0.53	0.53	0	0	0.42
145000	0.42	0.53	0.53	0	0	0.42
145100	0.42	0.53	0.53	0	0	0.42
145200	0.42	0.53	0.53	0	0	0.42
145300	0.42	0.53	0.53	0	0	0.42
145400	0.42	0.53	0.53	0	0	0.42
145500	0.42	0.53	0.53	0	0	0.42
145600	0.42	0.53	0.53	0	0	0.42
145700	0.42	0.53	0.53	0	0	0.42
145800	0.42	0.53	0.53	0	0	0.42
145900	0.42	0.53	0.53	0	0	0.42
146000	0.44	0.53	0.53	0	0	0.44
146100	0.44	0.53	0.53	0	0	0.44
146200	0.44	0.53	0.53	0	0	0.44
146300	0.44	0.53	0.53	0	0	0.44
146400	0.44	0.53	0.53	0	0	0.44
146500	0.44	0.53	0.53	0	0	0.44
146600	0.44	0.53	0.53	0	0	0.44
146700	0.44	0.53	0.53	0	0	0.44
146800	0.44	0.53	0.53	0	0	0.44
146900	0.44	0.52	0.52	0	0	0.44
147000	0.44	0.52	0.52	0	0	0.44
147100	0.44	0.52	0.52	0	0	0.44
147200	0.44	0.52	0.52	0	0	0.44
147300	0.44	0.53	0.53	0	0	0.44
147400	0.44	0.52	0.52	0	0	0.44
147500	0.44	0.52	0.52	0	0	0.44
147600	0.44	0.52	0.52	0	0	0.44
147700	0.44	0.52	0.52	0	0	0.44
147800	0.44	0.52	0.52	0	0	0.44
147900	0.44	0.52	0.52	0	0	0.44
148000	0.44	0.52	0.52	0	0	0.44
148100	0.44	0.52	0.52	0	0	0.44
148200	0.44	0.52	0.52	0	0	0.44
148300	0.44	0.52	0.52	0	0	0.44
148400	0.44	0.52	0.52	0	0	0.44
148500	0.44	0.52	0.52	0	0	0.44
148600	0.44	0.52	0.52	0	0	0.44
148700	0.44	0.52	0.52	0	0	0.44
148800	0.44	0.52	0.52	0	0	0.44
148900	0.44	0.52	0.52	0	0	0.44
149000	0.44	0.52	0.52	0	0	0.44
149100	0.44	0.52	0.52	0	0	0.44
149200	0.44	0.52	0.52	0	0	0.44
149300	0.44	0.52	0.52	0	0	0.44
149400	0.44	0.52	0.52	0	0	0.44
149500	0.44	0.52	0.52	0	0	0.44
149600	0.44	0.52	0.52	0	0	0.44
149700	0.44	0.52	0.52	0	0	0.44
149800	0.44	0.52	0.52	0	0	0.44
149900	0.44	0.52	0.52	0	0	0.44
150000	0.44	0.52	0.52	0	0	0.44
150100	0.44	0.52	0.52	0	0	0.44
150200	0.44	0.52	0.52	0	0	0.44
150300	0.44	0.52	0.52	0	0	0.44
150400	0.44	0.52	0.52	0	0	0.44
150500	0.44	0.52	0.52	0	0	0.44
150600	0.44	0.52	0.52	0	0	0.44
150700	0.44	0.52	0.52	0	0	0.44
150800	0.44	0.52	0.52	0	0	0.44
150900	0.44	0.52	0.52	0	0	0.44
151000	0.44	0.52	0.52	0	0	0.44
151100	0.44	0.52	0.52	0	0	0.44
151200	0.44	0.52	0.52	0	0	0.44
151300	0.44	0.52	0.52	0	0	0.44
151400	0.44	0.52	0.52	0	0	0.44
151500	0.44	0.52	0.52	0	0	0.44
151600	0.44	0.52	0.52	0	0	0.44
151700	0.44	0.52	0.52	0	0	0.44
151800	0.44	0.52	0.52	0	0	0.44
151900	0.43	0.52	0.52	0	0	0.43
152000	0.43	0.52	0.52	0	0	0.43
152100	0.43	0.52	0.52	0	0	0.43
152200	0.43	0.52	0.52	0	0	0.43
152300	0.43	0.51	0.51	0	0	0.43
152400	0.43	0.51	0.51	0	0	0.43
152500	0.43	0.51	0.51	0	0	0.43
152600	0.43	0.51	0.51	0	0	0.43
152700	0.43	0.51	0.51	0	0	0.43
152800	0.43	0.51	0.51	0	0	0.43
152900	0.43	0.51	0.51	0	0	0.43
153000	0.43	0.51	0.51	0	0	0.43
153100	0.43	0.51	0.51	0	0	0.43
153200	0.43	0.51	0.51	0	0	0.43
153300	0.43	0.51	0.51	0	0	0.43
153400	0.43	0.51	0.51	0	0	0.43
153500	0.43	0.51	0.51	0	0	0.43
153600	0.43	0.51	0.51	0	0	0.43
153700	0.43	0.51	0.51	0	0	0.43
153800	0.43	0.51	0.51	0	0	0.43
153900	0.43	0.51	0.51	0	0	0.43
154000	0.43	0.51	0.51	0	0	0.43
154100	0.43	0.51	0.51	0	0	0.43
154200	0.43	0.51	0.51	0	0	0.43
154300	0.43	0.51	0.51	0	0	0.43
154400	0.43	0.51	0.51	0	0	0.43
154500	0.43	0.51	0.51	0	0	0.43
154600	0.43	0.51	0.51	0	0	0.43
154700	0.43	0.51	0.51	0	0	0.43
154800	0.43	0.51	0.51	0	0	0.43
154900	0.43	0.51	0.51	0	0	0.43
155000	0.43	0.51	0.51	0	0	0.43
155100	0.43	0.51	0.51	0	0	0.43
155200	0.43	0.51	0.51	0	0	0.43
155300	0.43	0.51	0.51	0	0	0.43
155400	0.43	0.51	0.51	0	0	0.43
155500	0.43	0.51	0.51	0	0	0.43
155600	0.43	0.51	0.51	0	0	0.43
155700	0.43	0.51	0.51	0	0	0.43
155800	0.43	0.51	0.51	0	0	0.43
155900	0.43	0.51	0.51	0	0	0.43
156000	0.43	0.51	0.51	0	0	0.43
156100	0.43	0.51	0.51	0	0	0.43
156200	0.43	0.51	0.51	0	0	0.43
156300	0.43	0.51	0.51	0	0	0.43
156400	0.43	0.51	0.51	0	0	0.43
156500	0.43	0.51	0.51	0	0	0.43
156600	0.43	0.51	0.51	0	0	0.43
156700	0.43	0.51	0.51	0	0	0.43
156800	0.43	0.52	0.52	0	0	0.43
156900	0.43	0.52	0.52	0	0	0.43
157000	0.43	0.51	0.51	0	0	0.43
157100	0.43	0.51	0.51	0	0	0.43
157200	0.43	0.51	0.51	0	0	0.43
157300	0.43	0.51	0.51	0	0	0.43
157400	0.44	0.51	0.51	0	0	0.44
157500	0.44	0.51	0.51	0	0	0.44
157600	0.44	0.51	0.51	0	0	0.44
157700	0.44	0.51	0.51	0	0	0.44
157800	0.44	0.51	0.51	0	0	0.44
157900	0.44	0.51	0.51	0	0	0.44
158000	0.44	0.51	0.51	0	0	0.44
158100	0.45	0.51	0.51	0	0	0.45
158200	0.45	0.51	0.51	0	0	0.45
158300	0.43	0.51	0.51	0	0	0.43
158400	0.43	0.51	0.51	0	0	0.43
158500	0.42	0.51	0.51	0	0	0.42
158600	0.42	0.51	0.51	0	0	0.42
158700	0.42	0.51	0.51	0	0	0.42
158800	0.42	0.51	0.51	0	0	0.42
158900	0.42	0.51	0.51	0	0	0.42
159000	0.42	0.51	0.51	0	0	0.42
159100	0.41	0.51	0.51	0	0	0.41
159200	0.41	0.51	0.51	0	0	0.41
159300	0.41	0.51	0.51	0	0	0.41
159400	0.41	0.51	0.51	0	0	0.41
159500	0.41	0.51	0.51	0	0	0.41
159600	0.41	0.51	0.51	0	0	0.41
159700	0.41	0.51	0.51	0	0	0.41
159800	0.41	0.51	0.51	0	0	0.41
159900	0.41	0.51	0.51	0	0	0.41
160000	0.41	0.51	0.51	0	0	0.41
160100	0.41	0.51	0.51	0	0	0.41
160200	0.41	0.51	0.51	0	0	0.41
160300	0.41	0.51	0.51	0	0	0.41
160400	0.4	0.51	0.51	0	0	0.4
160500	0.4	0.51	0.51	0	0	0.4
160600	0.4	0.51	0.51	0	0	0.4
160700	0.4	0.51	0.51	0	0	0.4
160800	0.4	0.51	0.51	0	0	0.4
160900	0.4	0.51	0.51	0	0	0.4
161000	0.4	0.53	0.53	0	0	0.4
161100	0.4	0.53	0.53	0	0	0.4
161200	0.4	0.54	0.54	0	0	0.4
161300	0.4	0.54	0.54	0	0	0.4
161400	0.4	0.55	0.55	0	0	0.4
161500	0.4	0.55	0.55	0	0	0.4
161600	0.4	0.54	0.54	0	0	0.4
161700	0.4	0.54	0.54	0	0	0.4
161800	0.4	0.54	0.54	0	0	0.4
161900	0.41	0.54	0.54	0	0	0.41
162000	0.41	0.54	0.54	0	0	0.41
162100	0.41	0.54	0.54	0	0	0.41
162200	0.41	0.54	0.54	0	0	0.41
162300	0.41	0.54	0.54	0	0	0.41
162400	0.41	0.54	0.54	0	0	0.41
162500	0.41	0.54	0.54	0	0	0.41
162600	0.42	0.54	0.54	0	0	0.42
162700	0.42	0.54	0.54	0	0	0.42
162800	0.42	0.54	0.54	0	0	0.42
162900	0.42	0.54	0.54	0	0	0.42
163000	0.42	0.54	0.54	0	0	0.42
163100	0.42	0.54	0.54	0	0	0.42
163200	0.42	0.54	0.54	0	0	0.42
163300	0.42	0.54	0.54	0	0	0.42
163400	0.42	0.54	0.54	0	0	0.42
163500	0.42	0.54	0.54	0	0	0.42
163600	0.42	0.54	0.54	0	0	0.42
163700	0.42	0.54	0.54	0	0	0.42
163800	0.42	0.54	0.54	0	0	0.42
163900	0.42	0.54	0.54	0	0	0.42
164000	0.42	0.54	0.54	0	0	0.42
164100	0.42	0.54	0.54	0	0	0.42
164200	0.42	0.54	0.54	0	0	0.42
164300	0.42	0.54	0.54	0	0	0.42
164400	0.42	0.54	0.54	0	0	0.42
164500	0.42	0.54	0.54	0	0	0.42
164600	0.42	0.54	0.54	0	0	0.42
164700	0.42	0.54	0.54	0	0	0.42
164800	0.42	0.54	0.54	0	0	0.42
164900	0.42	0.54	0.54	0	0	0.42
165000	0.42	0.54	0.54	0	0	0.42
165100	0.42	0.54	0.54	0	0	0.42
165200	0.42	0.54	0.54	0	0	0.42
165300	0.42	0.54	0.54	0	0	0.42
165400	0.42	0.54	0.54	0	0	0.42
165500	0.42	0.54	0.54	0	0	0.42
165600	0.42	0.53	0.53	0	0	0.42
165700	0.42	0.53	0.53	0	0	0.42
165800	0.42	0.53	0.53	0	0	0.42
165900	0.43	0.53	0.53	0	0	0.43
166000	0.43	0.53	0.53	0	0	0.43
166100	0.44	0.53	0.53	0	0	0.44
166200	0.44	0.53	0.53	0	0	0.44
166300	0.44	0.53	0.53	0	0	0.44
166400	0.44	0.53	0.53	0	0	0.44
166500	0.44	0.53	0.53	0	0	0.44
166600	0.44	0.53	0.53	0	0	0.44
166700	0.44	0.53	0.53	0	0	0.44
166800	0.44	0.53	0.53	0	0	0.44
166900	0.44	0.53	0.53	0	0	0.44
167000	0.44	0.53	0.53	0	0	0.44
167100	0.44	0.53	0.53	0	0	0.44
167200	0.44	0.53	0.53	0	0	0.44
167300	0.44	0.52	0.52	0	0	0.44
167400	0.44	0.52	0.52	0	0	0.44
167500	0.44	0.52	0.52	0	0	0.44
167600	0.44	0.52	0.52	0	0	0.44
167700	0.44	0.52	0.52	0	0	0.44
167800	0.44	0.53	0.53	0	0	0.44
167900	0.44	0.53	0.53	0	0	0.44
168000	0.44	0.53	0.53	0	0	0.44
168100	0.44	0.53	0.53	0	0	0.44
168200	0.44	0.53	0.53	0	0	0.44
168300	0.44	0.53	0.53	0	0	0.44
168400	0.44	0.53	0.53	0	0	0.44
168500	0.44	0.53	0.53	0	0	0.44
168600	0.44	0.53	0.53	0	0	0.44
168700	0.44	0.53	0.53	0	0	0.44
168800	0.44	0.53	0.53	0	0	0.44
168900	0.44	0.53	0.53	0	0	0.44
169000	0.44	0.53	0.53	0	0	0.44
169100	0.44	0.52	0.52	0	0	0.44
169200	0.44	0.52	0.52	0	0	0.44
169300	0.44	0.52	0.52	0	0	0.44
169400	0.44	0.52	0.52	0	0	0.44
169500	0.44	0.53	0.53	0	0	0.44
169600	0.44	0.53	0.53	0	0	0.44
169700	0.44	0.53	0.53	0	0	0.44
169800	0.44	0.53	0.53	0	0	0.44
169900	0.44	0.53	0.53	0	0	0.44
170000	0.44	0.53	0.53	0	0	0.44
170100	0.44	0.53	0.53	0	0	0.44
170200	0.44	0.53	0.53	0	0	0.44
170300	0.44	0.53	0.53	0	0	0.44
170400	0.44	0.53	0.53	0	0	0.44
170500	0.44	0.53	0.53	0	0	0.44
170600	0.44	0.53	0.53	0	0	0.44
170700	0.44	0.53	0.53	0	0	0.44
170800	0.44	0.53	0.53	0	0	0.44
170900	0.44	0.53	0.53	0	0	0.44
171000	0.44	0.53	0.53	0	0	0.44
171100	0.44	0.53	0.53	0	0	0.44
171200	0.44	0.53	0.53	0	0	0.44
171300	0.44	0.53	0.53	0	0	0.44
171400	0.44	0.53	0.53	0	0	0.44
171500	0.44	0.53	0.53	0	0	0.44
171600	0.44	0.53	0.53	0	0	0.44
171700	0.44	0.53	0.53	0	0	0.44
171800	0.44	0.53	0.53	0	0	0.44
171900	0.44	0.53	0.53	0	0	0.44
172000	0.44	0.53	0.53	0	0	0.44
172100	0.44	0.53	0.53	0	0	0.44
172200	0.44	0.53	0.53	0	0	0.44
172300	0.44	0.53	0.53	0	0	0.44
172400	0.44	0.53	0.53	0	0	0.44
172500	0.44	0.53	0.53	0	0	0.44
172600	0.44	0.53	0.53	0	0	0.44
172700	0.44	0.53	0.53	0	0	0.44
172800	0.44	0.53	0.53	0	0	0.44
172900	0.44	0.53	0.53	0	0	0.44
173000	0.44	0.54	0.54	0	0	0.44
173100	0.44	0.54	0.54	0	0	0.44
173200	0.44	0.54	0.54	0	0	0.44
173300	0.44	0.54	0.54	0	0	0.44
173400	0.43	0.54	0.54	0	0	0.43
173500	0.43	0.54	0.54	0	0	0.43
173600	0.43	0.55	0.55	0	0	0.43
173700	0.43	0.55	0.55	0	0	0.43
173800	0.43	0.54	0.54	0	0	0.43
173900	0.43	0.54	0.54	0	0	0.43
174000	0.43	0.54	0.54	0	0	0.43
174100	0.43	0.53	0.53	0	0	0.43
174200	0.43	0.53	0.53	0	0	0.43
174300	0.43	0.51	0.51	0	0	0.43
174400	0.43	0.52	0.52	0	0	0.43
174500	0.43	0.52	0.52	0	0	0.43
174600	0.43	0.52	0.52	0	0	0.43
174700	0.43	0.52	0.52	0	0	0.43
174800	0.43	0.51	0.51	0	0	0.43
174900	0.43	0.51	0.51	0	0	0.43
175000	0.43	0.51	0.51	0	0	0.43
175100	0.43	0.51	0.51	0	0	0.43
175200	0.43	0.51	0.51	0	0	0.43
175300	0.43	0.51	0.51	0	0	0.43
175400	0.43	0.51	0.51	0	0	0.43
175500	0.43	0.51	0.51	0	0	0.43
175600	0.43	0.51	0.51	0	0	0.43
175700	0.43	0.51	0.51	0	0	0.43
175800	0.43	0.51	0.51	0	0	0.43
175900	0.43	0.51	0.51	0	0	0.43
176000	0.43	0.51	0.51	0	0	0.43
176100	0.43	0.51	0.51	0	0	0.43
176200	0.43	0.51	0.51	0	0	0.43
176300	0.43	0.51	0.51	0	0	0.43
176400	0.43	0.51	0.51	0	0	0.43
176500	0.43	0.51	0.51	0	0	0.43
176600	0.43	0.51	0.51	0	0	0.43
176700	0.43	0.51	0.51	0	0	0.43
176800	0.43	0.51	0.51	0	0	0.43
176900	0.43	0.51	0.51	0	0	0.43
177000	0.43	0.51	0.51	0	0	0.43
177100	0.43	0.51	0.51	0	0	0.43
177200	0.43	0.51	0.51	0	0	0.43
177300	0.43	0.51	0.51	0	0	0.43
177400	0.43	0.51	0.51	0	0	0.43
177500	0.43	0.51	0.51	0	0	0.43
177600	0.43	0.51	0.51	0	0	0.43
177700	0.43	0.51	0.51	0	0	0.43
177800	0.43	0.51	0.51	0	0	0.43
177900	0.43	0.51	0.51	0	0	0.43
178000	0.43	0.51	0.51	0	0	0.43
178100	0.43	0.51	0.51	0	0	0.43
178200	0.43	0.51	0.51	0	0	0.43
178300	0.43	0.51	0.51	0	0	0.43
178400	0.42	0.51	0.51	0	0	0.42
178500	0.42	0.51	0.51	0	0	0.42
178600	0.42	0.51	0.51	0	0	0.42
178700	0.42	0.51	0.51	0	0	0.42
178800	0.42	0.51	0.51	0	0	0.42
178900	0.42	0.51	0.51	0	0	0.42
179000	0.42	0.51	0.51	0	0	0.42
179100	0.42	0.51	0.51	0	0	0.42
179200	0.42	0.51	0.51	0	0	0.42
179300	0.42	0.51	0.51	0	0	0.42
179400	0.43	0.51	0.51	0	0	0.43
179500	0.43	0.51	0.51	0	0	0.43
179600	0.43	0.5	0.5	0	0	0.43
179700	0.43	0.5	0.5	0	0	0.43
179800	0.43	0.5	0.5	0	0	0.43
179900	0.43	0.5	0.5	0	0	0.43
180000	0.43	0.5	0.5	0	0	0.43
180100	0.43	0.5	0.5	0	0	0.43
180200	0.43	0.5	0.5	0	0	0.43
180300	0.43	0.51	0.51	0	0	0.43
180400	0.43	0.51	0.51	0	0	0.43
180500	0.43	0.51	0.51	0	0	0.43
180600	0.43	0.52	0.52	0	0	0.43
180700	0.43	0.52	0.52	0	0	0.43
180800	0.43	0.52	0.52	0	0	0.43
180900	0.43	0.52	0.52	0	0	0.43
181000	0.43	0.52	0.52	0	0	0.43
181100	0.43	0.52	0.52	0	0	0.43
181200	0.43	0.52	0.52	0	0	0.43
181300	0.43	0.52	0.52	0	0	0.43
181400	0.43	0.52	0.52	0	0	0.43
181500	0.43	0.52	0.52	0	0	0.43
181600	0.43	0.52	0.52	0	0	0.43
181700	0.43	0.52	0.52	0	0	0.43
181800	0.43	0.52	0.52	0	0	0.43
181900	0.43	0.53	0.53	0	0	0.43
182000	0.43	0.53	0.53	0	0	0.43
182100	0.43	0.53	0.53	0	0	0.43
182200	0.43	0.53	0.53	0	0	0.43
182300	0.43	0.53	0.53	0	0	0.43
182400	0.43	0.54	0.54	0	0	0.43
182500	0.43	0.54	0.54	0	0	0.43
182600	0.43	0.53	0.53	0	0	0.43
182700	0.43	0.53	0.53	0	0	0.43
182800	0.43	0.53	0.53	0	0	0.43
182900	0.44	0.53	0.53	0	0	0.44
183000	0.44	0.53	0.53	0	0	0.44
183100	0.45	0.53	0.53	0	0	0.45
183200	0.45	0.53	0.53	0	0	0.45
183300	0.45	0.53	0.53	0	0	0.45
183400	0.45	0.52	0.52	0	0	0.45
183500	0.43	0.52	0.52	0	0	0.43
183600	0.43	0.52	0.52	0	0	0.43
183700	0.43	0.52	0.52	0	0	0.43
183800	0.43	0.52	0.52	0	0	0.43
183900	0.43	0.52	0.52	0	0	0.43
184000	0.43	0.52	0.52	0	0	0.43
184100	0.43	0.52	0.52	0	0	0.43
184200	0.43	0.52	0.52	0	0	0.43
184300	0.43	0.52	0.52	0	0	0.43
184400	0.43	0.53	0.53	0	0	0.43
184500	0.43	0.53	0.53	0	0	0.43
184600	0.43	0.53	0.53	0	0	0.43
184700	0.43	0.53	0.53	0	0	0.43
184800	0.43	0.53	0.53	0	0	0.43
184900	0.43	0.53	0.53	0	0	0.43
185000	0.43	0.53	0.53	0	0	0.43
185100	0.43	0.53	0.53	0	0	0.43
185200	0.43	0.53	0.53	0	0	0.43
185300	0.43	0.53	0.53	0	0	0.43
