100	0.04	0.07	0.07	0	0	0.04
200	0.04	0.06	0.06	0	0	0.04
300	0.05	0.07	0.07	0	0	0.05
400	0.05	0.08	0.08	0	0	0.05
500	0.04	0.08	0.08	0	0	0.04
600	0.03	0.08	0.08	0	0	0.03
700	0.03	0.06	0.06	0	0	0.03
800	0.02	0.06	0.06	0	0	0.02
900	0.02	0.05	0.05	0	0	0.02
1000	0.02	0.06	0.06	0	0	0.02
1100	0.02	0.06	0.06	0	0	0.02
1200	0.02	0.07	0.07	0	0	0.02
1300	0.02	0.08	0.08	0	0	0.02
1400	0.02	0.09	0.09	0	0	0.02
1500	0.04	0.12	0.12	0	0	0.04
1600	0.04	0.11	0.11	0	0	0.04
1700	0.02	0.09	0.09	0	0	0.02
1800	0.02	0.12	0.12	0	0	0.02
1900	0.02	0.1	0.1	0	0	0.02
2000	0.03	0.1	0.1	0	0	0.03
2100	0.02	0.1	0.1	0	0	0.02
2200	0.02	0.12	0.12	0	0	0.02
2300	0.02	0.12	0.12	0	0	0.02
2400	0.02	0.12	0.12	0	0	0.02
2500	0.02	0.13	0.13	0	0	0.02
2600	0.03	0.11	0.11	0	0	0.03
2700	0.03	0.09	0.09	0	0	0.03
2800	0.03	0.12	0.12	0	0	0.03
2900	0.03	0.14	0.14	0	0	0.03
3000	0.02	0.13	0.13	0	0	0.02
3100	0.02	0.14	0.14	0	0	0.02
3200	0.03	0.16	0.16	0	0	0.03
3300	0.03	0.15	0.15	0	0	0.03
3400	0.03	0.17	0.17	0	0	0.03
3500	0.03	0.15	0.15	0	0	0.03
3600	0.03	0.15	0.15	0	0	0.03
3700	0.03	0.16	0.16	0	0	0.03
3800	0.04	0.16	0.16	0	0	0.04
3900	0.06	0.16	0.16	0	0	0.06
4000	0.06	0.18	0.18	0	0	0.06
4100	0.06	0.19	0.19	0	0	0.06
4200	0.05	0.2	0.2	0	0	0.05
4300	0.04	0.21	0.21	0	0	0.04
4400	0.05	0.2	0.2	0	0	0.05
4500	0.06	0.18	0.18	0	0	0.06
4600	0.06	0.18	0.18	0	0	0.06
4700	0.06	0.18	0.18	0	0	0.06
4800	0.06	0.2	0.2	0	0	0.06
4900	0.06	0.18	0.18	0	0	0.06
5000	0.05	0.17	0.17	0	0	0.05
5100	0.05	0.17	0.17	0	0	0.05
5200	0.08	0.17	0.17	0	0	0.08
5300	0.08	0.17	0.17	0	0	0.08
5400	0.09	0.16	0.16	0	0	0.09
5500	0.08	0.18	0.18	0	0	0.08
5600	0.08	0.2	0.2	0	0	0.08
5700	0.08	0.2	0.2	0	0	0.08
5800	0.07	0.19	0.19	0	0	0.07
5900	0.08	0.18	0.18	0	0	0.08
6000	0.09	0.2	0.2	0	0	0.09
6100	0.1	0.23	0.23	0	0	0.1
6200	0.1	0.23	0.23	0	0	0.1
6300	0.08	0.23	0.23	0	0	0.08
6400	0.08	0.23	0.23	0	0	0.08
6500	0.08	0.22	0.22	0	0	0.08
6600	0.08	0.21	0.21	0	0	0.08
6700	0.09	0.23	0.23	0	0	0.09
6800	0.09	0.22	0.22	0	0	0.09
6900	0.08	0.22	0.22	0	0	0.08
7000	0.08	0.23	0.23	0	0	0.08
7100	0.08	0.21	0.21	0	0	0.08
7200	0.08	0.21	0.21	0	0	0.08
7300	0.07	0.22	0.22	0	0	0.07
7400	0.07	0.22	0.22	0	0	0.07
7500	0.06	0.22	0.22	0	0	0.06
7600	0.06	0.22	0.22	0	0	0.06
7700	0.05	0.22	0.22	0	0	0.05
7800	0.06	0.22	0.22	0	0	0.06
7900	0.06	0.21	0.21	0	0	0.06
8000	0.07	0.21	0.21	0	0	0.07
8100	0.07	0.21	0.21	0	0	0.07
8200	0.07	0.22	0.22	0	0	0.07
8300	0.08	0.22	0.22	0	0	0.08
8400	0.07	0.23	0.23	0	0	0.07
8500	0.07	0.23	0.23	0	0	0.07
8600	0.07	0.22	0.22	0	0	0.07
8700	0.06	0.22	0.22	0	0	0.06
8800	0.06	0.21	0.21	0	0	0.06
8900	0.08	0.23	0.23	0	0	0.08
9000	0.09	0.23	0.23	0	0	0.09
9100	0.09	0.22	0.22	0	0	0.09
9200	0.07	0.21	0.21	0	0	0.07
9300	0.07	0.22	0.22	0	0	0.07
9400	0.07	0.22	0.22	0	0	0.07
9500	0.07	0.23	0.23	0	0	0.07
9600	0.07	0.22	0.22	0	0	0.07
9700	0.07	0.22	0.22	0	0	0.07
9800	0.07	0.22	0.22	0	0	0.07
9900	0.07	0.22	0.22	0	0	0.07
10000	0.07	0.22	0.22	0	0	0.07
10100	0.07	0.21	0.21	0	0	0.07
10200	0.07	0.2	0.2	0	0	0.07
10300	0.07	0.2	0.2	0	0	0.07
10400	0.07	0.2	0.2	0	0	0.07
10500	0.08	0.21	0.21	0	0	0.08
10600	0.09	0.21	0.21	0	0	0.09
10700	0.09	0.21	0.21	0	0	0.09
10800	0.08	0.21	0.21	0	0	0.08
10900	0.08	0.22	0.22	0	0	0.08
11000	0.08	0.26	0.26	0	0	0.08
11100	0.08	0.27	0.27	0	0	0.08
11200	0.06	0.23	0.23	0	0	0.06
11300	0.06	0.2	0.2	0	0	0.06
11400	0.06	0.21	0.21	0	0	0.06
11500	0.08	0.22	0.22	0	0	0.08
11600	0.09	0.22	0.22	0	0	0.09
11700	0.08	0.23	0.23	0	0	0.08
11800	0.07	0.24	0.24	0	0	0.07
11900	0.07	0.24	0.24	0	0	0.07
12000	0.07	0.25	0.25	0	0	0.07
12100	0.06	0.26	0.26	0	0	0.06
12200	0.06	0.27	0.27	0	0	0.06
12300	0.06	0.26	0.26	0	0	0.06
12400	0.06	0.28	0.28	0	0	0.06
12500	0.06	0.28	0.28	0	0	0.06
12600	0.06	0.28	0.28	0	0	0.06
12700	0.07	0.29	0.29	0	0	0.07
12800	0.07	0.29	0.29	0	0	0.07
12900	0.07	0.28	0.28	0	0	0.07
13000	0.07	0.28	0.28	0	0	0.07
13100	0.07	0.28	0.28	0	0	0.07
13200	0.07	0.28	0.28	0	0	0.07
13300	0.07	0.29	0.29	0	0	0.07
13400	0.07	0.29	0.29	0	0	0.07
13500	0.08	0.3	0.3	0	0	0.08
13600	0.08	0.3	0.3	0	0	0.08
13700	0.06	0.31	0.31	0	0	0.06
13800	0.06	0.32	0.32	0	0	0.06
13900	0.06	0.31	0.31	0	0	0.06
14000	0.06	0.3	0.3	0	0	0.06
14100	0.06	0.31	0.31	0	0	0.06
14200	0.07	0.3	0.3	0	0	0.07
14300	0.07	0.32	0.32	0	0	0.07
14400	0.07	0.32	0.32	0	0	0.07
14500	0.07	0.33	0.33	0	0	0.07
14600	0.07	0.33	0.33	0	0	0.07
14700	0.07	0.33	0.33	0	0	0.07
14800	0.07	0.33	0.33	0	0	0.07
14900	0.08	0.32	0.32	0	0	0.08
15000	0.08	0.32	0.32	0	0	0.08
15100	0.08	0.32	0.32	0	0	0.08
15200	0.08	0.33	0.33	0	0	0.08
15300	0.08	0.33	0.33	0	0	0.08
15400	0.08	0.32	0.32	0	0	0.08
15500	0.08	0.32	0.32	0	0	0.08
15600	0.08	0.33	0.33	0	0	0.08
15700	0.07	0.34	0.34	0	0	0.07
15800	0.07	0.34	0.34	0	0	0.07
15900	0.07	0.34	0.34	0	0	0.07
16000	0.07	0.35	0.35	0	0	0.07
16100	0.06	0.35	0.35	0	0	0.06
16200	0.09	0.34	0.34	0	0	0.09
16300	0.09	0.34	0.34	0	0	0.09
16400	0.07	0.33	0.33	0	0	0.07
16500	0.07	0.33	0.33	0	0	0.07
16600	0.08	0.33	0.33	0	0	0.08
16700	0.08	0.34	0.34	0	0	0.08
16800	0.09	0.34	0.34	0	0	0.09
16900	0.08	0.34	0.34	0	0	0.08
17000	0.08	0.35	0.35	0	0	0.08
17100	0.09	0.35	0.35	0	0	0.09
17200	0.09	0.34	0.34	0	0	0.09
17300	0.09	0.34	0.34	0	0	0.09
17400	0.09	0.35	0.35	0	0	0.09
17500	0.09	0.35	0.35	0	0	0.09
17600	0.09	0.35	0.35	0	0	0.09
17700	0.09	0.35	0.35	0	0	0.09
17800	0.09	0.35	0.35	0	0	0.09
17900	0.11	0.35	0.35	0	0	0.11
18000	0.12	0.35	0.35	0	0	0.12
18100	0.12	0.37	0.37	0	0	0.12
18200	0.13	0.37	0.37	0	0	0.13
18300	0.14	0.37	0.37	0	0	0.14
18400	0.14	0.37	0.37	0	0	0.14
18500	0.13	0.37	0.37	0	0	0.13
18600	0.12	0.37	0.37	0	0	0.12
18700	0.11	0.37	0.37	0	0	0.11
18800	0.11	0.38	0.38	0	0	0.11
18900	0.12	0.38	0.38	0	0	0.12
19000	0.12	0.38	0.38	0	0	0.12
19100	0.13	0.38	0.38	0	0	0.13
19200	0.13	0.38	0.38	0	0	0.13
19300	0.13	0.38	0.38	0	0	0.13
19400	0.13	0.38	0.38	0	0	0.13
19500	0.14	0.39	0.39	0	0	0.14
19600	0.13	0.39	0.39	0	0	0.13
19700	0.14	0.39	0.39	0	0	0.14
19800	0.13	0.38	0.38	0	0	0.13
19900	0.13	0.38	0.38	0	0	0.13
20000	0.13	0.38	0.38	0	0	0.13
20100	0.11	0.39	0.39	0	0	0.11
20200	0.1	0.38	0.38	0	0	0.1
20300	0.11	0.38	0.38	0	0	0.11
20400	0.11	0.38	0.38	0	0	0.11
20500	0.11	0.38	0.38	0	0	0.11
20600	0.1	0.39	0.39	0	0	0.1
20700	0.09	0.38	0.38	0	0	0.09
20800	0.09	0.39	0.39	0	0	0.09
20900	0.09	0.37	0.37	0	0	0.09
21000	0.08	0.37	0.37	0	0	0.08
21100	0.08	0.37	0.37	0	0	0.08
21200	0.09	0.37	0.37	0	0	0.09
21300	0.08	0.37	0.37	0	0	0.08
21400	0.09	0.37	0.37	0	0	0.09
21500	0.1	0.39	0.39	0	0	0.1
21600	0.09	0.37	0.37	0	0	0.09
21700	0.08	0.38	0.38	0	0	0.08
21800	0.08	0.39	0.39	0	0	0.08
21900	0.08	0.39	0.39	0	0	0.08
22000	0.08	0.39	0.39	0	0	0.08
22100	0.08	0.4	0.4	0	0	0.08
22200	0.09	0.4	0.4	0	0	0.09
22300	0.09	0.4	0.4	0	0	0.09
22400	0.09	0.41	0.41	0	0	0.09
22500	0.09	0.4	0.4	0	0	0.09
22600	0.09	0.4	0.4	0	0	0.09
22700	0.09	0.4	0.4	0	0	0.09
22800	0.09	0.41	0.41	0	0	0.09
22900	0.09	0.41	0.41	0	0	0.09
23000	0.09	0.41	0.41	0	0	0.09
23100	0.1	0.41	0.41	0	0	0.1
23200	0.1	0.41	0.41	0	0	0.1
23300	0.1	0.41	0.41	0	0	0.1
23400	0.1	0.41	0.41	0	0	0.1
23500	0.1	0.41	0.41	0	0	0.1
23600	0.11	0.4	0.4	0	0	0.11
23700	0.1	0.4	0.4	0	0	0.1
23800	0.1	0.41	0.41	0	0	0.1
23900	0.09	0.41	0.41	0	0	0.09
24000	0.09	0.41	0.41	0	0	0.09
24100	0.09	0.41	0.41	0	0	0.09
24200	0.1	0.41	0.41	0	0	0.1
24300	0.1	0.41	0.41	0	0	0.1
24400	0.1	0.42	0.42	0	0	0.1
24500	0.1	0.43	0.43	0	0	0.1
24600	0.1	0.43	0.43	0	0	0.1
24700	0.11	0.43	0.43	0	0	0.11
24800	0.1	0.43	0.43	0	0	0.1
24900	0.11	0.43	0.43	0	0	0.11
25000	0.11	0.42	0.42	0	0	0.11
25100	0.1	0.42	0.42	0	0	0.1
25200	0.1	0.42	0.42	0	0	0.1
25300	0.11	0.42	0.42	0	0	0.11
25400	0.11	0.4	0.4	0	0	0.11
25500	0.1	0.4	0.4	0	0	0.1
25600	0.1	0.4	0.4	0	0	0.1
25700	0.09	0.4	0.4	0	0	0.09
25800	0.09	0.4	0.4	0	0	0.09
25900	0.09	0.4	0.4	0	0	0.09
26000	0.08	0.4	0.4	0	0	0.08
26100	0.08	0.39	0.39	0	0	0.08
26200	0.08	0.38	0.38	0	0	0.08
26300	0.08	0.38	0.38	0	0	0.08
26400	0.08	0.39	0.39	0	0	0.08
26500	0.08	0.37	0.37	0	0	0.08
26600	0.09	0.36	0.36	0	0	0.09
26700	0.09	0.36	0.36	0	0	0.09
26800	0.09	0.36	0.36	0	0	0.09
26900	0.11	0.36	0.36	0	0	0.11
27000	0.11	0.36	0.36	0	0	0.11
27100	0.11	0.36	0.36	0	0	0.11
27200	0.09	0.36	0.36	0	0	0.09
27300	0.1	0.37	0.37	0	0	0.1
27400	0.09	0.37	0.37	0	0	0.09
27500	0.09	0.36	0.36	0	0	0.09
27600	0.09	0.36	0.36	0	0	0.09
27700	0.09	0.36	0.36	0	0	0.09
27800	0.09	0.36	0.36	0	0	0.09
27900	0.09	0.37	0.37	0	0	0.09
28000	0.09	0.37	0.37	0	0	0.09
28100	0.09	0.37	0.37	0	0	0.09
28200	0.09	0.37	0.37	0	0	0.09
28300	0.09	0.37	0.37	0	0	0.09
28400	0.09	0.37	0.37	0	0	0.09
28500	0.09	0.37	0.37	0	0	0.09
28600	0.1	0.37	0.37	0	0	0.1
28700	0.1	0.38	0.38	0	0	0.1
28800	0.09	0.38	0.38	0	0	0.09
28900	0.08	0.38	0.38	0	0	0.08
29000	0.08	0.39	0.39	0	0	0.08
29100	0.08	0.39	0.39	0	0	0.08
29200	0.08	0.4	0.4	0	0	0.08
29300	0.08	0.41	0.41	0	0	0.08
29400	0.09	0.42	0.42	0	0	0.09
29500	0.09	0.42	0.42	0	0	0.09
29600	0.09	0.43	0.43	0	0	0.09
29700	0.09	0.42	0.42	0	0	0.09
29800	0.09	0.42	0.42	0	0	0.09
29900	0.1	0.42	0.42	0	0	0.1
30000	0.1	0.42	0.42	0	0	0.1
30100	0.11	0.45	0.45	0	0	0.11
30200	0.11	0.46	0.46	0	0	0.11
30300	0.11	0.45	0.45	0	0	0.11
30400	0.1	0.45	0.45	0	0	0.1
30500	0.1	0.45	0.45	0	0	0.1
30600	0.11	0.45	0.45	0	0	0.11
30700	0.11	0.45	0.45	0	0	0.11
30800	0.11	0.45	0.45	0	0	0.11
30900	0.11	0.45	0.45	0	0	0.11
31000	0.11	0.46	0.46	0	0	0.11
31100	0.11	0.46	0.46	0	0	0.11
31200	0.11	0.47	0.47	0	0	0.11
31300	0.11	0.47	0.47	0	0	0.11
31400	0.11	0.49	0.49	0	0	0.11
31500	0.11	0.49	0.49	0	0	0.11
31600	0.11	0.49	0.49	0	0	0.11
31700	0.11	0.5	0.5	0	0	0.11
31800	0.12	0.5	0.5	0	0	0.12
31900	0.13	0.5	0.5	0	0	0.13
32000	0.13	0.5	0.5	0	0	0.13
32100	0.13	0.51	0.51	0	0	0.13
32200	0.13	0.5	0.5	0	0	0.13
32300	0.13	0.49	0.49	0	0	0.13
32400	0.13	0.5	0.5	0	0	0.13
32500	0.13	0.48	0.48	0	0	0.13
32600	0.13	0.47	0.47	0	0	0.13
32700	0.14	0.47	0.47	0	0	0.14
32800	0.14	0.47	0.47	0	0	0.14
32900	0.15	0.47	0.47	0	0	0.15
33000	0.16	0.48	0.48	0	0	0.16
33100	0.16	0.47	0.47	0	0	0.16
33200	0.16	0.47	0.47	0	0	0.16
33300	0.16	0.47	0.47	0	0	0.16
33400	0.15	0.47	0.47	0	0	0.15
33500	0.15	0.47	0.47	0	0	0.15
33600	0.15	0.47	0.47	0	0	0.15
33700	0.15	0.48	0.48	0	0	0.15
33800	0.16	0.48	0.48	0	0	0.16
33900	0.16	0.48	0.48	0	0	0.16
34000	0.16	0.47	0.47	0	0	0.16
34100	0.15	0.48	0.48	0	0	0.15
34200	0.15	0.48	0.48	0	0	0.15
34300	0.15	0.48	0.48	0	0	0.15
34400	0.17	0.48	0.48	0	0	0.17
34500	0.16	0.48	0.48	0	0	0.16
34600	0.15	0.48	0.48	0	0	0.15
34700	0.15	0.48	0.48	0	0	0.15
34800	0.15	0.49	0.49	0	0	0.15
34900	0.15	0.49	0.49	0	0	0.15
35000	0.15	0.5	0.5	0	0	0.15
35100	0.15	0.51	0.51	0	0	0.15
35200	0.16	0.51	0.51	0	0	0.16
35300	0.16	0.5	0.5	0	0	0.16
35400	0.17	0.5	0.5	0	0	0.17
35500	0.17	0.5	0.5	0	0	0.17
35600	0.17	0.5	0.5	0	0	0.17
35700	0.16	0.49	0.49	0	0	0.16
35800	0.16	0.49	0.49	0	0	0.16
35900	0.16	0.5	0.5	0	0	0.16
36000	0.16	0.5	0.5	0	0	0.16
36100	0.17	0.5	0.5	0	0	0.17
36200	0.17	0.5	0.5	0	0	0.17
36300	0.17	0.51	0.51	0	0	0.17
36400	0.17	0.51	0.51	0	0	0.17
36500	0.17	0.51	0.51	0	0	0.17
36600	0.17	0.51	0.51	0	0	0.17
36700	0.17	0.51	0.51	0	0	0.17
36800	0.17	0.51	0.51	0	0	0.17
36900	0.18	0.51	0.51	0	0	0.18
37000	0.18	0.51	0.51	0	0	0.18
37100	0.18	0.51	0.51	0	0	0.18
37200	0.18	0.51	0.51	0	0	0.18
37300	0.18	0.52	0.52	0	0	0.18
37400	0.2	0.51	0.51	0	0	0.2
37500	0.2	0.51	0.51	0	0	0.2
37600	0.2	0.51	0.51	0	0	0.2
37700	0.2	0.51	0.51	0	0	0.2
37800	0.2	0.51	0.51	0	0	0.2
37900	0.2	0.51	0.51	0	0	0.2
38000	0.2	0.52	0.52	0	0	0.2
38100	0.21	0.52	0.52	0	0	0.21
38200	0.21	0.52	0.52	0	0	0.21
38300	0.21	0.52	0.52	0	0	0.21
38400	0.2	0.52	0.52	0	0	0.2
38500	0.19	0.53	0.53	0	0	0.19
38600	0.17	0.53	0.53	0	0	0.17
38700	0.17	0.53	0.53	0	0	0.17
38800	0.17	0.53	0.53	0	0	0.17
38900	0.17	0.53	0.53	0	0	0.17
39000	0.17	0.53	0.53	0	0	0.17
39100	0.17	0.53	0.53	0	0	0.17
39200	0.16	0.54	0.54	0	0	0.16
39300	0.16	0.54	0.54	0	0	0.16
39400	0.16	0.54	0.54	0	0	0.16
39500	0.17	0.54	0.54	0	0	0.17
39600	0.17	0.54	0.54	0	0	0.17
39700	0.17	0.54	0.54	0	0	0.17
39800	0.17	0.55	0.55	0	0	0.17
39900	0.17	0.55	0.55	0	0	0.17
40000	0.17	0.54	0.54	0	0	0.17
40100	0.17	0.54	0.54	0	0	0.17
40200	0.17	0.54	0.54	0	0	0.17
40300	0.17	0.55	0.55	0	0	0.17
40400	0.17	0.56	0.56	0	0	0.17
40500	0.17	0.55	0.55	0	0	0.17
40600	0.16	0.54	0.54	0	0	0.16
40700	0.16	0.54	0.54	0	0	0.16
40800	0.16	0.54	0.54	0	0	0.16
40900	0.15	0.54	0.54	0	0	0.15
41000	0.15	0.54	0.54	0	0	0.15
41100	0.15	0.54	0.54	0	0	0.15
41200	0.16	0.54	0.54	0	0	0.16
41300	0.16	0.54	0.54	0	0	0.16
41400	0.15	0.55	0.55	0	0	0.15
41500	0.15	0.54	0.54	0	0	0.15
41600	0.16	0.54	0.54	0	0	0.16
41700	0.17	0.54	0.54	0	0	0.17
41800	0.16	0.54	0.54	0	0	0.16
41900	0.16	0.53	0.53	0	0	0.16
42000	0.15	0.53	0.53	0	0	0.15
42100	0.14	0.53	0.53	0	0	0.14
42200	0.14	0.53	0.53	0	0	0.14
42300	0.14	0.53	0.53	0	0	0.14
42400	0.14	0.54	0.54	0	0	0.14
42500	0.13	0.54	0.54	0	0	0.13
42600	0.13	0.54	0.54	0	0	0.13
42700	0.13	0.53	0.53	0	0	0.13
42800	0.12	0.53	0.53	0	0	0.12
42900	0.12	0.53	0.53	0	0	0.12
43000	0.11	0.52	0.52	0	0	0.11
43100	0.14	0.51	0.51	0	0	0.14
43200	0.13	0.53	0.53	0	0	0.13
43300	0.13	0.53	0.53	0	0	0.13
43400	0.13	0.53	0.53	0	0	0.13
43500	0.13	0.52	0.52	0	0	0.13
43600	0.13	0.52	0.52	0	0	0.13
43700	0.13	0.52	0.52	0	0	0.13
43800	0.12	0.52	0.52	0	0	0.12
43900	0.12	0.52	0.52	0	0	0.12
44000	0.14	0.52	0.52	0	0	0.14
44100	0.14	0.52	0.52	0	0	0.14
44200	0.15	0.53	0.53	0	0	0.15
44300	0.16	0.53	0.53	0	0	0.16
44400	0.16	0.53	0.53	0	0	0.16
44500	0.15	0.52	0.52	0	0	0.15
44600	0.13	0.52	0.52	0	0	0.13
44700	0.13	0.52	0.52	0	0	0.13
44800	0.13	0.53	0.53	0	0	0.13
44900	0.14	0.53	0.53	0	0	0.14
45000	0.14	0.52	0.52	0	0	0.14
45100	0.14	0.53	0.53	0	0	0.14
45200	0.14	0.53	0.53	0	0	0.14
45300	0.14	0.53	0.53	0	0	0.14
45400	0.13	0.54	0.54	0	0	0.13
45500	0.14	0.54	0.54	0	0	0.14
45600	0.14	0.53	0.53	0	0	0.14
45700	0.14	0.54	0.54	0	0	0.14
45800	0.14	0.55	0.55	0	0	0.14
45900	0.15	0.55	0.55	0	0	0.15
46000	0.16	0.54	0.54	0	0	0.16
46100	0.16	0.54	0.54	0	0	0.16
46200	0.16	0.54	0.54	0	0	0.16
46300	0.16	0.54	0.54	0	0	0.16
46400	0.16	0.55	0.55	0	0	0.16
46500	0.15	0.56	0.56	0	0	0.15
46600	0.15	0.56	0.56	0	0	0.15
46700	0.15	0.57	0.57	0	0	0.15
46800	0.15	0.56	0.56	0	0	0.15
46900	0.15	0.57	0.57	0	0	0.15
47000	0.15	0.57	0.57	0	0	0.15
47100	0.16	0.57	0.57	0	0	0.16
47200	0.16	0.57	0.57	0	0	0.16
47300	0.16	0.57	0.57	0	0	0.16
47400	0.16	0.58	0.58	0	0	0.16
47500	0.16	0.58	0.58	0	0	0.16
47600	0.16	0.58	0.58	0	0	0.16
47700	0.16	0.58	0.58	0	0	0.16
47800	0.16	0.58	0.58	0	0	0.16
47900	0.16	0.57	0.57	0	0	0.16
48000	0.16	0.57	0.57	0	0	0.16
48100	0.16	0.57	0.57	0	0	0.16
48200	0.16	0.57	0.57	0	0	0.16
48300	0.16	0.57	0.57	0	0	0.16
48400	0.16	0.58	0.58	0	0	0.16
48500	0.15	0.58	0.58	0	0	0.15
48600	0.15	0.6	0.6	0	0	0.15
48700	0.15	0.59	0.59	0	0	0.15
48800	0.15	0.57	0.57	0	0	0.15
48900	0.15	0.57	0.57	0	0	0.15
49000	0.17	0.57	0.57	0	0	0.17
49100	0.17	0.57	0.57	0	0	0.17
49200	0.18	0.57	0.57	0	0	0.18
49300	0.17	0.58	0.58	0	0	0.17
49400	0.16	0.58	0.58	0	0	0.16
49500	0.18	0.58	0.58	0	0	0.18
49600	0.18	0.58	0.58	0	0	0.18
49700	0.18	0.58	0.58	0	0	0.18
49800	0.18	0.58	0.58	0	0	0.18
49900	0.18	0.58	0.58	0	0	0.18
50000	0.18	0.59	0.59	0	0	0.18
50100	0.18	0.59	0.59	0	0	0.18
50200	0.17	0.6	0.6	0	0	0.17
50300	0.17	0.6	0.6	0	0	0.17
50400	0.17	0.61	0.61	0	0	0.17
50500	0.17	0.61	0.61	0	0	0.17
50600	0.18	0.6	0.6	0	0	0.18
50700	0.19	0.6	0.6	0	0	0.19
50800	0.19	0.6	0.6	0	0	0.19
50900	0.19	0.6	0.6	0	0	0.19
51000	0.19	0.61	0.61	0	0	0.19
51100	0.19	0.61	0.61	0	0	0.19
51200	0.19	0.61	0.61	0	0	0.19
51300	0.19	0.6	0.6	0	0	0.19
51400	0.19	0.61	0.61	0	0	0.19
51500	0.19	0.6	0.6	0	0	0.19
51600	0.19	0.6	0.6	0	0	0.19
51700	0.19	0.6	0.6	0	0	0.19
51800	0.19	0.6	0.6	0	0	0.19
51900	0.19	0.6	0.6	0	0	0.19
52000	0.19	0.61	0.61	0	0	0.19
52100	0.19	0.61	0.61	0	0	0.19
52200	0.18	0.62	0.62	0	0	0.18
52300	0.18	0.62	0.62	0	0	0.18
52400	0.2	0.63	0.63	0	0	0.2
52500	0.2	0.62	0.62	0	0	0.2
52600	0.2	0.62	0.62	0	0	0.2
52700	0.19	0.62	0.62	0	0	0.19
52800	0.19	0.62	0.62	0	0	0.19
52900	0.18	0.62	0.62	0	0	0.18
53000	0.18	0.62	0.62	0	0	0.18
53100	0.19	0.62	0.62	0	0	0.19
53200	0.19	0.62	0.62	0	0	0.19
53300	0.19	0.62	0.62	0	0	0.19
53400	0.19	0.62	0.62	0	0	0.19
53500	0.2	0.62	0.62	0	0	0.2
53600	0.2	0.62	0.62	0	0	0.2
53700	0.2	0.62	0.62	0	0	0.2
53800	0.2	0.62	0.62	0	0	0.2
53900	0.2	0.62	0.62	0	0	0.2
54000	0.2	0.62	0.62	0	0	0.2
54100	0.2	0.62	0.62	0	0	0.2
54200	0.2	0.62	0.62	0	0	0.2
54300	0.19	0.62	0.62	0	0	0.19
54400	0.19	0.62	0.62	0	0	0.19
54500	0.19	0.62	0.62	0	0	0.19
54600	0.19	0.62	0.62	0	0	0.19
54700	0.19	0.62	0.62	0	0	0.19
54800	0.19	0.62	0.62	0	0	0.19
54900	0.19	0.62	0.62	0	0	0.19
55000	0.19	0.63	0.63	0	0	0.19
55100	0.19	0.63	0.63	0	0	0.19
55200	0.2	0.63	0.63	0	0	0.2
55300	0.19	0.63	0.63	0	0	0.19
55400	0.19	0.63	0.63	0	0	0.19
55500	0.19	0.63	0.63	0	0	0.19
55600	0.19	0.63	0.63	0	0	0.19
55700	0.19	0.63	0.63	0	0	0.19
55800	0.19	0.63	0.63	0	0	0.19
55900	0.19	0.63	0.63	0	0	0.19
56000	0.2	0.63	0.63	0	0	0.2
56100	0.2	0.63	0.63	0	0	0.2
56200	0.2	0.63	0.63	0	0	0.2
56300	0.2	0.63	0.63	0	0	0.2
56400	0.21	0.63	0.63	0	0	0.21
56500	0.21	0.63	0.63	0	0	0.21
56600	0.21	0.63	0.63	0	0	0.21
56700	0.21	0.63	0.63	0	0	0.21
56800	0.21	0.63	0.63	0	0	0.21
56900	0.21	0.63	0.63	0	0	0.21
57000	0.22	0.63	0.63	0	0	0.22
57100	0.22	0.63	0.63	0	0	0.22
57200	0.22	0.63	0.63	0	0	0.22
57300	0.23	0.63	0.63	0	0	0.23
57400	0.23	0.63	0.63	0	0	0.23
57500	0.23	0.63	0.63	0	0	0.23
57600	0.23	0.63	0.63	0	0	0.23
57700	0.23	0.63	0.63	0	0	0.23
57800	0.23	0.63	0.63	0	0	0.23
57900	0.22	0.63	0.63	0	0	0.22
58000	0.23	0.63	0.63	0	0	0.23
58100	0.23	0.63	0.63	0	0	0.23
58200	0.23	0.63	0.63	0	0	0.23
58300	0.23	0.63	0.63	0	0	0.23
58400	0.22	0.63	0.63	0	0	0.22
58500	0.21	0.63	0.63	0	0	0.21
58600	0.21	0.63	0.63	0	0	0.21
58700	0.21	0.63	0.63	0	0	0.21
58800	0.21	0.63	0.63	0	0	0.21
58900	0.21	0.63	0.63	0	0	0.21
59000	0.21	0.63	0.63	0	0	0.21
59100	0.21	0.63	0.63	0	0	0.21
59200	0.21	0.63	0.63	0	0	0.21
59300	0.21	0.63	0.63	0	0	0.21
59400	0.21	0.63	0.63	0	0	0.21
59500	0.21	0.63	0.63	0	0	0.21
59600	0.21	0.63	0.63	0	0	0.21
59700	0.22	0.63	0.63	0	0	0.22
59800	0.21	0.63	0.63	0	0	0.21
59900	0.21	0.63	0.63	0	0	0.21
60000	0.22	0.63	0.63	0	0	0.22
60100	0.22	0.64	0.64	0	0	0.22
60200	0.22	0.64	0.64	0	0	0.22
60300	0.22	0.65	0.65	0	0	0.22
60400	0.23	0.65	0.65	0	0	0.23
60500	0.23	0.64	0.64	0	0	0.23
60600	0.23	0.65	0.65	0	0	0.23
60700	0.22	0.64	0.64	0	0	0.22
60800	0.22	0.64	0.64	0	0	0.22
60900	0.22	0.64	0.64	0	0	0.22
61000	0.22	0.64	0.64	0	0	0.22
61100	0.22	0.64	0.64	0	0	0.22
61200	0.22	0.64	0.64	0	0	0.22
61300	0.21	0.64	0.64	0	0	0.21
61400	0.21	0.64	0.64	0	0	0.21
61500	0.21	0.64	0.64	0	0	0.21
61600	0.21	0.64	0.64	0	0	0.21
61700	0.21	0.64	0.64	0	0	0.21
61800	0.21	0.64	0.64	0	0	0.21
61900	0.21	0.64	0.64	0	0	0.21
62000	0.21	0.65	0.65	0	0	0.21
62100	0.21	0.66	0.66	0	0	0.21
62200	0.21	0.66	0.66	0	0	0.21
62300	0.22	0.66	0.66	0	0	0.22
62400	0.23	0.65	0.65	0	0	0.23
62500	0.23	0.65	0.65	0	0	0.23
62600	0.24	0.65	0.65	0	0	0.24
62700	0.24	0.65	0.65	0	0	0.24
62800	0.23	0.65	0.65	0	0	0.23
62900	0.23	0.66	0.66	0	0	0.23
63000	0.23	0.66	0.66	0	0	0.23
63100	0.22	0.66	0.66	0	0	0.22
63200	0.22	0.66	0.66	0	0	0.22
63300	0.22	0.66	0.66	0	0	0.22
63400	0.22	0.67	0.67	0	0	0.22
63500	0.22	0.68	0.68	0	0	0.22
63600	0.22	0.68	0.68	0	0	0.22
63700	0.22	0.68	0.68	0	0	0.22
63800	0.22	0.68	0.68	0	0	0.22
63900	0.23	0.68	0.68	0	0	0.23
64000	0.23	0.68	0.68	0	0	0.23
64100	0.23	0.68	0.68	0	0	0.23
64200	0.24	0.68	0.68	0	0	0.24
64300	0.24	0.68	0.68	0	0	0.24
64400	0.24	0.68	0.68	0	0	0.24
64500	0.24	0.68	0.68	0	0	0.24
64600	0.24	0.68	0.68	0	0	0.24
64700	0.24	0.68	0.68	0	0	0.24
64800	0.24	0.68	0.68	0	0	0.24
64900	0.24	0.68	0.68	0	0	0.24
65000	0.24	0.68	0.68	0	0	0.24
65100	0.24	0.68	0.68	0	0	0.24
65200	0.24	0.68	0.68	0	0	0.24
65300	0.24	0.68	0.68	0	0	0.24
65400	0.24	0.68	0.68	0	0	0.24
65500	0.24	0.68	0.68	0	0	0.24
65600	0.24	0.68	0.68	0	0	0.24
65700	0.24	0.68	0.68	0	0	0.24
65800	0.24	0.68	0.68	0	0	0.24
65900	0.24	0.68	0.68	0	0	0.24
66000	0.24	0.68	0.68	0	0	0.24
66100	0.24	0.68	0.68	0	0	0.24
66200	0.24	0.68	0.68	0	0	0.24
66300	0.24	0.68	0.68	0	0	0.24
66400	0.24	0.68	0.68	0	0	0.24
66500	0.24	0.68	0.68	0	0	0.24
66600	0.24	0.68	0.68	0	0	0.24
66700	0.24	0.68	0.68	0	0	0.24
66800	0.24	0.68	0.68	0	0	0.24
66900	0.24	0.68	0.68	0	0	0.24
67000	0.24	0.68	0.68	0	0	0.24
67100	0.24	0.68	0.68	0	0	0.24
67200	0.24	0.68	0.68	0	0	0.24
67300	0.24	0.68	0.68	0	0	0.24
67400	0.24	0.68	0.68	0	0	0.24
67500	0.24	0.68	0.68	0	0	0.24
67600	0.24	0.68	0.68	0	0	0.24
67700	0.24	0.68	0.68	0	0	0.24
67800	0.24	0.68	0.68	0	0	0.24
67900	0.25	0.68	0.68	0	0	0.25
68000	0.25	0.68	0.68	0	0	0.25
68100	0.25	0.68	0.68	0	0	0.25
68200	0.25	0.68	0.68	0	0	0.25
68300	0.24	0.68	0.68	0	0	0.24
68400	0.24	0.68	0.68	0	0	0.24
68500	0.24	0.68	0.68	0	0	0.24
68600	0.24	0.68	0.68	0	0	0.24
68700	0.24	0.68	0.68	0	0	0.24
68800	0.24	0.68	0.68	0	0	0.24
68900	0.24	0.68	0.68	0	0	0.24
69000	0.24	0.68	0.68	0	0	0.24
69100	0.24	0.68	0.68	0	0	0.24
69200	0.24	0.68	0.68	0	0	0.24
69300	0.24	0.68	0.68	0	0	0.24
69400	0.24	0.68	0.68	0	0	0.24
69500	0.24	0.68	0.68	0	0	0.24
69600	0.24	0.68	0.68	0	0	0.24
69700	0.24	0.68	0.68	0	0	0.24
69800	0.24	0.68	0.68	0	0	0.24
69900	0.24	0.68	0.68	0	0	0.24
70000	0.24	0.69	0.69	0	0	0.24
70100	0.23	0.69	0.69	0	0	0.23
70200	0.23	0.69	0.69	0	0	0.23
70300	0.23	0.69	0.69	0	0	0.23
70400	0.23	0.69	0.69	0	0	0.23
70500	0.23	0.69	0.69	0	0	0.23
70600	0.23	0.69	0.69	0	0	0.23
70700	0.23	0.69	0.69	0	0	0.23
70800	0.23	0.69	0.69	0	0	0.23
70900	0.23	0.69	0.69	0	0	0.23
71000	0.23	0.69	0.69	0	0	0.23
71100	0.22	0.69	0.69	0	0	0.22
71200	0.22	0.69	0.69	0	0	0.22
71300	0.22	0.69	0.69	0	0	0.22
71400	0.22	0.69	0.69	0	0	0.22
71500	0.22	0.7	0.7	0	0	0.22
71600	0.22	0.7	0.7	0	0	0.22
71700	0.22	0.69	0.69	0	0	0.22
71800	0.22	0.69	0.69	0	0	0.22
71900	0.22	0.69	0.69	0	0	0.22
72000	0.23	0.69	0.69	0	0	0.23
72100	0.23	0.69	0.69	0	0	0.23
72200	0.23	0.69	0.69	0	0	0.23
72300	0.23	0.69	0.69	0	0	0.23
72400	0.23	0.69	0.69	0	0	0.23
72500	0.22	0.69	0.69	0	0	0.22
72600	0.22	0.69	0.69	0	0	0.22
72700	0.22	0.69	0.69	0	0	0.22
72800	0.22	0.69	0.69	0	0	0.22
72900	0.22	0.69	0.69	0	0	0.22
73000	0.22	0.69	0.69	0	0	0.22
73100	0.22	0.69	0.69	0	0	0.22
73200	0.22	0.69	0.69	0	0	0.22
73300	0.22	0.69	0.69	0	0	0.22
73400	0.22	0.69	0.69	0	0	0.22
73500	0.22	0.69	0.69	0	0	0.22
73600	0.22	0.69	0.69	0	0	0.22
73700	0.22	0.69	0.69	0	0	0.22
73800	0.22	0.69	0.69	0	0	0.22
73900	0.22	0.69	0.69	0	0	0.22
74000	0.22	0.69	0.69	0	0	0.22
74100	0.22	0.69	0.69	0	0	0.22
74200	0.22	0.69	0.69	0	0	0.22
74300	0.23	0.69	0.69	0	0	0.23
74400	0.23	0.69	0.69	0	0	0.23
74500	0.23	0.69	0.69	0	0	0.23
74600	0.23	0.69	0.69	0	0	0.23
74700	0.23	0.69	0.69	0	0	0.23
74800	0.23	0.69	0.69	0	0	0.23
74900	0.23	0.69	0.69	0	0	0.23
75000	0.23	0.7	0.7	0	0	0.23
75100	0.24	0.7	0.7	0	0	0.24
75200	0.24	0.7	0.7	0	0	0.24
75300	0.24	0.7	0.7	0	0	0.24
75400	0.24	0.7	0.7	0	0	0.24
75500	0.24	0.7	0.7	0	0	0.24
75600	0.24	0.7	0.7	0	0	0.24
75700	0.23	0.7	0.7	0	0	0.23
75800	0.23	0.7	0.7	0	0	0.23
75900	0.23	0.7	0.7	0	0	0.23
76000	0.23	0.7	0.7	0	0	0.23
76100	0.24	0.69	0.69	0	0	0.24
76200	0.24	0.69	0.69	0	0	0.24
76300	0.24	0.69	0.69	0	0	0.24
76400	0.24	0.7	0.7	0	0	0.24
76500	0.24	0.7	0.7	0	0	0.24
76600	0.24	0.71	0.71	0	0	0.24
76700	0.24	0.7	0.7	0	0	0.24
76800	0.24	0.7	0.7	0	0	0.24
76900	0.23	0.7	0.7	0	0	0.23
77000	0.22	0.7	0.7	0	0	0.22
77100	0.22	0.7	0.7	0	0	0.22
77200	0.22	0.7	0.7	0	0	0.22
77300	0.22	0.7	0.7	0	0	0.22
77400	0.22	0.7	0.7	0	0	0.22
77500	0.22	0.7	0.7	0	0	0.22
77600	0.22	0.7	0.7	0	0	0.22
77700	0.22	0.7	0.7	0	0	0.22
77800	0.22	0.7	0.7	0	0	0.22
77900	0.22	0.7	0.7	0	0	0.22
78000	0.22	0.7	0.7	0	0	0.22
78100	0.22	0.7	0.7	0	0	0.22
78200	0.22	0.7	0.7	0	0	0.22
78300	0.22	0.71	0.71	0	0	0.22
78400	0.22	0.71	0.71	0	0	0.22
78500	0.22	0.71	0.71	0	0	0.22
78600	0.22	0.71	0.71	0	0	0.22
78700	0.23	0.7	0.7	0	0	0.23
78800	0.23	0.7	0.7	0	0	0.23
78900	0.23	0.7	0.7	0	0	0.23
79000	0.22	0.7	0.7	0	0	0.22
79100	0.22	0.7	0.7	0	0	0.22
79200	0.21	0.7	0.7	0	0	0.21
79300	0.21	0.7	0.7	0	0	0.21
79400	0.21	0.7	0.7	0	0	0.21
79500	0.21	0.7	0.7	0	0	0.21
79600	0.21	0.7	0.7	0	0	0.21
79700	0.21	0.7	0.7	0	0	0.21
79800	0.21	0.7	0.7	0	0	0.21
79900	0.21	0.71	0.71	0	0	0.21
80000	0.21	0.71	0.71	0	0	0.21
80100	0.21	0.71	0.71	0	0	0.21
80200	0.21	0.71	0.71	0	0	0.21
80300	0.21	0.72	0.72	0	0	0.21
80400	0.21	0.72	0.72	0	0	0.21
80500	0.21	0.72	0.72	0	0	0.21
80600	0.21	0.72	0.72	0	0	0.21
80700	0.21	0.72	0.72	0	0	0.21
80800	0.21	0.72	0.72	0	0	0.21
80900	0.21	0.72	0.72	0	0	0.21
81000	0.23	0.73	0.73	0	0	0.23
81100	0.23	0.73	0.73	0	0	0.23
81200	0.23	0.73	0.73	0	0	0.23
81300	0.23	0.73	0.73	0	0	0.23
81400	0.23	0.73	0.73	0	0	0.23
81500	0.23	0.73	0.73	0	0	0.23
81600	0.23	0.73	0.73	0	0	0.23
81700	0.22	0.72	0.72	0	0	0.22
81800	0.22	0.72	0.72	0	0	0.22
81900	0.22	0.72	0.72	0	0	0.22
82000	0.22	0.72	0.72	0	0	0.22
82100	0.22	0.72	0.72	0	0	0.22
82200	0.22	0.72	0.72	0	0	0.22
82300	0.23	0.72	0.72	0	0	0.23
82400	0.23	0.72	0.72	0	0	0.23
82500	0.23	0.72	0.72	0	0	0.23
82600	0.23	0.72	0.72	0	0	0.23
82700	0.23	0.72	0.72	0	0	0.23
82800	0.23	0.72	0.72	0	0	0.23
82900	0.23	0.72	0.72	0	0	0.23
83000	0.23	0.72	0.72	0	0	0.23
83100	0.23	0.72	0.72	0	0	0.23
83200	0.23	0.72	0.72	0	0	0.23
83300	0.23	0.72	0.72	0	0	0.23
83400	0.23	0.72	0.72	0	0	0.23
83500	0.23	0.72	0.72	0	0	0.23
83600	0.23	0.72	0.72	0	0	0.23
83700	0.23	0.72	0.72	0	0	0.23
83800	0.23	0.72	0.72	0	0	0.23
83900	0.23	0.72	0.72	0	0	0.23
84000	0.23	0.72	0.72	0	0	0.23
84100	0.23	0.72	0.72	0	0	0.23
84200	0.23	0.72	0.72	0	0	0.23
84300	0.23	0.72	0.72	0	0	0.23
84400	0.23	0.72	0.72	0	0	0.23
84500	0.23	0.72	0.72	0	0	0.23
84600	0.23	0.72	0.72	0	0	0.23
84700	0.23	0.72	0.72	0	0	0.23
84800	0.22	0.72	0.72	0	0	0.22
84900	0.22	0.72	0.72	0	0	0.22
85000	0.22	0.72	0.72	0	0	0.22
85100	0.22	0.72	0.72	0	0	0.22
85200	0.22	0.72	0.72	0	0	0.22
85300	0.22	0.72	0.72	0	0	0.22
85400	0.22	0.72	0.72	0	0	0.22
85500	0.22	0.72	0.72	0	0	0.22
85600	0.22	0.72	0.72	0	0	0.22
85700	0.22	0.72	0.72	0	0	0.22
85800	0.22	0.71	0.71	0	0	0.22
85900	0.22	0.7	0.7	0	0	0.22
86000	0.22	0.7	0.7	0	0	0.22
86100	0.22	0.7	0.7	0	0	0.22
86200	0.22	0.71	0.71	0	0	0.22
86300	0.22	0.71	0.71	0	0	0.22
86400	0.22	0.71	0.71	0	0	0.22
86500	0.22	0.71	0.71	0	0	0.22
86600	0.22	0.71	0.71	0	0	0.22
86700	0.22	0.71	0.71	0	0	0.22
86800	0.22	0.7	0.7	0	0	0.22
86900	0.22	0.7	0.7	0	0	0.22
87000	0.22	0.7	0.7	0	0	0.22
87100	0.22	0.7	0.7	0	0	0.22
87200	0.22	0.7	0.7	0	0	0.22
87300	0.22	0.7	0.7	0	0	0.22
87400	0.22	0.7	0.7	0	0	0.22
87500	0.22	0.7	0.7	0	0	0.22
87600	0.22	0.7	0.7	0	0	0.22
87700	0.22	0.7	0.7	0	0	0.22
87800	0.22	0.7	0.7	0	0	0.22
87900	0.22	0.7	0.7	0	0	0.22
88000	0.22	0.7	0.7	0	0	0.22
88100	0.22	0.7	0.7	0	0	0.22
88200	0.22	0.7	0.7	0	0	0.22
88300	0.22	0.7	0.7	0	0	0.22
88400	0.22	0.7	0.7	0	0	0.22
88500	0.22	0.7	0.7	0	0	0.22
88600	0.22	0.7	0.7	0	0	0.22
88700	0.22	0.7	0.7	0	0	0.22
88800	0.22	0.7	0.7	0	0	0.22
88900	0.22	0.7	0.7	0	0	0.22
89000	0.22	0.7	0.7	0	0	0.22
89100	0.22	0.7	0.7	0	0	0.22
89200	0.22	0.7	0.7	0	0	0.22
89300	0.22	0.7	0.7	0	0	0.22
89400	0.22	0.7	0.7	0	0	0.22
89500	0.22	0.7	0.7	0	0	0.22
89600	0.22	0.7	0.7	0	0	0.22
89700	0.21	0.7	0.7	0	0	0.21
89800	0.21	0.7	0.7	0	0	0.21
89900	0.2	0.7	0.7	0	0	0.2
90000	0.2	0.7	0.7	0	0	0.2
90100	0.2	0.7	0.7	0	0	0.2
90200	0.2	0.7	0.7	0	0	0.2
90300	0.2	0.7	0.7	0	0	0.2
90400	0.2	0.7	0.7	0	0	0.2
90500	0.2	0.7	0.7	0	0	0.2
90600	0.2	0.7	0.7	0	0	0.2
90700	0.2	0.7	0.7	0	0	0.2
90800	0.2	0.7	0.7	0	0	0.2
90900	0.2	0.7	0.7	0	0	0.2
91000	0.2	0.7	0.7	0	0	0.2
91100	0.2	0.7	0.7	0	0	0.2
91200	0.2	0.7	0.7	0	0	0.2
91300	0.2	0.7	0.7	0	0	0.2
91400	0.2	0.7	0.7	0	0	0.2
91500	0.2	0.7	0.7	0	0	0.2
91600	0.2	0.7	0.7	0	0	0.2
91700	0.2	0.7	0.7	0	0	0.2
91800	0.2	0.7	0.7	0	0	0.2
91900	0.2	0.7	0.7	0	0	0.2
92000	0.2	0.7	0.7	0	0	0.2
92100	0.2	0.7	0.7	0	0	0.2
92200	0.2	0.7	0.7	0	0	0.2
92300	0.2	0.7	0.7	0	0	0.2
92400	0.2	0.7	0.7	0	0	0.2
92500	0.2	0.7	0.7	0	0	0.2
92600	0.2	0.7	0.7	0	0	0.2
92700	0.2	0.7	0.7	0	0	0.2
92800	0.2	0.7	0.7	0	0	0.2
92900	0.2	0.7	0.7	0	0	0.2
93000	0.2	0.7	0.7	0	0	0.2
93100	0.2	0.7	0.7	0	0	0.2
93200	0.2	0.7	0.7	0	0	0.2
93300	0.2	0.7	0.7	0	0	0.2
93400	0.2	0.7	0.7	0	0	0.2
93500	0.2	0.7	0.7	0	0	0.2
93600	0.2	0.7	0.7	0	0	0.2
93700	0.2	0.7	0.7	0	0	0.2
93800	0.2	0.7	0.7	0	0	0.2
93900	0.2	0.7	0.7	0	0	0.2
94000	0.2	0.7	0.7	0	0	0.2
94100	0.21	0.7	0.7	0	0	0.21
94200	0.21	0.7	0.7	0	0	0.21
94300	0.21	0.7	0.7	0	0	0.21
94400	0.21	0.7	0.7	0	0	0.21
94500	0.21	0.7	0.7	0	0	0.21
94600	0.21	0.7	0.7	0	0	0.21
94700	0.2	0.7	0.7	0	0	0.2
94800	0.19	0.7	0.7	0	0	0.19
94900	0.19	0.7	0.7	0	0	0.19
95000	0.19	0.7	0.7	0	0	0.19
95100	0.19	0.7	0.7	0	0	0.19
95200	0.19	0.7	0.7	0	0	0.19
95300	0.19	0.7	0.7	0	0	0.19
95400	0.19	0.7	0.7	0	0	0.19
95500	0.19	0.7	0.7	0	0	0.19
95600	0.19	0.7	0.7	0	0	0.19
95700	0.19	0.7	0.7	0	0	0.19
95800	0.19	0.7	0.7	0	0	0.19
95900	0.19	0.7	0.7	0	0	0.19
96000	0.19	0.7	0.7	0	0	0.19
96100	0.19	0.71	0.71	0	0	0.19
96200	0.19	0.71	0.71	0	0	0.19
96300	0.19	0.7	0.7	0	0	0.19
96400	0.19	0.7	0.7	0	0	0.19
96500	0.19	0.7	0.7	0	0	0.19
96600	0.19	0.7	0.7	0	0	0.19
96700	0.2	0.7	0.7	0	0	0.2
96800	0.2	0.7	0.7	0	0	0.2
96900	0.19	0.7	0.7	0	0	0.19
97000	0.19	0.7	0.7	0	0	0.19
97100	0.19	0.7	0.7	0	0	0.19
97200	0.19	0.7	0.7	0	0	0.19
97300	0.19	0.71	0.71	0	0	0.19
97400	0.19	0.7	0.7	0	0	0.19
97500	0.19	0.7	0.7	0	0	0.19
97600	0.19	0.7	0.7	0	0	0.19
97700	0.19	0.7	0.7	0	0	0.19
97800	0.19	0.7	0.7	0	0	0.19
97900	0.2	0.7	0.7	0	0	0.2
98000	0.2	0.7	0.7	0	0	0.2
98100	0.2	0.7	0.7	0	0	0.2
98200	0.2	0.7	0.7	0	0	0.2
98300	0.2	0.7	0.7	0	0	0.2
98400	0.2	0.7	0.7	0	0	0.2
98500	0.2	0.7	0.7	0	0	0.2
98600	0.21	0.7	0.7	0	0	0.21
98700	0.21	0.7	0.7	0	0	0.21
98800	0.21	0.7	0.7	0	0	0.21
98900	0.2	0.7	0.7	0	0	0.2
99000	0.21	0.7	0.7	0	0	0.21
99100	0.21	0.7	0.7	0	0	0.21
99200	0.21	0.7	0.7	0	0	0.21
99300	0.2	0.7	0.7	0	0	0.2
99400	0.2	0.7	0.7	0	0	0.2
99500	0.2	0.7	0.7	0	0	0.2
99600	0.2	0.7	0.7	0	0	0.2
99700	0.2	0.7	0.7	0	0	0.2
99800	0.2	0.7	0.7	0	0	0.2
99900	0.2	0.7	0.7	0	0	0.2
100000	0.2	0.7	0.7	0	0	0.2
100100	0.22	0.7	0.7	0	0	0.22
100200	0.22	0.7	0.7	0	0	0.22
100300	0.22	0.7	0.7	0	0	0.22
100400	0.21	0.7	0.7	0	0	0.21
100500	0.21	0.7	0.7	0	0	0.21
100600	0.21	0.7	0.7	0	0	0.21
100700	0.21	0.7	0.7	0	0	0.21
100800	0.21	0.7	0.7	0	0	0.21
100900	0.22	0.7	0.7	0	0	0.22
101000	0.22	0.7	0.7	0	0	0.22
101100	0.22	0.7	0.7	0	0	0.22
101200	0.22	0.7	0.7	0	0	0.22
101300	0.22	0.7	0.7	0	0	0.22
101400	0.22	0.7	0.7	0	0	0.22
101500	0.22	0.7	0.7	0	0	0.22
101600	0.22	0.7	0.7	0	0	0.22
101700	0.22	0.7	0.7	0	0	0.22
101800	0.22	0.7	0.7	0	0	0.22
101900	0.22	0.7	0.7	0	0	0.22
102000	0.22	0.7	0.7	0	0	0.22
102100	0.22	0.7	0.7	0	0	0.22
102200	0.22	0.7	0.7	0	0	0.22
102300	0.22	0.7	0.7	0	0	0.22
102400	0.22	0.7	0.7	0	0	0.22
102500	0.22	0.7	0.7	0	0	0.22
102600	0.22	0.7	0.7	0	0	0.22
102700	0.22	0.7	0.7	0	0	0.22
102800	0.22	0.7	0.7	0	0	0.22
102900	0.22	0.7	0.7	0	0	0.22
103000	0.22	0.7	0.7	0	0	0.22
103100	0.23	0.7	0.7	0	0	0.23
103200	0.23	0.7	0.7	0	0	0.23
103300	0.23	0.7	0.7	0	0	0.23
103400	0.23	0.7	0.7	0	0	0.23
103500	0.25	0.7	0.7	0	0	0.25
103600	0.25	0.7	0.7	0	0	0.25
103700	0.26	0.7	0.7	0	0	0.26
103800	0.26	0.7	0.7	0	0	0.26
103900	0.26	0.7	0.7	0	0	0.26
104000	0.25	0.7	0.7	0	0	0.25
104100	0.25	0.7	0.7	0	0	0.25
104200	0.25	0.7	0.7	0	0	0.25
104300	0.25	0.7	0.7	0	0	0.25
104400	0.25	0.7	0.7	0	0	0.25
104500	0.25	0.7	0.7	0	0	0.25
104600	0.25	0.7	0.7	0	0	0.25
104700	0.25	0.7	0.7	0	0	0.25
104800	0.26	0.7	0.7	0	0	0.26
104900	0.26	0.7	0.7	0	0	0.26
105000	0.26	0.7	0.7	0	0	0.26
105100	0.26	0.7	0.7	0	0	0.26
105200	0.26	0.7	0.7	0	0	0.26
105300	0.26	0.7	0.7	0	0	0.26
105400	0.26	0.7	0.7	0	0	0.26
105500	0.26	0.7	0.7	0	0	0.26
105600	0.26	0.7	0.7	0	0	0.26
105700	0.26	0.7	0.7	0	0	0.26
105800	0.26	0.7	0.7	0	0	0.26
105900	0.26	0.7	0.7	0	0	0.26
106000	0.26	0.7	0.7	0	0	0.26
106100	0.26	0.7	0.7	0	0	0.26
106200	0.26	0.7	0.7	0	0	0.26
106300	0.26	0.7	0.7	0	0	0.26
106400	0.26	0.7	0.7	0	0	0.26
106500	0.26	0.7	0.7	0	0	0.26
106600	0.26	0.7	0.7	0	0	0.26
106700	0.26	0.7	0.7	0	0	0.26
106800	0.26	0.7	0.7	0	0	0.26
106900	0.26	0.7	0.7	0	0	0.26
107000	0.26	0.7	0.7	0	0	0.26
107100	0.26	0.7	0.7	0	0	0.26
107200	0.26	0.7	0.7	0	0	0.26
107300	0.26	0.7	0.7	0	0	0.26
107400	0.26	0.7	0.7	0	0	0.26
107500	0.25	0.7	0.7	0	0	0.25
107600	0.25	0.7	0.7	0	0	0.25
107700	0.25	0.7	0.7	0	0	0.25
107800	0.25	0.71	0.71	0	0	0.25
107900	0.25	0.7	0.7	0	0	0.25
108000	0.25	0.7	0.7	0	0	0.25
108100	0.25	0.7	0.7	0	0	0.25
108200	0.26	0.7	0.7	0	0	0.26
108300	0.26	0.7	0.7	0	0	0.26
108400	0.26	0.7	0.7	0	0	0.26
108500	0.26	0.7	0.7	0	0	0.26
108600	0.26	0.7	0.7	0	0	0.26
108700	0.26	0.7	0.7	0	0	0.26
108800	0.26	0.7	0.7	0	0	0.26
108900	0.27	0.7	0.7	0	0	0.27
109000	0.27	0.7	0.7	0	0	0.27
109100	0.27	0.7	0.7	0	0	0.27
109200	0.27	0.7	0.7	0	0	0.27
109300	0.27	0.7	0.7	0	0	0.27
109400	0.27	0.7	0.7	0	0	0.27
109500	0.27	0.7	0.7	0	0	0.27
109600	0.26	0.7	0.7	0	0	0.26
109700	0.26	0.7	0.7	0	0	0.26
109800	0.25	0.7	0.7	0	0	0.25
109900	0.25	0.7	0.7	0	0	0.25
110000	0.25	0.7	0.7	0	0	0.25
110100	0.25	0.7	0.7	0	0	0.25
110200	0.25	0.7	0.7	0	0	0.25
110300	0.25	0.7	0.7	0	0	0.25
110400	0.25	0.7	0.7	0	0	0.25
110500	0.25	0.7	0.7	0	0	0.25
110600	0.25	0.7	0.7	0	0	0.25
110700	0.25	0.7	0.7	0	0	0.25
110800	0.25	0.7	0.7	0	0	0.25
110900	0.25	0.7	0.7	0	0	0.25
111000	0.25	0.7	0.7	0	0	0.25
111100	0.25	0.7	0.7	0	0	0.25
111200	0.25	0.7	0.7	0	0	0.25
111300	0.25	0.7	0.7	0	0	0.25
111400	0.25	0.7	0.7	0	0	0.25
111500	0.25	0.7	0.7	0	0	0.25
111600	0.25	0.7	0.7	0	0	0.25
111700	0.25	0.7	0.7	0	0	0.25
111800	0.25	0.7	0.7	0	0	0.25
111900	0.25	0.71	0.71	0	0	0.25
112000	0.25	0.71	0.71	0	0	0.25
112100	0.25	0.71	0.71	0	0	0.25
112200	0.25	0.71	0.71	0	0	0.25
112300	0.25	0.71	0.71	0	0	0.25
112400	0.25	0.71	0.71	0	0	0.25
112500	0.26	0.71	0.71	0	0	0.26
112600	0.26	0.71	0.71	0	0	0.26
112700	0.26	0.71	0.71	0	0	0.26
112800	0.26	0.71	0.71	0	0	0.26
112900	0.26	0.71	0.71	0	0	0.26
113000	0.26	0.71	0.71	0	0	0.26
113100	0.26	0.71	0.71	0	0	0.26
113200	0.26	0.71	0.71	0	0	0.26
113300	0.26	0.71	0.71	0	0	0.26
113400	0.26	0.71	0.71	0	0	0.26
113500	0.26	0.71	0.71	0	0	0.26
113600	0.26	0.71	0.71	0	0	0.26
113700	0.27	0.71	0.71	0	0	0.27
113800	0.27	0.71	0.71	0	0	0.27
113900	0.27	0.71	0.71	0	0	0.27
114000	0.27	0.71	0.71	0	0	0.27
114100	0.27	0.71	0.71	0	0	0.27
114200	0.27	0.71	0.71	0	0	0.27
114300	0.27	0.71	0.71	0	0	0.27
114400	0.27	0.71	0.71	0	0	0.27
114500	0.27	0.71	0.71	0	0	0.27
114600	0.27	0.71	0.71	0	0	0.27
114700	0.27	0.71	0.71	0	0	0.27
114800	0.27	0.71	0.71	0	0	0.27
114900	0.27	0.71	0.71	0	0	0.27
115000	0.27	0.71	0.71	0	0	0.27
115100	0.27	0.71	0.71	0	0	0.27
115200	0.27	0.71	0.71	0	0	0.27
115300	0.27	0.71	0.71	0	0	0.27
115400	0.27	0.71	0.71	0	0	0.27
115500	0.27	0.71	0.71	0	0	0.27
115600	0.27	0.71	0.71	0	0	0.27
115700	0.27	0.71	0.71	0	0	0.27
115800	0.27	0.71	0.71	0	0	0.27
115900	0.27	0.71	0.71	0	0	0.27
116000	0.27	0.71	0.71	0	0	0.27
116100	0.27	0.71	0.71	0	0	0.27
116200	0.27	0.71	0.71	0	0	0.27
116300	0.27	0.71	0.71	0	0	0.27
116400	0.27	0.71	0.71	0	0	0.27
116500	0.27	0.71	0.71	0	0	0.27
116600	0.27	0.71	0.71	0	0	0.27
116700	0.27	0.71	0.71	0	0	0.27
116800	0.27	0.71	0.71	0	0	0.27
116900	0.27	0.71	0.71	0	0	0.27
117000	0.27	0.71	0.71	0	0	0.27
117100	0.27	0.71	0.71	0	0	0.27
117200	0.27	0.71	0.71	0	0	0.27
117300	0.27	0.71	0.71	0	0	0.27
117400	0.27	0.71	0.71	0	0	0.27
117500	0.27	0.71	0.71	0	0	0.27
117600	0.27	0.72	0.72	0	0	0.27
117700	0.27	0.72	0.72	0	0	0.27
117800	0.27	0.72	0.72	0	0	0.27
117900	0.27	0.71	0.71	0	0	0.27
118000	0.27	0.71	0.71	0	0	0.27
118100	0.27	0.71	0.71	0	0	0.27
118200	0.27	0.71	0.71	0	0	0.27
118300	0.27	0.71	0.71	0	0	0.27
118400	0.27	0.71	0.71	0	0	0.27
118500	0.27	0.71	0.71	0	0	0.27
118600	0.27	0.71	0.71	0	0	0.27
118700	0.27	0.71	0.71	0	0	0.27
118800	0.27	0.71	0.71	0	0	0.27
118900	0.27	0.71	0.71	0	0	0.27
119000	0.27	0.71	0.71	0	0	0.27
119100	0.27	0.71	0.71	0	0	0.27
119200	0.27	0.71	0.71	0	0	0.27
119300	0.27	0.71	0.71	0	0	0.27
119400	0.27	0.71	0.71	0	0	0.27
119500	0.27	0.71	0.71	0	0	0.27
119600	0.27	0.71	0.71	0	0	0.27
119700	0.27	0.71	0.71	0	0	0.27
119800	0.27	0.71	0.71	0	0	0.27
119900	0.28	0.71	0.71	0	0	0.28
120000	0.28	0.71	0.71	0	0	0.28
120100	0.28	0.71	0.71	0	0	0.28
120200	0.28	0.71	0.71	0	0	0.28
120300	0.28	0.71	0.71	0	0	0.28
120400	0.28	0.71	0.71	0	0	0.28
120500	0.28	0.71	0.71	0	0	0.28
120600	0.28	0.71	0.71	0	0	0.28
120700	0.28	0.71	0.71	0	0	0.28
120800	0.28	0.71	0.71	0	0	0.28
120900	0.28	0.71	0.71	0	0	0.28
121000	0.28	0.71	0.71	0	0	0.28
121100	0.28	0.71	0.71	0	0	0.28
121200	0.28	0.71	0.71	0	0	0.28
121300	0.28	0.71	0.71	0	0	0.28
121400	0.28	0.71	0.71	0	0	0.28
121500	0.28	0.71	0.71	0	0	0.28
121600	0.28	0.71	0.71	0	0	0.28
121700	0.28	0.71	0.71	0	0	0.28
121800	0.28	0.71	0.71	0	0	0.28
121900	0.28	0.71	0.71	0	0	0.28
122000	0.28	0.71	0.71	0	0	0.28
122100	0.28	0.71	0.71	0	0	0.28
122200	0.28	0.71	0.71	0	0	0.28
122300	0.28	0.71	0.71	0	0	0.28
122400	0.28	0.71	0.71	0	0	0.28
122500	0.28	0.71	0.71	0	0	0.28
122600	0.28	0.71	0.71	0	0	0.28
122700	0.28	0.71	0.71	0	0	0.28
122800	0.28	0.71	0.71	0	0	0.28
122900	0.28	0.71	0.71	0	0	0.28
123000	0.28	0.71	0.71	0	0	0.28
123100	0.28	0.71	0.71	0	0	0.28
123200	0.28	0.71	0.71	0	0	0.28
123300	0.28	0.71	0.71	0	0	0.28
123400	0.28	0.71	0.71	0	0	0.28
123500	0.28	0.71	0.71	0	0	0.28
123600	0.28	0.71	0.71	0	0	0.28
123700	0.28	0.71	0.71	0	0	0.28
123800	0.28	0.71	0.71	0	0	0.28
123900	0.28	0.71	0.71	0	0	0.28
124000	0.28	0.71	0.71	0	0	0.28
124100	0.28	0.71	0.71	0	0	0.28
124200	0.28	0.71	0.71	0	0	0.28
124300	0.28	0.71	0.71	0	0	0.28
124400	0.28	0.71	0.71	0	0	0.28
124500	0.28	0.71	0.71	0	0	0.28
124600	0.28	0.71	0.71	0	0	0.28
124700	0.28	0.71	0.71	0	0	0.28
124800	0.28	0.71	0.71	0	0	0.28
124900	0.28	0.71	0.71	0	0	0.28
125000	0.28	0.71	0.71	0	0	0.28
125100	0.28	0.71	0.71	0	0	0.28
125200	0.28	0.71	0.71	0	0	0.28
125300	0.28	0.71	0.71	0	0	0.28
125400	0.28	0.71	0.71	0	0	0.28
125500	0.28	0.71	0.71	0	0	0.28
125600	0.28	0.71	0.71	0	0	0.28
125700	0.28	0.71	0.71	0	0	0.28
125800	0.28	0.71	0.71	0	0	0.28
125900	0.28	0.71	0.71	0	0	0.28
126000	0.28	0.71	0.71	0	0	0.28
126100	0.28	0.71	0.71	0	0	0.28
126200	0.28	0.71	0.71	0	0	0.28
126300	0.28	0.71	0.71	0	0	0.28
126400	0.28	0.7	0.7	0	0	0.28
126500	0.28	0.7	0.7	0	0	0.28
126600	0.28	0.7	0.7	0	0	0.28
126700	0.28	0.7	0.7	0	0	0.28
126800	0.28	0.7	0.7	0	0	0.28
126900	0.28	0.7	0.7	0	0	0.28
127000	0.28	0.7	0.7	0	0	0.28
127100	0.28	0.71	0.71	0	0	0.28
127200	0.28	0.71	0.71	0	0	0.28
127300	0.28	0.71	0.71	0	0	0.28
127400	0.28	0.71	0.71	0	0	0.28
127500	0.28	0.71	0.71	0	0	0.28
127600	0.28	0.71	0.71	0	0	0.28
127700	0.28	0.71	0.71	0	0	0.28
127800	0.28	0.71	0.71	0	0	0.28
127900	0.28	0.71	0.71	0	0	0.28
128000	0.27	0.71	0.71	0	0	0.27
128100	0.27	0.71	0.71	0	0	0.27
128200	0.27	0.71	0.71	0	0	0.27
128300	0.27	0.71	0.71	0	0	0.27
128400	0.27	0.71	0.71	0	0	0.27
128500	0.27	0.71	0.71	0	0	0.27
128600	0.27	0.71	0.71	0	0	0.27
128700	0.27	0.71	0.71	0	0	0.27
128800	0.27	0.71	0.71	0	0	0.27
128900	0.27	0.71	0.71	0	0	0.27
129000	0.28	0.71	0.71	0	0	0.28
129100	0.28	0.71	0.71	0	0	0.28
129200	0.28	0.71	0.71	0	0	0.28
129300	0.28	0.71	0.71	0	0	0.28
129400	0.28	0.71	0.71	0	0	0.28
129500	0.28	0.71	0.71	0	0	0.28
129600	0.28	0.71	0.71	0	0	0.28
129700	0.28	0.71	0.71	0	0	0.28
129800	0.28	0.71	0.71	0	0	0.28
129900	0.28	0.71	0.71	0	0	0.28
130000	0.28	0.71	0.71	0	0	0.28
130100	0.28	0.71	0.71	0	0	0.28
130200	0.28	0.71	0.71	0	0	0.28
130300	0.28	0.71	0.71	0	0	0.28
130400	0.27	0.71	0.71	0	0	0.27
130500	0.27	0.71	0.71	0	0	0.27
130600	0.27	0.71	0.71	0	0	0.27
130700	0.27	0.71	0.71	0	0	0.27
130800	0.27	0.71	0.71	0	0	0.27
130900	0.27	0.71	0.71	0	0	0.27
131000	0.27	0.71	0.71	0	0	0.27
131100	0.27	0.71	0.71	0	0	0.27
131200	0.27	0.71	0.71	0	0	0.27
131300	0.27	0.71	0.71	0	0	0.27
131400	0.27	0.71	0.71	0	0	0.27
131500	0.27	0.71	0.71	0	0	0.27
131600	0.27	0.71	0.71	0	0	0.27
131700	0.27	0.71	0.71	0	0	0.27
131800	0.27	0.71	0.71	0	0	0.27
131900	0.27	0.71	0.71	0	0	0.27
132000	0.27	0.71	0.71	0	0	0.27
132100	0.27	0.71	0.71	0	0	0.27
132200	0.27	0.71	0.71	0	0	0.27
132300	0.28	0.71	0.71	0	0	0.28
132400	0.28	0.71	0.71	0	0	0.28
132500	0.28	0.71	0.71	0	0	0.28
132600	0.28	0.7	0.7	0	0	0.28
132700	0.28	0.7	0.7	0	0	0.28
132800	0.28	0.7	0.7	0	0	0.28
132900	0.28	0.7	0.7	0	0	0.28
133000	0.28	0.7	0.7	0	0	0.28
133100	0.28	0.7	0.7	0	0	0.28
133200	0.28	0.7	0.7	0	0	0.28
133300	0.28	0.7	0.7	0	0	0.28
133400	0.28	0.7	0.7	0	0	0.28
133500	0.28	0.7	0.7	0	0	0.28
133600	0.28	0.7	0.7	0	0	0.28
133700	0.28	0.7	0.7	0	0	0.28
133800	0.28	0.7	0.7	0	0	0.28
133900	0.28	0.7	0.7	0	0	0.28
134000	0.28	0.7	0.7	0	0	0.28
134100	0.28	0.7	0.7	0	0	0.28
134200	0.28	0.7	0.7	0	0	0.28
134300	0.28	0.7	0.7	0	0	0.28
134400	0.28	0.7	0.7	0	0	0.28
134500	0.28	0.7	0.7	0	0	0.28
134600	0.28	0.7	0.7	0	0	0.28
134700	0.28	0.7	0.7	0	0	0.28
134800	0.28	0.7	0.7	0	0	0.28
134900	0.28	0.7	0.7	0	0	0.28
135000	0.28	0.7	0.7	0	0	0.28
135100	0.28	0.7	0.7	0	0	0.28
135200	0.28	0.7	0.7	0	0	0.28
135300	0.28	0.7	0.7	0	0	0.28
135400	0.28	0.7	0.7	0	0	0.28
135500	0.28	0.7	0.7	0	0	0.28
135600	0.29	0.7	0.7	0	0	0.29
135700	0.29	0.7	0.7	0	0	0.29
135800	0.29	0.7	0.7	0	0	0.29
135900	0.29	0.7	0.7	0	0	0.29
136000	0.29	0.7	0.7	0	0	0.29
136100	0.29	0.7	0.7	0	0	0.29
136200	0.29	0.7	0.7	0	0	0.29
136300	0.29	0.7	0.7	0	0	0.29
136400	0.29	0.7	0.7	0	0	0.29
136500	0.29	0.7	0.7	0	0	0.29
136600	0.29	0.7	0.7	0	0	0.29
136700	0.29	0.7	0.7	0	0	0.29
136800	0.29	0.7	0.7	0	0	0.29
136900	0.29	0.7	0.7	0	0	0.29
137000	0.29	0.7	0.7	0	0	0.29
137100	0.29	0.7	0.7	0	0	0.29
137200	0.29	0.7	0.7	0	0	0.29
137300	0.29	0.7	0.7	0	0	0.29
137400	0.29	0.7	0.7	0	0	0.29
137500	0.29	0.7	0.7	0	0	0.29
137600	0.29	0.7	0.7	0	0	0.29
137700	0.28	0.7	0.7	0	0	0.28
137800	0.28	0.7	0.7	0	0	0.28
137900	0.28	0.7	0.7	0	0	0.28
138000	0.28	0.7	0.7	0	0	0.28
138100	0.28	0.7	0.7	0	0	0.28
138200	0.28	0.7	0.7	0	0	0.28
138300	0.28	0.7	0.7	0	0	0.28
138400	0.28	0.7	0.7	0	0	0.28
138500	0.28	0.7	0.7	0	0	0.28
138600	0.28	0.7	0.7	0	0	0.28
138700	0.28	0.7	0.7	0	0	0.28
138800	0.28	0.7	0.7	0	0	0.28
138900	0.28	0.7	0.7	0	0	0.28
139000	0.28	0.7	0.7	0	0	0.28
139100	0.28	0.7	0.7	0	0	0.28
139200	0.28	0.7	0.7	0	0	0.28
139300	0.28	0.7	0.7	0	0	0.28
139400	0.28	0.7	0.7	0	0	0.28
139500	0.27	0.7	0.7	0	0	0.27
139600	0.27	0.7	0.7	0	0	0.27
139700	0.27	0.7	0.7	0	0	0.27
139800	0.27	0.7	0.7	0	0	0.27
139900	0.27	0.7	0.7	0	0	0.27
140000	0.27	0.7	0.7	0	0	0.27
140100	0.27	0.7	0.7	0	0	0.27
140200	0.27	0.7	0.7	0	0	0.27
140300	0.27	0.7	0.7	0	0	0.27
140400	0.27	0.7	0.7	0	0	0.27
140500	0.27	0.7	0.7	0	0	0.27
140600	0.27	0.7	0.7	0	0	0.27
140700	0.27	0.7	0.7	0	0	0.27
140800	0.28	0.7	0.7	0	0	0.28
140900	0.28	0.7	0.7	0	0	0.28
141000	0.28	0.7	0.7	0	0	0.28
141100	0.27	0.7	0.7	0	0	0.27
141200	0.27	0.7	0.7	0	0	0.27
141300	0.27	0.7	0.7	0	0	0.27
141400	0.27	0.7	0.7	0	0	0.27
141500	0.27	0.7	0.7	0	0	0.27
141600	0.27	0.7	0.7	0	0	0.27
141700	0.27	0.7	0.7	0	0	0.27
141800	0.27	0.7	0.7	0	0	0.27
141900	0.27	0.7	0.7	0	0	0.27
142000	0.27	0.7	0.7	0	0	0.27
142100	0.27	0.7	0.7	0	0	0.27
142200	0.27	0.7	0.7	0	0	0.27
142300	0.27	0.7	0.7	0	0	0.27
142400	0.27	0.7	0.7	0	0	0.27
142500	0.27	0.7	0.7	0	0	0.27
142600	0.27	0.7	0.7	0	0	0.27
142700	0.27	0.7	0.7	0	0	0.27
142800	0.27	0.7	0.7	0	0	0.27
142900	0.27	0.7	0.7	0	0	0.27
143000	0.27	0.7	0.7	0	0	0.27
143100	0.27	0.7	0.7	0	0	0.27
143200	0.27	0.7	0.7	0	0	0.27
143300	0.27	0.7	0.7	0	0	0.27
143400	0.27	0.7	0.7	0	0	0.27
143500	0.27	0.7	0.7	0	0	0.27
143600	0.27	0.7	0.7	0	0	0.27
143700	0.27	0.7	0.7	0	0	0.27
143800	0.27	0.7	0.7	0	0	0.27
143900	0.27	0.7	0.7	0	0	0.27
144000	0.27	0.7	0.7	0	0	0.27
144100	0.27	0.7	0.7	0	0	0.27
144200	0.27	0.7	0.7	0	0	0.27
144300	0.27	0.7	0.7	0	0	0.27
144400	0.27	0.7	0.7	0	0	0.27
144500	0.27	0.7	0.7	0	0	0.27
144600	0.27	0.7	0.7	0	0	0.27
144700	0.27	0.7	0.7	0	0	0.27
144800	0.27	0.7	0.7	0	0	0.27
144900	0.26	0.7	0.7	0	0	0.26
145000	0.26	0.7	0.7	0	0	0.26
145100	0.26	0.7	0.7	0	0	0.26
145200	0.26	0.7	0.7	0	0	0.26
145300	0.26	0.7	0.7	0	0	0.26
145400	0.26	0.7	0.7	0	0	0.26
145500	0.26	0.7	0.7	0	0	0.26
145600	0.26	0.71	0.71	0	0	0.26
145700	0.26	0.71	0.71	0	0	0.26
145800	0.26	0.71	0.71	0	0	0.26
145900	0.26	0.71	0.71	0	0	0.26
146000	0.26	0.71	0.71	0	0	0.26
146100	0.26	0.71	0.71	0	0	0.26
146200	0.26	0.71	0.71	0	0	0.26
146300	0.26	0.71	0.71	0	0	0.26
146400	0.26	0.71	0.71	0	0	0.26
146500	0.26	0.71	0.71	0	0	0.26
146600	0.26	0.71	0.71	0	0	0.26
146700	0.26	0.71	0.71	0	0	0.26
146800	0.26	0.71	0.71	0	0	0.26
146900	0.26	0.71	0.71	0	0	0.26
147000	0.26	0.71	0.71	0	0	0.26
147100	0.26	0.71	0.71	0	0	0.26
147200	0.26	0.71	0.71	0	0	0.26
147300	0.26	0.71	0.71	0	0	0.26
147400	0.26	0.71	0.71	0	0	0.26
147500	0.26	0.7	0.7	0	0	0.26
147600	0.26	0.7	0.7	0	0	0.26
147700	0.26	0.7	0.7	0	0	0.26
147800	0.26	0.7	0.7	0	0	0.26
147900	0.26	0.7	0.7	0	0	0.26
148000	0.26	0.7	0.7	0	0	0.26
148100	0.26	0.7	0.7	0	0	0.26
148200	0.27	0.7	0.7	0	0	0.27
148300	0.27	0.7	0.7	0	0	0.27
148400	0.26	0.7	0.7	0	0	0.26
148500	0.26	0.7	0.7	0	0	0.26
148600	0.26	0.7	0.7	0	0	0.26
148700	0.25	0.7	0.7	0	0	0.25
148800	0.25	0.7	0.7	0	0	0.25
148900	0.25	0.7	0.7	0	0	0.25
149000	0.25	0.7	0.7	0	0	0.25
149100	0.25	0.7	0.7	0	0	0.25
149200	0.25	0.7	0.7	0	0	0.25
149300	0.25	0.7	0.7	0	0	0.25
149400	0.25	0.7	0.7	0	0	0.25
149500	0.25	0.7	0.7	0	0	0.25
149600	0.25	0.7	0.7	0	0	0.25
149700	0.25	0.7	0.7	0	0	0.25
149800	0.25	0.7	0.7	0	0	0.25
149900	0.25	0.7	0.7	0	0	0.25
150000	0.25	0.7	0.7	0	0	0.25
150100	0.25	0.7	0.7	0	0	0.25
150200	0.24	0.7	0.7	0	0	0.24
150300	0.24	0.7	0.7	0	0	0.24
150400	0.24	0.7	0.7	0	0	0.24
150500	0.24	0.7	0.7	0	0	0.24
150600	0.24	0.7	0.7	0	0	0.24
150700	0.24	0.7	0.7	0	0	0.24
150800	0.24	0.7	0.7	0	0	0.24
150900	0.24	0.7	0.7	0	0	0.24
151000	0.24	0.7	0.7	0	0	0.24
151100	0.25	0.7	0.7	0	0	0.25
151200	0.24	0.7	0.7	0	0	0.24
151300	0.24	0.7	0.7	0	0	0.24
151400	0.24	0.7	0.7	0	0	0.24
151500	0.24	0.7	0.7	0	0	0.24
151600	0.24	0.7	0.7	0	0	0.24
151700	0.24	0.7	0.7	0	0	0.24
151800	0.24	0.7	0.7	0	0	0.24
151900	0.24	0.7	0.7	0	0	0.24
152000	0.25	0.7	0.7	0	0	0.25
152100	0.24	0.69	0.69	0	0	0.24
152200	0.24	0.69	0.69	0	0	0.24
152300	0.24	0.69	0.69	0	0	0.24
152400	0.24	0.69	0.69	0	0	0.24
152500	0.24	0.69	0.69	0	0	0.24
152600	0.24	0.69	0.69	0	0	0.24
152700	0.24	0.69	0.69	0	0	0.24
152800	0.24	0.69	0.69	0	0	0.24
152900	0.23	0.69	0.69	0	0	0.23
153000	0.23	0.69	0.69	0	0	0.23
153100	0.22	0.69	0.69	0	0	0.22
153200	0.22	0.69	0.69	0	0	0.22
153300	0.22	0.69	0.69	0	0	0.22
153400	0.22	0.69	0.69	0	0	0.22
153500	0.22	0.69	0.69	0	0	0.22
153600	0.22	0.69	0.69	0	0	0.22
153700	0.22	0.69	0.69	0	0	0.22
153800	0.22	0.69	0.69	0	0	0.22
153900	0.22	0.69	0.69	0	0	0.22
154000	0.22	0.69	0.69	0	0	0.22
154100	0.23	0.69	0.69	0	0	0.23
154200	0.23	0.69	0.69	0	0	0.23
154300	0.23	0.69	0.69	0	0	0.23
154400	0.24	0.69	0.69	0	0	0.24
154500	0.24	0.69	0.69	0	0	0.24
154600	0.24	0.69	0.69	0	0	0.24
154700	0.24	0.69	0.69	0	0	0.24
154800	0.24	0.69	0.69	0	0	0.24
154900	0.24	0.69	0.69	0	0	0.24
155000	0.24	0.69	0.69	0	0	0.24
155100	0.24	0.69	0.69	0	0	0.24
155200	0.24	0.69	0.69	0	0	0.24
155300	0.24	0.69	0.69	0	0	0.24
155400	0.24	0.69	0.69	0	0	0.24
155500	0.24	0.69	0.69	0	0	0.24
155600	0.24	0.69	0.69	0	0	0.24
155700	0.24	0.69	0.69	0	0	0.24
155800	0.23	0.69	0.69	0	0	0.23
155900	0.23	0.7	0.7	0	0	0.23
156000	0.23	0.7	0.7	0	0	0.23
156100	0.23	0.7	0.7	0	0	0.23
156200	0.23	0.7	0.7	0	0	0.23
