100	0.03	0.11	0.11	0	0	0.03
200	0.03	0.12	0.12	0	0	0.03
300	0.03	0.08	0.08	0	0	0.03
400	0.03	0.04	0.04	0	0	0.03
500	0.02	0.03	0.03	0	0	0.02
600	0.03	0.04	0.04	0	0	0.03
700	0.04	0.02	0.02	0	0	0.04
800	0.04	0.04	0.04	0	0	0.04
900	0.04	0.04	0.04	0	0	0.04
1000	0.03	0.04	0.04	0	0	0.03
1100	0.03	0.06	0.06	0	0	0.03
1200	0.03	0.05	0.05	0	0	0.03
1300	0.03	0.07	0.07	0	0	0.03
1400	0.03	0.07	0.07	0	0	0.03
1500	0.03	0.07	0.07	0	0	0.03
1600	0.03	0.05	0.05	0	0	0.03
1700	0.05	0.06	0.06	0	0	0.05
1800	0.05	0.06	0.06	0	0	0.05
1900	0.05	0.08	0.08	0	0	0.05
2000	0.04	0.08	0.08	0	0	0.04
2100	0.04	0.1	0.1	0	0	0.04
2200	0.04	0.11	0.11	0	0	0.04
2300	0.05	0.12	0.12	0	0	0.05
2400	0.04	0.13	0.13	0	0	0.04
2500	0.04	0.13	0.13	0	0	0.04
2600	0.04	0.13	0.13	0	0	0.04
2700	0.04	0.14	0.14	0	0	0.04
2800	0.06	0.13	0.13	0	0	0.06
2900	0.06	0.14	0.14	0	0	0.06
3000	0.06	0.14	0.14	0	0	0.06
3100	0.06	0.15	0.15	0	0	0.06
3200	0.07	0.14	0.14	0	0	0.07
3300	0.07	0.12	0.12	0	0	0.07
3400	0.09	0.14	0.14	0	0	0.09
3500	0.1	0.14	0.14	0	0	0.1
3600	0.09	0.13	0.13	0	0	0.09
3700	0.1	0.13	0.13	0	0	0.1
3800	0.08	0.13	0.13	0	0	0.08
3900	0.07	0.12	0.12	0	0	0.07
4000	0.06	0.11	0.11	0	0	0.06
4100	0.06	0.14	0.14	0	0	0.06
4200	0.06	0.15	0.15	0	0	0.06
4300	0.07	0.17	0.17	0	0	0.07
4400	0.08	0.16	0.16	0	0	0.08
4500	0.07	0.16	0.16	0	0	0.07
4600	0.09	0.16	0.16	0	0	0.09
4700	0.08	0.16	0.16	0	0	0.08
4800	0.08	0.17	0.17	0	0	0.08
4900	0.06	0.18	0.18	0	0	0.06
5000	0.05	0.19	0.19	0	0	0.05
5100	0.05	0.17	0.17	0	0	0.05
5200	0.05	0.17	0.17	0	0	0.05
5300	0.05	0.2	0.2	0	0	0.05
5400	0.06	0.21	0.21	0	0	0.06
5500	0.06	0.23	0.23	0	0	0.06
5600	0.06	0.23	0.23	0	0	0.06
5700	0.06	0.24	0.24	0	0	0.06
5800	0.06	0.25	0.25	0	0	0.06
5900	0.07	0.25	0.25	0	0	0.07
6000	0.07	0.24	0.24	0	0	0.07
6100	0.07	0.23	0.23	0	0	0.07
6200	0.07	0.25	0.25	0	0	0.07
6300	0.06	0.26	0.26	0	0	0.06
6400	0.07	0.26	0.26	0	0	0.07
6500	0.08	0.25	0.25	0	0	0.08
6600	0.07	0.24	0.24	0	0	0.07
6700	0.08	0.24	0.24	0	0	0.08
6800	0.08	0.25	0.25	0	0	0.08
6900	0.07	0.25	0.25	0	0	0.07
7000	0.07	0.26	0.26	0	0	0.07
7100	0.07	0.28	0.28	0	0	0.07
7200	0.07	0.31	0.31	0	0	0.07
7300	0.08	0.31	0.31	0	0	0.08
7400	0.08	0.28	0.28	0	0	0.08
7500	0.08	0.27	0.27	0	0	0.08
7600	0.07	0.27	0.27	0	0	0.07
7700	0.07	0.27	0.27	0	0	0.07
7800	0.07	0.28	0.28	0	0	0.07
7900	0.08	0.29	0.29	0	0	0.08
8000	0.08	0.3	0.3	0	0	0.08
8100	0.08	0.3	0.3	0	0	0.08
8200	0.08	0.29	0.29	0	0	0.08
8300	0.08	0.29	0.29	0	0	0.08
8400	0.08	0.28	0.28	0	0	0.08
8500	0.08	0.3	0.3	0	0	0.08
8600	0.07	0.3	0.3	0	0	0.07
8700	0.07	0.31	0.31	0	0	0.07
8800	0.07	0.29	0.29	0	0	0.07
8900	0.07	0.28	0.28	0	0	0.07
9000	0.07	0.29	0.29	0	0	0.07
9100	0.07	0.29	0.29	0	0	0.07
9200	0.08	0.3	0.3	0	0	0.08
9300	0.09	0.29	0.29	0	0	0.09
9400	0.09	0.3	0.3	0	0	0.09
9500	0.08	0.3	0.3	0	0	0.08
9600	0.08	0.31	0.31	0	0	0.08
9700	0.08	0.31	0.31	0	0	0.08
9800	0.08	0.31	0.31	0	0	0.08
9900	0.08	0.3	0.3	0	0	0.08
10000	0.09	0.28	0.28	0	0	0.09
10100	0.1	0.29	0.29	0	0	0.1
10200	0.1	0.29	0.29	0	0	0.1
10300	0.09	0.29	0.29	0	0	0.09
10400	0.09	0.28	0.28	0	0	0.09
10500	0.1	0.28	0.28	0	0	0.1
10600	0.1	0.29	0.29	0	0	0.1
10700	0.1	0.3	0.3	0	0	0.1
10800	0.1	0.3	0.3	0	0	0.1
10900	0.1	0.3	0.3	0	0	0.1
11000	0.1	0.32	0.32	0	0	0.1
11100	0.08	0.32	0.32	0	0	0.08
11200	0.08	0.32	0.32	0	0	0.08
11300	0.07	0.32	0.32	0	0	0.07
11400	0.08	0.32	0.32	0	0	0.08
11500	0.09	0.31	0.31	0	0	0.09
11600	0.08	0.3	0.3	0	0	0.08
11700	0.08	0.3	0.3	0	0	0.08
11800	0.07	0.31	0.31	0	0	0.07
11900	0.07	0.32	0.32	0	0	0.07
12000	0.07	0.32	0.32	0	0	0.07
12100	0.07	0.32	0.32	0	0	0.07
12200	0.07	0.32	0.32	0	0	0.07
12300	0.07	0.33	0.33	0	0	0.07
12400	0.07	0.33	0.33	0	0	0.07
12500	0.07	0.33	0.33	0	0	0.07
12600	0.07	0.33	0.33	0	0	0.07
12700	0.07	0.33	0.33	0	0	0.07
12800	0.07	0.34	0.34	0	0	0.07
12900	0.07	0.33	0.33	0	0	0.07
13000	0.08	0.33	0.33	0	0	0.08
13100	0.08	0.33	0.33	0	0	0.08
13200	0.09	0.34	0.34	0	0	0.09
13300	0.09	0.35	0.35	0	0	0.09
13400	0.1	0.35	0.35	0	0	0.1
13500	0.09	0.35	0.35	0	0	0.09
13600	0.1	0.36	0.36	0	0	0.1
13700	0.1	0.35	0.35	0	0	0.1
13800	0.09	0.35	0.35	0	0	0.09
13900	0.09	0.35	0.35	0	0	0.09
14000	0.09	0.36	0.36	0	0	0.09
14100	0.09	0.38	0.38	0	0	0.09
14200	0.09	0.39	0.39	0	0	0.09
14300	0.08	0.39	0.39	0	0	0.08
14400	0.08	0.38	0.38	0	0	0.08
14500	0.08	0.39	0.39	0	0	0.08
14600	0.08	0.39	0.39	0	0	0.08
14700	0.08	0.39	0.39	0	0	0.08
14800	0.09	0.39	0.39	0	0	0.09
14900	0.1	0.39	0.39	0	0	0.1
15000	0.1	0.41	0.41	0	0	0.1
15100	0.09	0.41	0.41	0	0	0.09
15200	0.08	0.41	0.41	0	0	0.08
15300	0.08	0.41	0.41	0	0	0.08
15400	0.08	0.41	0.41	0	0	0.08
15500	0.08	0.41	0.41	0	0	0.08
15600	0.08	0.41	0.41	0	0	0.08
15700	0.09	0.43	0.43	0	0	0.09
15800	0.1	0.43	0.43	0	0	0.1
15900	0.11	0.42	0.42	0	0	0.11
16000	0.12	0.42	0.42	0	0	0.12
16100	0.12	0.43	0.43	0	0	0.12
16200	0.11	0.43	0.43	0	0	0.11
16300	0.09	0.44	0.44	0	0	0.09
16400	0.08	0.44	0.44	0	0	0.08
16500	0.08	0.44	0.44	0	0	0.08
16600	0.07	0.44	0.44	0	0	0.07
16700	0.08	0.43	0.43	0	0	0.08
16800	0.08	0.43	0.43	0	0	0.08
16900	0.08	0.43	0.43	0	0	0.08
17000	0.08	0.44	0.44	0	0	0.08
17100	0.08	0.44	0.44	0	0	0.08
17200	0.07	0.44	0.44	0	0	0.07
17300	0.07	0.44	0.44	0	0	0.07
17400	0.07	0.43	0.43	0	0	0.07
17500	0.07	0.43	0.43	0	0	0.07
17600	0.07	0.44	0.44	0	0	0.07
17700	0.07	0.45	0.45	0	0	0.07
17800	0.08	0.45	0.45	0	0	0.08
17900	0.08	0.47	0.47	0	0	0.08
18000	0.07	0.47	0.47	0	0	0.07
18100	0.07	0.47	0.47	0	0	0.07
18200	0.07	0.47	0.47	0	0	0.07
18300	0.09	0.47	0.47	0	0	0.09
18400	0.09	0.48	0.48	0	0	0.09
18500	0.09	0.48	0.48	0	0	0.09
18600	0.09	0.48	0.48	0	0	0.09
18700	0.09	0.48	0.48	0	0	0.09
18800	0.08	0.47	0.47	0	0	0.08
18900	0.08	0.47	0.47	0	0	0.08
19000	0.08	0.47	0.47	0	0	0.08
19100	0.09	0.47	0.47	0	0	0.09
19200	0.09	0.48	0.48	0	0	0.09
19300	0.09	0.48	0.48	0	0	0.09
19400	0.09	0.48	0.48	0	0	0.09
19500	0.09	0.48	0.48	0	0	0.09
19600	0.09	0.48	0.48	0	0	0.09
19700	0.09	0.49	0.49	0	0	0.09
19800	0.09	0.48	0.48	0	0	0.09
19900	0.09	0.49	0.49	0	0	0.09
20000	0.1	0.5	0.5	0	0	0.1
20100	0.11	0.5	0.5	0	0	0.11
20200	0.11	0.5	0.5	0	0	0.11
20300	0.11	0.5	0.5	0	0	0.11
20400	0.11	0.5	0.5	0	0	0.11
20500	0.1	0.5	0.5	0	0	0.1
20600	0.1	0.5	0.5	0	0	0.1
20700	0.1	0.5	0.5	0	0	0.1
20800	0.09	0.51	0.51	0	0	0.09
20900	0.09	0.52	0.52	0	0	0.09
21000	0.09	0.52	0.52	0	0	0.09
21100	0.09	0.52	0.52	0	0	0.09
21200	0.09	0.52	0.52	0	0	0.09
21300	0.09	0.52	0.52	0	0	0.09
21400	0.09	0.52	0.52	0	0	0.09
21500	0.09	0.51	0.51	0	0	0.09
21600	0.09	0.51	0.51	0	0	0.09
21700	0.09	0.51	0.51	0	0	0.09
21800	0.1	0.52	0.52	0	0	0.1
21900	0.1	0.53	0.53	0	0	0.1
22000	0.11	0.53	0.53	0	0	0.11
22100	0.1	0.53	0.53	0	0	0.1
22200	0.1	0.53	0.53	0	0	0.1
22300	0.1	0.53	0.53	0	0	0.1
22400	0.1	0.53	0.53	0	0	0.1
22500	0.11	0.54	0.54	0	0	0.11
22600	0.11	0.54	0.54	0	0	0.11
22700	0.11	0.53	0.53	0	0	0.11
22800	0.11	0.54	0.54	0	0	0.11
22900	0.11	0.54	0.54	0	0	0.11
23000	0.12	0.54	0.54	0	0	0.12
23100	0.13	0.54	0.54	0	0	0.13
23200	0.1	0.55	0.55	0	0	0.1
23300	0.1	0.54	0.54	0	0	0.1
23400	0.09	0.55	0.55	0	0	0.09
23500	0.1	0.55	0.55	0	0	0.1
23600	0.11	0.55	0.55	0	0	0.11
23700	0.1	0.55	0.55	0	0	0.1
23800	0.09	0.55	0.55	0	0	0.09
23900	0.08	0.55	0.55	0	0	0.08
24000	0.07	0.55	0.55	0	0	0.07
24100	0.08	0.55	0.55	0	0	0.08
24200	0.05	0.55	0.55	0	0	0.05
24300	0.05	0.54	0.54	0	0	0.05
24400	0.05	0.55	0.55	0	0	0.05
24500	0.05	0.55	0.55	0	0	0.05
24600	0.05	0.55	0.55	0	0	0.05
24700	0.06	0.55	0.55	0	0	0.06
24800	0.07	0.55	0.55	0	0	0.07
24900	0.07	0.55	0.55	0	0	0.07
25000	0.06	0.55	0.55	0	0	0.06
25100	0.08	0.55	0.55	0	0	0.08
25200	0.08	0.55	0.55	0	0	0.08
25300	0.09	0.56	0.56	0	0	0.09
25400	0.08	0.56	0.56	0	0	0.08
25500	0.08	0.55	0.55	0	0	0.08
25600	0.07	0.55	0.55	0	0	0.07
25700	0.07	0.55	0.55	0	0	0.07
25800	0.07	0.55	0.55	0	0	0.07
25900	0.08	0.55	0.55	0	0	0.08
26000	0.09	0.55	0.55	0	0	0.09
26100	0.09	0.55	0.55	0	0	0.09
26200	0.09	0.55	0.55	0	0	0.09
26300	0.09	0.55	0.55	0	0	0.09
26400	0.08	0.55	0.55	0	0	0.08
26500	0.08	0.55	0.55	0	0	0.08
26600	0.08	0.55	0.55	0	0	0.08
26700	0.08	0.55	0.55	0	0	0.08
26800	0.08	0.56	0.56	0	0	0.08
26900	0.09	0.57	0.57	0	0	0.09
27000	0.09	0.57	0.57	0	0	0.09
27100	0.09	0.58	0.58	0	0	0.09
27200	0.08	0.58	0.58	0	0	0.08
27300	0.08	0.58	0.58	0	0	0.08
27400	0.07	0.58	0.58	0	0	0.07
27500	0.08	0.58	0.58	0	0	0.08
27600	0.08	0.58	0.58	0	0	0.08
27700	0.08	0.59	0.59	0	0	0.08
27800	0.07	0.59	0.59	0	0	0.07
27900	0.07	0.59	0.59	0	0	0.07
28000	0.07	0.59	0.59	0	0	0.07
28100	0.07	0.59	0.59	0	0	0.07
28200	0.08	0.59	0.59	0	0	0.08
28300	0.09	0.59	0.59	0	0	0.09
28400	0.09	0.58	0.58	0	0	0.09
28500	0.1	0.58	0.58	0	0	0.1
28600	0.11	0.58	0.58	0	0	0.11
28700	0.11	0.58	0.58	0	0	0.11
28800	0.12	0.58	0.58	0	0	0.12
28900	0.12	0.58	0.58	0	0	0.12
29000	0.12	0.58	0.58	0	0	0.12
29100	0.14	0.58	0.58	0	0	0.14
29200	0.13	0.58	0.58	0	0	0.13
29300	0.12	0.58	0.58	0	0	0.12
29400	0.13	0.58	0.58	0	0	0.13
29500	0.13	0.58	0.58	0	0	0.13
29600	0.13	0.58	0.58	0	0	0.13
29700	0.13	0.58	0.58	0	0	0.13
29800	0.13	0.58	0.58	0	0	0.13
29900	0.13	0.58	0.58	0	0	0.13
30000	0.11	0.58	0.58	0	0	0.11
30100	0.11	0.58	0.58	0	0	0.11
30200	0.11	0.59	0.59	0	0	0.11
30300	0.11	0.59	0.59	0	0	0.11
30400	0.11	0.59	0.59	0	0	0.11
30500	0.11	0.6	0.6	0	0	0.11
30600	0.11	0.61	0.61	0	0	0.11
30700	0.1	0.6	0.6	0	0	0.1
30800	0.1	0.6	0.6	0	0	0.1
30900	0.1	0.6	0.6	0	0	0.1
31000	0.11	0.6	0.6	0	0	0.11
31100	0.1	0.6	0.6	0	0	0.1
31200	0.1	0.6	0.6	0	0	0.1
31300	0.1	0.6	0.6	0	0	0.1
31400	0.1	0.6	0.6	0	0	0.1
31500	0.1	0.61	0.61	0	0	0.1
31600	0.09	0.61	0.61	0	0	0.09
31700	0.1	0.61	0.61	0	0	0.1
31800	0.1	0.61	0.61	0	0	0.1
31900	0.07	0.61	0.61	0	0	0.07
32000	0.08	0.61	0.61	0	0	0.08
32100	0.08	0.61	0.61	0	0	0.08
32200	0.08	0.61	0.61	0	0	0.08
32300	0.08	0.61	0.61	0	0	0.08
32400	0.08	0.61	0.61	0	0	0.08
32500	0.08	0.62	0.62	0	0	0.08
32600	0.08	0.62	0.62	0	0	0.08
32700	0.09	0.62	0.62	0	0	0.09
32800	0.08	0.62	0.62	0	0	0.08
32900	0.08	0.63	0.63	0	0	0.08
33000	0.08	0.63	0.63	0	0	0.08
33100	0.08	0.63	0.63	0	0	0.08
33200	0.09	0.63	0.63	0	0	0.09
33300	0.09	0.63	0.63	0	0	0.09
33400	0.09	0.63	0.63	0	0	0.09
33500	0.09	0.63	0.63	0	0	0.09
33600	0.08	0.63	0.63	0	0	0.08
33700	0.08	0.63	0.63	0	0	0.08
33800	0.1	0.63	0.63	0	0	0.1
33900	0.1	0.63	0.63	0	0	0.1
34000	0.1	0.63	0.63	0	0	0.1
34100	0.1	0.63	0.63	0	0	0.1
34200	0.11	0.63	0.63	0	0	0.11
34300	0.1	0.63	0.63	0	0	0.1
34400	0.1	0.63	0.63	0	0	0.1
34500	0.09	0.63	0.63	0	0	0.09
34600	0.08	0.63	0.63	0	0	0.08
34700	0.09	0.63	0.63	0	0	0.09
34800	0.09	0.63	0.63	0	0	0.09
34900	0.1	0.63	0.63	0	0	0.1
35000	0.09	0.62	0.62	0	0	0.09
35100	0.09	0.62	0.62	0	0	0.09
35200	0.09	0.62	0.62	0	0	0.09
35300	0.09	0.62	0.62	0	0	0.09
35400	0.08	0.62	0.62	0	0	0.08
35500	0.08	0.62	0.62	0	0	0.08
35600	0.1	0.63	0.63	0	0	0.1
35700	0.11	0.63	0.63	0	0	0.11
35800	0.1	0.63	0.63	0	0	0.1
35900	0.1	0.63	0.63	0	0	0.1
36000	0.09	0.63	0.63	0	0	0.09
36100	0.09	0.63	0.63	0	0	0.09
36200	0.09	0.63	0.63	0	0	0.09
36300	0.09	0.63	0.63	0	0	0.09
36400	0.09	0.63	0.63	0	0	0.09
36500	0.09	0.63	0.63	0	0	0.09
36600	0.1	0.63	0.63	0	0	0.1
36700	0.1	0.63	0.63	0	0	0.1
36800	0.11	0.63	0.63	0	0	0.11
36900	0.1	0.63	0.63	0	0	0.1
37000	0.1	0.63	0.63	0	0	0.1
37100	0.1	0.63	0.63	0	0	0.1
37200	0.1	0.63	0.63	0	0	0.1
37300	0.1	0.63	0.63	0	0	0.1
37400	0.1	0.64	0.64	0	0	0.1
37500	0.08	0.64	0.64	0	0	0.08
37600	0.08	0.64	0.64	0	0	0.08
37700	0.08	0.64	0.64	0	0	0.08
37800	0.08	0.64	0.64	0	0	0.08
37900	0.09	0.64	0.64	0	0	0.09
38000	0.09	0.64	0.64	0	0	0.09
38100	0.09	0.65	0.65	0	0	0.09
38200	0.09	0.65	0.65	0	0	0.09
38300	0.08	0.64	0.64	0	0	0.08
38400	0.08	0.64	0.64	0	0	0.08
38500	0.08	0.65	0.65	0	0	0.08
38600	0.08	0.65	0.65	0	0	0.08
38700	0.08	0.65	0.65	0	0	0.08
38800	0.08	0.65	0.65	0	0	0.08
38900	0.08	0.65	0.65	0	0	0.08
39000	0.09	0.65	0.65	0	0	0.09
39100	0.09	0.65	0.65	0	0	0.09
39200	0.09	0.65	0.65	0	0	0.09
39300	0.11	0.65	0.65	0	0	0.11
39400	0.12	0.65	0.65	0	0	0.12
39500	0.12	0.65	0.65	0	0	0.12
39600	0.11	0.65	0.65	0	0	0.11
39700	0.1	0.65	0.65	0	0	0.1
39800	0.1	0.65	0.65	0	0	0.1
39900	0.1	0.65	0.65	0	0	0.1
40000	0.1	0.65	0.65	0	0	0.1
40100	0.11	0.65	0.65	0	0	0.11
40200	0.1	0.65	0.65	0	0	0.1
40300	0.1	0.66	0.66	0	0	0.1
40400	0.11	0.66	0.66	0	0	0.11
40500	0.1	0.66	0.66	0	0	0.1
40600	0.1	0.66	0.66	0	0	0.1
40700	0.11	0.66	0.66	0	0	0.11
40800	0.1	0.66	0.66	0	0	0.1
40900	0.1	0.66	0.66	0	0	0.1
41000	0.1	0.66	0.66	0	0	0.1
41100	0.09	0.66	0.66	0	0	0.09
41200	0.1	0.66	0.66	0	0	0.1
41300	0.1	0.66	0.66	0	0	0.1
41400	0.1	0.66	0.66	0	0	0.1
41500	0.1	0.66	0.66	0	0	0.1
41600	0.11	0.67	0.67	0	0	0.11
41700	0.1	0.67	0.67	0	0	0.1
41800	0.1	0.67	0.67	0	0	0.1
41900	0.08	0.67	0.67	0	0	0.08
42000	0.07	0.67	0.67	0	0	0.07
42100	0.07	0.67	0.67	0	0	0.07
42200	0.07	0.67	0.67	0	0	0.07
42300	0.09	0.67	0.67	0	0	0.09
42400	0.08	0.67	0.67	0	0	0.08
42500	0.08	0.67	0.67	0	0	0.08
42600	0.08	0.67	0.67	0	0	0.08
42700	0.06	0.67	0.67	0	0	0.06
42800	0.06	0.67	0.67	0	0	0.06
42900	0.06	0.67	0.67	0	0	0.06
43000	0.06	0.67	0.67	0	0	0.06
43100	0.06	0.67	0.67	0	0	0.06
43200	0.06	0.67	0.67	0	0	0.06
43300	0.07	0.67	0.67	0	0	0.07
43400	0.08	0.67	0.67	0	0	0.08
43500	0.09	0.67	0.67	0	0	0.09
43600	0.1	0.67	0.67	0	0	0.1
43700	0.09	0.67	0.67	0	0	0.09
43800	0.09	0.67	0.67	0	0	0.09
43900	0.1	0.67	0.67	0	0	0.1
44000	0.11	0.67	0.67	0	0	0.11
44100	0.11	0.67	0.67	0	0	0.11
44200	0.1	0.67	0.67	0	0	0.1
44300	0.1	0.67	0.67	0	0	0.1
44400	0.09	0.67	0.67	0	0	0.09
44500	0.09	0.67	0.67	0	0	0.09
44600	0.09	0.67	0.67	0	0	0.09
44700	0.09	0.67	0.67	0	0	0.09
44800	0.08	0.66	0.66	0	0	0.08
44900	0.08	0.66	0.66	0	0	0.08
45000	0.08	0.66	0.66	0	0	0.08
45100	0.09	0.66	0.66	0	0	0.09
45200	0.08	0.66	0.66	0	0	0.08
45300	0.08	0.66	0.66	0	0	0.08
45400	0.08	0.66	0.66	0	0	0.08
45500	0.08	0.66	0.66	0	0	0.08
45600	0.09	0.66	0.66	0	0	0.09
45700	0.09	0.65	0.65	0	0	0.09
45800	0.1	0.65	0.65	0	0	0.1
45900	0.09	0.65	0.65	0	0	0.09
46000	0.09	0.65	0.65	0	0	0.09
46100	0.1	0.65	0.65	0	0	0.1
46200	0.12	0.65	0.65	0	0	0.12
46300	0.1	0.65	0.65	0	0	0.1
46400	0.1	0.65	0.65	0	0	0.1
46500	0.11	0.65	0.65	0	0	0.11
46600	0.09	0.65	0.65	0	0	0.09
46700	0.09	0.65	0.65	0	0	0.09
46800	0.09	0.64	0.64	0	0	0.09
46900	0.09	0.64	0.64	0	0	0.09
47000	0.08	0.64	0.64	0	0	0.08
47100	0.09	0.64	0.64	0	0	0.09
47200	0.1	0.64	0.64	0	0	0.1
47300	0.11	0.65	0.65	0	0	0.11
47400	0.11	0.65	0.65	0	0	0.11
47500	0.11	0.65	0.65	0	0	0.11
47600	0.1	0.65	0.65	0	0	0.1
47700	0.11	0.65	0.65	0	0	0.11
47800	0.1	0.65	0.65	0	0	0.1
47900	0.09	0.65	0.65	0	0	0.09
48000	0.08	0.65	0.65	0	0	0.08
48100	0.08	0.65	0.65	0	0	0.08
48200	0.08	0.65	0.65	0	0	0.08
48300	0.08	0.65	0.65	0	0	0.08
48400	0.08	0.65	0.65	0	0	0.08
48500	0.08	0.65	0.65	0	0	0.08
48600	0.09	0.65	0.65	0	0	0.09
48700	0.09	0.65	0.65	0	0	0.09
48800	0.09	0.65	0.65	0	0	0.09
48900	0.09	0.65	0.65	0	0	0.09
49000	0.09	0.65	0.65	0	0	0.09
49100	0.09	0.65	0.65	0	0	0.09
49200	0.09	0.65	0.65	0	0	0.09
49300	0.09	0.65	0.65	0	0	0.09
49400	0.09	0.65	0.65	0	0	0.09
49500	0.09	0.65	0.65	0	0	0.09
49600	0.09	0.65	0.65	0	0	0.09
49700	0.11	0.65	0.65	0	0	0.11
49800	0.11	0.65	0.65	0	0	0.11
49900	0.1	0.65	0.65	0	0	0.1
50000	0.1	0.65	0.65	0	0	0.1
50100	0.09	0.65	0.65	0	0	0.09
50200	0.1	0.65	0.65	0	0	0.1
50300	0.1	0.66	0.66	0	0	0.1
50400	0.1	0.66	0.66	0	0	0.1
50500	0.1	0.66	0.66	0	0	0.1
50600	0.11	0.66	0.66	0	0	0.11
50700	0.1	0.66	0.66	0	0	0.1
50800	0.1	0.66	0.66	0	0	0.1
50900	0.11	0.66	0.66	0	0	0.11
51000	0.12	0.66	0.66	0	0	0.12
51100	0.14	0.66	0.66	0	0	0.14
51200	0.13	0.66	0.66	0	0	0.13
51300	0.13	0.66	0.66	0	0	0.13
51400	0.13	0.66	0.66	0	0	0.13
51500	0.13	0.66	0.66	0	0	0.13
51600	0.12	0.66	0.66	0	0	0.12
51700	0.12	0.66	0.66	0	0	0.12
51800	0.11	0.66	0.66	0	0	0.11
51900	0.12	0.66	0.66	0	0	0.12
52000	0.12	0.66	0.66	0	0	0.12
52100	0.12	0.66	0.66	0	0	0.12
52200	0.12	0.67	0.67	0	0	0.12
52300	0.12	0.67	0.67	0	0	0.12
52400	0.12	0.67	0.67	0	0	0.12
52500	0.12	0.67	0.67	0	0	0.12
52600	0.13	0.67	0.67	0	0	0.13
52700	0.14	0.67	0.67	0	0	0.14
52800	0.13	0.67	0.67	0	0	0.13
52900	0.14	0.67	0.67	0	0	0.14
53000	0.13	0.67	0.67	0	0	0.13
53100	0.14	0.67	0.67	0	0	0.14
53200	0.14	0.67	0.67	0	0	0.14
53300	0.13	0.67	0.67	0	0	0.13
53400	0.13	0.67	0.67	0	0	0.13
53500	0.13	0.67	0.67	0	0	0.13
53600	0.13	0.67	0.67	0	0	0.13
53700	0.13	0.67	0.67	0	0	0.13
53800	0.13	0.67	0.67	0	0	0.13
53900	0.13	0.67	0.67	0	0	0.13
54000	0.13	0.67	0.67	0	0	0.13
54100	0.13	0.67	0.67	0	0	0.13
54200	0.13	0.67	0.67	0	0	0.13
54300	0.14	0.67	0.67	0	0	0.14
54400	0.14	0.67	0.67	0	0	0.14
54500	0.14	0.67	0.67	0	0	0.14
54600	0.14	0.67	0.67	0	0	0.14
54700	0.14	0.67	0.67	0	0	0.14
54800	0.13	0.67	0.67	0	0	0.13
54900	0.13	0.67	0.67	0	0	0.13
55000	0.13	0.67	0.67	0	0	0.13
55100	0.13	0.67	0.67	0	0	0.13
55200	0.13	0.67	0.67	0	0	0.13
55300	0.13	0.67	0.67	0	0	0.13
55400	0.14	0.67	0.67	0	0	0.14
55500	0.14	0.67	0.67	0	0	0.14
55600	0.14	0.67	0.67	0	0	0.14
55700	0.14	0.67	0.67	0	0	0.14
55800	0.14	0.68	0.68	0	0	0.14
55900	0.14	0.68	0.68	0	0	0.14
56000	0.14	0.68	0.68	0	0	0.14
56100	0.14	0.68	0.68	0	0	0.14
56200	0.15	0.68	0.68	0	0	0.15
56300	0.15	0.68	0.68	0	0	0.15
56400	0.15	0.68	0.68	0	0	0.15
56500	0.15	0.68	0.68	0	0	0.15
56600	0.15	0.68	0.68	0	0	0.15
56700	0.16	0.68	0.68	0	0	0.16
56800	0.16	0.68	0.68	0	0	0.16
56900	0.16	0.68	0.68	0	0	0.16
57000	0.16	0.68	0.68	0	0	0.16
57100	0.16	0.69	0.69	0	0	0.16
57200	0.17	0.69	0.69	0	0	0.17
57300	0.15	0.68	0.68	0	0	0.15
57400	0.15	0.68	0.68	0	0	0.15
57500	0.15	0.68	0.68	0	0	0.15
57600	0.16	0.68	0.68	0	0	0.16
57700	0.16	0.68	0.68	0	0	0.16
57800	0.16	0.68	0.68	0	0	0.16
57900	0.16	0.68	0.68	0	0	0.16
58000	0.15	0.67	0.67	0	0	0.15
58100	0.15	0.67	0.67	0	0	0.15
58200	0.15	0.67	0.67	0	0	0.15
58300	0.15	0.67	0.67	0	0	0.15
58400	0.15	0.67	0.67	0	0	0.15
58500	0.15	0.67	0.67	0	0	0.15
58600	0.15	0.67	0.67	0	0	0.15
58700	0.16	0.67	0.67	0	0	0.16
58800	0.17	0.67	0.67	0	0	0.17
58900	0.17	0.67	0.67	0	0	0.17
59000	0.16	0.67	0.67	0	0	0.16
59100	0.16	0.67	0.67	0	0	0.16
59200	0.16	0.67	0.67	0	0	0.16
59300	0.16	0.67	0.67	0	0	0.16
59400	0.17	0.67	0.67	0	0	0.17
59500	0.17	0.67	0.67	0	0	0.17
59600	0.18	0.67	0.67	0	0	0.18
59700	0.17	0.67	0.67	0	0	0.17
59800	0.17	0.67	0.67	0	0	0.17
59900	0.17	0.67	0.67	0	0	0.17
60000	0.17	0.67	0.67	0	0	0.17
60100	0.17	0.67	0.67	0	0	0.17
60200	0.19	0.67	0.67	0	0	0.19
60300	0.18	0.67	0.67	0	0	0.18
60400	0.16	0.67	0.67	0	0	0.16
60500	0.15	0.67	0.67	0	0	0.15
60600	0.15	0.67	0.67	0	0	0.15
60700	0.14	0.67	0.67	0	0	0.14
60800	0.14	0.67	0.67	0	0	0.14
60900	0.14	0.67	0.67	0	0	0.14
61000	0.14	0.67	0.67	0	0	0.14
61100	0.14	0.67	0.67	0	0	0.14
61200	0.15	0.67	0.67	0	0	0.15
61300	0.15	0.67	0.67	0	0	0.15
61400	0.16	0.67	0.67	0	0	0.16
61500	0.16	0.67	0.67	0	0	0.16
61600	0.15	0.67	0.67	0	0	0.15
61700	0.15	0.67	0.67	0	0	0.15
61800	0.16	0.67	0.67	0	0	0.16
61900	0.16	0.67	0.67	0	0	0.16
62000	0.17	0.67	0.67	0	0	0.17
62100	0.17	0.67	0.67	0	0	0.17
62200	0.17	0.67	0.67	0	0	0.17
62300	0.17	0.67	0.67	0	0	0.17
62400	0.17	0.67	0.67	0	0	0.17
62500	0.16	0.67	0.67	0	0	0.16
62600	0.16	0.67	0.67	0	0	0.16
62700	0.16	0.67	0.67	0	0	0.16
62800	0.16	0.67	0.67	0	0	0.16
62900	0.17	0.67	0.67	0	0	0.17
63000	0.17	0.67	0.67	0	0	0.17
63100	0.17	0.67	0.67	0	0	0.17
63200	0.17	0.67	0.67	0	0	0.17
63300	0.17	0.67	0.67	0	0	0.17
63400	0.17	0.67	0.67	0	0	0.17
63500	0.17	0.67	0.67	0	0	0.17
63600	0.17	0.67	0.67	0	0	0.17
63700	0.18	0.67	0.67	0	0	0.18
63800	0.18	0.67	0.67	0	0	0.18
63900	0.18	0.67	0.67	0	0	0.18
64000	0.18	0.67	0.67	0	0	0.18
64100	0.18	0.67	0.67	0	0	0.18
64200	0.17	0.67	0.67	0	0	0.17
64300	0.17	0.67	0.67	0	0	0.17
64400	0.18	0.67	0.67	0	0	0.18
64500	0.17	0.67	0.67	0	0	0.17
64600	0.17	0.67	0.67	0	0	0.17
64700	0.17	0.67	0.67	0	0	0.17
64800	0.17	0.67	0.67	0	0	0.17
64900	0.18	0.67	0.67	0	0	0.18
65000	0.18	0.67	0.67	0	0	0.18
65100	0.18	0.67	0.67	0	0	0.18
65200	0.18	0.67	0.67	0	0	0.18
65300	0.18	0.67	0.67	0	0	0.18
65400	0.18	0.67	0.67	0	0	0.18
65500	0.18	0.67	0.67	0	0	0.18
65600	0.18	0.67	0.67	0	0	0.18
65700	0.18	0.66	0.66	0	0	0.18
65800	0.18	0.66	0.66	0	0	0.18
65900	0.18	0.66	0.66	0	0	0.18
66000	0.18	0.66	0.66	0	0	0.18
66100	0.19	0.66	0.66	0	0	0.19
66200	0.19	0.66	0.66	0	0	0.19
66300	0.19	0.66	0.66	0	0	0.19
66400	0.18	0.66	0.66	0	0	0.18
66500	0.17	0.66	0.66	0	0	0.17
66600	0.16	0.67	0.67	0	0	0.16
66700	0.16	0.66	0.66	0	0	0.16
66800	0.16	0.66	0.66	0	0	0.16
66900	0.16	0.66	0.66	0	0	0.16
67000	0.16	0.66	0.66	0	0	0.16
67100	0.16	0.66	0.66	0	0	0.16
67200	0.16	0.66	0.66	0	0	0.16
67300	0.16	0.66	0.66	0	0	0.16
67400	0.16	0.66	0.66	0	0	0.16
67500	0.17	0.66	0.66	0	0	0.17
67600	0.17	0.66	0.66	0	0	0.17
67700	0.17	0.66	0.66	0	0	0.17
67800	0.17	0.66	0.66	0	0	0.17
67900	0.17	0.66	0.66	0	0	0.17
68000	0.17	0.67	0.67	0	0	0.17
68100	0.17	0.67	0.67	0	0	0.17
68200	0.17	0.67	0.67	0	0	0.17
68300	0.17	0.67	0.67	0	0	0.17
68400	0.17	0.67	0.67	0	0	0.17
68500	0.17	0.67	0.67	0	0	0.17
68600	0.17	0.67	0.67	0	0	0.17
68700	0.17	0.67	0.67	0	0	0.17
68800	0.17	0.67	0.67	0	0	0.17
68900	0.18	0.67	0.67	0	0	0.18
69000	0.18	0.67	0.67	0	0	0.18
69100	0.18	0.67	0.67	0	0	0.18
69200	0.18	0.67	0.67	0	0	0.18
69300	0.18	0.67	0.67	0	0	0.18
69400	0.18	0.68	0.68	0	0	0.18
69500	0.18	0.68	0.68	0	0	0.18
69600	0.19	0.68	0.68	0	0	0.19
69700	0.2	0.68	0.68	0	0	0.2
69800	0.19	0.68	0.68	0	0	0.19
69900	0.19	0.68	0.68	0	0	0.19
70000	0.19	0.68	0.68	0	0	0.19
70100	0.18	0.68	0.68	0	0	0.18
70200	0.18	0.68	0.68	0	0	0.18
70300	0.18	0.68	0.68	0	0	0.18
70400	0.17	0.68	0.68	0	0	0.17
70500	0.18	0.68	0.68	0	0	0.18
70600	0.18	0.68	0.68	0	0	0.18
70700	0.18	0.68	0.68	0	0	0.18
70800	0.18	0.68	0.68	0	0	0.18
70900	0.18	0.68	0.68	0	0	0.18
71000	0.17	0.68	0.68	0	0	0.17
71100	0.18	0.68	0.68	0	0	0.18
71200	0.19	0.68	0.68	0	0	0.19
71300	0.19	0.68	0.68	0	0	0.19
71400	0.18	0.68	0.68	0	0	0.18
71500	0.18	0.68	0.68	0	0	0.18
71600	0.18	0.68	0.68	0	0	0.18
71700	0.18	0.68	0.68	0	0	0.18
71800	0.18	0.68	0.68	0	0	0.18
71900	0.19	0.68	0.68	0	0	0.19
72000	0.18	0.68	0.68	0	0	0.18
72100	0.19	0.68	0.68	0	0	0.19
72200	0.2	0.68	0.68	0	0	0.2
72300	0.2	0.68	0.68	0	0	0.2
72400	0.2	0.68	0.68	0	0	0.2
72500	0.2	0.68	0.68	0	0	0.2
72600	0.2	0.68	0.68	0	0	0.2
72700	0.2	0.68	0.68	0	0	0.2
72800	0.21	0.68	0.68	0	0	0.21
72900	0.21	0.68	0.68	0	0	0.21
73000	0.2	0.68	0.68	0	0	0.2
73100	0.2	0.68	0.68	0	0	0.2
73200	0.2	0.68	0.68	0	0	0.2
73300	0.2	0.68	0.68	0	0	0.2
73400	0.2	0.68	0.68	0	0	0.2
73500	0.21	0.68	0.68	0	0	0.21
73600	0.21	0.68	0.68	0	0	0.21
73700	0.21	0.68	0.68	0	0	0.21
73800	0.21	0.68	0.68	0	0	0.21
73900	0.21	0.68	0.68	0	0	0.21
74000	0.21	0.68	0.68	0	0	0.21
74100	0.22	0.68	0.68	0	0	0.22
74200	0.22	0.67	0.67	0	0	0.22
74300	0.22	0.67	0.67	0	0	0.22
74400	0.21	0.67	0.67	0	0	0.21
74500	0.21	0.67	0.67	0	0	0.21
74600	0.21	0.67	0.67	0	0	0.21
74700	0.21	0.67	0.67	0	0	0.21
74800	0.21	0.67	0.67	0	0	0.21
74900	0.21	0.67	0.67	0	0	0.21
75000	0.21	0.67	0.67	0	0	0.21
75100	0.21	0.67	0.67	0	0	0.21
75200	0.21	0.67	0.67	0	0	0.21
75300	0.21	0.67	0.67	0	0	0.21
75400	0.21	0.67	0.67	0	0	0.21
75500	0.22	0.67	0.67	0	0	0.22
75600	0.22	0.67	0.67	0	0	0.22
75700	0.22	0.67	0.67	0	0	0.22
75800	0.22	0.67	0.67	0	0	0.22
75900	0.22	0.67	0.67	0	0	0.22
76000	0.22	0.67	0.67	0	0	0.22
76100	0.22	0.67	0.67	0	0	0.22
76200	0.22	0.67	0.67	0	0	0.22
76300	0.23	0.67	0.67	0	0	0.23
76400	0.23	0.68	0.68	0	0	0.23
76500	0.23	0.68	0.68	0	0	0.23
76600	0.24	0.68	0.68	0	0	0.24
76700	0.24	0.68	0.68	0	0	0.24
76800	0.23	0.68	0.68	0	0	0.23
76900	0.23	0.68	0.68	0	0	0.23
77000	0.22	0.68	0.68	0	0	0.22
77100	0.22	0.68	0.68	0	0	0.22
77200	0.22	0.68	0.68	0	0	0.22
77300	0.22	0.68	0.68	0	0	0.22
77400	0.22	0.68	0.68	0	0	0.22
77500	0.22	0.68	0.68	0	0	0.22
77600	0.22	0.68	0.68	0	0	0.22
77700	0.22	0.68	0.68	0	0	0.22
77800	0.22	0.68	0.68	0	0	0.22
77900	0.22	0.68	0.68	0	0	0.22
78000	0.22	0.68	0.68	0	0	0.22
78100	0.22	0.68	0.68	0	0	0.22
78200	0.22	0.68	0.68	0	0	0.22
78300	0.22	0.68	0.68	0	0	0.22
78400	0.23	0.68	0.68	0	0	0.23
78500	0.23	0.68	0.68	0	0	0.23
78600	0.23	0.68	0.68	0	0	0.23
78700	0.24	0.68	0.68	0	0	0.24
78800	0.24	0.68	0.68	0	0	0.24
78900	0.23	0.68	0.68	0	0	0.23
79000	0.23	0.68	0.68	0	0	0.23
79100	0.23	0.68	0.68	0	0	0.23
79200	0.22	0.68	0.68	0	0	0.22
79300	0.22	0.68	0.68	0	0	0.22
79400	0.22	0.68	0.68	0	0	0.22
79500	0.22	0.68	0.68	0	0	0.22
79600	0.23	0.69	0.69	0	0	0.23
79700	0.22	0.69	0.69	0	0	0.22
79800	0.22	0.69	0.69	0	0	0.22
79900	0.22	0.69	0.69	0	0	0.22
80000	0.22	0.69	0.69	0	0	0.22
80100	0.21	0.69	0.69	0	0	0.21
80200	0.21	0.69	0.69	0	0	0.21
80300	0.21	0.69	0.69	0	0	0.21
80400	0.21	0.69	0.69	0	0	0.21
80500	0.21	0.69	0.69	0	0	0.21
80600	0.21	0.69	0.69	0	0	0.21
80700	0.21	0.69	0.69	0	0	0.21
80800	0.21	0.69	0.69	0	0	0.21
80900	0.21	0.69	0.69	0	0	0.21
81000	0.21	0.69	0.69	0	0	0.21
81100	0.21	0.69	0.69	0	0	0.21
81200	0.21	0.69	0.69	0	0	0.21
81300	0.21	0.69	0.69	0	0	0.21
81400	0.21	0.69	0.69	0	0	0.21
81500	0.21	0.69	0.69	0	0	0.21
81600	0.21	0.69	0.69	0	0	0.21
81700	0.21	0.69	0.69	0	0	0.21
81800	0.21	0.69	0.69	0	0	0.21
81900	0.2	0.69	0.69	0	0	0.2
82000	0.19	0.69	0.69	0	0	0.19
82100	0.19	0.69	0.69	0	0	0.19
82200	0.19	0.69	0.69	0	0	0.19
82300	0.19	0.69	0.69	0	0	0.19
82400	0.19	0.69	0.69	0	0	0.19
82500	0.19	0.69	0.69	0	0	0.19
82600	0.2	0.69	0.69	0	0	0.2
82700	0.2	0.69	0.69	0	0	0.2
82800	0.2	0.69	0.69	0	0	0.2
82900	0.2	0.69	0.69	0	0	0.2
83000	0.2	0.69	0.69	0	0	0.2
83100	0.2	0.69	0.69	0	0	0.2
83200	0.19	0.7	0.7	0	0	0.19
83300	0.21	0.7	0.7	0	0	0.21
83400	0.2	0.7	0.7	0	0	0.2
83500	0.21	0.71	0.71	0	0	0.21
83600	0.22	0.7	0.7	0	0	0.22
83700	0.2	0.7	0.7	0	0	0.2
83800	0.19	0.7	0.7	0	0	0.19
83900	0.19	0.7	0.7	0	0	0.19
84000	0.2	0.7	0.7	0	0	0.2
84100	0.2	0.7	0.7	0	0	0.2
84200	0.2	0.7	0.7	0	0	0.2
84300	0.2	0.7	0.7	0	0	0.2
84400	0.2	0.7	0.7	0	0	0.2
84500	0.2	0.7	0.7	0	0	0.2
84600	0.2	0.7	0.7	0	0	0.2
84700	0.2	0.7	0.7	0	0	0.2
84800	0.2	0.7	0.7	0	0	0.2
84900	0.2	0.7	0.7	0	0	0.2
85000	0.2	0.7	0.7	0	0	0.2
85100	0.2	0.7	0.7	0	0	0.2
85200	0.2	0.7	0.7	0	0	0.2
85300	0.21	0.7	0.7	0	0	0.21
85400	0.21	0.7	0.7	0	0	0.21
85500	0.21	0.7	0.7	0	0	0.21
85600	0.22	0.7	0.7	0	0	0.22
85700	0.21	0.7	0.7	0	0	0.21
85800	0.2	0.7	0.7	0	0	0.2
85900	0.2	0.69	0.69	0	0	0.2
86000	0.21	0.69	0.69	0	0	0.21
86100	0.21	0.69	0.69	0	0	0.21
86200	0.2	0.69	0.69	0	0	0.2
86300	0.2	0.69	0.69	0	0	0.2
86400	0.2	0.7	0.7	0	0	0.2
86500	0.19	0.71	0.71	0	0	0.19
86600	0.19	0.71	0.71	0	0	0.19
86700	0.19	0.71	0.71	0	0	0.19
86800	0.19	0.7	0.7	0	0	0.19
86900	0.19	0.7	0.7	0	0	0.19
87000	0.19	0.7	0.7	0	0	0.19
87100	0.19	0.7	0.7	0	0	0.19
87200	0.19	0.7	0.7	0	0	0.19
87300	0.19	0.7	0.7	0	0	0.19
87400	0.19	0.7	0.7	0	0	0.19
87500	0.21	0.7	0.7	0	0	0.21
87600	0.21	0.7	0.7	0	0	0.21
87700	0.21	0.7	0.7	0	0	0.21
87800	0.21	0.7	0.7	0	0	0.21
87900	0.21	0.7	0.7	0	0	0.21
88000	0.21	0.7	0.7	0	0	0.21
88100	0.2	0.7	0.7	0	0	0.2
88200	0.2	0.7	0.7	0	0	0.2
88300	0.2	0.7	0.7	0	0	0.2
88400	0.2	0.7	0.7	0	0	0.2
88500	0.2	0.7	0.7	0	0	0.2
88600	0.2	0.71	0.71	0	0	0.2
88700	0.2	0.71	0.71	0	0	0.2
88800	0.2	0.7	0.7	0	0	0.2
88900	0.2	0.7	0.7	0	0	0.2
89000	0.2	0.7	0.7	0	0	0.2
89100	0.2	0.7	0.7	0	0	0.2
89200	0.22	0.7	0.7	0	0	0.22
89300	0.22	0.7	0.7	0	0	0.22
89400	0.22	0.7	0.7	0	0	0.22
89500	0.22	0.7	0.7	0	0	0.22
89600	0.22	0.7	0.7	0	0	0.22
89700	0.22	0.7	0.7	0	0	0.22
89800	0.22	0.7	0.7	0	0	0.22
89900	0.22	0.7	0.7	0	0	0.22
90000	0.22	0.7	0.7	0	0	0.22
90100	0.23	0.7	0.7	0	0	0.23
90200	0.23	0.7	0.7	0	0	0.23
90300	0.23	0.7	0.7	0	0	0.23
90400	0.22	0.7	0.7	0	0	0.22
90500	0.21	0.7	0.7	0	0	0.21
90600	0.21	0.7	0.7	0	0	0.21
90700	0.21	0.7	0.7	0	0	0.21
90800	0.21	0.7	0.7	0	0	0.21
90900	0.2	0.7	0.7	0	0	0.2
91000	0.2	0.7	0.7	0	0	0.2
91100	0.19	0.7	0.7	0	0	0.19
91200	0.19	0.7	0.7	0	0	0.19
91300	0.19	0.7	0.7	0	0	0.19
91400	0.19	0.7	0.7	0	0	0.19
91500	0.19	0.7	0.7	0	0	0.19
91600	0.19	0.7	0.7	0	0	0.19
91700	0.19	0.7	0.7	0	0	0.19
91800	0.19	0.7	0.7	0	0	0.19
91900	0.19	0.7	0.7	0	0	0.19
92000	0.19	0.7	0.7	0	0	0.19
92100	0.19	0.7	0.7	0	0	0.19
92200	0.19	0.7	0.7	0	0	0.19
92300	0.19	0.7	0.7	0	0	0.19
92400	0.19	0.7	0.7	0	0	0.19
92500	0.19	0.7	0.7	0	0	0.19
92600	0.19	0.7	0.7	0	0	0.19
92700	0.2	0.7	0.7	0	0	0.2
92800	0.2	0.7	0.7	0	0	0.2
92900	0.2	0.7	0.7	0	0	0.2
93000	0.19	0.7	0.7	0	0	0.19
93100	0.19	0.7	0.7	0	0	0.19
93200	0.19	0.7	0.7	0	0	0.19
93300	0.19	0.7	0.7	0	0	0.19
93400	0.19	0.7	0.7	0	0	0.19
93500	0.19	0.7	0.7	0	0	0.19
93600	0.2	0.7	0.7	0	0	0.2
93700	0.2	0.71	0.71	0	0	0.2
93800	0.2	0.71	0.71	0	0	0.2
93900	0.2	0.71	0.71	0	0	0.2
94000	0.2	0.71	0.71	0	0	0.2
94100	0.2	0.71	0.71	0	0	0.2
94200	0.21	0.71	0.71	0	0	0.21
94300	0.2	0.71	0.71	0	0	0.2
94400	0.2	0.71	0.71	0	0	0.2
94500	0.2	0.71	0.71	0	0	0.2
94600	0.2	0.71	0.71	0	0	0.2
94700	0.2	0.71	0.71	0	0	0.2
94800	0.2	0.71	0.71	0	0	0.2
94900	0.2	0.71	0.71	0	0	0.2
95000	0.2	0.71	0.71	0	0	0.2
95100	0.2	0.71	0.71	0	0	0.2
95200	0.2	0.71	0.71	0	0	0.2
95300	0.19	0.71	0.71	0	0	0.19
95400	0.19	0.71	0.71	0	0	0.19
95500	0.19	0.71	0.71	0	0	0.19
95600	0.19	0.71	0.71	0	0	0.19
95700	0.19	0.71	0.71	0	0	0.19
95800	0.19	0.71	0.71	0	0	0.19
95900	0.19	0.71	0.71	0	0	0.19
96000	0.19	0.71	0.71	0	0	0.19
96100	0.19	0.71	0.71	0	0	0.19
96200	0.19	0.71	0.71	0	0	0.19
96300	0.19	0.71	0.71	0	0	0.19
96400	0.2	0.71	0.71	0	0	0.2
96500	0.21	0.71	0.71	0	0	0.21
96600	0.21	0.71	0.71	0	0	0.21
96700	0.21	0.71	0.71	0	0	0.21
96800	0.21	0.71	0.71	0	0	0.21
96900	0.21	0.71	0.71	0	0	0.21
97000	0.2	0.71	0.71	0	0	0.2
97100	0.2	0.71	0.71	0	0	0.2
97200	0.2	0.71	0.71	0	0	0.2
97300	0.2	0.71	0.71	0	0	0.2
97400	0.2	0.71	0.71	0	0	0.2
97500	0.2	0.71	0.71	0	0	0.2
97600	0.2	0.72	0.72	0	0	0.2
97700	0.21	0.72	0.72	0	0	0.21
97800	0.2	0.72	0.72	0	0	0.2
97900	0.2	0.72	0.72	0	0	0.2
98000	0.2	0.72	0.72	0	0	0.2
98100	0.2	0.72	0.72	0	0	0.2
98200	0.21	0.72	0.72	0	0	0.21
98300	0.21	0.72	0.72	0	0	0.21
98400	0.21	0.72	0.72	0	0	0.21
98500	0.21	0.72	0.72	0	0	0.21
98600	0.21	0.72	0.72	0	0	0.21
98700	0.21	0.72	0.72	0	0	0.21
98800	0.21	0.72	0.72	0	0	0.21
98900	0.22	0.72	0.72	0	0	0.22
99000	0.21	0.72	0.72	0	0	0.21
99100	0.21	0.72	0.72	0	0	0.21
99200	0.21	0.72	0.72	0	0	0.21
99300	0.21	0.72	0.72	0	0	0.21
99400	0.21	0.72	0.72	0	0	0.21
99500	0.21	0.72	0.72	0	0	0.21
99600	0.21	0.72	0.72	0	0	0.21
99700	0.21	0.72	0.72	0	0	0.21
99800	0.21	0.72	0.72	0	0	0.21
99900	0.21	0.72	0.72	0	0	0.21
100000	0.21	0.72	0.72	0	0	0.21
100100	0.21	0.72	0.72	0	0	0.21
100200	0.21	0.72	0.72	0	0	0.21
100300	0.21	0.72	0.72	0	0	0.21
100400	0.21	0.72	0.72	0	0	0.21
100500	0.21	0.72	0.72	0	0	0.21
100600	0.21	0.72	0.72	0	0	0.21
100700	0.21	0.72	0.72	0	0	0.21
100800	0.21	0.72	0.72	0	0	0.21
100900	0.21	0.72	0.72	0	0	0.21
101000	0.21	0.72	0.72	0	0	0.21
101100	0.21	0.72	0.72	0	0	0.21
101200	0.22	0.72	0.72	0	0	0.22
101300	0.22	0.72	0.72	0	0	0.22
101400	0.22	0.72	0.72	0	0	0.22
101500	0.22	0.72	0.72	0	0	0.22
101600	0.22	0.72	0.72	0	0	0.22
101700	0.22	0.72	0.72	0	0	0.22
101800	0.21	0.71	0.71	0	0	0.21
101900	0.21	0.71	0.71	0	0	0.21
102000	0.21	0.71	0.71	0	0	0.21
102100	0.21	0.71	0.71	0	0	0.21
102200	0.21	0.71	0.71	0	0	0.21
102300	0.21	0.71	0.71	0	0	0.21
102400	0.21	0.71	0.71	0	0	0.21
102500	0.21	0.71	0.71	0	0	0.21
102600	0.21	0.71	0.71	0	0	0.21
102700	0.21	0.71	0.71	0	0	0.21
102800	0.21	0.71	0.71	0	0	0.21
102900	0.21	0.71	0.71	0	0	0.21
103000	0.21	0.71	0.71	0	0	0.21
103100	0.21	0.71	0.71	0	0	0.21
103200	0.21	0.71	0.71	0	0	0.21
103300	0.21	0.71	0.71	0	0	0.21
103400	0.21	0.71	0.71	0	0	0.21
103500	0.21	0.71	0.71	0	0	0.21
103600	0.21	0.72	0.72	0	0	0.21
103700	0.21	0.72	0.72	0	0	0.21
103800	0.21	0.72	0.72	0	0	0.21
