100	0.08	0.07	0.07	0	0	0.08
200	0.08	0.1	0.1	0	0	0.08
300	0.08	0.11	0.11	0	0	0.08
400	0.08	0.12	0.12	0	0	0.08
500	0.09	0.14	0.14	0	0	0.09
600	0.11	0.14	0.14	0	0	0.11
700	0.12	0.13	0.13	0	0	0.12
800	0.11	0.14	0.14	0	0	0.11
900	0.12	0.14	0.14	0	0	0.12
1000	0.12	0.14	0.14	0	0	0.12
1100	0.13	0.13	0.13	0	0	0.13
1200	0.12	0.13	0.13	0	0	0.12
1300	0.14	0.15	0.15	0	0	0.14
1400	0.13	0.15	0.15	0	0	0.13
1500	0.14	0.17	0.17	0	0	0.14
1600	0.13	0.16	0.16	0	0	0.13
1700	0.13	0.15	0.15	0	0	0.13
1800	0.15	0.13	0.13	0	0	0.15
1900	0.15	0.16	0.16	0	0	0.15
2000	0.13	0.18	0.18	0	0	0.13
2100	0.14	0.18	0.18	0	0	0.14
2200	0.16	0.18	0.18	0	0	0.16
2300	0.15	0.17	0.17	0	0	0.15
2400	0.12	0.17	0.17	0	0	0.12
2500	0.12	0.17	0.17	0	0	0.12
2600	0.16	0.17	0.17	0	0	0.16
2700	0.16	0.16	0.16	0	0	0.16
2800	0.16	0.16	0.16	0	0	0.16
2900	0.15	0.16	0.16	0	0	0.15
3000	0.15	0.17	0.17	0	0	0.15
3100	0.16	0.17	0.17	0	0	0.16
3200	0.16	0.17	0.17	0	0	0.16
3300	0.18	0.16	0.16	0	0	0.18
3400	0.19	0.17	0.17	0	0	0.19
3500	0.19	0.17	0.17	0	0	0.19
3600	0.19	0.18	0.18	0	0	0.19
3700	0.18	0.18	0.18	0	0	0.18
3800	0.19	0.17	0.17	0	0	0.19
3900	0.19	0.17	0.17	0	0	0.19
4000	0.17	0.18	0.18	0	0	0.17
4100	0.16	0.18	0.18	0	0	0.16
4200	0.17	0.17	0.17	0	0	0.17
4300	0.16	0.18	0.18	0	0	0.16
4400	0.18	0.18	0.18	0	0	0.18
4500	0.18	0.18	0.18	0	0	0.18
4600	0.16	0.18	0.18	0	0	0.16
4700	0.15	0.18	0.18	0	0	0.15
4800	0.13	0.18	0.18	0	0	0.13
4900	0.14	0.18	0.18	0	0	0.14
5000	0.12	0.18	0.18	0	0	0.12
5100	0.12	0.17	0.17	0	0	0.12
5200	0.11	0.18	0.18	0	0	0.11
5300	0.12	0.19	0.19	0	0	0.12
5400	0.12	0.18	0.18	0	0	0.12
5500	0.12	0.21	0.21	0	0	0.12
5600	0.13	0.21	0.21	0	0	0.13
5700	0.15	0.21	0.21	0	0	0.15
5800	0.15	0.21	0.21	0	0	0.15
5900	0.15	0.21	0.21	0	0	0.15
6000	0.15	0.23	0.23	0	0	0.15
6100	0.15	0.24	0.24	0	0	0.15
6200	0.15	0.24	0.24	0	0	0.15
6300	0.13	0.23	0.23	0	0	0.13
6400	0.12	0.25	0.25	0	0	0.12
6500	0.12	0.25	0.25	0	0	0.12
6600	0.13	0.26	0.26	0	0	0.13
6700	0.13	0.26	0.26	0	0	0.13
6800	0.15	0.25	0.25	0	0	0.15
6900	0.14	0.25	0.25	0	0	0.14
7000	0.14	0.24	0.24	0	0	0.14
7100	0.15	0.24	0.24	0	0	0.15
7200	0.18	0.24	0.24	0	0	0.18
7300	0.18	0.24	0.24	0	0	0.18
7400	0.17	0.26	0.26	0	0	0.17
7500	0.18	0.26	0.26	0	0	0.18
7600	0.18	0.27	0.27	0	0	0.18
7700	0.19	0.27	0.27	0	0	0.19
7800	0.18	0.27	0.27	0	0	0.18
7900	0.18	0.26	0.26	0	0	0.18
8000	0.18	0.26	0.26	0	0	0.18
8100	0.2	0.26	0.26	0	0	0.2
8200	0.21	0.27	0.27	0	0	0.21
8300	0.21	0.27	0.27	0	0	0.21
8400	0.2	0.26	0.26	0	0	0.2
8500	0.19	0.26	0.26	0	0	0.19
8600	0.2	0.26	0.26	0	0	0.2
8700	0.19	0.26	0.26	0	0	0.19
8800	0.18	0.29	0.29	0	0	0.18
8900	0.17	0.28	0.28	0	0	0.17
9000	0.18	0.27	0.27	0	0	0.18
9100	0.2	0.27	0.27	0	0	0.2
9200	0.2	0.29	0.29	0	0	0.2
9300	0.21	0.29	0.29	0	0	0.21
9400	0.19	0.3	0.3	0	0	0.19
9500	0.19	0.3	0.3	0	0	0.19
9600	0.19	0.28	0.28	0	0	0.19
9700	0.19	0.28	0.28	0	0	0.19
9800	0.19	0.28	0.28	0	0	0.19
9900	0.18	0.27	0.27	0	0	0.18
10000	0.18	0.27	0.27	0	0	0.18
10100	0.19	0.27	0.27	0	0	0.19
10200	0.18	0.27	0.27	0	0	0.18
10300	0.17	0.28	0.28	0	0	0.17
10400	0.17	0.28	0.28	0	0	0.17
10500	0.17	0.29	0.29	0	0	0.17
10600	0.17	0.29	0.29	0	0	0.17
10700	0.17	0.29	0.29	0	0	0.17
10800	0.17	0.31	0.31	0	0	0.17
10900	0.19	0.32	0.32	0	0	0.19
11000	0.19	0.31	0.31	0	0	0.19
11100	0.18	0.31	0.31	0	0	0.18
11200	0.18	0.31	0.31	0	0	0.18
11300	0.17	0.31	0.31	0	0	0.17
11400	0.18	0.31	0.31	0	0	0.18
11500	0.18	0.33	0.33	0	0	0.18
11600	0.17	0.33	0.33	0	0	0.17
11700	0.18	0.34	0.34	0	0	0.18
11800	0.17	0.32	0.32	0	0	0.17
11900	0.15	0.32	0.32	0	0	0.15
12000	0.13	0.32	0.32	0	0	0.13
12100	0.15	0.32	0.32	0	0	0.15
12200	0.16	0.32	0.32	0	0	0.16
12300	0.15	0.32	0.32	0	0	0.15
12400	0.15	0.33	0.33	0	0	0.15
12500	0.16	0.33	0.33	0	0	0.16
12600	0.15	0.34	0.34	0	0	0.15
12700	0.15	0.34	0.34	0	0	0.15
12800	0.15	0.34	0.34	0	0	0.15
12900	0.15	0.34	0.34	0	0	0.15
13000	0.14	0.34	0.34	0	0	0.14
13100	0.14	0.34	0.34	0	0	0.14
13200	0.14	0.33	0.33	0	0	0.14
13300	0.14	0.32	0.32	0	0	0.14
13400	0.14	0.31	0.31	0	0	0.14
13500	0.15	0.3	0.3	0	0	0.15
13600	0.16	0.29	0.29	0	0	0.16
13700	0.17	0.28	0.28	0	0	0.17
13800	0.18	0.28	0.28	0	0	0.18
13900	0.18	0.29	0.29	0	0	0.18
14000	0.18	0.29	0.29	0	0	0.18
14100	0.17	0.29	0.29	0	0	0.17
14200	0.16	0.29	0.29	0	0	0.16
14300	0.16	0.27	0.27	0	0	0.16
14400	0.16	0.27	0.27	0	0	0.16
14500	0.15	0.28	0.28	0	0	0.15
14600	0.15	0.28	0.28	0	0	0.15
14700	0.16	0.28	0.28	0	0	0.16
14800	0.18	0.28	0.28	0	0	0.18
14900	0.18	0.29	0.29	0	0	0.18
15000	0.18	0.31	0.31	0	0	0.18
15100	0.18	0.33	0.33	0	0	0.18
15200	0.2	0.32	0.32	0	0	0.2
15300	0.2	0.3	0.3	0	0	0.2
15400	0.19	0.3	0.3	0	0	0.19
15500	0.19	0.28	0.28	0	0	0.19
15600	0.19	0.28	0.28	0	0	0.19
15700	0.2	0.28	0.28	0	0	0.2
15800	0.2	0.28	0.28	0	0	0.2
15900	0.2	0.28	0.28	0	0	0.2
16000	0.21	0.27	0.27	0	0	0.21
16100	0.21	0.27	0.27	0	0	0.21
16200	0.21	0.28	0.28	0	0	0.21
16300	0.21	0.29	0.29	0	0	0.21
16400	0.21	0.3	0.3	0	0	0.21
16500	0.21	0.31	0.31	0	0	0.21
16600	0.23	0.3	0.3	0	0	0.23
16700	0.24	0.28	0.28	0	0	0.24
16800	0.23	0.28	0.28	0	0	0.23
16900	0.22	0.29	0.29	0	0	0.22
17000	0.2	0.28	0.28	0	0	0.2
17100	0.21	0.28	0.28	0	0	0.21
17200	0.2	0.27	0.27	0	0	0.2
17300	0.2	0.28	0.28	0	0	0.2
17400	0.2	0.27	0.27	0	0	0.2
17500	0.2	0.28	0.28	0	0	0.2
17600	0.2	0.28	0.28	0	0	0.2
17700	0.21	0.28	0.28	0	0	0.21
17800	0.21	0.28	0.28	0	0	0.21
17900	0.2	0.27	0.27	0	0	0.2
18000	0.2	0.27	0.27	0	0	0.2
18100	0.21	0.28	0.28	0	0	0.21
18200	0.21	0.28	0.28	0	0	0.21
18300	0.22	0.28	0.28	0	0	0.22
18400	0.23	0.28	0.28	0	0	0.23
18500	0.22	0.28	0.28	0	0	0.22
18600	0.22	0.28	0.28	0	0	0.22
18700	0.22	0.28	0.28	0	0	0.22
18800	0.22	0.27	0.27	0	0	0.22
18900	0.22	0.28	0.28	0	0	0.22
19000	0.2	0.28	0.28	0	0	0.2
19100	0.2	0.29	0.29	0	0	0.2
19200	0.2	0.29	0.29	0	0	0.2
19300	0.19	0.29	0.29	0	0	0.19
19400	0.19	0.29	0.29	0	0	0.19
19500	0.2	0.29	0.29	0	0	0.2
19600	0.21	0.29	0.29	0	0	0.21
19700	0.21	0.29	0.29	0	0	0.21
19800	0.2	0.3	0.3	0	0	0.2
19900	0.21	0.3	0.3	0	0	0.21
20000	0.22	0.31	0.31	0	0	0.22
20100	0.22	0.32	0.32	0	0	0.22
20200	0.22	0.3	0.3	0	0	0.22
20300	0.22	0.31	0.31	0	0	0.22
20400	0.22	0.32	0.32	0	0	0.22
20500	0.23	0.32	0.32	0	0	0.23
20600	0.23	0.32	0.32	0	0	0.23
20700	0.23	0.32	0.32	0	0	0.23
20800	0.23	0.31	0.31	0	0	0.23
20900	0.23	0.32	0.32	0	0	0.23
21000	0.23	0.31	0.31	0	0	0.23
21100	0.23	0.31	0.31	0	0	0.23
21200	0.22	0.31	0.31	0	0	0.22
21300	0.22	0.31	0.31	0	0	0.22
21400	0.22	0.31	0.31	0	0	0.22
21500	0.23	0.31	0.31	0	0	0.23
21600	0.24	0.33	0.33	0	0	0.24
21700	0.24	0.34	0.34	0	0	0.24
21800	0.24	0.33	0.33	0	0	0.24
21900	0.24	0.32	0.32	0	0	0.24
22000	0.24	0.32	0.32	0	0	0.24
22100	0.24	0.32	0.32	0	0	0.24
22200	0.24	0.33	0.33	0	0	0.24
22300	0.24	0.33	0.33	0	0	0.24
22400	0.24	0.33	0.33	0	0	0.24
22500	0.24	0.33	0.33	0	0	0.24
22600	0.24	0.33	0.33	0	0	0.24
22700	0.24	0.34	0.34	0	0	0.24
22800	0.24	0.35	0.35	0	0	0.24
22900	0.26	0.35	0.35	0	0	0.26
23000	0.25	0.36	0.36	0	0	0.25
23100	0.25	0.34	0.34	0	0	0.25
23200	0.25	0.33	0.33	0	0	0.25
23300	0.24	0.33	0.33	0	0	0.24
23400	0.25	0.33	0.33	0	0	0.25
23500	0.26	0.33	0.33	0	0	0.26
23600	0.26	0.33	0.33	0	0	0.26
23700	0.26	0.34	0.34	0	0	0.26
23800	0.26	0.35	0.35	0	0	0.26
23900	0.25	0.36	0.36	0	0	0.25
24000	0.25	0.36	0.36	0	0	0.25
24100	0.26	0.35	0.35	0	0	0.26
24200	0.25	0.35	0.35	0	0	0.25
24300	0.25	0.35	0.35	0	0	0.25
24400	0.25	0.35	0.35	0	0	0.25
24500	0.26	0.35	0.35	0	0	0.26
24600	0.26	0.35	0.35	0	0	0.26
24700	0.27	0.36	0.36	0	0	0.27
24800	0.26	0.37	0.37	0	0	0.26
24900	0.25	0.37	0.37	0	0	0.25
25000	0.26	0.37	0.37	0	0	0.26
25100	0.28	0.37	0.37	0	0	0.28
25200	0.26	0.37	0.37	0	0	0.26
25300	0.26	0.37	0.37	0	0	0.26
25400	0.25	0.37	0.37	0	0	0.25
25500	0.25	0.38	0.38	0	0	0.25
25600	0.26	0.38	0.38	0	0	0.26
25700	0.26	0.38	0.38	0	0	0.26
25800	0.26	0.39	0.39	0	0	0.26
25900	0.26	0.39	0.39	0	0	0.26
26000	0.26	0.39	0.39	0	0	0.26
26100	0.27	0.39	0.39	0	0	0.27
26200	0.27	0.39	0.39	0	0	0.27
26300	0.27	0.4	0.4	0	0	0.27
26400	0.26	0.38	0.38	0	0	0.26
26500	0.27	0.38	0.38	0	0	0.27
26600	0.26	0.39	0.39	0	0	0.26
26700	0.26	0.38	0.38	0	0	0.26
26800	0.27	0.38	0.38	0	0	0.27
26900	0.25	0.38	0.38	0	0	0.25
27000	0.25	0.38	0.38	0	0	0.25
27100	0.25	0.38	0.38	0	0	0.25
27200	0.24	0.38	0.38	0	0	0.24
27300	0.24	0.39	0.39	0	0	0.24
27400	0.23	0.4	0.4	0	0	0.23
27500	0.23	0.4	0.4	0	0	0.23
27600	0.24	0.4	0.4	0	0	0.24
27700	0.24	0.42	0.42	0	0	0.24
27800	0.23	0.4	0.4	0	0	0.23
27900	0.23	0.4	0.4	0	0	0.23
28000	0.23	0.39	0.39	0	0	0.23
28100	0.25	0.39	0.39	0	0	0.25
28200	0.26	0.39	0.39	0	0	0.26
28300	0.25	0.38	0.38	0	0	0.25
28400	0.24	0.38	0.38	0	0	0.24
28500	0.25	0.38	0.38	0	0	0.25
28600	0.25	0.39	0.39	0	0	0.25
28700	0.25	0.38	0.38	0	0	0.25
28800	0.25	0.38	0.38	0	0	0.25
28900	0.25	0.38	0.38	0	0	0.25
29000	0.24	0.38	0.38	0	0	0.24
29100	0.24	0.39	0.39	0	0	0.24
29200	0.24	0.4	0.4	0	0	0.24
29300	0.24	0.39	0.39	0	0	0.24
29400	0.23	0.39	0.39	0	0	0.23
29500	0.23	0.38	0.38	0	0	0.23
29600	0.23	0.37	0.37	0	0	0.23
29700	0.24	0.38	0.38	0	0	0.24
29800	0.25	0.37	0.37	0	0	0.25
29900	0.25	0.37	0.37	0	0	0.25
30000	0.27	0.38	0.38	0	0	0.27
30100	0.28	0.38	0.38	0	0	0.28
30200	0.29	0.38	0.38	0	0	0.29
30300	0.26	0.38	0.38	0	0	0.26
30400	0.26	0.38	0.38	0	0	0.26
30500	0.27	0.38	0.38	0	0	0.27
30600	0.28	0.38	0.38	0	0	0.28
30700	0.27	0.38	0.38	0	0	0.27
30800	0.28	0.38	0.38	0	0	0.28
30900	0.27	0.38	0.38	0	0	0.27
31000	0.28	0.38	0.38	0	0	0.28
31100	0.28	0.38	0.38	0	0	0.28
31200	0.28	0.38	0.38	0	0	0.28
31300	0.28	0.38	0.38	0	0	0.28
31400	0.28	0.39	0.39	0	0	0.28
31500	0.27	0.39	0.39	0	0	0.27
31600	0.27	0.39	0.39	0	0	0.27
31700	0.27	0.4	0.4	0	0	0.27
31800	0.27	0.39	0.39	0	0	0.27
31900	0.28	0.39	0.39	0	0	0.28
32000	0.29	0.39	0.39	0	0	0.29
32100	0.28	0.39	0.39	0	0	0.28
32200	0.28	0.39	0.39	0	0	0.28
32300	0.29	0.39	0.39	0	0	0.29
32400	0.28	0.39	0.39	0	0	0.28
32500	0.27	0.39	0.39	0	0	0.27
32600	0.27	0.39	0.39	0	0	0.27
32700	0.26	0.4	0.4	0	0	0.26
32800	0.26	0.4	0.4	0	0	0.26
32900	0.26	0.4	0.4	0	0	0.26
33000	0.26	0.38	0.38	0	0	0.26
33100	0.26	0.37	0.37	0	0	0.26
33200	0.25	0.36	0.36	0	0	0.25
33300	0.25	0.37	0.37	0	0	0.25
33400	0.25	0.37	0.37	0	0	0.25
33500	0.26	0.37	0.37	0	0	0.26
33600	0.26	0.37	0.37	0	0	0.26
33700	0.26	0.36	0.36	0	0	0.26
33800	0.27	0.35	0.35	0	0	0.27
33900	0.28	0.35	0.35	0	0	0.28
34000	0.28	0.36	0.36	0	0	0.28
34100	0.27	0.37	0.37	0	0	0.27
34200	0.27	0.36	0.36	0	0	0.27
34300	0.27	0.37	0.37	0	0	0.27
34400	0.28	0.36	0.36	0	0	0.28
34500	0.28	0.35	0.35	0	0	0.28
34600	0.28	0.35	0.35	0	0	0.28
34700	0.27	0.35	0.35	0	0	0.27
34800	0.25	0.36	0.36	0	0	0.25
34900	0.24	0.36	0.36	0	0	0.24
35000	0.24	0.36	0.36	0	0	0.24
35100	0.22	0.35	0.35	0	0	0.22
35200	0.21	0.36	0.36	0	0	0.21
35300	0.2	0.36	0.36	0	0	0.2
35400	0.22	0.36	0.36	0	0	0.22
35500	0.22	0.36	0.36	0	0	0.22
35600	0.23	0.36	0.36	0	0	0.23
35700	0.22	0.36	0.36	0	0	0.22
35800	0.22	0.37	0.37	0	0	0.22
35900	0.23	0.35	0.35	0	0	0.23
36000	0.24	0.36	0.36	0	0	0.24
36100	0.24	0.34	0.34	0	0	0.24
36200	0.24	0.34	0.34	0	0	0.24
36300	0.23	0.34	0.34	0	0	0.23
36400	0.23	0.34	0.34	0	0	0.23
36500	0.22	0.33	0.33	0	0	0.22
36600	0.23	0.32	0.32	0	0	0.23
36700	0.23	0.32	0.32	0	0	0.23
36800	0.23	0.33	0.33	0	0	0.23
36900	0.24	0.32	0.32	0	0	0.24
37000	0.24	0.32	0.32	0	0	0.24
37100	0.24	0.31	0.31	0	0	0.24
37200	0.25	0.31	0.31	0	0	0.25
37300	0.25	0.31	0.31	0	0	0.25
37400	0.24	0.31	0.31	0	0	0.24
37500	0.25	0.31	0.31	0	0	0.25
37600	0.26	0.32	0.32	0	0	0.26
37700	0.27	0.32	0.32	0	0	0.27
37800	0.28	0.31	0.31	0	0	0.28
37900	0.29	0.31	0.31	0	0	0.29
38000	0.28	0.31	0.31	0	0	0.28
38100	0.3	0.31	0.31	0	0	0.3
38200	0.3	0.31	0.31	0	0	0.3
38300	0.31	0.3	0.3	0	0	0.31
38400	0.32	0.3	0.3	0	0	0.32
38500	0.32	0.3	0.3	0	0	0.32
38600	0.31	0.3	0.3	0	0	0.31
38700	0.31	0.3	0.3	0	0	0.31
38800	0.3	0.3	0.3	0	0	0.3
38900	0.28	0.3	0.3	0	0	0.28
39000	0.27	0.3	0.3	0	0	0.27
39100	0.27	0.29	0.29	0	0	0.27
39200	0.28	0.29	0.29	0	0	0.28
39300	0.28	0.29	0.29	0	0	0.28
39400	0.29	0.29	0.29	0	0	0.29
39500	0.29	0.29	0.29	0	0	0.29
39600	0.3	0.29	0.29	0	0	0.3
39700	0.31	0.29	0.29	0	0	0.31
39800	0.3	0.3	0.3	0	0	0.3
39900	0.31	0.3	0.3	0	0	0.31
40000	0.3	0.31	0.31	0	0	0.3
40100	0.29	0.31	0.31	0	0	0.29
40200	0.3	0.31	0.31	0	0	0.3
40300	0.3	0.31	0.31	0	0	0.3
40400	0.3	0.31	0.31	0	0	0.3
40500	0.31	0.32	0.32	0	0	0.31
40600	0.31	0.31	0.31	0	0	0.31
40700	0.31	0.31	0.31	0	0	0.31
40800	0.3	0.31	0.31	0	0	0.3
40900	0.3	0.31	0.31	0	0	0.3
41000	0.3	0.31	0.31	0	0	0.3
41100	0.3	0.31	0.31	0	0	0.3
41200	0.32	0.31	0.31	0	0	0.32
41300	0.3	0.31	0.31	0	0	0.3
41400	0.3	0.32	0.32	0	0	0.3
41500	0.28	0.32	0.32	0	0	0.28
41600	0.28	0.32	0.32	0	0	0.28
41700	0.28	0.32	0.32	0	0	0.28
41800	0.28	0.32	0.32	0	0	0.28
41900	0.28	0.32	0.32	0	0	0.28
42000	0.28	0.32	0.32	0	0	0.28
42100	0.28	0.32	0.32	0	0	0.28
42200	0.28	0.32	0.32	0	0	0.28
42300	0.28	0.33	0.33	0	0	0.28
42400	0.28	0.32	0.32	0	0	0.28
42500	0.28	0.32	0.32	0	0	0.28
42600	0.29	0.32	0.32	0	0	0.29
42700	0.29	0.32	0.32	0	0	0.29
42800	0.29	0.32	0.32	0	0	0.29
42900	0.29	0.32	0.32	0	0	0.29
43000	0.3	0.33	0.33	0	0	0.3
43100	0.3	0.32	0.32	0	0	0.3
43200	0.31	0.31	0.31	0	0	0.31
43300	0.31	0.32	0.32	0	0	0.31
43400	0.31	0.34	0.34	0	0	0.31
43500	0.31	0.35	0.35	0	0	0.31
43600	0.31	0.35	0.35	0	0	0.31
43700	0.31	0.34	0.34	0	0	0.31
43800	0.32	0.34	0.34	0	0	0.32
43900	0.32	0.34	0.34	0	0	0.32
44000	0.33	0.34	0.34	0	0	0.33
44100	0.33	0.34	0.34	0	0	0.33
44200	0.33	0.33	0.33	0	0	0.33
44300	0.33	0.33	0.33	0	0	0.33
44400	0.33	0.34	0.34	0	0	0.33
44500	0.33	0.34	0.34	0	0	0.33
44600	0.33	0.33	0.33	0	0	0.33
44700	0.33	0.33	0.33	0	0	0.33
44800	0.34	0.33	0.33	0	0	0.34
44900	0.36	0.31	0.31	0	0	0.36
45000	0.36	0.31	0.31	0	0	0.36
45100	0.36	0.32	0.32	0	0	0.36
45200	0.36	0.3	0.3	0	0	0.36
45300	0.36	0.3	0.3	0	0	0.36
45400	0.37	0.31	0.31	0	0	0.37
45500	0.37	0.31	0.31	0	0	0.37
45600	0.37	0.31	0.31	0	0	0.37
45700	0.37	0.31	0.31	0	0	0.37
45800	0.37	0.3	0.3	0	0	0.37
45900	0.37	0.3	0.3	0	0	0.37
46000	0.37	0.3	0.3	0	0	0.37
46100	0.37	0.29	0.29	0	0	0.37
46200	0.37	0.29	0.29	0	0	0.37
46300	0.36	0.29	0.29	0	0	0.36
46400	0.36	0.3	0.3	0	0	0.36
46500	0.36	0.31	0.31	0	0	0.36
46600	0.36	0.31	0.31	0	0	0.36
46700	0.37	0.31	0.31	0	0	0.37
46800	0.36	0.32	0.32	0	0	0.36
46900	0.36	0.32	0.32	0	0	0.36
47000	0.35	0.32	0.32	0	0	0.35
47100	0.35	0.34	0.34	0	0	0.35
47200	0.35	0.34	0.34	0	0	0.35
47300	0.35	0.34	0.34	0	0	0.35
47400	0.35	0.35	0.35	0	0	0.35
47500	0.35	0.35	0.35	0	0	0.35
47600	0.35	0.35	0.35	0	0	0.35
47700	0.35	0.36	0.36	0	0	0.35
47800	0.35	0.36	0.36	0	0	0.35
47900	0.35	0.37	0.37	0	0	0.35
48000	0.35	0.37	0.37	0	0	0.35
48100	0.35	0.37	0.37	0	0	0.35
48200	0.36	0.37	0.37	0	0	0.36
48300	0.36	0.38	0.38	0	0	0.36
48400	0.35	0.37	0.37	0	0	0.35
48500	0.36	0.37	0.37	0	0	0.36
48600	0.36	0.37	0.37	0	0	0.36
48700	0.36	0.37	0.37	0	0	0.36
48800	0.36	0.37	0.37	0	0	0.36
48900	0.35	0.37	0.37	0	0	0.35
49000	0.35	0.37	0.37	0	0	0.35
49100	0.36	0.37	0.37	0	0	0.36
49200	0.36	0.37	0.37	0	0	0.36
49300	0.38	0.37	0.37	0	0	0.38
49400	0.38	0.37	0.37	0	0	0.38
49500	0.38	0.37	0.37	0	0	0.38
49600	0.38	0.37	0.37	0	0	0.38
49700	0.39	0.37	0.37	0	0	0.39
49800	0.38	0.37	0.37	0	0	0.38
49900	0.38	0.37	0.37	0	0	0.38
50000	0.38	0.37	0.37	0	0	0.38
50100	0.37	0.37	0.37	0	0	0.37
50200	0.37	0.37	0.37	0	0	0.37
50300	0.36	0.37	0.37	0	0	0.36
50400	0.36	0.38	0.38	0	0	0.36
50500	0.36	0.38	0.38	0	0	0.36
50600	0.36	0.38	0.38	0	0	0.36
50700	0.36	0.38	0.38	0	0	0.36
50800	0.36	0.38	0.38	0	0	0.36
50900	0.36	0.38	0.38	0	0	0.36
51000	0.37	0.38	0.38	0	0	0.37
51100	0.37	0.37	0.37	0	0	0.37
51200	0.36	0.36	0.36	0	0	0.36
51300	0.36	0.36	0.36	0	0	0.36
51400	0.36	0.36	0.36	0	0	0.36
51500	0.36	0.36	0.36	0	0	0.36
51600	0.36	0.36	0.36	0	0	0.36
51700	0.36	0.36	0.36	0	0	0.36
51800	0.37	0.37	0.37	0	0	0.37
51900	0.37	0.37	0.37	0	0	0.37
52000	0.39	0.37	0.37	0	0	0.39
52100	0.39	0.38	0.38	0	0	0.39
52200	0.37	0.38	0.38	0	0	0.37
52300	0.37	0.38	0.38	0	0	0.37
52400	0.38	0.38	0.38	0	0	0.38
52500	0.39	0.38	0.38	0	0	0.39
52600	0.4	0.37	0.37	0	0	0.4
52700	0.4	0.37	0.37	0	0	0.4
52800	0.4	0.37	0.37	0	0	0.4
52900	0.4	0.37	0.37	0	0	0.4
53000	0.4	0.38	0.38	0	0	0.4
53100	0.4	0.38	0.38	0	0	0.4
53200	0.4	0.38	0.38	0	0	0.4
53300	0.4	0.38	0.38	0	0	0.4
53400	0.39	0.38	0.38	0	0	0.39
53500	0.39	0.38	0.38	0	0	0.39
53600	0.38	0.38	0.38	0	0	0.38
53700	0.38	0.38	0.38	0	0	0.38
53800	0.38	0.38	0.38	0	0	0.38
53900	0.36	0.38	0.38	0	0	0.36
54000	0.36	0.39	0.39	0	0	0.36
54100	0.36	0.39	0.39	0	0	0.36
54200	0.36	0.39	0.39	0	0	0.36
54300	0.35	0.39	0.39	0	0	0.35
54400	0.35	0.39	0.39	0	0	0.35
54500	0.38	0.41	0.41	0	0	0.38
54600	0.38	0.4	0.4	0	0	0.38
54700	0.38	0.4	0.4	0	0	0.38
54800	0.38	0.4	0.4	0	0	0.38
54900	0.38	0.41	0.41	0	0	0.38
55000	0.38	0.41	0.41	0	0	0.38
55100	0.38	0.42	0.42	0	0	0.38
55200	0.38	0.42	0.42	0	0	0.38
55300	0.38	0.42	0.42	0	0	0.38
55400	0.38	0.42	0.42	0	0	0.38
55500	0.38	0.42	0.42	0	0	0.38
55600	0.38	0.43	0.43	0	0	0.38
55700	0.38	0.43	0.43	0	0	0.38
55800	0.38	0.43	0.43	0	0	0.38
55900	0.38	0.43	0.43	0	0	0.38
56000	0.38	0.44	0.44	0	0	0.38
56100	0.39	0.43	0.43	0	0	0.39
56200	0.39	0.43	0.43	0	0	0.39
56300	0.4	0.43	0.43	0	0	0.4
56400	0.4	0.43	0.43	0	0	0.4
56500	0.39	0.42	0.42	0	0	0.39
56600	0.39	0.43	0.43	0	0	0.39
56700	0.39	0.43	0.43	0	0	0.39
56800	0.39	0.43	0.43	0	0	0.39
56900	0.38	0.43	0.43	0	0	0.38
57000	0.38	0.43	0.43	0	0	0.38
57100	0.38	0.43	0.43	0	0	0.38
57200	0.38	0.43	0.43	0	0	0.38
57300	0.38	0.43	0.43	0	0	0.38
57400	0.38	0.43	0.43	0	0	0.38
57500	0.38	0.44	0.44	0	0	0.38
57600	0.37	0.44	0.44	0	0	0.37
57700	0.37	0.44	0.44	0	0	0.37
57800	0.38	0.44	0.44	0	0	0.38
57900	0.38	0.44	0.44	0	0	0.38
58000	0.38	0.43	0.43	0	0	0.38
58100	0.38	0.43	0.43	0	0	0.38
58200	0.38	0.43	0.43	0	0	0.38
58300	0.39	0.43	0.43	0	0	0.39
58400	0.39	0.43	0.43	0	0	0.39
58500	0.4	0.43	0.43	0	0	0.4
58600	0.4	0.43	0.43	0	0	0.4
58700	0.4	0.43	0.43	0	0	0.4
58800	0.4	0.43	0.43	0	0	0.4
58900	0.4	0.43	0.43	0	0	0.4
59000	0.4	0.43	0.43	0	0	0.4
59100	0.4	0.43	0.43	0	0	0.4
59200	0.4	0.43	0.43	0	0	0.4
59300	0.4	0.43	0.43	0	0	0.4
59400	0.4	0.43	0.43	0	0	0.4
59500	0.4	0.43	0.43	0	0	0.4
59600	0.41	0.44	0.44	0	0	0.41
59700	0.41	0.44	0.44	0	0	0.41
59800	0.4	0.43	0.43	0	0	0.4
59900	0.4	0.44	0.44	0	0	0.4
60000	0.4	0.43	0.43	0	0	0.4
60100	0.4	0.43	0.43	0	0	0.4
60200	0.4	0.43	0.43	0	0	0.4
60300	0.4	0.43	0.43	0	0	0.4
60400	0.4	0.43	0.43	0	0	0.4
60500	0.4	0.43	0.43	0	0	0.4
60600	0.4	0.43	0.43	0	0	0.4
60700	0.4	0.44	0.44	0	0	0.4
60800	0.4	0.44	0.44	0	0	0.4
60900	0.4	0.44	0.44	0	0	0.4
61000	0.4	0.44	0.44	0	0	0.4
61100	0.4	0.44	0.44	0	0	0.4
61200	0.4	0.45	0.45	0	0	0.4
61300	0.4	0.46	0.46	0	0	0.4
61400	0.4	0.45	0.45	0	0	0.4
61500	0.41	0.45	0.45	0	0	0.41
61600	0.41	0.44	0.44	0	0	0.41
61700	0.41	0.44	0.44	0	0	0.41
61800	0.41	0.44	0.44	0	0	0.41
61900	0.42	0.44	0.44	0	0	0.42
62000	0.41	0.44	0.44	0	0	0.41
62100	0.41	0.44	0.44	0	0	0.41
62200	0.41	0.44	0.44	0	0	0.41
62300	0.41	0.44	0.44	0	0	0.41
62400	0.41	0.44	0.44	0	0	0.41
62500	0.42	0.44	0.44	0	0	0.42
62600	0.42	0.44	0.44	0	0	0.42
62700	0.42	0.44	0.44	0	0	0.42
62800	0.42	0.44	0.44	0	0	0.42
62900	0.42	0.44	0.44	0	0	0.42
63000	0.42	0.45	0.45	0	0	0.42
63100	0.42	0.45	0.45	0	0	0.42
63200	0.4	0.44	0.44	0	0	0.4
63300	0.4	0.45	0.45	0	0	0.4
63400	0.4	0.45	0.45	0	0	0.4
63500	0.4	0.45	0.45	0	0	0.4
63600	0.41	0.45	0.45	0	0	0.41
63700	0.41	0.46	0.46	0	0	0.41
63800	0.41	0.46	0.46	0	0	0.41
63900	0.41	0.46	0.46	0	0	0.41
64000	0.42	0.46	0.46	0	0	0.42
64100	0.42	0.46	0.46	0	0	0.42
64200	0.42	0.46	0.46	0	0	0.42
64300	0.42	0.46	0.46	0	0	0.42
64400	0.42	0.46	0.46	0	0	0.42
64500	0.42	0.47	0.47	0	0	0.42
64600	0.42	0.47	0.47	0	0	0.42
64700	0.42	0.47	0.47	0	0	0.42
64800	0.42	0.47	0.47	0	0	0.42
64900	0.42	0.47	0.47	0	0	0.42
65000	0.42	0.47	0.47	0	0	0.42
65100	0.42	0.47	0.47	0	0	0.42
65200	0.42	0.47	0.47	0	0	0.42
65300	0.43	0.47	0.47	0	0	0.43
65400	0.43	0.47	0.47	0	0	0.43
65500	0.43	0.47	0.47	0	0	0.43
65600	0.42	0.47	0.47	0	0	0.42
65700	0.42	0.47	0.47	0	0	0.42
65800	0.42	0.47	0.47	0	0	0.42
65900	0.41	0.47	0.47	0	0	0.41
66000	0.41	0.47	0.47	0	0	0.41
66100	0.41	0.47	0.47	0	0	0.41
66200	0.41	0.47	0.47	0	0	0.41
66300	0.41	0.47	0.47	0	0	0.41
66400	0.41	0.47	0.47	0	0	0.41
66500	0.42	0.48	0.48	0	0	0.42
66600	0.42	0.47	0.47	0	0	0.42
66700	0.42	0.47	0.47	0	0	0.42
66800	0.42	0.47	0.47	0	0	0.42
66900	0.42	0.48	0.48	0	0	0.42
67000	0.42	0.47	0.47	0	0	0.42
67100	0.42	0.47	0.47	0	0	0.42
67200	0.42	0.47	0.47	0	0	0.42
67300	0.42	0.47	0.47	0	0	0.42
67400	0.42	0.47	0.47	0	0	0.42
67500	0.42	0.47	0.47	0	0	0.42
67600	0.42	0.47	0.47	0	0	0.42
67700	0.41	0.47	0.47	0	0	0.41
67800	0.41	0.46	0.46	0	0	0.41
67900	0.41	0.46	0.46	0	0	0.41
68000	0.41	0.46	0.46	0	0	0.41
68100	0.41	0.46	0.46	0	0	0.41
68200	0.42	0.46	0.46	0	0	0.42
68300	0.42	0.46	0.46	0	0	0.42
68400	0.42	0.47	0.47	0	0	0.42
68500	0.42	0.47	0.47	0	0	0.42
68600	0.42	0.47	0.47	0	0	0.42
68700	0.42	0.47	0.47	0	0	0.42
68800	0.41	0.47	0.47	0	0	0.41
68900	0.41	0.46	0.46	0	0	0.41
69000	0.41	0.46	0.46	0	0	0.41
69100	0.41	0.46	0.46	0	0	0.41
69200	0.41	0.46	0.46	0	0	0.41
69300	0.41	0.46	0.46	0	0	0.41
69400	0.41	0.46	0.46	0	0	0.41
69500	0.41	0.46	0.46	0	0	0.41
69600	0.41	0.46	0.46	0	0	0.41
69700	0.41	0.46	0.46	0	0	0.41
69800	0.41	0.46	0.46	0	0	0.41
69900	0.41	0.47	0.47	0	0	0.41
70000	0.41	0.47	0.47	0	0	0.41
70100	0.41	0.47	0.47	0	0	0.41
70200	0.41	0.47	0.47	0	0	0.41
70300	0.41	0.47	0.47	0	0	0.41
70400	0.41	0.47	0.47	0	0	0.41
70500	0.41	0.47	0.47	0	0	0.41
70600	0.41	0.47	0.47	0	0	0.41
70700	0.41	0.47	0.47	0	0	0.41
70800	0.41	0.48	0.48	0	0	0.41
70900	0.41	0.48	0.48	0	0	0.41
71000	0.42	0.48	0.48	0	0	0.42
71100	0.42	0.48	0.48	0	0	0.42
71200	0.42	0.48	0.48	0	0	0.42
71300	0.42	0.48	0.48	0	0	0.42
71400	0.42	0.48	0.48	0	0	0.42
71500	0.42	0.48	0.48	0	0	0.42
71600	0.42	0.48	0.48	0	0	0.42
71700	0.42	0.48	0.48	0	0	0.42
71800	0.42	0.48	0.48	0	0	0.42
71900	0.42	0.48	0.48	0	0	0.42
72000	0.42	0.48	0.48	0	0	0.42
72100	0.42	0.49	0.49	0	0	0.42
72200	0.42	0.49	0.49	0	0	0.42
72300	0.42	0.49	0.49	0	0	0.42
72400	0.42	0.49	0.49	0	0	0.42
72500	0.42	0.49	0.49	0	0	0.42
72600	0.42	0.49	0.49	0	0	0.42
72700	0.42	0.48	0.48	0	0	0.42
72800	0.42	0.48	0.48	0	0	0.42
72900	0.42	0.47	0.47	0	0	0.42
73000	0.42	0.47	0.47	0	0	0.42
73100	0.42	0.47	0.47	0	0	0.42
73200	0.42	0.47	0.47	0	0	0.42
73300	0.41	0.47	0.47	0	0	0.41
73400	0.41	0.47	0.47	0	0	0.41
73500	0.41	0.47	0.47	0	0	0.41
73600	0.41	0.47	0.47	0	0	0.41
73700	0.41	0.48	0.48	0	0	0.41
73800	0.41	0.47	0.47	0	0	0.41
73900	0.41	0.47	0.47	0	0	0.41
74000	0.41	0.47	0.47	0	0	0.41
74100	0.4	0.47	0.47	0	0	0.4
74200	0.39	0.47	0.47	0	0	0.39
74300	0.39	0.47	0.47	0	0	0.39
74400	0.4	0.47	0.47	0	0	0.4
74500	0.4	0.47	0.47	0	0	0.4
74600	0.4	0.47	0.47	0	0	0.4
74700	0.4	0.47	0.47	0	0	0.4
74800	0.4	0.47	0.47	0	0	0.4
74900	0.4	0.47	0.47	0	0	0.4
75000	0.4	0.47	0.47	0	0	0.4
75100	0.4	0.47	0.47	0	0	0.4
75200	0.4	0.47	0.47	0	0	0.4
75300	0.4	0.47	0.47	0	0	0.4
75400	0.41	0.47	0.47	0	0	0.41
75500	0.41	0.47	0.47	0	0	0.41
75600	0.41	0.47	0.47	0	0	0.41
75700	0.41	0.48	0.48	0	0	0.41
75800	0.41	0.48	0.48	0	0	0.41
75900	0.4	0.48	0.48	0	0	0.4
76000	0.4	0.49	0.49	0	0	0.4
76100	0.39	0.5	0.5	0	0	0.39
76200	0.39	0.5	0.5	0	0	0.39
76300	0.39	0.5	0.5	0	0	0.39
76400	0.39	0.5	0.5	0	0	0.39
76500	0.39	0.5	0.5	0	0	0.39
76600	0.38	0.5	0.5	0	0	0.38
76700	0.38	0.5	0.5	0	0	0.38
76800	0.39	0.5	0.5	0	0	0.39
76900	0.39	0.5	0.5	0	0	0.39
77000	0.38	0.5	0.5	0	0	0.38
77100	0.38	0.5	0.5	0	0	0.38
77200	0.38	0.5	0.5	0	0	0.38
77300	0.38	0.5	0.5	0	0	0.38
77400	0.38	0.5	0.5	0	0	0.38
77500	0.38	0.5	0.5	0	0	0.38
77600	0.38	0.5	0.5	0	0	0.38
77700	0.38	0.51	0.51	0	0	0.38
77800	0.38	0.5	0.5	0	0	0.38
77900	0.38	0.5	0.5	0	0	0.38
78000	0.38	0.49	0.49	0	0	0.38
78100	0.38	0.49	0.49	0	0	0.38
78200	0.38	0.49	0.49	0	0	0.38
78300	0.38	0.49	0.49	0	0	0.38
78400	0.38	0.49	0.49	0	0	0.38
78500	0.38	0.49	0.49	0	0	0.38
78600	0.38	0.49	0.49	0	0	0.38
78700	0.38	0.49	0.49	0	0	0.38
78800	0.38	0.49	0.49	0	0	0.38
78900	0.38	0.49	0.49	0	0	0.38
79000	0.38	0.49	0.49	0	0	0.38
79100	0.38	0.49	0.49	0	0	0.38
79200	0.38	0.49	0.49	0	0	0.38
79300	0.38	0.49	0.49	0	0	0.38
79400	0.38	0.49	0.49	0	0	0.38
79500	0.38	0.49	0.49	0	0	0.38
79600	0.38	0.49	0.49	0	0	0.38
79700	0.38	0.49	0.49	0	0	0.38
79800	0.38	0.48	0.48	0	0	0.38
79900	0.38	0.48	0.48	0	0	0.38
80000	0.38	0.48	0.48	0	0	0.38
80100	0.38	0.48	0.48	0	0	0.38
80200	0.38	0.48	0.48	0	0	0.38
80300	0.38	0.48	0.48	0	0	0.38
80400	0.38	0.48	0.48	0	0	0.38
80500	0.38	0.48	0.48	0	0	0.38
80600	0.38	0.48	0.48	0	0	0.38
80700	0.38	0.46	0.46	0	0	0.38
80800	0.38	0.46	0.46	0	0	0.38
80900	0.38	0.46	0.46	0	0	0.38
81000	0.38	0.46	0.46	0	0	0.38
81100	0.38	0.46	0.46	0	0	0.38
81200	0.38	0.47	0.47	0	0	0.38
81300	0.38	0.48	0.48	0	0	0.38
81400	0.38	0.48	0.48	0	0	0.38
81500	0.38	0.48	0.48	0	0	0.38
81600	0.38	0.48	0.48	0	0	0.38
81700	0.38	0.48	0.48	0	0	0.38
81800	0.38	0.48	0.48	0	0	0.38
81900	0.38	0.48	0.48	0	0	0.38
82000	0.38	0.48	0.48	0	0	0.38
82100	0.38	0.47	0.47	0	0	0.38
82200	0.39	0.47	0.47	0	0	0.39
82300	0.39	0.47	0.47	0	0	0.39
82400	0.39	0.47	0.47	0	0	0.39
82500	0.4	0.47	0.47	0	0	0.4
82600	0.4	0.47	0.47	0	0	0.4
82700	0.39	0.47	0.47	0	0	0.39
82800	0.39	0.47	0.47	0	0	0.39
82900	0.39	0.47	0.47	0	0	0.39
83000	0.39	0.47	0.47	0	0	0.39
83100	0.4	0.47	0.47	0	0	0.4
83200	0.4	0.47	0.47	0	0	0.4
83300	0.4	0.47	0.47	0	0	0.4
83400	0.4	0.47	0.47	0	0	0.4
83500	0.4	0.47	0.47	0	0	0.4
83600	0.4	0.47	0.47	0	0	0.4
83700	0.4	0.47	0.47	0	0	0.4
83800	0.4	0.47	0.47	0	0	0.4
83900	0.4	0.47	0.47	0	0	0.4
84000	0.4	0.47	0.47	0	0	0.4
84100	0.4	0.47	0.47	0	0	0.4
84200	0.4	0.47	0.47	0	0	0.4
84300	0.4	0.47	0.47	0	0	0.4
84400	0.4	0.49	0.49	0	0	0.4
84500	0.4	0.49	0.49	0	0	0.4
84600	0.4	0.49	0.49	0	0	0.4
84700	0.41	0.48	0.48	0	0	0.41
84800	0.41	0.48	0.48	0	0	0.41
84900	0.41	0.48	0.48	0	0	0.41
85000	0.41	0.48	0.48	0	0	0.41
85100	0.41	0.48	0.48	0	0	0.41
85200	0.41	0.48	0.48	0	0	0.41
85300	0.41	0.48	0.48	0	0	0.41
85400	0.41	0.48	0.48	0	0	0.41
85500	0.41	0.48	0.48	0	0	0.41
85600	0.41	0.48	0.48	0	0	0.41
85700	0.41	0.48	0.48	0	0	0.41
85800	0.41	0.46	0.46	0	0	0.41
85900	0.41	0.46	0.46	0	0	0.41
86000	0.41	0.46	0.46	0	0	0.41
86100	0.41	0.46	0.46	0	0	0.41
86200	0.41	0.46	0.46	0	0	0.41
86300	0.41	0.46	0.46	0	0	0.41
86400	0.41	0.46	0.46	0	0	0.41
86500	0.41	0.47	0.47	0	0	0.41
86600	0.41	0.47	0.47	0	0	0.41
86700	0.41	0.45	0.45	0	0	0.41
86800	0.41	0.45	0.45	0	0	0.41
86900	0.41	0.45	0.45	0	0	0.41
87000	0.41	0.45	0.45	0	0	0.41
87100	0.41	0.45	0.45	0	0	0.41
87200	0.41	0.46	0.46	0	0	0.41
87300	0.41	0.46	0.46	0	0	0.41
87400	0.41	0.45	0.45	0	0	0.41
87500	0.41	0.45	0.45	0	0	0.41
87600	0.41	0.45	0.45	0	0	0.41
87700	0.41	0.45	0.45	0	0	0.41
87800	0.4	0.45	0.45	0	0	0.4
87900	0.4	0.45	0.45	0	0	0.4
88000	0.41	0.45	0.45	0	0	0.41
88100	0.41	0.45	0.45	0	0	0.41
88200	0.41	0.45	0.45	0	0	0.41
88300	0.41	0.45	0.45	0	0	0.41
88400	0.41	0.45	0.45	0	0	0.41
88500	0.41	0.45	0.45	0	0	0.41
88600	0.41	0.46	0.46	0	0	0.41
88700	0.41	0.46	0.46	0	0	0.41
88800	0.41	0.46	0.46	0	0	0.41
88900	0.41	0.46	0.46	0	0	0.41
89000	0.42	0.46	0.46	0	0	0.42
89100	0.42	0.46	0.46	0	0	0.42
89200	0.42	0.47	0.47	0	0	0.42
89300	0.42	0.47	0.47	0	0	0.42
89400	0.42	0.48	0.48	0	0	0.42
89500	0.41	0.48	0.48	0	0	0.41
89600	0.41	0.48	0.48	0	0	0.41
89700	0.41	0.48	0.48	0	0	0.41
89800	0.41	0.47	0.47	0	0	0.41
89900	0.41	0.47	0.47	0	0	0.41
90000	0.41	0.47	0.47	0	0	0.41
90100	0.41	0.47	0.47	0	0	0.41
90200	0.41	0.47	0.47	0	0	0.41
90300	0.41	0.47	0.47	0	0	0.41
90400	0.41	0.47	0.47	0	0	0.41
90500	0.41	0.47	0.47	0	0	0.41
90600	0.41	0.47	0.47	0	0	0.41
90700	0.41	0.47	0.47	0	0	0.41
90800	0.41	0.47	0.47	0	0	0.41
90900	0.42	0.47	0.47	0	0	0.42
91000	0.42	0.46	0.46	0	0	0.42
91100	0.42	0.45	0.45	0	0	0.42
91200	0.42	0.45	0.45	0	0	0.42
91300	0.43	0.45	0.45	0	0	0.43
91400	0.42	0.45	0.45	0	0	0.42
91500	0.42	0.46	0.46	0	0	0.42
91600	0.43	0.46	0.46	0	0	0.43
91700	0.43	0.46	0.46	0	0	0.43
91800	0.44	0.46	0.46	0	0	0.44
91900	0.43	0.46	0.46	0	0	0.43
92000	0.43	0.46	0.46	0	0	0.43
92100	0.43	0.46	0.46	0	0	0.43
92200	0.43	0.46	0.46	0	0	0.43
92300	0.43	0.46	0.46	0	0	0.43
92400	0.43	0.46	0.46	0	0	0.43
92500	0.43	0.46	0.46	0	0	0.43
92600	0.43	0.46	0.46	0	0	0.43
92700	0.43	0.46	0.46	0	0	0.43
92800	0.43	0.46	0.46	0	0	0.43
92900	0.43	0.46	0.46	0	0	0.43
93000	0.43	0.46	0.46	0	0	0.43
93100	0.43	0.46	0.46	0	0	0.43
93200	0.42	0.46	0.46	0	0	0.42
93300	0.42	0.47	0.47	0	0	0.42
93400	0.42	0.46	0.46	0	0	0.42
93500	0.42	0.47	0.47	0	0	0.42
93600	0.42	0.47	0.47	0	0	0.42
93700	0.42	0.47	0.47	0	0	0.42
93800	0.42	0.47	0.47	0	0	0.42
93900	0.43	0.47	0.47	0	0	0.43
94000	0.43	0.47	0.47	0	0	0.43
94100	0.43	0.47	0.47	0	0	0.43
94200	0.43	0.47	0.47	0	0	0.43
94300	0.43	0.47	0.47	0	0	0.43
94400	0.43	0.47	0.47	0	0	0.43
94500	0.43	0.47	0.47	0	0	0.43
94600	0.43	0.47	0.47	0	0	0.43
94700	0.43	0.47	0.47	0	0	0.43
94800	0.43	0.47	0.47	0	0	0.43
94900	0.43	0.46	0.46	0	0	0.43
95000	0.43	0.46	0.46	0	0	0.43
95100	0.43	0.46	0.46	0	0	0.43
95200	0.43	0.46	0.46	0	0	0.43
95300	0.43	0.46	0.46	0	0	0.43
95400	0.43	0.46	0.46	0	0	0.43
95500	0.43	0.45	0.45	0	0	0.43
95600	0.43	0.44	0.44	0	0	0.43
95700	0.43	0.44	0.44	0	0	0.43
95800	0.43	0.44	0.44	0	0	0.43
95900	0.43	0.44	0.44	0	0	0.43
96000	0.43	0.44	0.44	0	0	0.43
96100	0.43	0.44	0.44	0	0	0.43
96200	0.43	0.44	0.44	0	0	0.43
96300	0.43	0.44	0.44	0	0	0.43
96400	0.43	0.44	0.44	0	0	0.43
96500	0.43	0.44	0.44	0	0	0.43
96600	0.43	0.44	0.44	0	0	0.43
96700	0.43	0.44	0.44	0	0	0.43
96800	0.43	0.44	0.44	0	0	0.43
96900	0.43	0.45	0.45	0	0	0.43
97000	0.43	0.45	0.45	0	0	0.43
97100	0.43	0.45	0.45	0	0	0.43
97200	0.43	0.45	0.45	0	0	0.43
97300	0.43	0.45	0.45	0	0	0.43
97400	0.43	0.45	0.45	0	0	0.43
97500	0.43	0.46	0.46	0	0	0.43
97600	0.43	0.46	0.46	0	0	0.43
97700	0.43	0.46	0.46	0	0	0.43
97800	0.43	0.46	0.46	0	0	0.43
97900	0.43	0.46	0.46	0	0	0.43
98000	0.43	0.46	0.46	0	0	0.43
98100	0.43	0.46	0.46	0	0	0.43
98200	0.43	0.46	0.46	0	0	0.43
98300	0.43	0.46	0.46	0	0	0.43
98400	0.43	0.46	0.46	0	0	0.43
98500	0.43	0.46	0.46	0	0	0.43
98600	0.44	0.46	0.46	0	0	0.44
98700	0.44	0.46	0.46	0	0	0.44
98800	0.43	0.46	0.46	0	0	0.43
98900	0.43	0.46	0.46	0	0	0.43
99000	0.43	0.46	0.46	0	0	0.43
99100	0.43	0.47	0.47	0	0	0.43
99200	0.43	0.46	0.46	0	0	0.43
99300	0.43	0.46	0.46	0	0	0.43
99400	0.43	0.45	0.45	0	0	0.43
99500	0.43	0.46	0.46	0	0	0.43
99600	0.43	0.46	0.46	0	0	0.43
99700	0.43	0.46	0.46	0	0	0.43
99800	0.43	0.46	0.46	0	0	0.43
99900	0.43	0.46	0.46	0	0	0.43
100000	0.43	0.46	0.46	0	0	0.43
100100	0.43	0.46	0.46	0	0	0.43
100200	0.44	0.47	0.47	0	0	0.44
100300	0.44	0.47	0.47	0	0	0.44
100400	0.44	0.47	0.47	0	0	0.44
100500	0.44	0.47	0.47	0	0	0.44
100600	0.44	0.47	0.47	0	0	0.44
100700	0.44	0.47	0.47	0	0	0.44
100800	0.44	0.47	0.47	0	0	0.44
100900	0.44	0.47	0.47	0	0	0.44
101000	0.44	0.47	0.47	0	0	0.44
101100	0.44	0.48	0.48	0	0	0.44
101200	0.44	0.48	0.48	0	0	0.44
101300	0.44	0.48	0.48	0	0	0.44
101400	0.44	0.47	0.47	0	0	0.44
101500	0.44	0.47	0.47	0	0	0.44
101600	0.44	0.47	0.47	0	0	0.44
101700	0.44	0.47	0.47	0	0	0.44
101800	0.44	0.47	0.47	0	0	0.44
101900	0.44	0.47	0.47	0	0	0.44
102000	0.44	0.47	0.47	0	0	0.44
102100	0.44	0.47	0.47	0	0	0.44
102200	0.44	0.47	0.47	0	0	0.44
102300	0.44	0.46	0.46	0	0	0.44
102400	0.44	0.46	0.46	0	0	0.44
102500	0.44	0.46	0.46	0	0	0.44
102600	0.44	0.46	0.46	0	0	0.44
102700	0.44	0.46	0.46	0	0	0.44
102800	0.44	0.46	0.46	0	0	0.44
102900	0.44	0.46	0.46	0	0	0.44
103000	0.44	0.46	0.46	0	0	0.44
103100	0.44	0.46	0.46	0	0	0.44
103200	0.44	0.46	0.46	0	0	0.44
103300	0.44	0.46	0.46	0	0	0.44
103400	0.44	0.46	0.46	0	0	0.44
103500	0.44	0.46	0.46	0	0	0.44
103600	0.44	0.46	0.46	0	0	0.44
103700	0.45	0.47	0.47	0	0	0.45
103800	0.44	0.47	0.47	0	0	0.44
103900	0.44	0.47	0.47	0	0	0.44
104000	0.44	0.47	0.47	0	0	0.44
104100	0.44	0.47	0.47	0	0	0.44
104200	0.44	0.47	0.47	0	0	0.44
104300	0.44	0.47	0.47	0	0	0.44
104400	0.44	0.47	0.47	0	0	0.44
104500	0.44	0.47	0.47	0	0	0.44
104600	0.44	0.47	0.47	0	0	0.44
104700	0.44	0.47	0.47	0	0	0.44
104800	0.44	0.47	0.47	0	0	0.44
104900	0.44	0.46	0.46	0	0	0.44
105000	0.44	0.46	0.46	0	0	0.44
105100	0.45	0.46	0.46	0	0	0.45
105200	0.45	0.46	0.46	0	0	0.45
105300	0.45	0.46	0.46	0	0	0.45
105400	0.46	0.46	0.46	0	0	0.46
105500	0.46	0.46	0.46	0	0	0.46
105600	0.46	0.46	0.46	0	0	0.46
105700	0.46	0.46	0.46	0	0	0.46
105800	0.45	0.46	0.46	0	0	0.45
105900	0.45	0.46	0.46	0	0	0.45
106000	0.45	0.46	0.46	0	0	0.45
106100	0.45	0.46	0.46	0	0	0.45
106200	0.45	0.46	0.46	0	0	0.45
106300	0.45	0.46	0.46	0	0	0.45
106400	0.45	0.45	0.45	0	0	0.45
106500	0.45	0.44	0.44	0	0	0.45
106600	0.45	0.44	0.44	0	0	0.45
106700	0.45	0.44	0.44	0	0	0.45
106800	0.45	0.44	0.44	0	0	0.45
106900	0.45	0.44	0.44	0	0	0.45
107000	0.45	0.44	0.44	0	0	0.45
107100	0.45	0.44	0.44	0	0	0.45
107200	0.45	0.44	0.44	0	0	0.45
107300	0.45	0.45	0.45	0	0	0.45
107400	0.45	0.45	0.45	0	0	0.45
107500	0.45	0.45	0.45	0	0	0.45
107600	0.45	0.45	0.45	0	0	0.45
107700	0.46	0.45	0.45	0	0	0.46
107800	0.45	0.45	0.45	0	0	0.45
107900	0.45	0.45	0.45	0	0	0.45
108000	0.45	0.45	0.45	0	0	0.45
108100	0.45	0.45	0.45	0	0	0.45
108200	0.45	0.45	0.45	0	0	0.45
108300	0.45	0.45	0.45	0	0	0.45
108400	0.45	0.45	0.45	0	0	0.45
108500	0.45	0.45	0.45	0	0	0.45
108600	0.45	0.45	0.45	0	0	0.45
108700	0.45	0.45	0.45	0	0	0.45
108800	0.45	0.45	0.45	0	0	0.45
108900	0.45	0.45	0.45	0	0	0.45
109000	0.45	0.45	0.45	0	0	0.45
109100	0.45	0.45	0.45	0	0	0.45
109200	0.45	0.45	0.45	0	0	0.45
109300	0.45	0.45	0.45	0	0	0.45
109400	0.45	0.44	0.44	0	0	0.45
109500	0.45	0.44	0.44	0	0	0.45
109600	0.45	0.44	0.44	0	0	0.45
109700	0.45	0.44	0.44	0	0	0.45
109800	0.45	0.44	0.44	0	0	0.45
109900	0.45	0.44	0.44	0	0	0.45
110000	0.45	0.44	0.44	0	0	0.45
110100	0.45	0.44	0.44	0	0	0.45
110200	0.45	0.44	0.44	0	0	0.45
110300	0.45	0.44	0.44	0	0	0.45
110400	0.45	0.44	0.44	0	0	0.45
110500	0.45	0.44	0.44	0	0	0.45
110600	0.45	0.44	0.44	0	0	0.45
110700	0.45	0.44	0.44	0	0	0.45
110800	0.45	0.44	0.44	0	0	0.45
110900	0.45	0.44	0.44	0	0	0.45
111000	0.45	0.44	0.44	0	0	0.45
111100	0.45	0.44	0.44	0	0	0.45
111200	0.45	0.44	0.44	0	0	0.45
111300	0.45	0.44	0.44	0	0	0.45
111400	0.46	0.45	0.45	0	0	0.46
111500	0.45	0.45	0.45	0	0	0.45
111600	0.45	0.45	0.45	0	0	0.45
111700	0.45	0.45	0.45	0	0	0.45
111800	0.45	0.45	0.45	0	0	0.45
111900	0.45	0.45	0.45	0	0	0.45
112000	0.44	0.45	0.45	0	0	0.44
112100	0.44	0.45	0.45	0	0	0.44
112200	0.44	0.45	0.45	0	0	0.44
112300	0.44	0.45	0.45	0	0	0.44
112400	0.44	0.45	0.45	0	0	0.44
112500	0.44	0.45	0.45	0	0	0.44
112600	0.44	0.45	0.45	0	0	0.44
112700	0.44	0.45	0.45	0	0	0.44
112800	0.44	0.45	0.45	0	0	0.44
112900	0.44	0.45	0.45	0	0	0.44
113000	0.44	0.45	0.45	0	0	0.44
113100	0.44	0.45	0.45	0	0	0.44
113200	0.44	0.45	0.45	0	0	0.44
113300	0.44	0.45	0.45	0	0	0.44
113400	0.44	0.45	0.45	0	0	0.44
113500	0.44	0.45	0.45	0	0	0.44
113600	0.44	0.45	0.45	0	0	0.44
113700	0.44	0.46	0.46	0	0	0.44
113800	0.44	0.46	0.46	0	0	0.44
113900	0.44	0.46	0.46	0	0	0.44
114000	0.44	0.46	0.46	0	0	0.44
114100	0.44	0.46	0.46	0	0	0.44
114200	0.44	0.46	0.46	0	0	0.44
114300	0.45	0.46	0.46	0	0	0.45
114400	0.45	0.46	0.46	0	0	0.45
114500	0.45	0.46	0.46	0	0	0.45
114600	0.44	0.46	0.46	0	0	0.44
114700	0.44	0.46	0.46	0	0	0.44
114800	0.44	0.46	0.46	0	0	0.44
114900	0.44	0.46	0.46	0	0	0.44
115000	0.44	0.46	0.46	0	0	0.44
115100	0.44	0.47	0.47	0	0	0.44
115200	0.44	0.47	0.47	0	0	0.44
115300	0.44	0.47	0.47	0	0	0.44
115400	0.44	0.47	0.47	0	0	0.44
115500	0.44	0.47	0.47	0	0	0.44
115600	0.44	0.47	0.47	0	0	0.44
115700	0.44	0.47	0.47	0	0	0.44
115800	0.44	0.47	0.47	0	0	0.44
115900	0.44	0.47	0.47	0	0	0.44
116000	0.44	0.47	0.47	0	0	0.44
116100	0.44	0.47	0.47	0	0	0.44
116200	0.44	0.47	0.47	0	0	0.44
116300	0.44	0.47	0.47	0	0	0.44
116400	0.44	0.47	0.47	0	0	0.44
116500	0.44	0.47	0.47	0	0	0.44
116600	0.45	0.47	0.47	0	0	0.45
116700	0.45	0.47	0.47	0	0	0.45
116800	0.45	0.48	0.48	0	0	0.45
116900	0.45	0.48	0.48	0	0	0.45
117000	0.45	0.48	0.48	0	0	0.45
117100	0.45	0.48	0.48	0	0	0.45
117200	0.45	0.48	0.48	0	0	0.45
117300	0.45	0.48	0.48	0	0	0.45
117400	0.45	0.48	0.48	0	0	0.45
117500	0.45	0.48	0.48	0	0	0.45
117600	0.45	0.48	0.48	0	0	0.45
117700	0.45	0.48	0.48	0	0	0.45
117800	0.45	0.48	0.48	0	0	0.45
117900	0.45	0.48	0.48	0	0	0.45
118000	0.45	0.48	0.48	0	0	0.45
118100	0.45	0.47	0.47	0	0	0.45
118200	0.45	0.47	0.47	0	0	0.45
118300	0.45	0.47	0.47	0	0	0.45
118400	0.45	0.47	0.47	0	0	0.45
118500	0.45	0.47	0.47	0	0	0.45
118600	0.45	0.47	0.47	0	0	0.45
118700	0.45	0.47	0.47	0	0	0.45
118800	0.45	0.47	0.47	0	0	0.45
118900	0.45	0.47	0.47	0	0	0.45
119000	0.45	0.47	0.47	0	0	0.45
119100	0.45	0.47	0.47	0	0	0.45
119200	0.45	0.47	0.47	0	0	0.45
119300	0.45	0.47	0.47	0	0	0.45
119400	0.45	0.47	0.47	0	0	0.45
119500	0.45	0.47	0.47	0	0	0.45
119600	0.45	0.47	0.47	0	0	0.45
119700	0.45	0.47	0.47	0	0	0.45
119800	0.45	0.47	0.47	0	0	0.45
119900	0.45	0.47	0.47	0	0	0.45
120000	0.45	0.47	0.47	0	0	0.45
120100	0.45	0.47	0.47	0	0	0.45
120200	0.45	0.47	0.47	0	0	0.45
120300	0.45	0.47	0.47	0	0	0.45
120400	0.45	0.47	0.47	0	0	0.45
120500	0.45	0.47	0.47	0	0	0.45
120600	0.45	0.47	0.47	0	0	0.45
120700	0.45	0.47	0.47	0	0	0.45
120800	0.45	0.47	0.47	0	0	0.45
120900	0.45	0.47	0.47	0	0	0.45
121000	0.44	0.47	0.47	0	0	0.44
121100	0.44	0.47	0.47	0	0	0.44
121200	0.44	0.47	0.47	0	0	0.44
121300	0.44	0.47	0.47	0	0	0.44
121400	0.44	0.47	0.47	0	0	0.44
121500	0.44	0.47	0.47	0	0	0.44
121600	0.44	0.47	0.47	0	0	0.44
121700	0.44	0.47	0.47	0	0	0.44
121800	0.44	0.47	0.47	0	0	0.44
121900	0.44	0.47	0.47	0	0	0.44
122000	0.44	0.47	0.47	0	0	0.44
122100	0.44	0.47	0.47	0	0	0.44
122200	0.44	0.47	0.47	0	0	0.44
122300	0.44	0.47	0.47	0	0	0.44
122400	0.44	0.47	0.47	0	0	0.44
122500	0.44	0.47	0.47	0	0	0.44
122600	0.44	0.47	0.47	0	0	0.44
122700	0.44	0.47	0.47	0	0	0.44
122800	0.44	0.47	0.47	0	0	0.44
122900	0.44	0.47	0.47	0	0	0.44
123000	0.44	0.47	0.47	0	0	0.44
123100	0.44	0.47	0.47	0	0	0.44
123200	0.44	0.47	0.47	0	0	0.44
123300	0.44	0.47	0.47	0	0	0.44
123400	0.45	0.47	0.47	0	0	0.45
123500	0.45	0.47	0.47	0	0	0.45
123600	0.45	0.47	0.47	0	0	0.45
123700	0.45	0.47	0.47	0	0	0.45
123800	0.45	0.47	0.47	0	0	0.45
123900	0.45	0.47	0.47	0	0	0.45
124000	0.45	0.47	0.47	0	0	0.45
124100	0.45	0.47	0.47	0	0	0.45
124200	0.45	0.47	0.47	0	0	0.45
124300	0.45	0.47	0.47	0	0	0.45
124400	0.45	0.47	0.47	0	0	0.45
124500	0.45	0.47	0.47	0	0	0.45
124600	0.45	0.47	0.47	0	0	0.45
124700	0.45	0.47	0.47	0	0	0.45
124800	0.45	0.47	0.47	0	0	0.45
124900	0.45	0.47	0.47	0	0	0.45
125000	0.45	0.47	0.47	0	0	0.45
125100	0.45	0.47	0.47	0	0	0.45
125200	0.45	0.48	0.48	0	0	0.45
125300	0.45	0.48	0.48	0	0	0.45
125400	0.45	0.48	0.48	0	0	0.45
125500	0.45	0.48	0.48	0	0	0.45
125600	0.45	0.48	0.48	0	0	0.45
125700	0.45	0.49	0.49	0	0	0.45
125800	0.45	0.49	0.49	0	0	0.45
125900	0.45	0.48	0.48	0	0	0.45
126000	0.45	0.48	0.48	0	0	0.45
126100	0.45	0.48	0.48	0	0	0.45
126200	0.45	0.48	0.48	0	0	0.45
126300	0.45	0.48	0.48	0	0	0.45
126400	0.45	0.48	0.48	0	0	0.45
126500	0.45	0.48	0.48	0	0	0.45
126600	0.45	0.48	0.48	0	0	0.45
126700	0.45	0.48	0.48	0	0	0.45
126800	0.45	0.48	0.48	0	0	0.45
126900	0.45	0.48	0.48	0	0	0.45
127000	0.45	0.48	0.48	0	0	0.45
127100	0.45	0.48	0.48	0	0	0.45
127200	0.45	0.48	0.48	0	0	0.45
127300	0.46	0.48	0.48	0	0	0.46
127400	0.46	0.48	0.48	0	0	0.46
127500	0.46	0.48	0.48	0	0	0.46
127600	0.46	0.48	0.48	0	0	0.46
127700	0.46	0.48	0.48	0	0	0.46
127800	0.46	0.48	0.48	0	0	0.46
127900	0.46	0.48	0.48	0	0	0.46
128000	0.46	0.48	0.48	0	0	0.46
128100	0.46	0.48	0.48	0	0	0.46
128200	0.46	0.48	0.48	0	0	0.46
128300	0.46	0.47	0.47	0	0	0.46
128400	0.46	0.47	0.47	0	0	0.46
128500	0.46	0.47	0.47	0	0	0.46
128600	0.46	0.47	0.47	0	0	0.46
128700	0.46	0.48	0.48	0	0	0.46
128800	0.46	0.48	0.48	0	0	0.46
128900	0.46	0.48	0.48	0	0	0.46
129000	0.46	0.48	0.48	0	0	0.46
129100	0.46	0.48	0.48	0	0	0.46
129200	0.46	0.48	0.48	0	0	0.46
129300	0.46	0.47	0.47	0	0	0.46
129400	0.45	0.47	0.47	0	0	0.45
129500	0.45	0.47	0.47	0	0	0.45
129600	0.45	0.47	0.47	0	0	0.45
129700	0.45	0.48	0.48	0	0	0.45
129800	0.46	0.48	0.48	0	0	0.46
129900	0.46	0.48	0.48	0	0	0.46
130000	0.45	0.48	0.48	0	0	0.45
130100	0.45	0.48	0.48	0	0	0.45
130200	0.45	0.48	0.48	0	0	0.45
130300	0.45	0.48	0.48	0	0	0.45
130400	0.45	0.47	0.47	0	0	0.45
130500	0.45	0.47	0.47	0	0	0.45
130600	0.45	0.47	0.47	0	0	0.45
130700	0.45	0.47	0.47	0	0	0.45
130800	0.45	0.47	0.47	0	0	0.45
130900	0.45	0.47	0.47	0	0	0.45
131000	0.45	0.47	0.47	0	0	0.45
131100	0.45	0.47	0.47	0	0	0.45
131200	0.45	0.47	0.47	0	0	0.45
131300	0.45	0.47	0.47	0	0	0.45
131400	0.45	0.47	0.47	0	0	0.45
131500	0.45	0.47	0.47	0	0	0.45
131600	0.45	0.47	0.47	0	0	0.45
131700	0.45	0.47	0.47	0	0	0.45
131800	0.44	0.47	0.47	0	0	0.44
131900	0.44	0.47	0.47	0	0	0.44
132000	0.44	0.47	0.47	0	0	0.44
132100	0.44	0.47	0.47	0	0	0.44
132200	0.44	0.47	0.47	0	0	0.44
132300	0.44	0.47	0.47	0	0	0.44
132400	0.44	0.47	0.47	0	0	0.44
132500	0.44	0.47	0.47	0	0	0.44
132600	0.44	0.47	0.47	0	0	0.44
132700	0.44	0.47	0.47	0	0	0.44
132800	0.44	0.47	0.47	0	0	0.44
132900	0.44	0.47	0.47	0	0	0.44
133000	0.44	0.47	0.47	0	0	0.44
133100	0.44	0.47	0.47	0	0	0.44
133200	0.44	0.47	0.47	0	0	0.44
133300	0.44	0.47	0.47	0	0	0.44
133400	0.44	0.47	0.47	0	0	0.44
133500	0.44	0.47	0.47	0	0	0.44
133600	0.44	0.47	0.47	0	0	0.44
133700	0.44	0.47	0.47	0	0	0.44
133800	0.44	0.47	0.47	0	0	0.44
133900	0.44	0.47	0.47	0	0	0.44
134000	0.44	0.47	0.47	0	0	0.44
134100	0.44	0.47	0.47	0	0	0.44
134200	0.44	0.47	0.47	0	0	0.44
134300	0.44	0.47	0.47	0	0	0.44
134400	0.44	0.47	0.47	0	0	0.44
134500	0.44	0.47	0.47	0	0	0.44
134600	0.44	0.47	0.47	0	0	0.44
134700	0.44	0.47	0.47	0	0	0.44
134800	0.44	0.47	0.47	0	0	0.44
134900	0.44	0.47	0.47	0	0	0.44
135000	0.45	0.47	0.47	0	0	0.45
135100	0.44	0.47	0.47	0	0	0.44
135200	0.44	0.47	0.47	0	0	0.44
135300	0.44	0.47	0.47	0	0	0.44
135400	0.44	0.47	0.47	0	0	0.44
135500	0.44	0.47	0.47	0	0	0.44
135600	0.44	0.47	0.47	0	0	0.44
135700	0.44	0.47	0.47	0	0	0.44
135800	0.44	0.47	0.47	0	0	0.44
135900	0.44	0.47	0.47	0	0	0.44
136000	0.44	0.46	0.46	0	0	0.44
136100	0.44	0.46	0.46	0	0	0.44
136200	0.44	0.46	0.46	0	0	0.44
136300	0.44	0.46	0.46	0	0	0.44
136400	0.44	0.46	0.46	0	0	0.44
136500	0.44	0.46	0.46	0	0	0.44
136600	0.44	0.46	0.46	0	0	0.44
136700	0.44	0.46	0.46	0	0	0.44
136800	0.44	0.46	0.46	0	0	0.44
136900	0.44	0.46	0.46	0	0	0.44
137000	0.44	0.46	0.46	0	0	0.44
137100	0.44	0.47	0.47	0	0	0.44
137200	0.44	0.47	0.47	0	0	0.44
137300	0.44	0.47	0.47	0	0	0.44
137400	0.44	0.47	0.47	0	0	0.44
137500	0.44	0.47	0.47	0	0	0.44
137600	0.44	0.47	0.47	0	0	0.44
137700	0.44	0.47	0.47	0	0	0.44
137800	0.44	0.47	0.47	0	0	0.44
137900	0.45	0.47	0.47	0	0	0.45
138000	0.45	0.47	0.47	0	0	0.45
138100	0.45	0.47	0.47	0	0	0.45
138200	0.46	0.47	0.47	0	0	0.46
138300	0.46	0.47	0.47	0	0	0.46
138400	0.46	0.47	0.47	0	0	0.46
138500	0.46	0.47	0.47	0	0	0.46
138600	0.46	0.47	0.47	0	0	0.46
138700	0.46	0.47	0.47	0	0	0.46
138800	0.46	0.47	0.47	0	0	0.46
138900	0.46	0.47	0.47	0	0	0.46
139000	0.46	0.47	0.47	0	0	0.46
139100	0.46	0.47	0.47	0	0	0.46
139200	0.46	0.47	0.47	0	0	0.46
139300	0.46	0.47	0.47	0	0	0.46
139400	0.46	0.47	0.47	0	0	0.46
139500	0.46	0.47	0.47	0	0	0.46
139600	0.46	0.48	0.48	0	0	0.46
139700	0.46	0.48	0.48	0	0	0.46
139800	0.46	0.48	0.48	0	0	0.46
139900	0.46	0.48	0.48	0	0	0.46
140000	0.46	0.48	0.48	0	0	0.46
140100	0.46	0.48	0.48	0	0	0.46
140200	0.46	0.48	0.48	0	0	0.46
140300	0.46	0.48	0.48	0	0	0.46
140400	0.46	0.48	0.48	0	0	0.46
140500	0.46	0.48	0.48	0	0	0.46
140600	0.46	0.48	0.48	0	0	0.46
140700	0.46	0.48	0.48	0	0	0.46
140800	0.46	0.48	0.48	0	0	0.46
140900	0.46	0.48	0.48	0	0	0.46
141000	0.46	0.48	0.48	0	0	0.46
141100	0.46	0.49	0.49	0	0	0.46
141200	0.46	0.49	0.49	0	0	0.46
141300	0.45	0.49	0.49	0	0	0.45
141400	0.45	0.49	0.49	0	0	0.45
141500	0.45	0.49	0.49	0	0	0.45
141600	0.45	0.49	0.49	0	0	0.45
141700	0.45	0.5	0.5	0	0	0.45
141800	0.45	0.5	0.5	0	0	0.45
141900	0.44	0.5	0.5	0	0	0.44
142000	0.44	0.5	0.5	0	0	0.44
142100	0.44	0.5	0.5	0	0	0.44
142200	0.44	0.5	0.5	0	0	0.44
142300	0.44	0.5	0.5	0	0	0.44
142400	0.44	0.5	0.5	0	0	0.44
142500	0.44	0.5	0.5	0	0	0.44
142600	0.44	0.5	0.5	0	0	0.44
142700	0.44	0.5	0.5	0	0	0.44
142800	0.44	0.5	0.5	0	0	0.44
142900	0.45	0.5	0.5	0	0	0.45
143000	0.45	0.5	0.5	0	0	0.45
143100	0.45	0.5	0.5	0	0	0.45
143200	0.45	0.5	0.5	0	0	0.45
143300	0.44	0.5	0.5	0	0	0.44
143400	0.44	0.5	0.5	0	0	0.44
143500	0.44	0.5	0.5	0	0	0.44
143600	0.44	0.5	0.5	0	0	0.44
143700	0.44	0.5	0.5	0	0	0.44
143800	0.44	0.5	0.5	0	0	0.44
143900	0.44	0.5	0.5	0	0	0.44
144000	0.44	0.49	0.49	0	0	0.44
144100	0.44	0.49	0.49	0	0	0.44
144200	0.44	0.49	0.49	0	0	0.44
144300	0.44	0.49	0.49	0	0	0.44
144400	0.44	0.49	0.49	0	0	0.44
144500	0.44	0.48	0.48	0	0	0.44
144600	0.44	0.48	0.48	0	0	0.44
144700	0.44	0.48	0.48	0	0	0.44
144800	0.44	0.48	0.48	0	0	0.44
144900	0.44	0.48	0.48	0	0	0.44
145000	0.44	0.48	0.48	0	0	0.44
145100	0.44	0.48	0.48	0	0	0.44
145200	0.44	0.48	0.48	0	0	0.44
145300	0.43	0.48	0.48	0	0	0.43
145400	0.43	0.48	0.48	0	0	0.43
145500	0.43	0.48	0.48	0	0	0.43
145600	0.43	0.49	0.49	0	0	0.43
145700	0.43	0.49	0.49	0	0	0.43
145800	0.43	0.49	0.49	0	0	0.43
145900	0.44	0.49	0.49	0	0	0.44
146000	0.45	0.49	0.49	0	0	0.45
146100	0.45	0.49	0.49	0	0	0.45
146200	0.45	0.49	0.49	0	0	0.45
146300	0.45	0.49	0.49	0	0	0.45
146400	0.45	0.49	0.49	0	0	0.45
146500	0.45	0.49	0.49	0	0	0.45
146600	0.45	0.49	0.49	0	0	0.45
146700	0.45	0.49	0.49	0	0	0.45
146800	0.45	0.49	0.49	0	0	0.45
146900	0.45	0.49	0.49	0	0	0.45
147000	0.45	0.49	0.49	0	0	0.45
147100	0.45	0.49	0.49	0	0	0.45
147200	0.45	0.49	0.49	0	0	0.45
147300	0.45	0.5	0.5	0	0	0.45
147400	0.45	0.5	0.5	0	0	0.45
147500	0.45	0.5	0.5	0	0	0.45
147600	0.45	0.49	0.49	0	0	0.45
147700	0.45	0.49	0.49	0	0	0.45
147800	0.45	0.49	0.49	0	0	0.45
147900	0.45	0.49	0.49	0	0	0.45
148000	0.45	0.49	0.49	0	0	0.45
148100	0.45	0.49	0.49	0	0	0.45
148200	0.45	0.49	0.49	0	0	0.45
148300	0.45	0.49	0.49	0	0	0.45
148400	0.45	0.49	0.49	0	0	0.45
148500	0.45	0.49	0.49	0	0	0.45
148600	0.45	0.49	0.49	0	0	0.45
148700	0.45	0.49	0.49	0	0	0.45
148800	0.45	0.48	0.48	0	0	0.45
148900	0.45	0.48	0.48	0	0	0.45
149000	0.45	0.48	0.48	0	0	0.45
149100	0.45	0.48	0.48	0	0	0.45
149200	0.45	0.48	0.48	0	0	0.45
149300	0.45	0.48	0.48	0	0	0.45
149400	0.45	0.48	0.48	0	0	0.45
149500	0.44	0.48	0.48	0	0	0.44
149600	0.43	0.48	0.48	0	0	0.43
149700	0.43	0.48	0.48	0	0	0.43
149800	0.43	0.48	0.48	0	0	0.43
149900	0.43	0.48	0.48	0	0	0.43
150000	0.43	0.48	0.48	0	0	0.43
150100	0.43	0.48	0.48	0	0	0.43
150200	0.43	0.48	0.48	0	0	0.43
150300	0.43	0.48	0.48	0	0	0.43
150400	0.43	0.48	0.48	0	0	0.43
150500	0.43	0.48	0.48	0	0	0.43
150600	0.43	0.48	0.48	0	0	0.43
150700	0.44	0.48	0.48	0	0	0.44
150800	0.43	0.48	0.48	0	0	0.43
150900	0.43	0.48	0.48	0	0	0.43
151000	0.43	0.48	0.48	0	0	0.43
151100	0.43	0.48	0.48	0	0	0.43
151200	0.43	0.48	0.48	0	0	0.43
151300	0.43	0.48	0.48	0	0	0.43
151400	0.43	0.48	0.48	0	0	0.43
151500	0.43	0.48	0.48	0	0	0.43
151600	0.43	0.48	0.48	0	0	0.43
151700	0.43	0.48	0.48	0	0	0.43
151800	0.43	0.48	0.48	0	0	0.43
151900	0.43	0.48	0.48	0	0	0.43
152000	0.43	0.48	0.48	0	0	0.43
152100	0.43	0.48	0.48	0	0	0.43
152200	0.43	0.48	0.48	0	0	0.43
152300	0.43	0.48	0.48	0	0	0.43
152400	0.43	0.48	0.48	0	0	0.43
152500	0.43	0.48	0.48	0	0	0.43
152600	0.43	0.48	0.48	0	0	0.43
152700	0.43	0.49	0.49	0	0	0.43
152800	0.43	0.49	0.49	0	0	0.43
152900	0.43	0.49	0.49	0	0	0.43
153000	0.43	0.49	0.49	0	0	0.43
153100	0.43	0.49	0.49	0	0	0.43
153200	0.43	0.5	0.5	0	0	0.43
153300	0.43	0.5	0.5	0	0	0.43
153400	0.43	0.49	0.49	0	0	0.43
153500	0.43	0.49	0.49	0	0	0.43
153600	0.43	0.49	0.49	0	0	0.43
153700	0.43	0.49	0.49	0	0	0.43
153800	0.44	0.48	0.48	0	0	0.44
153900	0.44	0.48	0.48	0	0	0.44
154000	0.44	0.48	0.48	0	0	0.44
154100	0.44	0.48	0.48	0	0	0.44
154200	0.44	0.48	0.48	0	0	0.44
154300	0.44	0.48	0.48	0	0	0.44
154400	0.44	0.48	0.48	0	0	0.44
154500	0.44	0.48	0.48	0	0	0.44
154600	0.44	0.48	0.48	0	0	0.44
154700	0.44	0.48	0.48	0	0	0.44
154800	0.44	0.48	0.48	0	0	0.44
154900	0.44	0.48	0.48	0	0	0.44
155000	0.44	0.48	0.48	0	0	0.44
155100	0.44	0.48	0.48	0	0	0.44
155200	0.45	0.48	0.48	0	0	0.45
155300	0.45	0.48	0.48	0	0	0.45
155400	0.45	0.48	0.48	0	0	0.45
155500	0.45	0.48	0.48	0	0	0.45
155600	0.45	0.48	0.48	0	0	0.45
155700	0.45	0.48	0.48	0	0	0.45
155800	0.45	0.48	0.48	0	0	0.45
155900	0.45	0.48	0.48	0	0	0.45
156000	0.45	0.48	0.48	0	0	0.45
156100	0.45	0.48	0.48	0	0	0.45
156200	0.45	0.48	0.48	0	0	0.45
156300	0.45	0.48	0.48	0	0	0.45
156400	0.45	0.48	0.48	0	0	0.45
156500	0.45	0.48	0.48	0	0	0.45
156600	0.45	0.48	0.48	0	0	0.45
156700	0.45	0.48	0.48	0	0	0.45
156800	0.45	0.48	0.48	0	0	0.45
156900	0.45	0.48	0.48	0	0	0.45
157000	0.45	0.48	0.48	0	0	0.45
157100	0.45	0.48	0.48	0	0	0.45
157200	0.45	0.48	0.48	0	0	0.45
157300	0.45	0.48	0.48	0	0	0.45
157400	0.45	0.48	0.48	0	0	0.45
157500	0.45	0.48	0.48	0	0	0.45
157600	0.45	0.47	0.47	0	0	0.45
157700	0.45	0.47	0.47	0	0	0.45
157800	0.45	0.47	0.47	0	0	0.45
157900	0.45	0.47	0.47	0	0	0.45
158000	0.45	0.47	0.47	0	0	0.45
158100	0.45	0.47	0.47	0	0	0.45
158200	0.45	0.47	0.47	0	0	0.45
158300	0.45	0.47	0.47	0	0	0.45
158400	0.44	0.47	0.47	0	0	0.44
158500	0.44	0.47	0.47	0	0	0.44
158600	0.44	0.47	0.47	0	0	0.44
158700	0.44	0.47	0.47	0	0	0.44
158800	0.44	0.46	0.46	0	0	0.44
158900	0.44	0.46	0.46	0	0	0.44
159000	0.44	0.46	0.46	0	0	0.44
159100	0.44	0.46	0.46	0	0	0.44
159200	0.44	0.46	0.46	0	0	0.44
159300	0.44	0.46	0.46	0	0	0.44
159400	0.44	0.46	0.46	0	0	0.44
159500	0.44	0.46	0.46	0	0	0.44
159600	0.44	0.45	0.45	0	0	0.44
159700	0.44	0.45	0.45	0	0	0.44
159800	0.44	0.45	0.45	0	0	0.44
159900	0.44	0.45	0.45	0	0	0.44
160000	0.44	0.45	0.45	0	0	0.44
160100	0.44	0.46	0.46	0	0	0.44
160200	0.44	0.46	0.46	0	0	0.44
160300	0.44	0.46	0.46	0	0	0.44
160400	0.44	0.46	0.46	0	0	0.44
160500	0.44	0.46	0.46	0	0	0.44
160600	0.44	0.46	0.46	0	0	0.44
160700	0.44	0.45	0.45	0	0	0.44
160800	0.44	0.45	0.45	0	0	0.44
160900	0.44	0.45	0.45	0	0	0.44
161000	0.44	0.45	0.45	0	0	0.44
161100	0.44	0.45	0.45	0	0	0.44
161200	0.44	0.46	0.46	0	0	0.44
161300	0.44	0.46	0.46	0	0	0.44
161400	0.44	0.46	0.46	0	0	0.44
161500	0.44	0.46	0.46	0	0	0.44
161600	0.44	0.46	0.46	0	0	0.44
161700	0.44	0.46	0.46	0	0	0.44
161800	0.44	0.46	0.46	0	0	0.44
161900	0.44	0.46	0.46	0	0	0.44
162000	0.44	0.46	0.46	0	0	0.44
162100	0.44	0.46	0.46	0	0	0.44
162200	0.44	0.47	0.47	0	0	0.44
162300	0.44	0.47	0.47	0	0	0.44
162400	0.44	0.47	0.47	0	0	0.44
162500	0.43	0.47	0.47	0	0	0.43
162600	0.44	0.47	0.47	0	0	0.44
162700	0.44	0.47	0.47	0	0	0.44
162800	0.43	0.47	0.47	0	0	0.43
162900	0.43	0.47	0.47	0	0	0.43
163000	0.43	0.47	0.47	0	0	0.43
163100	0.43	0.47	0.47	0	0	0.43
163200	0.43	0.47	0.47	0	0	0.43
163300	0.43	0.47	0.47	0	0	0.43
163400	0.43	0.47	0.47	0	0	0.43
163500	0.43	0.47	0.47	0	0	0.43
163600	0.43	0.47	0.47	0	0	0.43
163700	0.43	0.47	0.47	0	0	0.43
163800	0.43	0.47	0.47	0	0	0.43
163900	0.43	0.47	0.47	0	0	0.43
164000	0.43	0.46	0.46	0	0	0.43
164100	0.43	0.46	0.46	0	0	0.43
164200	0.43	0.46	0.46	0	0	0.43
164300	0.43	0.46	0.46	0	0	0.43
164400	0.43	0.46	0.46	0	0	0.43
164500	0.43	0.46	0.46	0	0	0.43
164600	0.44	0.46	0.46	0	0	0.44
164700	0.44	0.46	0.46	0	0	0.44
164800	0.44	0.46	0.46	0	0	0.44
164900	0.44	0.46	0.46	0	0	0.44
165000	0.44	0.46	0.46	0	0	0.44
165100	0.44	0.46	0.46	0	0	0.44
165200	0.44	0.45	0.45	0	0	0.44
165300	0.44	0.45	0.45	0	0	0.44
165400	0.44	0.45	0.45	0	0	0.44
165500	0.44	0.45	0.45	0	0	0.44
165600	0.44	0.45	0.45	0	0	0.44
165700	0.44	0.45	0.45	0	0	0.44
165800	0.44	0.45	0.45	0	0	0.44
165900	0.44	0.45	0.45	0	0	0.44
166000	0.44	0.45	0.45	0	0	0.44
166100	0.44	0.45	0.45	0	0	0.44
166200	0.45	0.45	0.45	0	0	0.45
166300	0.45	0.45	0.45	0	0	0.45
166400	0.45	0.45	0.45	0	0	0.45
166500	0.45	0.45	0.45	0	0	0.45
166600	0.45	0.45	0.45	0	0	0.45
166700	0.46	0.45	0.45	0	0	0.46
166800	0.46	0.45	0.45	0	0	0.46
166900	0.46	0.45	0.45	0	0	0.46
167000	0.46	0.45	0.45	0	0	0.46
167100	0.46	0.45	0.45	0	0	0.46
167200	0.46	0.45	0.45	0	0	0.46
167300	0.46	0.45	0.45	0	0	0.46
167400	0.46	0.45	0.45	0	0	0.46
167500	0.46	0.45	0.45	0	0	0.46
167600	0.46	0.46	0.46	0	0	0.46
167700	0.46	0.45	0.45	0	0	0.46
167800	0.46	0.45	0.45	0	0	0.46
167900	0.46	0.45	0.45	0	0	0.46
168000	0.46	0.45	0.45	0	0	0.46
168100	0.46	0.45	0.45	0	0	0.46
168200	0.46	0.45	0.45	0	0	0.46
168300	0.45	0.45	0.45	0	0	0.45
168400	0.45	0.45	0.45	0	0	0.45
168500	0.45	0.45	0.45	0	0	0.45
168600	0.45	0.45	0.45	0	0	0.45
168700	0.45	0.45	0.45	0	0	0.45
168800	0.46	0.45	0.45	0	0	0.46
168900	0.46	0.45	0.45	0	0	0.46
169000	0.46	0.45	0.45	0	0	0.46
169100	0.46	0.45	0.45	0	0	0.46
169200	0.47	0.45	0.45	0	0	0.47
169300	0.47	0.45	0.45	0	0	0.47
169400	0.47	0.45	0.45	0	0	0.47
169500	0.47	0.45	0.45	0	0	0.47
169600	0.47	0.45	0.45	0	0	0.47
169700	0.47	0.45	0.45	0	0	0.47
169800	0.47	0.45	0.45	0	0	0.47
169900	0.47	0.45	0.45	0	0	0.47
170000	0.46	0.45	0.45	0	0	0.46
170100	0.46	0.45	0.45	0	0	0.46
170200	0.46	0.45	0.45	0	0	0.46
170300	0.46	0.45	0.45	0	0	0.46
170400	0.46	0.45	0.45	0	0	0.46
170500	0.46	0.45	0.45	0	0	0.46
170600	0.46	0.45	0.45	0	0	0.46
170700	0.46	0.45	0.45	0	0	0.46
170800	0.46	0.45	0.45	0	0	0.46
170900	0.46	0.45	0.45	0	0	0.46
171000	0.46	0.45	0.45	0	0	0.46
171100	0.46	0.45	0.45	0	0	0.46
171200	0.46	0.46	0.46	0	0	0.46
171300	0.46	0.45	0.45	0	0	0.46
171400	0.45	0.45	0.45	0	0	0.45
171500	0.45	0.45	0.45	0	0	0.45
171600	0.46	0.44	0.44	0	0	0.46
171700	0.46	0.44	0.44	0	0	0.46
171800	0.46	0.44	0.44	0	0	0.46
171900	0.46	0.44	0.44	0	0	0.46
172000	0.46	0.44	0.44	0	0	0.46
172100	0.46	0.44	0.44	0	0	0.46
172200	0.46	0.44	0.44	0	0	0.46
172300	0.46	0.44	0.44	0	0	0.46
172400	0.46	0.44	0.44	0	0	0.46
172500	0.45	0.44	0.44	0	0	0.45
172600	0.45	0.44	0.44	0	0	0.45
172700	0.45	0.44	0.44	0	0	0.45
172800	0.46	0.44	0.44	0	0	0.46
172900	0.47	0.44	0.44	0	0	0.47
173000	0.47	0.44	0.44	0	0	0.47
173100	0.47	0.44	0.44	0	0	0.47
173200	0.45	0.44	0.44	0	0	0.45
173300	0.45	0.44	0.44	0	0	0.45
173400	0.45	0.44	0.44	0	0	0.45
173500	0.45	0.44	0.44	0	0	0.45
173600	0.45	0.44	0.44	0	0	0.45
173700	0.45	0.44	0.44	0	0	0.45
173800	0.45	0.44	0.44	0	0	0.45
173900	0.45	0.45	0.45	0	0	0.45
174000	0.45	0.46	0.46	0	0	0.45
174100	0.45	0.46	0.46	0	0	0.45
174200	0.45	0.46	0.46	0	0	0.45
174300	0.45	0.46	0.46	0	0	0.45
174400	0.45	0.46	0.46	0	0	0.45
174500	0.45	0.46	0.46	0	0	0.45
174600	0.45	0.46	0.46	0	0	0.45
174700	0.45	0.46	0.46	0	0	0.45
174800	0.45	0.46	0.46	0	0	0.45
174900	0.45	0.45	0.45	0	0	0.45
175000	0.45	0.45	0.45	0	0	0.45
175100	0.45	0.45	0.45	0	0	0.45
175200	0.45	0.45	0.45	0	0	0.45
175300	0.45	0.45	0.45	0	0	0.45
175400	0.45	0.45	0.45	0	0	0.45
175500	0.45	0.46	0.46	0	0	0.45
175600	0.45	0.46	0.46	0	0	0.45
175700	0.45	0.46	0.46	0	0	0.45
175800	0.45	0.46	0.46	0	0	0.45
175900	0.45	0.46	0.46	0	0	0.45
176000	0.45	0.47	0.47	0	0	0.45
176100	0.45	0.47	0.47	0	0	0.45
176200	0.45	0.48	0.48	0	0	0.45
176300	0.45	0.48	0.48	0	0	0.45
176400	0.45	0.48	0.48	0	0	0.45
176500	0.45	0.48	0.48	0	0	0.45
176600	0.45	0.48	0.48	0	0	0.45
176700	0.45	0.49	0.49	0	0	0.45
176800	0.45	0.49	0.49	0	0	0.45
176900	0.45	0.48	0.48	0	0	0.45
177000	0.45	0.49	0.49	0	0	0.45
177100	0.45	0.49	0.49	0	0	0.45
177200	0.45	0.49	0.49	0	0	0.45
177300	0.45	0.49	0.49	0	0	0.45
177400	0.45	0.49	0.49	0	0	0.45
177500	0.45	0.49	0.49	0	0	0.45
177600	0.45	0.49	0.49	0	0	0.45
177700	0.45	0.49	0.49	0	0	0.45
177800	0.45	0.49	0.49	0	0	0.45
177900	0.45	0.48	0.48	0	0	0.45
178000	0.44	0.48	0.48	0	0	0.44
178100	0.44	0.48	0.48	0	0	0.44
178200	0.44	0.48	0.48	0	0	0.44
178300	0.44	0.48	0.48	0	0	0.44
178400	0.44	0.48	0.48	0	0	0.44
178500	0.44	0.47	0.47	0	0	0.44
178600	0.44	0.47	0.47	0	0	0.44
178700	0.44	0.47	0.47	0	0	0.44
178800	0.44	0.47	0.47	0	0	0.44
178900	0.44	0.48	0.48	0	0	0.44
179000	0.44	0.47	0.47	0	0	0.44
179100	0.44	0.48	0.48	0	0	0.44
179200	0.44	0.48	0.48	0	0	0.44
179300	0.44	0.48	0.48	0	0	0.44
179400	0.44	0.48	0.48	0	0	0.44
179500	0.44	0.48	0.48	0	0	0.44
179600	0.44	0.48	0.48	0	0	0.44
179700	0.44	0.48	0.48	0	0	0.44
179800	0.45	0.48	0.48	0	0	0.45
179900	0.45	0.48	0.48	0	0	0.45
180000	0.45	0.49	0.49	0	0	0.45
180100	0.45	0.49	0.49	0	0	0.45
180200	0.45	0.49	0.49	0	0	0.45
180300	0.45	0.48	0.48	0	0	0.45
180400	0.46	0.48	0.48	0	0	0.46
180500	0.47	0.48	0.48	0	0	0.47
180600	0.47	0.48	0.48	0	0	0.47
180700	0.47	0.48	0.48	0	0	0.47
180800	0.47	0.48	0.48	0	0	0.47
180900	0.47	0.48	0.48	0	0	0.47
181000	0.47	0.48	0.48	0	0	0.47
181100	0.47	0.48	0.48	0	0	0.47
181200	0.47	0.48	0.48	0	0	0.47
181300	0.47	0.48	0.48	0	0	0.47
181400	0.47	0.48	0.48	0	0	0.47
181500	0.47	0.48	0.48	0	0	0.47
181600	0.47	0.48	0.48	0	0	0.47
181700	0.47	0.48	0.48	0	0	0.47
181800	0.47	0.47	0.47	0	0	0.47
181900	0.47	0.47	0.47	0	0	0.47
182000	0.47	0.47	0.47	0	0	0.47
182100	0.47	0.47	0.47	0	0	0.47
182200	0.47	0.47	0.47	0	0	0.47
182300	0.47	0.47	0.47	0	0	0.47
182400	0.46	0.47	0.47	0	0	0.46
182500	0.46	0.47	0.47	0	0	0.46
182600	0.46	0.47	0.47	0	0	0.46
182700	0.45	0.47	0.47	0	0	0.45
182800	0.45	0.47	0.47	0	0	0.45
182900	0.45	0.47	0.47	0	0	0.45
183000	0.46	0.47	0.47	0	0	0.46
183100	0.45	0.47	0.47	0	0	0.45
183200	0.45	0.47	0.47	0	0	0.45
183300	0.45	0.47	0.47	0	0	0.45
183400	0.45	0.47	0.47	0	0	0.45
183500	0.45	0.47	0.47	0	0	0.45
183600	0.45	0.47	0.47	0	0	0.45
183700	0.45	0.47	0.47	0	0	0.45
183800	0.45	0.47	0.47	0	0	0.45
183900	0.45	0.47	0.47	0	0	0.45
184000	0.46	0.48	0.48	0	0	0.46
184100	0.46	0.48	0.48	0	0	0.46
184200	0.46	0.48	0.48	0	0	0.46
184300	0.46	0.48	0.48	0	0	0.46
184400	0.46	0.48	0.48	0	0	0.46
184500	0.46	0.48	0.48	0	0	0.46
184600	0.46	0.48	0.48	0	0	0.46
184700	0.46	0.48	0.48	0	0	0.46
184800	0.46	0.48	0.48	0	0	0.46
184900	0.46	0.48	0.48	0	0	0.46
185000	0.46	0.48	0.48	0	0	0.46
185100	0.46	0.48	0.48	0	0	0.46
185200	0.46	0.48	0.48	0	0	0.46
185300	0.46	0.48	0.48	0	0	0.46
185400	0.46	0.48	0.48	0	0	0.46
185500	0.46	0.48	0.48	0	0	0.46
185600	0.46	0.48	0.48	0	0	0.46
185700	0.46	0.48	0.48	0	0	0.46
185800	0.46	0.48	0.48	0	0	0.46
185900	0.46	0.48	0.48	0	0	0.46
186000	0.46	0.48	0.48	0	0	0.46
186100	0.46	0.48	0.48	0	0	0.46
186200	0.46	0.48	0.48	0	0	0.46
186300	0.46	0.48	0.48	0	0	0.46
186400	0.46	0.49	0.49	0	0	0.46
186500	0.46	0.48	0.48	0	0	0.46
186600	0.46	0.48	0.48	0	0	0.46
186700	0.46	0.48	0.48	0	0	0.46
186800	0.46	0.48	0.48	0	0	0.46
186900	0.46	0.48	0.48	0	0	0.46
187000	0.46	0.48	0.48	0	0	0.46
187100	0.46	0.48	0.48	0	0	0.46
187200	0.46	0.48	0.48	0	0	0.46
187300	0.46	0.48	0.48	0	0	0.46
187400	0.46	0.48	0.48	0	0	0.46
187500	0.45	0.48	0.48	0	0	0.45
187600	0.45	0.48	0.48	0	0	0.45
187700	0.45	0.48	0.48	0	0	0.45
187800	0.45	0.48	0.48	0	0	0.45
187900	0.45	0.48	0.48	0	0	0.45
188000	0.45	0.48	0.48	0	0	0.45
188100	0.45	0.48	0.48	0	0	0.45
188200	0.45	0.48	0.48	0	0	0.45
188300	0.45	0.48	0.48	0	0	0.45
188400	0.46	0.48	0.48	0	0	0.46
188500	0.46	0.48	0.48	0	0	0.46
188600	0.46	0.48	0.48	0	0	0.46
188700	0.46	0.48	0.48	0	0	0.46
188800	0.46	0.48	0.48	0	0	0.46
188900	0.46	0.48	0.48	0	0	0.46
189000	0.46	0.48	0.48	0	0	0.46
189100	0.46	0.48	0.48	0	0	0.46
189200	0.46	0.48	0.48	0	0	0.46
189300	0.46	0.48	0.48	0	0	0.46
189400	0.46	0.48	0.48	0	0	0.46
189500	0.46	0.48	0.48	0	0	0.46
189600	0.46	0.48	0.48	0	0	0.46
189700	0.46	0.48	0.48	0	0	0.46
189800	0.46	0.48	0.48	0	0	0.46
189900	0.46	0.49	0.49	0	0	0.46
190000	0.46	0.49	0.49	0	0	0.46
190100	0.46	0.48	0.48	0	0	0.46
190200	0.46	0.48	0.48	0	0	0.46
190300	0.46	0.48	0.48	0	0	0.46
190400	0.46	0.48	0.48	0	0	0.46
190500	0.46	0.48	0.48	0	0	0.46
190600	0.46	0.48	0.48	0	0	0.46
190700	0.46	0.48	0.48	0	0	0.46
190800	0.46	0.47	0.47	0	0	0.46
190900	0.46	0.47	0.47	0	0	0.46
191000	0.46	0.47	0.47	0	0	0.46
191100	0.46	0.47	0.47	0	0	0.46
191200	0.46	0.47	0.47	0	0	0.46
191300	0.46	0.47	0.47	0	0	0.46
191400	0.46	0.47	0.47	0	0	0.46
191500	0.46	0.47	0.47	0	0	0.46
191600	0.46	0.47	0.47	0	0	0.46
191700	0.46	0.47	0.47	0	0	0.46
191800	0.46	0.47	0.47	0	0	0.46
191900	0.46	0.47	0.47	0	0	0.46
192000	0.47	0.47	0.47	0	0	0.47
192100	0.47	0.47	0.47	0	0	0.47
192200	0.47	0.47	0.47	0	0	0.47
192300	0.47	0.47	0.47	0	0	0.47
192400	0.47	0.47	0.47	0	0	0.47
192500	0.47	0.47	0.47	0	0	0.47
192600	0.47	0.47	0.47	0	0	0.47
192700	0.47	0.47	0.47	0	0	0.47
192800	0.47	0.47	0.47	0	0	0.47
192900	0.47	0.47	0.47	0	0	0.47
193000	0.47	0.47	0.47	0	0	0.47
193100	0.47	0.47	0.47	0	0	0.47
193200	0.47	0.47	0.47	0	0	0.47
193300	0.47	0.47	0.47	0	0	0.47
193400	0.47	0.47	0.47	0	0	0.47
193500	0.47	0.47	0.47	0	0	0.47
193600	0.47	0.47	0.47	0	0	0.47
193700	0.47	0.47	0.47	0	0	0.47
193800	0.47	0.47	0.47	0	0	0.47
193900	0.47	0.47	0.47	0	0	0.47
194000	0.47	0.47	0.47	0	0	0.47
194100	0.47	0.47	0.47	0	0	0.47
194200	0.47	0.47	0.47	0	0	0.47
194300	0.47	0.47	0.47	0	0	0.47
194400	0.47	0.47	0.47	0	0	0.47
194500	0.47	0.47	0.47	0	0	0.47
194600	0.47	0.47	0.47	0	0	0.47
194700	0.47	0.48	0.48	0	0	0.47
194800	0.47	0.48	0.48	0	0	0.47
194900	0.47	0.48	0.48	0	0	0.47
195000	0.47	0.48	0.48	0	0	0.47
195100	0.47	0.49	0.49	0	0	0.47
195200	0.47	0.49	0.49	0	0	0.47
195300	0.47	0.5	0.5	0	0	0.47
195400	0.47	0.5	0.5	0	0	0.47
195500	0.47	0.5	0.5	0	0	0.47
195600	0.47	0.5	0.5	0	0	0.47
195700	0.47	0.5	0.5	0	0	0.47
195800	0.47	0.5	0.5	0	0	0.47
195900	0.47	0.5	0.5	0	0	0.47
196000	0.47	0.5	0.5	0	0	0.47
196100	0.47	0.5	0.5	0	0	0.47
196200	0.47	0.5	0.5	0	0	0.47
196300	0.47	0.5	0.5	0	0	0.47
196400	0.47	0.5	0.5	0	0	0.47
196500	0.47	0.5	0.5	0	0	0.47
196600	0.47	0.5	0.5	0	0	0.47
196700	0.47	0.5	0.5	0	0	0.47
196800	0.47	0.5	0.5	0	0	0.47
196900	0.47	0.5	0.5	0	0	0.47
197000	0.47	0.5	0.5	0	0	0.47
197100	0.47	0.5	0.5	0	0	0.47
197200	0.47	0.5	0.5	0	0	0.47
197300	0.47	0.5	0.5	0	0	0.47
197400	0.47	0.5	0.5	0	0	0.47
197500	0.47	0.5	0.5	0	0	0.47
197600	0.47	0.5	0.5	0	0	0.47
197700	0.47	0.51	0.51	0	0	0.47
197800	0.47	0.51	0.51	0	0	0.47
197900	0.47	0.51	0.51	0	0	0.47
198000	0.47	0.51	0.51	0	0	0.47
198100	0.47	0.51	0.51	0	0	0.47
198200	0.47	0.51	0.51	0	0	0.47
198300	0.47	0.51	0.51	0	0	0.47
198400	0.47	0.51	0.51	0	0	0.47
198500	0.47	0.51	0.51	0	0	0.47
198600	0.47	0.51	0.51	0	0	0.47
198700	0.47	0.51	0.51	0	0	0.47
198800	0.47	0.51	0.51	0	0	0.47
198900	0.47	0.51	0.51	0	0	0.47
199000	0.47	0.51	0.51	0	0	0.47
199100	0.47	0.51	0.51	0	0	0.47
199200	0.47	0.5	0.5	0	0	0.47
199300	0.47	0.5	0.5	0	0	0.47
199400	0.47	0.5	0.5	0	0	0.47
199500	0.47	0.5	0.5	0	0	0.47
199600	0.47	0.5	0.5	0	0	0.47
199700	0.47	0.5	0.5	0	0	0.47
199800	0.47	0.5	0.5	0	0	0.47
199900	0.47	0.5	0.5	0	0	0.47
200000	0.47	0.5	0.5	0	0	0.47
200100	0.47	0.5	0.5	0	0	0.47
200200	0.47	0.5	0.5	0	0	0.47
200300	0.47	0.5	0.5	0	0	0.47
200400	0.47	0.49	0.49	0	0	0.47
200500	0.47	0.49	0.49	0	0	0.47
200600	0.46	0.49	0.49	0	0	0.46
200700	0.46	0.49	0.49	0	0	0.46
200800	0.46	0.49	0.49	0	0	0.46
200900	0.46	0.49	0.49	0	0	0.46
201000	0.46	0.49	0.49	0	0	0.46
201100	0.46	0.49	0.49	0	0	0.46
201200	0.46	0.49	0.49	0	0	0.46
201300	0.46	0.49	0.49	0	0	0.46
201400	0.46	0.49	0.49	0	0	0.46
201500	0.46	0.49	0.49	0	0	0.46
201600	0.46	0.49	0.49	0	0	0.46
201700	0.47	0.49	0.49	0	0	0.47
201800	0.46	0.49	0.49	0	0	0.46
201900	0.47	0.49	0.49	0	0	0.47
202000	0.47	0.49	0.49	0	0	0.47
202100	0.47	0.49	0.49	0	0	0.47
202200	0.46	0.49	0.49	0	0	0.46
202300	0.46	0.49	0.49	0	0	0.46
202400	0.46	0.49	0.49	0	0	0.46
202500	0.46	0.49	0.49	0	0	0.46
202600	0.46	0.49	0.49	0	0	0.46
202700	0.46	0.49	0.49	0	0	0.46
202800	0.46	0.49	0.49	0	0	0.46
202900	0.46	0.49	0.49	0	0	0.46
203000	0.46	0.48	0.48	0	0	0.46
203100	0.46	0.49	0.49	0	0	0.46
203200	0.46	0.49	0.49	0	0	0.46
203300	0.46	0.49	0.49	0	0	0.46
203400	0.46	0.49	0.49	0	0	0.46
203500	0.46	0.49	0.49	0	0	0.46
203600	0.46	0.49	0.49	0	0	0.46
203700	0.46	0.49	0.49	0	0	0.46
203800	0.46	0.49	0.49	0	0	0.46
203900	0.47	0.49	0.49	0	0	0.47
204000	0.47	0.49	0.49	0	0	0.47
204100	0.47	0.49	0.49	0	0	0.47
204200	0.47	0.49	0.49	0	0	0.47
204300	0.47	0.49	0.49	0	0	0.47
204400	0.47	0.49	0.49	0	0	0.47
204500	0.47	0.49	0.49	0	0	0.47
204600	0.47	0.49	0.49	0	0	0.47
204700	0.47	0.49	0.49	0	0	0.47
204800	0.46	0.49	0.49	0	0	0.46
204900	0.46	0.49	0.49	0	0	0.46
205000	0.47	0.49	0.49	0	0	0.47
205100	0.47	0.49	0.49	0	0	0.47
205200	0.47	0.49	0.49	0	0	0.47
205300	0.47	0.49	0.49	0	0	0.47
205400	0.47	0.49	0.49	0	0	0.47
205500	0.47	0.49	0.49	0	0	0.47
205600	0.47	0.49	0.49	0	0	0.47
205700	0.47	0.49	0.49	0	0	0.47
205800	0.47	0.49	0.49	0	0	0.47
205900	0.47	0.49	0.49	0	0	0.47
206000	0.47	0.49	0.49	0	0	0.47
206100	0.47	0.49	0.49	0	0	0.47
206200	0.47	0.49	0.49	0	0	0.47
206300	0.47	0.49	0.49	0	0	0.47
206400	0.47	0.49	0.49	0	0	0.47
206500	0.47	0.49	0.49	0	0	0.47
206600	0.47	0.49	0.49	0	0	0.47
206700	0.47	0.49	0.49	0	0	0.47
206800	0.47	0.49	0.49	0	0	0.47
206900	0.47	0.49	0.49	0	0	0.47
207000	0.47	0.49	0.49	0	0	0.47
207100	0.47	0.49	0.49	0	0	0.47
207200	0.47	0.49	0.49	0	0	0.47
207300	0.47	0.49	0.49	0	0	0.47
207400	0.47	0.49	0.49	0	0	0.47
207500	0.47	0.49	0.49	0	0	0.47
207600	0.47	0.49	0.49	0	0	0.47
207700	0.47	0.49	0.49	0	0	0.47
207800	0.47	0.49	0.49	0	0	0.47
207900	0.47	0.49	0.49	0	0	0.47
208000	0.47	0.49	0.49	0	0	0.47
208100	0.47	0.49	0.49	0	0	0.47
208200	0.47	0.49	0.49	0	0	0.47
208300	0.48	0.49	0.49	0	0	0.48
208400	0.48	0.5	0.5	0	0	0.48
208500	0.48	0.49	0.49	0	0	0.48
208600	0.48	0.49	0.49	0	0	0.48
208700	0.48	0.49	0.49	0	0	0.48
208800	0.49	0.49	0.49	0	0	0.49
208900	0.49	0.49	0.49	0	0	0.49
209000	0.49	0.49	0.49	0	0	0.49
209100	0.49	0.49	0.49	0	0	0.49
209200	0.49	0.49	0.49	0	0	0.49
209300	0.49	0.49	0.49	0	0	0.49
209400	0.49	0.49	0.49	0	0	0.49
209500	0.49	0.49	0.49	0	0	0.49
209600	0.49	0.49	0.49	0	0	0.49
209700	0.49	0.49	0.49	0	0	0.49
209800	0.49	0.49	0.49	0	0	0.49
209900	0.49	0.49	0.49	0	0	0.49
210000	0.49	0.49	0.49	0	0	0.49
210100	0.49	0.49	0.49	0	0	0.49
210200	0.49	0.49	0.49	0	0	0.49
210300	0.49	0.49	0.49	0	0	0.49
210400	0.49	0.49	0.49	0	0	0.49
210500	0.49	0.49	0.49	0	0	0.49
210600	0.48	0.49	0.49	0	0	0.48
210700	0.48	0.49	0.49	0	0	0.48
210800	0.48	0.49	0.49	0	0	0.48
210900	0.48	0.49	0.49	0	0	0.48
211000	0.48	0.49	0.49	0	0	0.48
211100	0.48	0.49	0.49	0	0	0.48
211200	0.48	0.49	0.49	0	0	0.48
211300	0.47	0.49	0.49	0	0	0.47
211400	0.47	0.49	0.49	0	0	0.47
211500	0.47	0.49	0.49	0	0	0.47
211600	0.47	0.49	0.49	0	0	0.47
211700	0.47	0.49	0.49	0	0	0.47
211800	0.47	0.49	0.49	0	0	0.47
211900	0.47	0.49	0.49	0	0	0.47
212000	0.47	0.49	0.49	0	0	0.47
212100	0.47	0.49	0.49	0	0	0.47
212200	0.47	0.49	0.49	0	0	0.47
212300	0.47	0.49	0.49	0	0	0.47
212400	0.47	0.49	0.49	0	0	0.47
212500	0.47	0.49	0.49	0	0	0.47
212600	0.47	0.49	0.49	0	0	0.47
212700	0.47	0.49	0.49	0	0	0.47
212800	0.47	0.49	0.49	0	0	0.47
212900	0.47	0.49	0.49	0	0	0.47
213000	0.47	0.49	0.49	0	0	0.47
213100	0.47	0.49	0.49	0	0	0.47
213200	0.47	0.49	0.49	0	0	0.47
213300	0.47	0.49	0.49	0	0	0.47
213400	0.47	0.49	0.49	0	0	0.47
213500	0.47	0.49	0.49	0	0	0.47
213600	0.47	0.49	0.49	0	0	0.47
213700	0.47	0.49	0.49	0	0	0.47
213800	0.47	0.49	0.49	0	0	0.47
213900	0.47	0.49	0.49	0	0	0.47
214000	0.47	0.49	0.49	0	0	0.47
214100	0.47	0.49	0.49	0	0	0.47
214200	0.47	0.49	0.49	0	0	0.47
214300	0.47	0.49	0.49	0	0	0.47
214400	0.47	0.49	0.49	0	0	0.47
214500	0.47	0.49	0.49	0	0	0.47
214600	0.47	0.49	0.49	0	0	0.47
214700	0.47	0.49	0.49	0	0	0.47
214800	0.47	0.49	0.49	0	0	0.47
214900	0.47	0.49	0.49	0	0	0.47
215000	0.47	0.49	0.49	0	0	0.47
215100	0.47	0.49	0.49	0	0	0.47
215200	0.47	0.5	0.5	0	0	0.47
215300	0.47	0.5	0.5	0	0	0.47
215400	0.47	0.5	0.5	0	0	0.47
215500	0.47	0.5	0.5	0	0	0.47
215600	0.47	0.5	0.5	0	0	0.47
215700	0.47	0.5	0.5	0	0	0.47
215800	0.47	0.5	0.5	0	0	0.47
215900	0.47	0.5	0.5	0	0	0.47
216000	0.47	0.5	0.5	0	0	0.47
216100	0.47	0.5	0.5	0	0	0.47
216200	0.47	0.5	0.5	0	0	0.47
216300	0.47	0.5	0.5	0	0	0.47
216400	0.47	0.5	0.5	0	0	0.47
216500	0.47	0.5	0.5	0	0	0.47
216600	0.47	0.5	0.5	0	0	0.47
216700	0.47	0.5	0.5	0	0	0.47
216800	0.46	0.5	0.5	0	0	0.46
216900	0.46	0.5	0.5	0	0	0.46
217000	0.46	0.5	0.5	0	0	0.46
217100	0.46	0.5	0.5	0	0	0.46
217200	0.46	0.5	0.5	0	0	0.46
217300	0.46	0.5	0.5	0	0	0.46
217400	0.46	0.5	0.5	0	0	0.46
217500	0.46	0.5	0.5	0	0	0.46
217600	0.46	0.5	0.5	0	0	0.46
217700	0.46	0.5	0.5	0	0	0.46
217800	0.46	0.5	0.5	0	0	0.46
217900	0.46	0.5	0.5	0	0	0.46
218000	0.46	0.5	0.5	0	0	0.46
218100	0.46	0.5	0.5	0	0	0.46
218200	0.46	0.5	0.5	0	0	0.46
218300	0.46	0.5	0.5	0	0	0.46
218400	0.46	0.5	0.5	0	0	0.46
218500	0.46	0.5	0.5	0	0	0.46
218600	0.46	0.5	0.5	0	0	0.46
218700	0.46	0.5	0.5	0	0	0.46
218800	0.46	0.5	0.5	0	0	0.46
218900	0.46	0.5	0.5	0	0	0.46
219000	0.46	0.5	0.5	0	0	0.46
219100	0.46	0.5	0.5	0	0	0.46
219200	0.46	0.5	0.5	0	0	0.46
219300	0.46	0.5	0.5	0	0	0.46
219400	0.46	0.5	0.5	0	0	0.46
219500	0.46	0.5	0.5	0	0	0.46
219600	0.46	0.5	0.5	0	0	0.46
219700	0.46	0.5	0.5	0	0	0.46
219800	0.46	0.5	0.5	0	0	0.46
219900	0.46	0.5	0.5	0	0	0.46
220000	0.46	0.5	0.5	0	0	0.46
220100	0.46	0.5	0.5	0	0	0.46
220200	0.46	0.5	0.5	0	0	0.46
220300	0.46	0.5	0.5	0	0	0.46
220400	0.46	0.5	0.5	0	0	0.46
220500	0.46	0.49	0.49	0	0	0.46
220600	0.46	0.49	0.49	0	0	0.46
220700	0.46	0.49	0.49	0	0	0.46
220800	0.46	0.49	0.49	0	0	0.46
220900	0.46	0.49	0.49	0	0	0.46
221000	0.47	0.5	0.5	0	0	0.47
221100	0.47	0.5	0.5	0	0	0.47
221200	0.47	0.5	0.5	0	0	0.47
221300	0.47	0.5	0.5	0	0	0.47
221400	0.47	0.5	0.5	0	0	0.47
221500	0.47	0.5	0.5	0	0	0.47
221600	0.47	0.51	0.51	0	0	0.47
221700	0.47	0.5	0.5	0	0	0.47
221800	0.47	0.5	0.5	0	0	0.47
221900	0.47	0.5	0.5	0	0	0.47
222000	0.47	0.5	0.5	0	0	0.47
222100	0.47	0.49	0.49	0	0	0.47
222200	0.47	0.49	0.49	0	0	0.47
222300	0.47	0.49	0.49	0	0	0.47
222400	0.47	0.49	0.49	0	0	0.47
222500	0.47	0.49	0.49	0	0	0.47
222600	0.47	0.49	0.49	0	0	0.47
222700	0.47	0.49	0.49	0	0	0.47
222800	0.47	0.49	0.49	0	0	0.47
222900	0.47	0.49	0.49	0	0	0.47
223000	0.47	0.49	0.49	0	0	0.47
223100	0.47	0.49	0.49	0	0	0.47
223200	0.47	0.49	0.49	0	0	0.47
223300	0.47	0.49	0.49	0	0	0.47
223400	0.47	0.49	0.49	0	0	0.47
223500	0.47	0.49	0.49	0	0	0.47
223600	0.47	0.49	0.49	0	0	0.47
223700	0.47	0.49	0.49	0	0	0.47
223800	0.47	0.49	0.49	0	0	0.47
223900	0.47	0.49	0.49	0	0	0.47
224000	0.47	0.49	0.49	0	0	0.47
224100	0.47	0.49	0.49	0	0	0.47
224200	0.47	0.49	0.49	0	0	0.47
224300	0.47	0.49	0.49	0	0	0.47
224400	0.47	0.49	0.49	0	0	0.47
224500	0.47	0.49	0.49	0	0	0.47
224600	0.47	0.49	0.49	0	0	0.47
224700	0.47	0.49	0.49	0	0	0.47
224800	0.47	0.49	0.49	0	0	0.47
224900	0.47	0.49	0.49	0	0	0.47
225000	0.47	0.49	0.49	0	0	0.47
225100	0.46	0.49	0.49	0	0	0.46
225200	0.46	0.49	0.49	0	0	0.46
225300	0.46	0.49	0.49	0	0	0.46
225400	0.46	0.49	0.49	0	0	0.46
225500	0.46	0.49	0.49	0	0	0.46
225600	0.46	0.49	0.49	0	0	0.46
225700	0.46	0.49	0.49	0	0	0.46
225800	0.46	0.49	0.49	0	0	0.46
225900	0.46	0.49	0.49	0	0	0.46
226000	0.46	0.49	0.49	0	0	0.46
226100	0.46	0.49	0.49	0	0	0.46
226200	0.46	0.49	0.49	0	0	0.46
226300	0.46	0.49	0.49	0	0	0.46
226400	0.46	0.49	0.49	0	0	0.46
226500	0.46	0.49	0.49	0	0	0.46
226600	0.46	0.49	0.49	0	0	0.46
226700	0.46	0.49	0.49	0	0	0.46
226800	0.46	0.49	0.49	0	0	0.46
226900	0.46	0.49	0.49	0	0	0.46
227000	0.46	0.49	0.49	0	0	0.46
227100	0.46	0.49	0.49	0	0	0.46
227200	0.46	0.49	0.49	0	0	0.46
227300	0.46	0.49	0.49	0	0	0.46
227400	0.46	0.49	0.49	0	0	0.46
227500	0.46	0.49	0.49	0	0	0.46
227600	0.46	0.49	0.49	0	0	0.46
227700	0.47	0.49	0.49	0	0	0.47
227800	0.47	0.49	0.49	0	0	0.47
227900	0.47	0.49	0.49	0	0	0.47
228000	0.47	0.49	0.49	0	0	0.47
228100	0.47	0.49	0.49	0	0	0.47
228200	0.47	0.49	0.49	0	0	0.47
228300	0.47	0.49	0.49	0	0	0.47
228400	0.47	0.49	0.49	0	0	0.47
228500	0.47	0.49	0.49	0	0	0.47
228600	0.47	0.49	0.49	0	0	0.47
228700	0.47	0.49	0.49	0	0	0.47
228800	0.47	0.49	0.49	0	0	0.47
228900	0.47	0.49	0.49	0	0	0.47
229000	0.47	0.49	0.49	0	0	0.47
229100	0.47	0.49	0.49	0	0	0.47
229200	0.47	0.49	0.49	0	0	0.47
229300	0.47	0.49	0.49	0	0	0.47
229400	0.47	0.49	0.49	0	0	0.47
229500	0.47	0.49	0.49	0	0	0.47
229600	0.47	0.49	0.49	0	0	0.47
229700	0.47	0.49	0.49	0	0	0.47
229800	0.46	0.49	0.49	0	0	0.46
229900	0.46	0.49	0.49	0	0	0.46
230000	0.46	0.49	0.49	0	0	0.46
230100	0.46	0.49	0.49	0	0	0.46
230200	0.46	0.49	0.49	0	0	0.46
230300	0.46	0.49	0.49	0	0	0.46
230400	0.46	0.49	0.49	0	0	0.46
230500	0.46	0.49	0.49	0	0	0.46
230600	0.46	0.49	0.49	0	0	0.46
230700	0.46	0.49	0.49	0	0	0.46
230800	0.46	0.49	0.49	0	0	0.46
230900	0.46	0.49	0.49	0	0	0.46
231000	0.46	0.49	0.49	0	0	0.46
231100	0.46	0.49	0.49	0	0	0.46
231200	0.46	0.49	0.49	0	0	0.46
231300	0.46	0.49	0.49	0	0	0.46
231400	0.46	0.48	0.48	0	0	0.46
231500	0.46	0.48	0.48	0	0	0.46
231600	0.46	0.48	0.48	0	0	0.46
231700	0.46	0.48	0.48	0	0	0.46
231800	0.46	0.48	0.48	0	0	0.46
231900	0.46	0.48	0.48	0	0	0.46
232000	0.46	0.49	0.49	0	0	0.46
232100	0.46	0.49	0.49	0	0	0.46
232200	0.46	0.49	0.49	0	0	0.46
232300	0.45	0.49	0.49	0	0	0.45
232400	0.45	0.5	0.5	0	0	0.45
232500	0.45	0.5	0.5	0	0	0.45
232600	0.45	0.5	0.5	0	0	0.45
232700	0.46	0.5	0.5	0	0	0.46
232800	0.46	0.5	0.5	0	0	0.46
232900	0.46	0.5	0.5	0	0	0.46
233000	0.46	0.5	0.5	0	0	0.46
233100	0.46	0.5	0.5	0	0	0.46
233200	0.46	0.5	0.5	0	0	0.46
233300	0.46	0.5	0.5	0	0	0.46
233400	0.46	0.5	0.5	0	0	0.46
233500	0.46	0.5	0.5	0	0	0.46
233600	0.46	0.51	0.51	0	0	0.46
233700	0.46	0.51	0.51	0	0	0.46
233800	0.46	0.51	0.51	0	0	0.46
233900	0.46	0.51	0.51	0	0	0.46
234000	0.46	0.51	0.51	0	0	0.46
234100	0.46	0.51	0.51	0	0	0.46
234200	0.46	0.51	0.51	0	0	0.46
234300	0.46	0.51	0.51	0	0	0.46
234400	0.46	0.51	0.51	0	0	0.46
234500	0.46	0.51	0.51	0	0	0.46
234600	0.46	0.51	0.51	0	0	0.46
234700	0.46	0.51	0.51	0	0	0.46
234800	0.46	0.51	0.51	0	0	0.46
234900	0.46	0.51	0.51	0	0	0.46
235000	0.46	0.51	0.51	0	0	0.46
235100	0.46	0.51	0.51	0	0	0.46
235200	0.46	0.51	0.51	0	0	0.46
235300	0.46	0.51	0.51	0	0	0.46
235400	0.46	0.51	0.51	0	0	0.46
235500	0.46	0.51	0.51	0	0	0.46
235600	0.46	0.51	0.51	0	0	0.46
235700	0.46	0.51	0.51	0	0	0.46
235800	0.46	0.51	0.51	0	0	0.46
235900	0.46	0.51	0.51	0	0	0.46
236000	0.46	0.51	0.51	0	0	0.46
236100	0.46	0.51	0.51	0	0	0.46
236200	0.46	0.51	0.51	0	0	0.46
236300	0.46	0.51	0.51	0	0	0.46
236400	0.46	0.51	0.51	0	0	0.46
236500	0.47	0.51	0.51	0	0	0.47
236600	0.47	0.51	0.51	0	0	0.47
236700	0.47	0.51	0.51	0	0	0.47
236800	0.47	0.51	0.51	0	0	0.47
236900	0.47	0.51	0.51	0	0	0.47
237000	0.47	0.51	0.51	0	0	0.47
237100	0.47	0.51	0.51	0	0	0.47
237200	0.47	0.51	0.51	0	0	0.47
237300	0.47	0.51	0.51	0	0	0.47
237400	0.47	0.51	0.51	0	0	0.47
237500	0.47	0.51	0.51	0	0	0.47
237600	0.47	0.51	0.51	0	0	0.47
237700	0.47	0.51	0.51	0	0	0.47
237800	0.47	0.51	0.51	0	0	0.47
237900	0.47	0.51	0.51	0	0	0.47
238000	0.47	0.51	0.51	0	0	0.47
238100	0.47	0.51	0.51	0	0	0.47
238200	0.47	0.51	0.51	0	0	0.47
238300	0.47	0.51	0.51	0	0	0.47
238400	0.47	0.51	0.51	0	0	0.47
238500	0.47	0.51	0.51	0	0	0.47
238600	0.46	0.51	0.51	0	0	0.46
238700	0.46	0.51	0.51	0	0	0.46
238800	0.46	0.51	0.51	0	0	0.46
238900	0.46	0.51	0.51	0	0	0.46
239000	0.46	0.51	0.51	0	0	0.46
239100	0.46	0.51	0.51	0	0	0.46
239200	0.46	0.51	0.51	0	0	0.46
239300	0.46	0.51	0.51	0	0	0.46
239400	0.46	0.51	0.51	0	0	0.46
239500	0.46	0.51	0.51	0	0	0.46
239600	0.46	0.51	0.51	0	0	0.46
239700	0.46	0.51	0.51	0	0	0.46
239800	0.46	0.51	0.51	0	0	0.46
239900	0.45	0.51	0.51	0	0	0.45
240000	0.45	0.51	0.51	0	0	0.45
240100	0.45	0.51	0.51	0	0	0.45
240200	0.45	0.51	0.51	0	0	0.45
240300	0.45	0.51	0.51	0	0	0.45
240400	0.45	0.5	0.5	0	0	0.45
240500	0.45	0.49	0.49	0	0	0.45
240600	0.45	0.5	0.5	0	0	0.45
240700	0.45	0.5	0.5	0	0	0.45
240800	0.45	0.5	0.5	0	0	0.45
240900	0.45	0.5	0.5	0	0	0.45
241000	0.45	0.5	0.5	0	0	0.45
241100	0.45	0.5	0.5	0	0	0.45
241200	0.45	0.5	0.5	0	0	0.45
241300	0.45	0.5	0.5	0	0	0.45
241400	0.45	0.5	0.5	0	0	0.45
241500	0.45	0.5	0.5	0	0	0.45
241600	0.45	0.5	0.5	0	0	0.45
241700	0.44	0.5	0.5	0	0	0.44
241800	0.44	0.5	0.5	0	0	0.44
241900	0.44	0.5	0.5	0	0	0.44
242000	0.44	0.5	0.5	0	0	0.44
242100	0.44	0.5	0.5	0	0	0.44
242200	0.44	0.5	0.5	0	0	0.44
242300	0.44	0.5	0.5	0	0	0.44
242400	0.44	0.5	0.5	0	0	0.44
242500	0.44	0.5	0.5	0	0	0.44
242600	0.44	0.5	0.5	0	0	0.44
242700	0.44	0.5	0.5	0	0	0.44
242800	0.44	0.5	0.5	0	0	0.44
242900	0.44	0.5	0.5	0	0	0.44
243000	0.44	0.5	0.5	0	0	0.44
243100	0.44	0.5	0.5	0	0	0.44
243200	0.44	0.5	0.5	0	0	0.44
243300	0.44	0.51	0.51	0	0	0.44
243400	0.44	0.5	0.5	0	0	0.44
243500	0.44	0.5	0.5	0	0	0.44
243600	0.44	0.5	0.5	0	0	0.44
243700	0.44	0.5	0.5	0	0	0.44
243800	0.44	0.5	0.5	0	0	0.44
243900	0.44	0.51	0.51	0	0	0.44
244000	0.44	0.51	0.51	0	0	0.44
244100	0.44	0.51	0.51	0	0	0.44
244200	0.44	0.51	0.51	0	0	0.44
244300	0.44	0.51	0.51	0	0	0.44
244400	0.44	0.51	0.51	0	0	0.44
244500	0.44	0.51	0.51	0	0	0.44
244600	0.44	0.51	0.51	0	0	0.44
244700	0.44	0.51	0.51	0	0	0.44
244800	0.44	0.52	0.52	0	0	0.44
244900	0.44	0.52	0.52	0	0	0.44
245000	0.44	0.52	0.52	0	0	0.44
245100	0.44	0.52	0.52	0	0	0.44
245200	0.44	0.52	0.52	0	0	0.44
245300	0.44	0.52	0.52	0	0	0.44
245400	0.44	0.52	0.52	0	0	0.44
245500	0.44	0.52	0.52	0	0	0.44
245600	0.44	0.52	0.52	0	0	0.44
245700	0.44	0.52	0.52	0	0	0.44
245800	0.44	0.52	0.52	0	0	0.44
245900	0.44	0.52	0.52	0	0	0.44
246000	0.44	0.52	0.52	0	0	0.44
246100	0.44	0.52	0.52	0	0	0.44
246200	0.44	0.52	0.52	0	0	0.44
246300	0.44	0.52	0.52	0	0	0.44
246400	0.44	0.52	0.52	0	0	0.44
246500	0.44	0.52	0.52	0	0	0.44
246600	0.44	0.52	0.52	0	0	0.44
246700	0.44	0.52	0.52	0	0	0.44
246800	0.44	0.52	0.52	0	0	0.44
246900	0.44	0.52	0.52	0	0	0.44
247000	0.44	0.52	0.52	0	0	0.44
247100	0.44	0.52	0.52	0	0	0.44
247200	0.44	0.52	0.52	0	0	0.44
247300	0.44	0.52	0.52	0	0	0.44
247400	0.44	0.52	0.52	0	0	0.44
247500	0.44	0.52	0.52	0	0	0.44
247600	0.44	0.52	0.52	0	0	0.44
247700	0.44	0.52	0.52	0	0	0.44
247800	0.44	0.52	0.52	0	0	0.44
247900	0.44	0.52	0.52	0	0	0.44
248000	0.44	0.52	0.52	0	0	0.44
248100	0.44	0.52	0.52	0	0	0.44
248200	0.44	0.52	0.52	0	0	0.44
248300	0.44	0.52	0.52	0	0	0.44
248400	0.44	0.52	0.52	0	0	0.44
248500	0.44	0.52	0.52	0	0	0.44
248600	0.44	0.52	0.52	0	0	0.44
248700	0.44	0.52	0.52	0	0	0.44
248800	0.44	0.52	0.52	0	0	0.44
248900	0.44	0.52	0.52	0	0	0.44
249000	0.44	0.52	0.52	0	0	0.44
249100	0.44	0.52	0.52	0	0	0.44
249200	0.44	0.52	0.52	0	0	0.44
249300	0.44	0.52	0.52	0	0	0.44
249400	0.44	0.52	0.52	0	0	0.44
249500	0.44	0.52	0.52	0	0	0.44
249600	0.44	0.52	0.52	0	0	0.44
249700	0.44	0.52	0.52	0	0	0.44
249800	0.44	0.52	0.52	0	0	0.44
249900	0.44	0.52	0.52	0	0	0.44
250000	0.44	0.52	0.52	0	0	0.44
250100	0.44	0.52	0.52	0	0	0.44
250200	0.44	0.52	0.52	0	0	0.44
250300	0.45	0.52	0.52	0	0	0.45
250400	0.45	0.52	0.52	0	0	0.45
250500	0.45	0.52	0.52	0	0	0.45
250600	0.45	0.52	0.52	0	0	0.45
250700	0.45	0.52	0.52	0	0	0.45
250800	0.45	0.52	0.52	0	0	0.45
250900	0.45	0.52	0.52	0	0	0.45
251000	0.45	0.52	0.52	0	0	0.45
251100	0.45	0.52	0.52	0	0	0.45
251200	0.45	0.52	0.52	0	0	0.45
251300	0.45	0.52	0.52	0	0	0.45
251400	0.45	0.52	0.52	0	0	0.45
251500	0.45	0.52	0.52	0	0	0.45
251600	0.45	0.52	0.52	0	0	0.45
251700	0.45	0.52	0.52	0	0	0.45
251800	0.45	0.52	0.52	0	0	0.45
251900	0.45	0.52	0.52	0	0	0.45
252000	0.45	0.52	0.52	0	0	0.45
252100	0.45	0.52	0.52	0	0	0.45
252200	0.45	0.52	0.52	0	0	0.45
252300	0.45	0.52	0.52	0	0	0.45
252400	0.45	0.52	0.52	0	0	0.45
252500	0.45	0.52	0.52	0	0	0.45
252600	0.45	0.52	0.52	0	0	0.45
252700	0.45	0.52	0.52	0	0	0.45
252800	0.45	0.52	0.52	0	0	0.45
252900	0.45	0.52	0.52	0	0	0.45
253000	0.45	0.52	0.52	0	0	0.45
253100	0.45	0.52	0.52	0	0	0.45
253200	0.45	0.52	0.52	0	0	0.45
253300	0.45	0.52	0.52	0	0	0.45
253400	0.45	0.52	0.52	0	0	0.45
253500	0.45	0.52	0.52	0	0	0.45
253600	0.45	0.52	0.52	0	0	0.45
253700	0.45	0.52	0.52	0	0	0.45
253800	0.46	0.52	0.52	0	0	0.46
253900	0.46	0.52	0.52	0	0	0.46
254000	0.46	0.52	0.52	0	0	0.46
254100	0.45	0.52	0.52	0	0	0.45
254200	0.45	0.52	0.52	0	0	0.45
254300	0.45	0.52	0.52	0	0	0.45
254400	0.45	0.52	0.52	0	0	0.45
254500	0.45	0.52	0.52	0	0	0.45
254600	0.45	0.52	0.52	0	0	0.45
254700	0.46	0.52	0.52	0	0	0.46
254800	0.46	0.52	0.52	0	0	0.46
254900	0.46	0.52	0.52	0	0	0.46
255000	0.46	0.52	0.52	0	0	0.46
255100	0.46	0.52	0.52	0	0	0.46
255200	0.46	0.52	0.52	0	0	0.46
255300	0.46	0.52	0.52	0	0	0.46
255400	0.46	0.52	0.52	0	0	0.46
255500	0.46	0.52	0.52	0	0	0.46
255600	0.46	0.52	0.52	0	0	0.46
255700	0.46	0.52	0.52	0	0	0.46
255800	0.46	0.52	0.52	0	0	0.46
255900	0.46	0.52	0.52	0	0	0.46
256000	0.45	0.52	0.52	0	0	0.45
256100	0.45	0.52	0.52	0	0	0.45
256200	0.45	0.52	0.52	0	0	0.45
256300	0.45	0.52	0.52	0	0	0.45
256400	0.45	0.52	0.52	0	0	0.45
256500	0.45	0.51	0.51	0	0	0.45
256600	0.45	0.51	0.51	0	0	0.45
256700	0.45	0.51	0.51	0	0	0.45
256800	0.44	0.51	0.51	0	0	0.44
256900	0.44	0.51	0.51	0	0	0.44
257000	0.44	0.51	0.51	0	0	0.44
257100	0.44	0.51	0.51	0	0	0.44
257200	0.44	0.51	0.51	0	0	0.44
257300	0.44	0.51	0.51	0	0	0.44
257400	0.44	0.51	0.51	0	0	0.44
257500	0.44	0.51	0.51	0	0	0.44
257600	0.44	0.51	0.51	0	0	0.44
257700	0.44	0.52	0.52	0	0	0.44
257800	0.44	0.52	0.52	0	0	0.44
257900	0.44	0.52	0.52	0	0	0.44
258000	0.44	0.52	0.52	0	0	0.44
258100	0.45	0.52	0.52	0	0	0.45
258200	0.45	0.52	0.52	0	0	0.45
258300	0.45	0.52	0.52	0	0	0.45
258400	0.45	0.52	0.52	0	0	0.45
258500	0.45	0.52	0.52	0	0	0.45
258600	0.45	0.52	0.52	0	0	0.45
258700	0.45	0.52	0.52	0	0	0.45
258800	0.45	0.52	0.52	0	0	0.45
258900	0.45	0.52	0.52	0	0	0.45
259000	0.45	0.52	0.52	0	0	0.45
259100	0.45	0.52	0.52	0	0	0.45
259200	0.45	0.52	0.52	0	0	0.45
259300	0.45	0.52	0.52	0	0	0.45
259400	0.45	0.52	0.52	0	0	0.45
259500	0.45	0.52	0.52	0	0	0.45
259600	0.45	0.52	0.52	0	0	0.45
259700	0.45	0.52	0.52	0	0	0.45
259800	0.45	0.52	0.52	0	0	0.45
259900	0.45	0.52	0.52	0	0	0.45
260000	0.45	0.52	0.52	0	0	0.45
260100	0.45	0.52	0.52	0	0	0.45
260200	0.45	0.52	0.52	0	0	0.45
260300	0.45	0.52	0.52	0	0	0.45
260400	0.45	0.52	0.52	0	0	0.45
260500	0.45	0.52	0.52	0	0	0.45
260600	0.45	0.52	0.52	0	0	0.45
260700	0.45	0.52	0.52	0	0	0.45
260800	0.45	0.52	0.52	0	0	0.45
260900	0.45	0.52	0.52	0	0	0.45
261000	0.45	0.52	0.52	0	0	0.45
261100	0.46	0.52	0.52	0	0	0.46
261200	0.46	0.52	0.52	0	0	0.46
261300	0.46	0.52	0.52	0	0	0.46
261400	0.46	0.52	0.52	0	0	0.46
261500	0.46	0.52	0.52	0	0	0.46
261600	0.46	0.52	0.52	0	0	0.46
261700	0.46	0.52	0.52	0	0	0.46
261800	0.46	0.52	0.52	0	0	0.46
261900	0.46	0.52	0.52	0	0	0.46
262000	0.46	0.52	0.52	0	0	0.46
