100	0.08	0.02	0.02	0	0	0.08
200	0.09	0.06	0.06	0	0	0.09
300	0.12	0.08	0.08	0	0	0.12
400	0.14	0.08	0.08	0	0	0.14
500	0.15	0.09	0.09	0	0	0.15
600	0.12	0.1	0.1	0	0	0.12
700	0.11	0.1	0.1	0	0	0.11
800	0.1	0.1	0.1	0	0	0.1
900	0.1	0.12	0.12	0	0	0.1
1000	0.09	0.12	0.12	0	0	0.09
1100	0.1	0.12	0.12	0	0	0.1
1200	0.13	0.11	0.11	0	0	0.13
1300	0.13	0.12	0.12	0	0	0.13
1400	0.13	0.12	0.12	0	0	0.13
1500	0.15	0.15	0.15	0	0	0.15
1600	0.15	0.17	0.17	0	0	0.15
1700	0.15	0.15	0.15	0	0	0.15
1800	0.15	0.12	0.12	0	0	0.15
1900	0.17	0.12	0.12	0	0	0.17
2000	0.17	0.14	0.14	0	0	0.17
2100	0.16	0.14	0.14	0	0	0.16
2200	0.17	0.15	0.15	0	0	0.17
2300	0.18	0.15	0.15	0	0	0.18
2400	0.19	0.15	0.15	0	0	0.19
2500	0.18	0.16	0.16	0	0	0.18
2600	0.18	0.16	0.16	0	0	0.18
2700	0.18	0.17	0.17	0	0	0.18
2800	0.19	0.18	0.18	0	0	0.19
2900	0.21	0.18	0.18	0	0	0.21
3000	0.21	0.16	0.16	0	0	0.21
3100	0.21	0.17	0.17	0	0	0.21
3200	0.21	0.18	0.18	0	0	0.21
3300	0.21	0.18	0.18	0	0	0.21
3400	0.22	0.18	0.18	0	0	0.22
3500	0.23	0.18	0.18	0	0	0.23
3600	0.19	0.18	0.18	0	0	0.19
3700	0.19	0.17	0.17	0	0	0.19
3800	0.2	0.18	0.18	0	0	0.2
3900	0.23	0.18	0.18	0	0	0.23
4000	0.23	0.19	0.19	0	0	0.23
4100	0.22	0.21	0.21	0	0	0.22
4200	0.21	0.21	0.21	0	0	0.21
4300	0.23	0.21	0.21	0	0	0.23
4400	0.23	0.2	0.2	0	0	0.23
4500	0.24	0.2	0.2	0	0	0.24
4600	0.24	0.2	0.2	0	0	0.24
4700	0.23	0.2	0.2	0	0	0.23
4800	0.23	0.21	0.21	0	0	0.23
4900	0.23	0.21	0.21	0	0	0.23
5000	0.22	0.21	0.21	0	0	0.22
5100	0.22	0.22	0.22	0	0	0.22
5200	0.22	0.22	0.22	0	0	0.22
5300	0.21	0.21	0.21	0	0	0.21
5400	0.21	0.2	0.2	0	0	0.21
5500	0.22	0.22	0.22	0	0	0.22
5600	0.22	0.21	0.21	0	0	0.22
5700	0.22	0.21	0.21	0	0	0.22
5800	0.22	0.21	0.21	0	0	0.22
5900	0.21	0.21	0.21	0	0	0.21
6000	0.21	0.21	0.21	0	0	0.21
6100	0.2	0.21	0.21	0	0	0.2
6200	0.19	0.2	0.2	0	0	0.19
6300	0.19	0.2	0.2	0	0	0.19
6400	0.19	0.2	0.2	0	0	0.19
6500	0.2	0.2	0.2	0	0	0.2
6600	0.2	0.2	0.2	0	0	0.2
6700	0.21	0.2	0.2	0	0	0.21
6800	0.22	0.21	0.21	0	0	0.22
6900	0.23	0.21	0.21	0	0	0.23
7000	0.23	0.21	0.21	0	0	0.23
7100	0.22	0.22	0.22	0	0	0.22
7200	0.22	0.23	0.23	0	0	0.22
7300	0.22	0.22	0.22	0	0	0.22
7400	0.22	0.22	0.22	0	0	0.22
7500	0.22	0.22	0.22	0	0	0.22
7600	0.22	0.21	0.21	0	0	0.22
7700	0.22	0.21	0.21	0	0	0.22
7800	0.22	0.21	0.21	0	0	0.22
7900	0.22	0.2	0.2	0	0	0.22
8000	0.23	0.2	0.2	0	0	0.23
8100	0.23	0.2	0.2	0	0	0.23
8200	0.23	0.2	0.2	0	0	0.23
8300	0.23	0.2	0.2	0	0	0.23
8400	0.23	0.19	0.19	0	0	0.23
8500	0.23	0.19	0.19	0	0	0.23
8600	0.24	0.19	0.19	0	0	0.24
8700	0.23	0.19	0.19	0	0	0.23
8800	0.23	0.2	0.2	0	0	0.23
8900	0.23	0.2	0.2	0	0	0.23
9000	0.24	0.21	0.21	0	0	0.24
9100	0.25	0.2	0.2	0	0	0.25
9200	0.25	0.2	0.2	0	0	0.25
9300	0.26	0.2	0.2	0	0	0.26
9400	0.25	0.2	0.2	0	0	0.25
9500	0.25	0.2	0.2	0	0	0.25
9600	0.25	0.23	0.23	0	0	0.25
9700	0.25	0.23	0.23	0	0	0.25
9800	0.25	0.23	0.23	0	0	0.25
9900	0.25	0.22	0.22	0	0	0.25
10000	0.25	0.23	0.23	0	0	0.25
10100	0.25	0.23	0.23	0	0	0.25
10200	0.25	0.24	0.24	0	0	0.25
10300	0.25	0.24	0.24	0	0	0.25
10400	0.25	0.24	0.24	0	0	0.25
10500	0.25	0.23	0.23	0	0	0.25
10600	0.25	0.26	0.26	0	0	0.25
10700	0.25	0.26	0.26	0	0	0.25
10800	0.25	0.24	0.24	0	0	0.25
10900	0.24	0.25	0.25	0	0	0.24
11000	0.24	0.25	0.25	0	0	0.24
11100	0.24	0.23	0.23	0	0	0.24
11200	0.25	0.22	0.22	0	0	0.25
11300	0.25	0.22	0.22	0	0	0.25
11400	0.25	0.23	0.23	0	0	0.25
11500	0.25	0.25	0.25	0	0	0.25
11600	0.25	0.26	0.26	0	0	0.25
11700	0.25	0.26	0.26	0	0	0.25
11800	0.25	0.27	0.27	0	0	0.25
11900	0.27	0.29	0.29	0	0	0.27
12000	0.27	0.29	0.29	0	0	0.27
12100	0.27	0.29	0.29	0	0	0.27
12200	0.27	0.3	0.3	0	0	0.27
12300	0.26	0.3	0.3	0	0	0.26
12400	0.26	0.3	0.3	0	0	0.26
12500	0.25	0.26	0.26	0	0	0.25
12600	0.27	0.26	0.26	0	0	0.27
12700	0.27	0.26	0.26	0	0	0.27
12800	0.27	0.26	0.26	0	0	0.27
12900	0.28	0.27	0.27	0	0	0.28
13000	0.28	0.28	0.28	0	0	0.28
13100	0.28	0.28	0.28	0	0	0.28
13200	0.29	0.28	0.28	0	0	0.29
13300	0.28	0.27	0.27	0	0	0.28
13400	0.28	0.26	0.26	0	0	0.28
13500	0.28	0.26	0.26	0	0	0.28
13600	0.28	0.26	0.26	0	0	0.28
13700	0.28	0.26	0.26	0	0	0.28
13800	0.29	0.26	0.26	0	0	0.29
13900	0.3	0.26	0.26	0	0	0.3
14000	0.29	0.26	0.26	0	0	0.29
14100	0.3	0.27	0.27	0	0	0.3
14200	0.3	0.27	0.27	0	0	0.3
14300	0.29	0.27	0.27	0	0	0.29
14400	0.29	0.27	0.27	0	0	0.29
14500	0.29	0.27	0.27	0	0	0.29
14600	0.29	0.27	0.27	0	0	0.29
14700	0.28	0.27	0.27	0	0	0.28
14800	0.28	0.27	0.27	0	0	0.28
14900	0.28	0.26	0.26	0	0	0.28
15000	0.28	0.26	0.26	0	0	0.28
15100	0.27	0.26	0.26	0	0	0.27
15200	0.27	0.26	0.26	0	0	0.27
15300	0.27	0.26	0.26	0	0	0.27
15400	0.27	0.25	0.25	0	0	0.27
15500	0.27	0.26	0.26	0	0	0.27
15600	0.27	0.25	0.25	0	0	0.27
15700	0.27	0.25	0.25	0	0	0.27
15800	0.27	0.24	0.24	0	0	0.27
15900	0.27	0.25	0.25	0	0	0.27
16000	0.27	0.25	0.25	0	0	0.27
16100	0.28	0.25	0.25	0	0	0.28
16200	0.29	0.25	0.25	0	0	0.29
16300	0.29	0.26	0.26	0	0	0.29
16400	0.29	0.26	0.26	0	0	0.29
16500	0.29	0.26	0.26	0	0	0.29
16600	0.29	0.26	0.26	0	0	0.29
16700	0.3	0.27	0.27	0	0	0.3
16800	0.29	0.29	0.29	0	0	0.29
16900	0.29	0.3	0.3	0	0	0.29
17000	0.29	0.3	0.3	0	0	0.29
17100	0.29	0.3	0.3	0	0	0.29
17200	0.3	0.29	0.29	0	0	0.3
17300	0.3	0.29	0.29	0	0	0.3
17400	0.3	0.29	0.29	0	0	0.3
17500	0.3	0.28	0.28	0	0	0.3
17600	0.3	0.29	0.29	0	0	0.3
17700	0.3	0.3	0.3	0	0	0.3
17800	0.29	0.31	0.31	0	0	0.29
17900	0.29	0.31	0.31	0	0	0.29
18000	0.29	0.3	0.3	0	0	0.29
18100	0.29	0.3	0.3	0	0	0.29
18200	0.28	0.3	0.3	0	0	0.28
18300	0.28	0.3	0.3	0	0	0.28
18400	0.28	0.3	0.3	0	0	0.28
18500	0.29	0.3	0.3	0	0	0.29
18600	0.29	0.3	0.3	0	0	0.29
18700	0.31	0.3	0.3	0	0	0.31
18800	0.31	0.3	0.3	0	0	0.31
18900	0.3	0.3	0.3	0	0	0.3
19000	0.3	0.3	0.3	0	0	0.3
19100	0.3	0.32	0.32	0	0	0.3
19200	0.3	0.3	0.3	0	0	0.3
19300	0.31	0.3	0.3	0	0	0.31
19400	0.3	0.31	0.31	0	0	0.3
19500	0.29	0.31	0.31	0	0	0.29
19600	0.28	0.31	0.31	0	0	0.28
19700	0.27	0.31	0.31	0	0	0.27
19800	0.29	0.32	0.32	0	0	0.29
19900	0.27	0.32	0.32	0	0	0.27
20000	0.26	0.31	0.31	0	0	0.26
20100	0.26	0.31	0.31	0	0	0.26
20200	0.26	0.3	0.3	0	0	0.26
20300	0.26	0.3	0.3	0	0	0.26
20400	0.26	0.3	0.3	0	0	0.26
20500	0.26	0.3	0.3	0	0	0.26
20600	0.26	0.3	0.3	0	0	0.26
20700	0.26	0.31	0.31	0	0	0.26
20800	0.25	0.31	0.31	0	0	0.25
20900	0.25	0.31	0.31	0	0	0.25
21000	0.25	0.31	0.31	0	0	0.25
21100	0.25	0.31	0.31	0	0	0.25
21200	0.25	0.31	0.31	0	0	0.25
21300	0.24	0.31	0.31	0	0	0.24
21400	0.24	0.31	0.31	0	0	0.24
21500	0.25	0.31	0.31	0	0	0.25
21600	0.25	0.31	0.31	0	0	0.25
21700	0.24	0.31	0.31	0	0	0.24
21800	0.25	0.29	0.29	0	0	0.25
21900	0.25	0.3	0.3	0	0	0.25
22000	0.25	0.3	0.3	0	0	0.25
22100	0.25	0.3	0.3	0	0	0.25
22200	0.25	0.29	0.29	0	0	0.25
22300	0.25	0.28	0.28	0	0	0.25
22400	0.25	0.29	0.29	0	0	0.25
22500	0.26	0.29	0.29	0	0	0.26
22600	0.26	0.28	0.28	0	0	0.26
22700	0.26	0.28	0.28	0	0	0.26
22800	0.26	0.29	0.29	0	0	0.26
22900	0.26	0.29	0.29	0	0	0.26
23000	0.27	0.28	0.28	0	0	0.27
23100	0.28	0.28	0.28	0	0	0.28
23200	0.26	0.29	0.29	0	0	0.26
23300	0.26	0.29	0.29	0	0	0.26
23400	0.28	0.29	0.29	0	0	0.28
23500	0.28	0.3	0.3	0	0	0.28
23600	0.28	0.3	0.3	0	0	0.28
23700	0.26	0.3	0.3	0	0	0.26
23800	0.26	0.29	0.29	0	0	0.26
23900	0.26	0.3	0.3	0	0	0.26
24000	0.25	0.3	0.3	0	0	0.25
24100	0.25	0.3	0.3	0	0	0.25
24200	0.25	0.31	0.31	0	0	0.25
24300	0.25	0.31	0.31	0	0	0.25
24400	0.24	0.31	0.31	0	0	0.24
24500	0.24	0.32	0.32	0	0	0.24
24600	0.24	0.32	0.32	0	0	0.24
24700	0.24	0.32	0.32	0	0	0.24
24800	0.24	0.33	0.33	0	0	0.24
24900	0.23	0.33	0.33	0	0	0.23
25000	0.24	0.33	0.33	0	0	0.24
25100	0.23	0.34	0.34	0	0	0.23
25200	0.25	0.34	0.34	0	0	0.25
25300	0.25	0.34	0.34	0	0	0.25
25400	0.25	0.34	0.34	0	0	0.25
25500	0.25	0.35	0.35	0	0	0.25
25600	0.26	0.34	0.34	0	0	0.26
25700	0.25	0.33	0.33	0	0	0.25
25800	0.25	0.33	0.33	0	0	0.25
25900	0.26	0.33	0.33	0	0	0.26
26000	0.26	0.33	0.33	0	0	0.26
26100	0.27	0.33	0.33	0	0	0.27
26200	0.27	0.33	0.33	0	0	0.27
26300	0.27	0.33	0.33	0	0	0.27
26400	0.27	0.33	0.33	0	0	0.27
26500	0.27	0.33	0.33	0	0	0.27
26600	0.27	0.33	0.33	0	0	0.27
26700	0.28	0.33	0.33	0	0	0.28
26800	0.27	0.33	0.33	0	0	0.27
26900	0.27	0.33	0.33	0	0	0.27
27000	0.27	0.33	0.33	0	0	0.27
27100	0.27	0.32	0.32	0	0	0.27
27200	0.28	0.32	0.32	0	0	0.28
27300	0.28	0.32	0.32	0	0	0.28
27400	0.28	0.32	0.32	0	0	0.28
27500	0.27	0.32	0.32	0	0	0.27
27600	0.27	0.32	0.32	0	0	0.27
27700	0.26	0.32	0.32	0	0	0.26
27800	0.25	0.32	0.32	0	0	0.25
27900	0.25	0.34	0.34	0	0	0.25
28000	0.25	0.35	0.35	0	0	0.25
28100	0.25	0.35	0.35	0	0	0.25
28200	0.24	0.35	0.35	0	0	0.24
28300	0.24	0.35	0.35	0	0	0.24
28400	0.24	0.35	0.35	0	0	0.24
28500	0.26	0.35	0.35	0	0	0.26
28600	0.26	0.35	0.35	0	0	0.26
28700	0.25	0.35	0.35	0	0	0.25
28800	0.24	0.34	0.34	0	0	0.24
28900	0.25	0.34	0.34	0	0	0.25
29000	0.25	0.34	0.34	0	0	0.25
29100	0.25	0.34	0.34	0	0	0.25
29200	0.24	0.35	0.35	0	0	0.24
29300	0.26	0.35	0.35	0	0	0.26
29400	0.25	0.35	0.35	0	0	0.25
29500	0.25	0.35	0.35	0	0	0.25
29600	0.25	0.35	0.35	0	0	0.25
29700	0.26	0.35	0.35	0	0	0.26
29800	0.26	0.34	0.34	0	0	0.26
29900	0.26	0.34	0.34	0	0	0.26
30000	0.26	0.34	0.34	0	0	0.26
30100	0.26	0.33	0.33	0	0	0.26
30200	0.26	0.34	0.34	0	0	0.26
30300	0.27	0.34	0.34	0	0	0.27
30400	0.28	0.34	0.34	0	0	0.28
30500	0.29	0.34	0.34	0	0	0.29
30600	0.28	0.34	0.34	0	0	0.28
30700	0.28	0.34	0.34	0	0	0.28
30800	0.28	0.34	0.34	0	0	0.28
30900	0.28	0.33	0.33	0	0	0.28
31000	0.28	0.33	0.33	0	0	0.28
31100	0.28	0.33	0.33	0	0	0.28
31200	0.28	0.34	0.34	0	0	0.28
31300	0.28	0.33	0.33	0	0	0.28
31400	0.28	0.33	0.33	0	0	0.28
31500	0.28	0.33	0.33	0	0	0.28
31600	0.29	0.33	0.33	0	0	0.29
31700	0.3	0.33	0.33	0	0	0.3
31800	0.3	0.33	0.33	0	0	0.3
31900	0.29	0.33	0.33	0	0	0.29
32000	0.29	0.33	0.33	0	0	0.29
32100	0.29	0.34	0.34	0	0	0.29
32200	0.3	0.34	0.34	0	0	0.3
32300	0.3	0.33	0.33	0	0	0.3
32400	0.29	0.33	0.33	0	0	0.29
32500	0.29	0.33	0.33	0	0	0.29
32600	0.29	0.33	0.33	0	0	0.29
32700	0.29	0.33	0.33	0	0	0.29
32800	0.29	0.33	0.33	0	0	0.29
32900	0.29	0.33	0.33	0	0	0.29
33000	0.28	0.33	0.33	0	0	0.28
33100	0.28	0.33	0.33	0	0	0.28
33200	0.27	0.34	0.34	0	0	0.27
33300	0.27	0.34	0.34	0	0	0.27
33400	0.28	0.34	0.34	0	0	0.28
33500	0.27	0.34	0.34	0	0	0.27
33600	0.25	0.35	0.35	0	0	0.25
33700	0.24	0.35	0.35	0	0	0.24
33800	0.24	0.36	0.36	0	0	0.24
33900	0.26	0.36	0.36	0	0	0.26
34000	0.26	0.35	0.35	0	0	0.26
34100	0.26	0.34	0.34	0	0	0.26
34200	0.26	0.34	0.34	0	0	0.26
34300	0.26	0.34	0.34	0	0	0.26
34400	0.25	0.34	0.34	0	0	0.25
34500	0.25	0.35	0.35	0	0	0.25
34600	0.25	0.34	0.34	0	0	0.25
34700	0.25	0.34	0.34	0	0	0.25
34800	0.25	0.34	0.34	0	0	0.25
34900	0.25	0.34	0.34	0	0	0.25
35000	0.25	0.34	0.34	0	0	0.25
35100	0.25	0.35	0.35	0	0	0.25
35200	0.26	0.35	0.35	0	0	0.26
35300	0.26	0.35	0.35	0	0	0.26
35400	0.27	0.35	0.35	0	0	0.27
35500	0.25	0.35	0.35	0	0	0.25
35600	0.27	0.35	0.35	0	0	0.27
35700	0.26	0.35	0.35	0	0	0.26
35800	0.26	0.35	0.35	0	0	0.26
35900	0.26	0.35	0.35	0	0	0.26
36000	0.26	0.34	0.34	0	0	0.26
36100	0.27	0.34	0.34	0	0	0.27
36200	0.27	0.35	0.35	0	0	0.27
36300	0.27	0.34	0.34	0	0	0.27
36400	0.26	0.34	0.34	0	0	0.26
36500	0.26	0.34	0.34	0	0	0.26
36600	0.26	0.34	0.34	0	0	0.26
36700	0.27	0.34	0.34	0	0	0.27
36800	0.27	0.35	0.35	0	0	0.27
36900	0.27	0.35	0.35	0	0	0.27
37000	0.29	0.35	0.35	0	0	0.29
37100	0.31	0.35	0.35	0	0	0.31
37200	0.31	0.34	0.34	0	0	0.31
37300	0.32	0.34	0.34	0	0	0.32
37400	0.31	0.36	0.36	0	0	0.31
37500	0.31	0.36	0.36	0	0	0.31
37600	0.31	0.36	0.36	0	0	0.31
37700	0.31	0.36	0.36	0	0	0.31
37800	0.31	0.36	0.36	0	0	0.31
37900	0.3	0.37	0.37	0	0	0.3
38000	0.29	0.37	0.37	0	0	0.29
38100	0.29	0.37	0.37	0	0	0.29
38200	0.29	0.37	0.37	0	0	0.29
38300	0.3	0.38	0.38	0	0	0.3
38400	0.29	0.38	0.38	0	0	0.29
38500	0.29	0.38	0.38	0	0	0.29
38600	0.29	0.38	0.38	0	0	0.29
38700	0.29	0.38	0.38	0	0	0.29
38800	0.29	0.39	0.39	0	0	0.29
38900	0.29	0.39	0.39	0	0	0.29
39000	0.28	0.39	0.39	0	0	0.28
39100	0.28	0.39	0.39	0	0	0.28
39200	0.28	0.39	0.39	0	0	0.28
39300	0.28	0.38	0.38	0	0	0.28
39400	0.29	0.39	0.39	0	0	0.29
39500	0.27	0.39	0.39	0	0	0.27
39600	0.25	0.4	0.4	0	0	0.25
39700	0.24	0.39	0.39	0	0	0.24
39800	0.25	0.39	0.39	0	0	0.25
39900	0.26	0.39	0.39	0	0	0.26
40000	0.27	0.39	0.39	0	0	0.27
40100	0.27	0.39	0.39	0	0	0.27
40200	0.27	0.38	0.38	0	0	0.27
40300	0.27	0.38	0.38	0	0	0.27
40400	0.28	0.38	0.38	0	0	0.28
40500	0.28	0.38	0.38	0	0	0.28
40600	0.28	0.38	0.38	0	0	0.28
40700	0.29	0.38	0.38	0	0	0.29
40800	0.3	0.39	0.39	0	0	0.3
40900	0.3	0.38	0.38	0	0	0.3
41000	0.3	0.39	0.39	0	0	0.3
41100	0.3	0.39	0.39	0	0	0.3
41200	0.3	0.39	0.39	0	0	0.3
41300	0.3	0.38	0.38	0	0	0.3
41400	0.3	0.38	0.38	0	0	0.3
41500	0.29	0.37	0.37	0	0	0.29
41600	0.29	0.35	0.35	0	0	0.29
41700	0.29	0.34	0.34	0	0	0.29
41800	0.29	0.34	0.34	0	0	0.29
41900	0.29	0.34	0.34	0	0	0.29
42000	0.29	0.34	0.34	0	0	0.29
42100	0.3	0.35	0.35	0	0	0.3
42200	0.3	0.34	0.34	0	0	0.3
42300	0.3	0.35	0.35	0	0	0.3
42400	0.31	0.35	0.35	0	0	0.31
42500	0.31	0.35	0.35	0	0	0.31
42600	0.31	0.35	0.35	0	0	0.31
42700	0.31	0.36	0.36	0	0	0.31
42800	0.31	0.35	0.35	0	0	0.31
42900	0.32	0.35	0.35	0	0	0.32
43000	0.32	0.35	0.35	0	0	0.32
43100	0.32	0.36	0.36	0	0	0.32
43200	0.31	0.36	0.36	0	0	0.31
43300	0.31	0.36	0.36	0	0	0.31
43400	0.31	0.36	0.36	0	0	0.31
43500	0.3	0.37	0.37	0	0	0.3
43600	0.29	0.37	0.37	0	0	0.29
43700	0.3	0.37	0.37	0	0	0.3
43800	0.3	0.37	0.37	0	0	0.3
43900	0.3	0.37	0.37	0	0	0.3
44000	0.31	0.36	0.36	0	0	0.31
44100	0.31	0.35	0.35	0	0	0.31
44200	0.31	0.35	0.35	0	0	0.31
44300	0.31	0.35	0.35	0	0	0.31
44400	0.31	0.35	0.35	0	0	0.31
44500	0.31	0.34	0.34	0	0	0.31
44600	0.31	0.34	0.34	0	0	0.31
44700	0.33	0.34	0.34	0	0	0.33
44800	0.33	0.34	0.34	0	0	0.33
44900	0.33	0.34	0.34	0	0	0.33
45000	0.33	0.35	0.35	0	0	0.33
45100	0.33	0.36	0.36	0	0	0.33
45200	0.33	0.36	0.36	0	0	0.33
45300	0.33	0.35	0.35	0	0	0.33
45400	0.33	0.35	0.35	0	0	0.33
45500	0.33	0.35	0.35	0	0	0.33
45600	0.32	0.35	0.35	0	0	0.32
45700	0.32	0.35	0.35	0	0	0.32
45800	0.32	0.35	0.35	0	0	0.32
45900	0.33	0.35	0.35	0	0	0.33
46000	0.33	0.35	0.35	0	0	0.33
46100	0.33	0.35	0.35	0	0	0.33
46200	0.33	0.36	0.36	0	0	0.33
46300	0.33	0.36	0.36	0	0	0.33
46400	0.33	0.35	0.35	0	0	0.33
46500	0.33	0.34	0.34	0	0	0.33
46600	0.33	0.34	0.34	0	0	0.33
46700	0.33	0.35	0.35	0	0	0.33
46800	0.33	0.35	0.35	0	0	0.33
46900	0.33	0.35	0.35	0	0	0.33
47000	0.33	0.35	0.35	0	0	0.33
47100	0.33	0.35	0.35	0	0	0.33
47200	0.33	0.36	0.36	0	0	0.33
47300	0.33	0.36	0.36	0	0	0.33
47400	0.33	0.36	0.36	0	0	0.33
47500	0.33	0.36	0.36	0	0	0.33
47600	0.33	0.35	0.35	0	0	0.33
47700	0.33	0.35	0.35	0	0	0.33
47800	0.32	0.35	0.35	0	0	0.32
47900	0.31	0.35	0.35	0	0	0.31
48000	0.29	0.35	0.35	0	0	0.29
48100	0.29	0.35	0.35	0	0	0.29
48200	0.28	0.35	0.35	0	0	0.28
48300	0.27	0.36	0.36	0	0	0.27
48400	0.27	0.36	0.36	0	0	0.27
48500	0.27	0.36	0.36	0	0	0.27
48600	0.27	0.36	0.36	0	0	0.27
48700	0.27	0.36	0.36	0	0	0.27
48800	0.26	0.36	0.36	0	0	0.26
48900	0.26	0.36	0.36	0	0	0.26
49000	0.26	0.36	0.36	0	0	0.26
49100	0.26	0.36	0.36	0	0	0.26
49200	0.25	0.36	0.36	0	0	0.25
49300	0.25	0.36	0.36	0	0	0.25
49400	0.25	0.36	0.36	0	0	0.25
49500	0.25	0.36	0.36	0	0	0.25
49600	0.25	0.36	0.36	0	0	0.25
49700	0.25	0.38	0.38	0	0	0.25
49800	0.25	0.38	0.38	0	0	0.25
49900	0.25	0.38	0.38	0	0	0.25
50000	0.27	0.38	0.38	0	0	0.27
50100	0.27	0.38	0.38	0	0	0.27
50200	0.28	0.38	0.38	0	0	0.28
50300	0.27	0.38	0.38	0	0	0.27
50400	0.26	0.38	0.38	0	0	0.26
50500	0.25	0.39	0.39	0	0	0.25
50600	0.25	0.38	0.38	0	0	0.25
50700	0.25	0.38	0.38	0	0	0.25
50800	0.25	0.38	0.38	0	0	0.25
50900	0.25	0.39	0.39	0	0	0.25
51000	0.25	0.39	0.39	0	0	0.25
51100	0.26	0.39	0.39	0	0	0.26
51200	0.26	0.39	0.39	0	0	0.26
51300	0.26	0.39	0.39	0	0	0.26
51400	0.27	0.38	0.38	0	0	0.27
51500	0.27	0.38	0.38	0	0	0.27
51600	0.26	0.38	0.38	0	0	0.26
51700	0.26	0.38	0.38	0	0	0.26
51800	0.26	0.38	0.38	0	0	0.26
51900	0.26	0.38	0.38	0	0	0.26
52000	0.26	0.38	0.38	0	0	0.26
52100	0.26	0.38	0.38	0	0	0.26
52200	0.26	0.38	0.38	0	0	0.26
52300	0.27	0.38	0.38	0	0	0.27
52400	0.27	0.37	0.37	0	0	0.27
52500	0.27	0.37	0.37	0	0	0.27
52600	0.26	0.37	0.37	0	0	0.26
52700	0.26	0.37	0.37	0	0	0.26
52800	0.26	0.37	0.37	0	0	0.26
52900	0.26	0.37	0.37	0	0	0.26
53000	0.25	0.38	0.38	0	0	0.25
53100	0.27	0.38	0.38	0	0	0.27
53200	0.27	0.38	0.38	0	0	0.27
53300	0.27	0.38	0.38	0	0	0.27
53400	0.28	0.39	0.39	0	0	0.28
53500	0.28	0.39	0.39	0	0	0.28
53600	0.28	0.39	0.39	0	0	0.28
53700	0.27	0.39	0.39	0	0	0.27
53800	0.3	0.4	0.4	0	0	0.3
53900	0.3	0.39	0.39	0	0	0.3
54000	0.3	0.39	0.39	0	0	0.3
54100	0.29	0.39	0.39	0	0	0.29
54200	0.29	0.39	0.39	0	0	0.29
54300	0.29	0.4	0.4	0	0	0.29
54400	0.29	0.4	0.4	0	0	0.29
54500	0.28	0.4	0.4	0	0	0.28
54600	0.29	0.4	0.4	0	0	0.29
54700	0.3	0.4	0.4	0	0	0.3
54800	0.31	0.4	0.4	0	0	0.31
54900	0.29	0.4	0.4	0	0	0.29
55000	0.29	0.4	0.4	0	0	0.29
55100	0.27	0.4	0.4	0	0	0.27
55200	0.28	0.4	0.4	0	0	0.28
55300	0.29	0.4	0.4	0	0	0.29
55400	0.27	0.4	0.4	0	0	0.27
55500	0.26	0.4	0.4	0	0	0.26
55600	0.25	0.4	0.4	0	0	0.25
55700	0.26	0.4	0.4	0	0	0.26
55800	0.27	0.4	0.4	0	0	0.27
55900	0.26	0.4	0.4	0	0	0.26
56000	0.26	0.4	0.4	0	0	0.26
56100	0.27	0.4	0.4	0	0	0.27
56200	0.26	0.41	0.41	0	0	0.26
56300	0.26	0.4	0.4	0	0	0.26
56400	0.26	0.4	0.4	0	0	0.26
56500	0.26	0.4	0.4	0	0	0.26
56600	0.27	0.4	0.4	0	0	0.27
56700	0.26	0.4	0.4	0	0	0.26
56800	0.27	0.4	0.4	0	0	0.27
56900	0.27	0.4	0.4	0	0	0.27
57000	0.27	0.4	0.4	0	0	0.27
57100	0.29	0.39	0.39	0	0	0.29
57200	0.29	0.39	0.39	0	0	0.29
57300	0.29	0.39	0.39	0	0	0.29
57400	0.29	0.38	0.38	0	0	0.29
57500	0.28	0.39	0.39	0	0	0.28
57600	0.28	0.38	0.38	0	0	0.28
57700	0.28	0.38	0.38	0	0	0.28
57800	0.27	0.39	0.39	0	0	0.27
57900	0.27	0.39	0.39	0	0	0.27
58000	0.27	0.39	0.39	0	0	0.27
58100	0.27	0.4	0.4	0	0	0.27
58200	0.28	0.4	0.4	0	0	0.28
58300	0.29	0.4	0.4	0	0	0.29
58400	0.28	0.4	0.4	0	0	0.28
58500	0.28	0.4	0.4	0	0	0.28
58600	0.28	0.41	0.41	0	0	0.28
58700	0.27	0.41	0.41	0	0	0.27
58800	0.26	0.41	0.41	0	0	0.26
58900	0.25	0.41	0.41	0	0	0.25
59000	0.25	0.4	0.4	0	0	0.25
59100	0.25	0.4	0.4	0	0	0.25
59200	0.25	0.4	0.4	0	0	0.25
59300	0.25	0.4	0.4	0	0	0.25
59400	0.25	0.4	0.4	0	0	0.25
59500	0.25	0.4	0.4	0	0	0.25
59600	0.25	0.4	0.4	0	0	0.25
59700	0.25	0.4	0.4	0	0	0.25
59800	0.25	0.4	0.4	0	0	0.25
59900	0.25	0.4	0.4	0	0	0.25
60000	0.26	0.4	0.4	0	0	0.26
60100	0.26	0.4	0.4	0	0	0.26
60200	0.26	0.4	0.4	0	0	0.26
60300	0.26	0.4	0.4	0	0	0.26
60400	0.25	0.41	0.41	0	0	0.25
60500	0.25	0.4	0.4	0	0	0.25
60600	0.25	0.41	0.41	0	0	0.25
60700	0.25	0.4	0.4	0	0	0.25
60800	0.25	0.4	0.4	0	0	0.25
60900	0.26	0.4	0.4	0	0	0.26
61000	0.26	0.39	0.39	0	0	0.26
61100	0.26	0.39	0.39	0	0	0.26
61200	0.26	0.39	0.39	0	0	0.26
61300	0.26	0.38	0.38	0	0	0.26
61400	0.26	0.38	0.38	0	0	0.26
61500	0.26	0.38	0.38	0	0	0.26
61600	0.26	0.38	0.38	0	0	0.26
61700	0.26	0.37	0.37	0	0	0.26
61800	0.26	0.39	0.39	0	0	0.26
61900	0.26	0.38	0.38	0	0	0.26
62000	0.25	0.37	0.37	0	0	0.25
62100	0.25	0.36	0.36	0	0	0.25
62200	0.25	0.36	0.36	0	0	0.25
62300	0.25	0.35	0.35	0	0	0.25
62400	0.25	0.35	0.35	0	0	0.25
62500	0.26	0.36	0.36	0	0	0.26
62600	0.26	0.36	0.36	0	0	0.26
62700	0.25	0.38	0.38	0	0	0.25
62800	0.25	0.38	0.38	0	0	0.25
62900	0.25	0.38	0.38	0	0	0.25
63000	0.25	0.38	0.38	0	0	0.25
63100	0.25	0.38	0.38	0	0	0.25
63200	0.26	0.38	0.38	0	0	0.26
63300	0.26	0.38	0.38	0	0	0.26
63400	0.26	0.38	0.38	0	0	0.26
63500	0.26	0.38	0.38	0	0	0.26
63600	0.26	0.38	0.38	0	0	0.26
63700	0.27	0.39	0.39	0	0	0.27
63800	0.27	0.38	0.38	0	0	0.27
63900	0.26	0.38	0.38	0	0	0.26
64000	0.27	0.4	0.4	0	0	0.27
64100	0.27	0.39	0.39	0	0	0.27
64200	0.27	0.38	0.38	0	0	0.27
64300	0.27	0.38	0.38	0	0	0.27
64400	0.26	0.38	0.38	0	0	0.26
64500	0.26	0.38	0.38	0	0	0.26
64600	0.26	0.39	0.39	0	0	0.26
64700	0.26	0.39	0.39	0	0	0.26
64800	0.26	0.39	0.39	0	0	0.26
64900	0.26	0.39	0.39	0	0	0.26
65000	0.26	0.39	0.39	0	0	0.26
65100	0.26	0.39	0.39	0	0	0.26
65200	0.28	0.39	0.39	0	0	0.28
65300	0.27	0.39	0.39	0	0	0.27
65400	0.27	0.4	0.4	0	0	0.27
65500	0.27	0.38	0.38	0	0	0.27
65600	0.27	0.38	0.38	0	0	0.27
65700	0.28	0.38	0.38	0	0	0.28
65800	0.29	0.38	0.38	0	0	0.29
65900	0.29	0.38	0.38	0	0	0.29
66000	0.29	0.38	0.38	0	0	0.29
66100	0.29	0.38	0.38	0	0	0.29
66200	0.29	0.38	0.38	0	0	0.29
66300	0.29	0.38	0.38	0	0	0.29
66400	0.29	0.38	0.38	0	0	0.29
66500	0.29	0.38	0.38	0	0	0.29
66600	0.29	0.38	0.38	0	0	0.29
66700	0.28	0.39	0.39	0	0	0.28
66800	0.29	0.39	0.39	0	0	0.29
66900	0.29	0.39	0.39	0	0	0.29
67000	0.28	0.39	0.39	0	0	0.28
67100	0.29	0.39	0.39	0	0	0.29
67200	0.29	0.38	0.38	0	0	0.29
67300	0.29	0.37	0.37	0	0	0.29
67400	0.29	0.38	0.38	0	0	0.29
67500	0.29	0.38	0.38	0	0	0.29
67600	0.28	0.38	0.38	0	0	0.28
67700	0.28	0.37	0.37	0	0	0.28
67800	0.29	0.37	0.37	0	0	0.29
67900	0.29	0.37	0.37	0	0	0.29
68000	0.3	0.37	0.37	0	0	0.3
68100	0.3	0.38	0.38	0	0	0.3
68200	0.3	0.38	0.38	0	0	0.3
68300	0.3	0.39	0.39	0	0	0.3
68400	0.3	0.39	0.39	0	0	0.3
68500	0.3	0.38	0.38	0	0	0.3
68600	0.3	0.39	0.39	0	0	0.3
68700	0.3	0.39	0.39	0	0	0.3
68800	0.3	0.38	0.38	0	0	0.3
68900	0.29	0.39	0.39	0	0	0.29
69000	0.29	0.39	0.39	0	0	0.29
69100	0.29	0.39	0.39	0	0	0.29
69200	0.29	0.38	0.38	0	0	0.29
69300	0.29	0.38	0.38	0	0	0.29
69400	0.29	0.38	0.38	0	0	0.29
69500	0.29	0.37	0.37	0	0	0.29
69600	0.3	0.37	0.37	0	0	0.3
69700	0.3	0.37	0.37	0	0	0.3
69800	0.31	0.37	0.37	0	0	0.31
69900	0.31	0.38	0.38	0	0	0.31
70000	0.31	0.38	0.38	0	0	0.31
70100	0.31	0.38	0.38	0	0	0.31
70200	0.31	0.38	0.38	0	0	0.31
70300	0.31	0.38	0.38	0	0	0.31
70400	0.31	0.38	0.38	0	0	0.31
70500	0.32	0.38	0.38	0	0	0.32
70600	0.32	0.38	0.38	0	0	0.32
70700	0.32	0.41	0.41	0	0	0.32
70800	0.32	0.41	0.41	0	0	0.32
70900	0.32	0.4	0.4	0	0	0.32
71000	0.3	0.4	0.4	0	0	0.3
71100	0.3	0.4	0.4	0	0	0.3
71200	0.3	0.4	0.4	0	0	0.3
71300	0.3	0.4	0.4	0	0	0.3
71400	0.3	0.4	0.4	0	0	0.3
71500	0.3	0.4	0.4	0	0	0.3
71600	0.3	0.4	0.4	0	0	0.3
71700	0.3	0.4	0.4	0	0	0.3
71800	0.31	0.39	0.39	0	0	0.31
71900	0.32	0.39	0.39	0	0	0.32
72000	0.32	0.39	0.39	0	0	0.32
72100	0.31	0.39	0.39	0	0	0.31
72200	0.31	0.39	0.39	0	0	0.31
72300	0.31	0.4	0.4	0	0	0.31
72400	0.31	0.4	0.4	0	0	0.31
72500	0.29	0.4	0.4	0	0	0.29
72600	0.29	0.4	0.4	0	0	0.29
72700	0.3	0.39	0.39	0	0	0.3
72800	0.3	0.39	0.39	0	0	0.3
72900	0.3	0.39	0.39	0	0	0.3
73000	0.3	0.39	0.39	0	0	0.3
73100	0.3	0.39	0.39	0	0	0.3
73200	0.3	0.39	0.39	0	0	0.3
73300	0.3	0.39	0.39	0	0	0.3
73400	0.3	0.39	0.39	0	0	0.3
73500	0.3	0.39	0.39	0	0	0.3
73600	0.3	0.39	0.39	0	0	0.3
73700	0.3	0.39	0.39	0	0	0.3
73800	0.3	0.39	0.39	0	0	0.3
73900	0.31	0.39	0.39	0	0	0.31
74000	0.29	0.39	0.39	0	0	0.29
74100	0.29	0.39	0.39	0	0	0.29
74200	0.29	0.38	0.38	0	0	0.29
74300	0.29	0.38	0.38	0	0	0.29
74400	0.29	0.38	0.38	0	0	0.29
74500	0.29	0.38	0.38	0	0	0.29
74600	0.29	0.38	0.38	0	0	0.29
74700	0.29	0.38	0.38	0	0	0.29
74800	0.29	0.38	0.38	0	0	0.29
74900	0.29	0.38	0.38	0	0	0.29
75000	0.29	0.38	0.38	0	0	0.29
75100	0.29	0.38	0.38	0	0	0.29
75200	0.29	0.37	0.37	0	0	0.29
75300	0.3	0.37	0.37	0	0	0.3
75400	0.3	0.37	0.37	0	0	0.3
75500	0.3	0.38	0.38	0	0	0.3
75600	0.3	0.38	0.38	0	0	0.3
75700	0.31	0.39	0.39	0	0	0.31
75800	0.31	0.39	0.39	0	0	0.31
75900	0.31	0.38	0.38	0	0	0.31
76000	0.31	0.38	0.38	0	0	0.31
76100	0.31	0.38	0.38	0	0	0.31
76200	0.31	0.38	0.38	0	0	0.31
76300	0.31	0.38	0.38	0	0	0.31
76400	0.31	0.38	0.38	0	0	0.31
76500	0.31	0.38	0.38	0	0	0.31
76600	0.31	0.38	0.38	0	0	0.31
76700	0.32	0.38	0.38	0	0	0.32
76800	0.31	0.38	0.38	0	0	0.31
76900	0.32	0.38	0.38	0	0	0.32
77000	0.32	0.37	0.37	0	0	0.32
77100	0.32	0.37	0.37	0	0	0.32
77200	0.32	0.37	0.37	0	0	0.32
77300	0.32	0.37	0.37	0	0	0.32
77400	0.31	0.36	0.36	0	0	0.31
77500	0.32	0.36	0.36	0	0	0.32
77600	0.32	0.36	0.36	0	0	0.32
77700	0.32	0.36	0.36	0	0	0.32
77800	0.33	0.36	0.36	0	0	0.33
77900	0.33	0.36	0.36	0	0	0.33
78000	0.32	0.36	0.36	0	0	0.32
78100	0.32	0.36	0.36	0	0	0.32
78200	0.32	0.36	0.36	0	0	0.32
78300	0.32	0.36	0.36	0	0	0.32
78400	0.33	0.36	0.36	0	0	0.33
78500	0.34	0.35	0.35	0	0	0.34
78600	0.34	0.35	0.35	0	0	0.34
78700	0.34	0.36	0.36	0	0	0.34
78800	0.34	0.36	0.36	0	0	0.34
78900	0.34	0.37	0.37	0	0	0.34
79000	0.33	0.37	0.37	0	0	0.33
79100	0.33	0.36	0.36	0	0	0.33
79200	0.33	0.36	0.36	0	0	0.33
79300	0.32	0.36	0.36	0	0	0.32
79400	0.32	0.36	0.36	0	0	0.32
79500	0.31	0.36	0.36	0	0	0.31
79600	0.31	0.36	0.36	0	0	0.31
79700	0.31	0.36	0.36	0	0	0.31
79800	0.31	0.37	0.37	0	0	0.31
79900	0.31	0.38	0.38	0	0	0.31
80000	0.31	0.37	0.37	0	0	0.31
80100	0.31	0.37	0.37	0	0	0.31
80200	0.31	0.37	0.37	0	0	0.31
80300	0.31	0.37	0.37	0	0	0.31
80400	0.32	0.37	0.37	0	0	0.32
80500	0.33	0.38	0.38	0	0	0.33
80600	0.34	0.38	0.38	0	0	0.34
80700	0.34	0.39	0.39	0	0	0.34
80800	0.34	0.39	0.39	0	0	0.34
80900	0.33	0.4	0.4	0	0	0.33
81000	0.33	0.4	0.4	0	0	0.33
81100	0.33	0.41	0.41	0	0	0.33
81200	0.33	0.41	0.41	0	0	0.33
