100	0.06	0.04	0.04	0	0	0.06
200	0.06	0.04	0.04	0	0	0.06
300	0.06	0.05	0.05	0	0	0.06
400	0.07	0.08	0.08	0	0	0.07
500	0.04	0.07	0.07	0	0	0.04
600	0.02	0.06	0.06	0	0	0.02
700	0.03	0.06	0.06	0	0	0.03
800	0.02	0.05	0.05	0	0	0.02
900	0.03	0.04	0.04	0	0	0.03
1000	0.03	0.05	0.05	0	0	0.03
1100	0.02	0.07	0.07	0	0	0.02
1200	0.04	0.06	0.06	0	0	0.04
1300	0.04	0.07	0.07	0	0	0.04
1400	0.02	0.08	0.08	0	0	0.02
1500	0.02	0.08	0.08	0	0	0.02
1600	0.02	0.09	0.09	0	0	0.02
1700	0.02	0.09	0.09	0	0	0.02
1800	0.01	0.1	0.1	0	0	0.01
1900	0.01	0.11	0.11	0	0	0.01
2000	0.02	0.1	0.1	0	0	0.02
2100	0.02	0.1	0.1	0	0	0.02
2200	0.04	0.1	0.1	0	0	0.04
2300	0.04	0.11	0.11	0	0	0.04
2400	0.03	0.1	0.1	0	0	0.03
2500	0.04	0.1	0.1	0	0	0.04
2600	0.05	0.09	0.09	0	0	0.05
2700	0.03	0.09	0.09	0	0	0.03
2800	0.03	0.07	0.07	0	0	0.03
2900	0.03	0.08	0.08	0	0	0.03
3000	0.01	0.07	0.07	0	0	0.01
3100	0.02	0.07	0.07	0	0	0.02
3200	0.02	0.06	0.06	0	0	0.02
3300	0.03	0.04	0.04	0	0	0.03
3400	0.03	0.03	0.03	0	0	0.03
3500	0.03	0.03	0.03	0	0	0.03
3600	0.04	0.03	0.03	0	0	0.04
3700	0.03	0.03	0.03	0	0	0.03
3800	0.04	0.02	0.02	0	0	0.04
3900	0.06	0.03	0.03	0	0	0.06
4000	0.07	0.03	0.03	0	0	0.07
4100	0.05	0.05	0.05	0	0	0.05
4200	0.04	0.04	0.04	0	0	0.04
4300	0.02	0.03	0.03	0	0	0.02
4400	0.02	0.04	0.04	0	0	0.02
4500	0.02	0.08	0.08	0	0	0.02
4600	0.02	0.07	0.07	0	0	0.02
4700	0.03	0.06	0.06	0	0	0.03
4800	0.03	0.06	0.06	0	0	0.03
4900	0.03	0.06	0.06	0	0	0.03
5000	0.02	0.06	0.06	0	0	0.02
5100	0.03	0.06	0.06	0	0	0.03
5200	0.02	0.05	0.05	0	0	0.02
5300	0.04	0.05	0.05	0	0	0.04
5400	0.03	0.05	0.05	0	0	0.03
5500	0.03	0.04	0.04	0	0	0.03
5600	0.03	0.05	0.05	0	0	0.03
5700	0.03	0.06	0.06	0	0	0.03
5800	0.03	0.06	0.06	0	0	0.03
5900	0.04	0.05	0.05	0	0	0.04
6000	0.03	0.04	0.04	0	0	0.03
6100	0.03	0.06	0.06	0	0	0.03
6200	0.03	0.06	0.06	0	0	0.03
6300	0.02	0.06	0.06	0	0	0.02
6400	0.02	0.04	0.04	0	0	0.02
6500	0.03	0.03	0.03	0	0	0.03
6600	0.04	0.03	0.03	0	0	0.04
6700	0.05	0.04	0.04	0	0	0.05
6800	0.05	0.07	0.07	0	0	0.05
6900	0.04	0.04	0.04	0	0	0.04
7000	0.04	0.05	0.05	0	0	0.04
7100	0.04	0.05	0.05	0	0	0.04
7200	0.05	0.06	0.06	0	0	0.05
7300	0.06	0.08	0.08	0	0	0.06
7400	0.06	0.05	0.05	0	0	0.06
7500	0.06	0.05	0.05	0	0	0.06
7600	0.06	0.06	0.06	0	0	0.06
7700	0.04	0.05	0.05	0	0	0.04
7800	0.05	0.05	0.05	0	0	0.05
7900	0.05	0.04	0.04	0	0	0.05
8000	0.05	0.04	0.04	0	0	0.05
8100	0.05	0.04	0.04	0	0	0.05
8200	0.06	0.04	0.04	0	0	0.06
8300	0.06	0.03	0.03	0	0	0.06
8400	0.08	0.03	0.03	0	0	0.08
8500	0.06	0.03	0.03	0	0	0.06
8600	0.06	0.03	0.03	0	0	0.06
8700	0.07	0.05	0.05	0	0	0.07
8800	0.07	0.05	0.05	0	0	0.07
8900	0.06	0.04	0.04	0	0	0.06
9000	0.06	0.05	0.05	0	0	0.06
9100	0.07	0.04	0.04	0	0	0.07
9200	0.07	0.03	0.03	0	0	0.07
9300	0.09	0.04	0.04	0	0	0.09
9400	0.08	0.04	0.04	0	0	0.08
9500	0.08	0.04	0.04	0	0	0.08
9600	0.04	0.04	0.04	0	0	0.04
9700	0.04	0.04	0.04	0	0	0.04
9800	0.06	0.05	0.05	0	0	0.06
9900	0.06	0.03	0.03	0	0	0.06
10000	0.05	0.04	0.04	0	0	0.05
10100	0.07	0.04	0.04	0	0	0.07
10200	0.1	0.04	0.04	0	0	0.1
10300	0.11	0.05	0.05	0	0	0.11
10400	0.11	0.05	0.05	0	0	0.11
10500	0.11	0.05	0.05	0	0	0.11
10600	0.12	0.06	0.06	0	0	0.12
10700	0.12	0.09	0.09	0	0	0.12
10800	0.13	0.08	0.08	0	0	0.13
10900	0.13	0.08	0.08	0	0	0.13
11000	0.12	0.05	0.05	0	0	0.12
11100	0.11	0.04	0.04	0	0	0.11
11200	0.11	0.02	0.02	0	0	0.11
11300	0.11	0.04	0.04	0	0	0.11
11400	0.11	0.05	0.05	0	0	0.11
11500	0.11	0.05	0.05	0	0	0.11
11600	0.12	0.05	0.05	0	0	0.12
11700	0.12	0.04	0.04	0	0	0.12
11800	0.12	0.04	0.04	0	0	0.12
11900	0.11	0.03	0.03	0	0	0.11
12000	0.11	0.02	0.02	0	0	0.11
12100	0.12	0.02	0.02	0	0	0.12
12200	0.12	0.03	0.03	0	0	0.12
12300	0.11	0.03	0.03	0	0	0.11
12400	0.11	0.03	0.03	0	0	0.11
12500	0.11	0.04	0.04	0	0	0.11
12600	0.11	0.03	0.03	0	0	0.11
12700	0.12	0.03	0.03	0	0	0.12
12800	0.12	0.03	0.03	0	0	0.12
12900	0.14	0.03	0.03	0	0	0.14
13000	0.14	0.04	0.04	0	0	0.14
13100	0.14	0.05	0.05	0	0	0.14
13200	0.15	0.05	0.05	0	0	0.15
13300	0.15	0.06	0.06	0	0	0.15
13400	0.16	0.07	0.07	0	0	0.16
13500	0.16	0.07	0.07	0	0	0.16
13600	0.18	0.06	0.06	0	0	0.18
13700	0.17	0.05	0.05	0	0	0.17
13800	0.17	0.04	0.04	0	0	0.17
13900	0.18	0.05	0.05	0	0	0.18
14000	0.19	0.05	0.05	0	0	0.19
14100	0.2	0.04	0.04	0	0	0.2
14200	0.18	0.06	0.06	0	0	0.18
14300	0.18	0.06	0.06	0	0	0.18
14400	0.17	0.04	0.04	0	0	0.17
14500	0.17	0.05	0.05	0	0	0.17
14600	0.16	0.05	0.05	0	0	0.16
14700	0.18	0.04	0.04	0	0	0.18
14800	0.19	0.07	0.07	0	0	0.19
14900	0.19	0.06	0.06	0	0	0.19
15000	0.18	0.06	0.06	0	0	0.18
15100	0.18	0.06	0.06	0	0	0.18
15200	0.19	0.06	0.06	0	0	0.19
15300	0.2	0.05	0.05	0	0	0.2
15400	0.19	0.04	0.04	0	0	0.19
15500	0.19	0.05	0.05	0	0	0.19
15600	0.17	0.05	0.05	0	0	0.17
15700	0.16	0.05	0.05	0	0	0.16
15800	0.17	0.04	0.04	0	0	0.17
15900	0.16	0.04	0.04	0	0	0.16
16000	0.17	0.04	0.04	0	0	0.17
16100	0.17	0.04	0.04	0	0	0.17
16200	0.16	0.04	0.04	0	0	0.16
16300	0.17	0.04	0.04	0	0	0.17
16400	0.17	0.06	0.06	0	0	0.17
16500	0.15	0.05	0.05	0	0	0.15
16600	0.15	0.06	0.06	0	0	0.15
16700	0.16	0.07	0.07	0	0	0.16
16800	0.16	0.05	0.05	0	0	0.16
16900	0.16	0.04	0.04	0	0	0.16
17000	0.17	0.04	0.04	0	0	0.17
17100	0.17	0.05	0.05	0	0	0.17
17200	0.17	0.05	0.05	0	0	0.17
17300	0.15	0.06	0.06	0	0	0.15
17400	0.15	0.07	0.07	0	0	0.15
17500	0.16	0.07	0.07	0	0	0.16
17600	0.16	0.08	0.08	0	0	0.16
17700	0.16	0.06	0.06	0	0	0.16
17800	0.16	0.05	0.05	0	0	0.16
17900	0.16	0.05	0.05	0	0	0.16
18000	0.16	0.04	0.04	0	0	0.16
18100	0.19	0.04	0.04	0	0	0.19
18200	0.18	0.04	0.04	0	0	0.18
18300	0.18	0.04	0.04	0	0	0.18
18400	0.18	0.04	0.04	0	0	0.18
18500	0.19	0.05	0.05	0	0	0.19
18600	0.2	0.05	0.05	0	0	0.2
18700	0.18	0.05	0.05	0	0	0.18
18800	0.17	0.04	0.04	0	0	0.17
18900	0.18	0.03	0.03	0	0	0.18
19000	0.19	0.03	0.03	0	0	0.19
19100	0.19	0.04	0.04	0	0	0.19
19200	0.19	0.05	0.05	0	0	0.19
19300	0.2	0.07	0.07	0	0	0.2
19400	0.2	0.06	0.06	0	0	0.2
19500	0.2	0.06	0.06	0	0	0.2
19600	0.2	0.07	0.07	0	0	0.2
19700	0.21	0.06	0.06	0	0	0.21
19800	0.22	0.07	0.07	0	0	0.22
19900	0.22	0.09	0.09	0	0	0.22
20000	0.22	0.07	0.07	0	0	0.22
20100	0.22	0.07	0.07	0	0	0.22
20200	0.22	0.07	0.07	0	0	0.22
20300	0.23	0.08	0.08	0	0	0.23
20400	0.23	0.09	0.09	0	0	0.23
20500	0.23	0.08	0.08	0	0	0.23
20600	0.23	0.08	0.08	0	0	0.23
20700	0.23	0.08	0.08	0	0	0.23
20800	0.23	0.08	0.08	0	0	0.23
20900	0.24	0.07	0.07	0	0	0.24
21000	0.24	0.07	0.07	0	0	0.24
21100	0.24	0.07	0.07	0	0	0.24
21200	0.23	0.09	0.09	0	0	0.23
21300	0.23	0.09	0.09	0	0	0.23
21400	0.23	0.09	0.09	0	0	0.23
21500	0.23	0.09	0.09	0	0	0.23
21600	0.24	0.1	0.1	0	0	0.24
21700	0.23	0.1	0.1	0	0	0.23
21800	0.21	0.08	0.08	0	0	0.21
21900	0.2	0.07	0.07	0	0	0.2
22000	0.2	0.09	0.09	0	0	0.2
22100	0.2	0.09	0.09	0	0	0.2
22200	0.2	0.06	0.06	0	0	0.2
22300	0.21	0.04	0.04	0	0	0.21
22400	0.21	0.06	0.06	0	0	0.21
22500	0.21	0.07	0.07	0	0	0.21
22600	0.21	0.03	0.03	0	0	0.21
22700	0.21	0.03	0.03	0	0	0.21
22800	0.21	0.02	0.02	0	0	0.21
22900	0.21	0.01	0.01	0	0	0.21
23000	0.21	0.02	0.02	0	0	0.21
23100	0.21	0.02	0.02	0	0	0.21
23200	0.21	0.05	0.05	0	0	0.21
23300	0.22	0.06	0.06	0	0	0.22
23400	0.24	0.04	0.04	0	0	0.24
23500	0.24	0.03	0.03	0	0	0.24
23600	0.24	0.05	0.05	0	0	0.24
23700	0.25	0.06	0.06	0	0	0.25
23800	0.24	0.05	0.05	0	0	0.24
23900	0.23	0.04	0.04	0	0	0.23
24000	0.24	0.03	0.03	0	0	0.24
24100	0.25	0.06	0.06	0	0	0.25
24200	0.24	0.05	0.05	0	0	0.24
24300	0.22	0.05	0.05	0	0	0.22
24400	0.24	0.08	0.08	0	0	0.24
24500	0.24	0.08	0.08	0	0	0.24
24600	0.24	0.1	0.1	0	0	0.24
24700	0.24	0.08	0.08	0	0	0.24
24800	0.25	0.09	0.09	0	0	0.25
24900	0.25	0.1	0.1	0	0	0.25
25000	0.25	0.08	0.08	0	0	0.25
25100	0.27	0.07	0.07	0	0	0.27
25200	0.28	0.05	0.05	0	0	0.28
25300	0.29	0.06	0.06	0	0	0.29
25400	0.3	0.06	0.06	0	0	0.3
25500	0.29	0.05	0.05	0	0	0.29
25600	0.29	0.06	0.06	0	0	0.29
25700	0.29	0.06	0.06	0	0	0.29
25800	0.29	0.06	0.06	0	0	0.29
25900	0.29	0.06	0.06	0	0	0.29
26000	0.3	0.07	0.07	0	0	0.3
26100	0.3	0.06	0.06	0	0	0.3
26200	0.31	0.06	0.06	0	0	0.31
26300	0.31	0.07	0.07	0	0	0.31
26400	0.31	0.07	0.07	0	0	0.31
26500	0.32	0.07	0.07	0	0	0.32
26600	0.32	0.08	0.08	0	0	0.32
26700	0.32	0.07	0.07	0	0	0.32
26800	0.33	0.07	0.07	0	0	0.33
26900	0.32	0.06	0.06	0	0	0.32
27000	0.31	0.06	0.06	0	0	0.31
27100	0.31	0.05	0.05	0	0	0.31
27200	0.31	0.05	0.05	0	0	0.31
27300	0.31	0.06	0.06	0	0	0.31
27400	0.31	0.07	0.07	0	0	0.31
27500	0.31	0.08	0.08	0	0	0.31
27600	0.31	0.07	0.07	0	0	0.31
27700	0.31	0.07	0.07	0	0	0.31
27800	0.31	0.08	0.08	0	0	0.31
27900	0.31	0.07	0.07	0	0	0.31
28000	0.31	0.05	0.05	0	0	0.31
28100	0.31	0.07	0.07	0	0	0.31
28200	0.31	0.06	0.06	0	0	0.31
28300	0.31	0.07	0.07	0	0	0.31
28400	0.33	0.06	0.06	0	0	0.33
28500	0.32	0.07	0.07	0	0	0.32
28600	0.31	0.05	0.05	0	0	0.31
28700	0.31	0.06	0.06	0	0	0.31
28800	0.32	0.04	0.04	0	0	0.32
28900	0.32	0.05	0.05	0	0	0.32
29000	0.32	0.07	0.07	0	0	0.32
29100	0.32	0.08	0.08	0	0	0.32
29200	0.32	0.08	0.08	0	0	0.32
29300	0.31	0.09	0.09	0	0	0.31
29400	0.32	0.1	0.1	0	0	0.32
29500	0.32	0.11	0.11	0	0	0.32
29600	0.32	0.1	0.1	0	0	0.32
29700	0.32	0.12	0.12	0	0	0.32
29800	0.33	0.11	0.11	0	0	0.33
29900	0.33	0.12	0.12	0	0	0.33
30000	0.33	0.14	0.14	0	0	0.33
30100	0.33	0.13	0.13	0	0	0.33
30200	0.32	0.13	0.13	0	0	0.32
30300	0.33	0.11	0.11	0	0	0.33
30400	0.32	0.1	0.1	0	0	0.32
30500	0.32	0.1	0.1	0	0	0.32
30600	0.32	0.09	0.09	0	0	0.32
30700	0.34	0.09	0.09	0	0	0.34
30800	0.33	0.1	0.1	0	0	0.33
30900	0.33	0.11	0.11	0	0	0.33
31000	0.33	0.1	0.1	0	0	0.33
31100	0.34	0.09	0.09	0	0	0.34
31200	0.35	0.1	0.1	0	0	0.35
31300	0.35	0.09	0.09	0	0	0.35
31400	0.35	0.08	0.08	0	0	0.35
31500	0.35	0.07	0.07	0	0	0.35
31600	0.35	0.07	0.07	0	0	0.35
31700	0.34	0.08	0.08	0	0	0.34
31800	0.34	0.08	0.08	0	0	0.34
31900	0.34	0.1	0.1	0	0	0.34
32000	0.34	0.1	0.1	0	0	0.34
32100	0.34	0.1	0.1	0	0	0.34
32200	0.34	0.1	0.1	0	0	0.34
32300	0.34	0.1	0.1	0	0	0.34
32400	0.34	0.09	0.09	0	0	0.34
32500	0.34	0.1	0.1	0	0	0.34
32600	0.35	0.11	0.11	0	0	0.35
32700	0.35	0.11	0.11	0	0	0.35
32800	0.34	0.11	0.11	0	0	0.34
32900	0.35	0.11	0.11	0	0	0.35
33000	0.35	0.11	0.11	0	0	0.35
33100	0.35	0.11	0.11	0	0	0.35
33200	0.36	0.12	0.12	0	0	0.36
33300	0.36	0.12	0.12	0	0	0.36
33400	0.35	0.11	0.11	0	0	0.35
33500	0.35	0.11	0.11	0	0	0.35
33600	0.35	0.11	0.11	0	0	0.35
33700	0.35	0.11	0.11	0	0	0.35
33800	0.34	0.11	0.11	0	0	0.34
33900	0.34	0.11	0.11	0	0	0.34
34000	0.34	0.12	0.12	0	0	0.34
34100	0.35	0.13	0.13	0	0	0.35
34200	0.35	0.13	0.13	0	0	0.35
34300	0.36	0.11	0.11	0	0	0.36
34400	0.4	0.1	0.1	0	0	0.4
34500	0.38	0.11	0.11	0	0	0.38
34600	0.37	0.11	0.11	0	0	0.37
34700	0.36	0.11	0.11	0	0	0.36
34800	0.37	0.15	0.15	0	0	0.37
34900	0.37	0.16	0.16	0	0	0.37
35000	0.37	0.16	0.16	0	0	0.37
35100	0.38	0.17	0.17	0	0	0.38
35200	0.38	0.17	0.17	0	0	0.38
35300	0.38	0.16	0.16	0	0	0.38
35400	0.39	0.18	0.18	0	0	0.39
35500	0.38	0.17	0.17	0	0	0.38
35600	0.39	0.17	0.17	0	0	0.39
35700	0.39	0.19	0.19	0	0	0.39
35800	0.39	0.18	0.18	0	0	0.39
35900	0.4	0.17	0.17	0	0	0.4
36000	0.4	0.18	0.18	0	0	0.4
36100	0.4	0.17	0.17	0	0	0.4
36200	0.4	0.17	0.17	0	0	0.4
36300	0.4	0.17	0.17	0	0	0.4
