100	0.07	0.03	0.03	0	0	0.07
200	0.07	0.02	0.02	0	0	0.07
300	0.09	0.01	0.01	0	0	0.09
400	0.09	0.05	0.05	0	0	0.09
500	0.1	0.05	0.05	0	0	0.1
600	0.09	0.05	0.05	0	0	0.09
700	0.09	0.06	0.06	0	0	0.09
800	0.07	0.03	0.03	0	0	0.07
900	0.07	0.01	0.01	0	0	0.07
1000	0.06	0	0	0	0	0.06
1100	0.06	0	0	0	0	0.06
1200	0.07	0.02	0.02	0	0	0.07
1300	0.07	0.02	0.02	0	0	0.07
1400	0.07	0.02	0.02	0	0	0.07
1500	0.04	0.03	0.03	0	0	0.04
1600	0.04	0.02	0.02	0	0	0.04
1700	0.03	0.01	0.01	0	0	0.03
1800	0.03	0.01	0.01	0	0	0.03
1900	0.03	0.04	0.04	0	0	0.03
2000	0.04	0.03	0.03	0	0	0.04
2100	0.05	0.04	0.04	0	0	0.05
2200	0.04	0.04	0.04	0	0	0.04
2300	0.03	0.05	0.05	0	0	0.03
2400	0.03	0.05	0.05	0	0	0.03
2500	0.04	0.05	0.05	0	0	0.04
2600	0.04	0.03	0.03	0	0	0.04
2700	0.04	0.04	0.04	0	0	0.04
2800	0.05	0.04	0.04	0	0	0.05
2900	0.05	0.05	0.05	0	0	0.05
3000	0.04	0.04	0.04	0	0	0.04
3100	0.04	0.04	0.04	0	0	0.04
3200	0.05	0.03	0.03	0	0	0.05
3300	0.05	0.02	0.02	0	0	0.05
3400	0.05	0.02	0.02	0	0	0.05
3500	0.04	0.01	0.01	0	0	0.04
3600	0.05	0.01	0.01	0	0	0.05
3700	0.05	0.01	0.01	0	0	0.05
3800	0.08	0.03	0.03	0	0	0.08
3900	0.08	0.03	0.03	0	0	0.08
4000	0.07	0.04	0.04	0	0	0.07
4100	0.05	0.03	0.03	0	0	0.05
4200	0.05	0.03	0.03	0	0	0.05
4300	0.05	0.02	0.02	0	0	0.05
4400	0.06	0.03	0.03	0	0	0.06
4500	0.08	0.04	0.04	0	0	0.08
4600	0.07	0.04	0.04	0	0	0.07
4700	0.05	0.03	0.03	0	0	0.05
4800	0.06	0.03	0.03	0	0	0.06
4900	0.06	0.03	0.03	0	0	0.06
5000	0.07	0.04	0.04	0	0	0.07
5100	0.08	0.03	0.03	0	0	0.08
5200	0.1	0.05	0.05	0	0	0.1
5300	0.1	0.05	0.05	0	0	0.1
5400	0.1	0.05	0.05	0	0	0.1
5500	0.1	0.04	0.04	0	0	0.1
5600	0.1	0.04	0.04	0	0	0.1
5700	0.08	0.06	0.06	0	0	0.08
5800	0.09	0.05	0.05	0	0	0.09
5900	0.12	0.05	0.05	0	0	0.12
6000	0.11	0.04	0.04	0	0	0.11
6100	0.12	0.04	0.04	0	0	0.12
6200	0.11	0.02	0.02	0	0	0.11
6300	0.09	0.02	0.02	0	0	0.09
6400	0.11	0.04	0.04	0	0	0.11
6500	0.12	0.04	0.04	0	0	0.12
6600	0.12	0.04	0.04	0	0	0.12
6700	0.09	0.05	0.05	0	0	0.09
6800	0.04	0.05	0.05	0	0	0.04
6900	0.05	0.05	0.05	0	0	0.05
7000	0.04	0.06	0.06	0	0	0.04
7100	0.06	0.07	0.07	0	0	0.06
7200	0.09	0.05	0.05	0	0	0.09
7300	0.07	0.05	0.05	0	0	0.07
7400	0.04	0.04	0.04	0	0	0.04
7500	0.06	0.04	0.04	0	0	0.06
7600	0.05	0.04	0.04	0	0	0.05
7700	0.07	0.03	0.03	0	0	0.07
7800	0.06	0.04	0.04	0	0	0.06
7900	0.05	0.04	0.04	0	0	0.05
8000	0.05	0.02	0.02	0	0	0.05
8100	0.05	0.02	0.02	0	0	0.05
8200	0.07	0.04	0.04	0	0	0.07
8300	0.06	0.04	0.04	0	0	0.06
8400	0.06	0.04	0.04	0	0	0.06
8500	0.08	0.04	0.04	0	0	0.08
8600	0.08	0.06	0.06	0	0	0.08
8700	0.08	0.06	0.06	0	0	0.08
8800	0.08	0.05	0.05	0	0	0.08
8900	0.07	0.04	0.04	0	0	0.07
9000	0.07	0.04	0.04	0	0	0.07
9100	0.05	0.03	0.03	0	0	0.05
9200	0.06	0.06	0.06	0	0	0.06
9300	0.05	0.05	0.05	0	0	0.05
9400	0.05	0.05	0.05	0	0	0.05
9500	0.05	0.07	0.07	0	0	0.05
9600	0.05	0.07	0.07	0	0	0.05
9700	0.05	0.06	0.06	0	0	0.05
9800	0.05	0.05	0.05	0	0	0.05
9900	0.04	0.05	0.05	0	0	0.04
10000	0.05	0.04	0.04	0	0	0.05
10100	0.08	0.04	0.04	0	0	0.08
10200	0.08	0.04	0.04	0	0	0.08
10300	0.08	0.03	0.03	0	0	0.08
10400	0.06	0.06	0.06	0	0	0.06
10500	0.08	0.06	0.06	0	0	0.08
10600	0.07	0.07	0.07	0	0	0.07
10700	0.08	0.07	0.07	0	0	0.08
10800	0.07	0.06	0.06	0	0	0.07
10900	0.07	0.05	0.05	0	0	0.07
11000	0.06	0.05	0.05	0	0	0.06
11100	0.06	0.05	0.05	0	0	0.06
11200	0.06	0.06	0.06	0	0	0.06
11300	0.04	0.06	0.06	0	0	0.04
11400	0.06	0.05	0.05	0	0	0.06
11500	0.06	0.06	0.06	0	0	0.06
11600	0.05	0.05	0.05	0	0	0.05
11700	0.04	0.04	0.04	0	0	0.04
11800	0.06	0.04	0.04	0	0	0.06
11900	0.06	0.04	0.04	0	0	0.06
12000	0.08	0.04	0.04	0	0	0.08
12100	0.08	0.04	0.04	0	0	0.08
12200	0.1	0.04	0.04	0	0	0.1
12300	0.09	0.05	0.05	0	0	0.09
12400	0.1	0.05	0.05	0	0	0.1
12500	0.1	0.04	0.04	0	0	0.1
12600	0.08	0.04	0.04	0	0	0.08
12700	0.08	0.05	0.05	0	0	0.08
12800	0.1	0.06	0.06	0	0	0.1
12900	0.1	0.06	0.06	0	0	0.1
13000	0.1	0.07	0.07	0	0	0.1
13100	0.1	0.09	0.09	0	0	0.1
13200	0.09	0.1	0.1	0	0	0.09
13300	0.09	0.1	0.1	0	0	0.09
13400	0.1	0.11	0.11	0	0	0.1
13500	0.09	0.11	0.11	0	0	0.09
13600	0.09	0.1	0.1	0	0	0.09
13700	0.1	0.1	0.1	0	0	0.1
13800	0.1	0.1	0.1	0	0	0.1
13900	0.12	0.11	0.11	0	0	0.12
14000	0.12	0.1	0.1	0	0	0.12
14100	0.13	0.09	0.09	0	0	0.13
14200	0.12	0.09	0.09	0	0	0.12
14300	0.11	0.1	0.1	0	0	0.11
14400	0.11	0.09	0.09	0	0	0.11
14500	0.11	0.09	0.09	0	0	0.11
14600	0.11	0.09	0.09	0	0	0.11
14700	0.12	0.08	0.08	0	0	0.12
14800	0.13	0.08	0.08	0	0	0.13
14900	0.13	0.09	0.09	0	0	0.13
15000	0.12	0.1	0.1	0	0	0.12
15100	0.12	0.09	0.09	0	0	0.12
15200	0.11	0.09	0.09	0	0	0.11
15300	0.11	0.09	0.09	0	0	0.11
15400	0.13	0.11	0.11	0	0	0.13
15500	0.14	0.12	0.12	0	0	0.14
15600	0.14	0.12	0.12	0	0	0.14
15700	0.13	0.1	0.1	0	0	0.13
15800	0.12	0.1	0.1	0	0	0.12
15900	0.12	0.11	0.11	0	0	0.12
16000	0.11	0.11	0.11	0	0	0.11
16100	0.11	0.11	0.11	0	0	0.11
16200	0.11	0.11	0.11	0	0	0.11
16300	0.12	0.13	0.13	0	0	0.12
16400	0.12	0.16	0.16	0	0	0.12
16500	0.12	0.15	0.15	0	0	0.12
16600	0.11	0.14	0.14	0	0	0.11
16700	0.11	0.13	0.13	0	0	0.11
16800	0.13	0.13	0.13	0	0	0.13
16900	0.13	0.14	0.14	0	0	0.13
17000	0.13	0.14	0.14	0	0	0.13
17100	0.14	0.13	0.13	0	0	0.14
17200	0.13	0.13	0.13	0	0	0.13
17300	0.13	0.13	0.13	0	0	0.13
17400	0.14	0.14	0.14	0	0	0.14
17500	0.15	0.14	0.14	0	0	0.15
17600	0.15	0.15	0.15	0	0	0.15
17700	0.15	0.16	0.16	0	0	0.15
17800	0.16	0.14	0.14	0	0	0.16
17900	0.16	0.14	0.14	0	0	0.16
18000	0.16	0.13	0.13	0	0	0.16
18100	0.16	0.13	0.13	0	0	0.16
18200	0.15	0.15	0.15	0	0	0.15
18300	0.14	0.15	0.15	0	0	0.14
18400	0.14	0.15	0.15	0	0	0.14
18500	0.15	0.15	0.15	0	0	0.15
18600	0.16	0.16	0.16	0	0	0.16
18700	0.16	0.16	0.16	0	0	0.16
18800	0.16	0.16	0.16	0	0	0.16
18900	0.16	0.17	0.17	0	0	0.16
19000	0.16	0.16	0.16	0	0	0.16
19100	0.15	0.18	0.18	0	0	0.15
19200	0.16	0.19	0.19	0	0	0.16
19300	0.17	0.19	0.19	0	0	0.17
19400	0.17	0.19	0.19	0	0	0.17
19500	0.17	0.2	0.2	0	0	0.17
19600	0.18	0.21	0.21	0	0	0.18
19700	0.17	0.21	0.21	0	0	0.17
19800	0.16	0.19	0.19	0	0	0.16
19900	0.16	0.19	0.19	0	0	0.16
20000	0.17	0.18	0.18	0	0	0.17
20100	0.17	0.18	0.18	0	0	0.17
20200	0.19	0.18	0.18	0	0	0.19
20300	0.19	0.18	0.18	0	0	0.19
20400	0.2	0.18	0.18	0	0	0.2
20500	0.18	0.18	0.18	0	0	0.18
20600	0.18	0.18	0.18	0	0	0.18
20700	0.19	0.18	0.18	0	0	0.19
20800	0.2	0.2	0.2	0	0	0.2
20900	0.2	0.2	0.2	0	0	0.2
21000	0.2	0.2	0.2	0	0	0.2
21100	0.2	0.22	0.22	0	0	0.2
21200	0.2	0.22	0.22	0	0	0.2
21300	0.2	0.21	0.21	0	0	0.2
21400	0.19	0.21	0.21	0	0	0.19
21500	0.2	0.21	0.21	0	0	0.2
21600	0.2	0.21	0.21	0	0	0.2
21700	0.2	0.22	0.22	0	0	0.2
21800	0.2	0.22	0.22	0	0	0.2
21900	0.2	0.22	0.22	0	0	0.2
22000	0.2	0.22	0.22	0	0	0.2
22100	0.2	0.23	0.23	0	0	0.2
22200	0.21	0.23	0.23	0	0	0.21
22300	0.21	0.24	0.24	0	0	0.21
22400	0.21	0.24	0.24	0	0	0.21
22500	0.22	0.22	0.22	0	0	0.22
22600	0.22	0.22	0.22	0	0	0.22
22700	0.22	0.21	0.21	0	0	0.22
22800	0.23	0.22	0.22	0	0	0.23
22900	0.23	0.23	0.23	0	0	0.23
23000	0.23	0.23	0.23	0	0	0.23
23100	0.22	0.23	0.23	0	0	0.22
23200	0.23	0.22	0.22	0	0	0.23
23300	0.22	0.21	0.21	0	0	0.22
23400	0.22	0.22	0.22	0	0	0.22
23500	0.21	0.22	0.22	0	0	0.21
23600	0.21	0.22	0.22	0	0	0.21
23700	0.21	0.23	0.23	0	0	0.21
23800	0.21	0.23	0.23	0	0	0.21
23900	0.23	0.23	0.23	0	0	0.23
24000	0.23	0.22	0.22	0	0	0.23
24100	0.24	0.22	0.22	0	0	0.24
24200	0.24	0.23	0.23	0	0	0.24
24300	0.23	0.23	0.23	0	0	0.23
24400	0.22	0.23	0.23	0	0	0.22
24500	0.21	0.23	0.23	0	0	0.21
24600	0.22	0.23	0.23	0	0	0.22
24700	0.23	0.22	0.22	0	0	0.23
24800	0.23	0.22	0.22	0	0	0.23
24900	0.21	0.22	0.22	0	0	0.21
25000	0.21	0.23	0.23	0	0	0.21
25100	0.22	0.25	0.25	0	0	0.22
25200	0.21	0.24	0.24	0	0	0.21
25300	0.21	0.24	0.24	0	0	0.21
25400	0.22	0.25	0.25	0	0	0.22
25500	0.22	0.26	0.26	0	0	0.22
25600	0.23	0.24	0.24	0	0	0.23
25700	0.23	0.22	0.22	0	0	0.23
25800	0.23	0.22	0.22	0	0	0.23
25900	0.24	0.22	0.22	0	0	0.24
26000	0.24	0.23	0.23	0	0	0.24
26100	0.23	0.23	0.23	0	0	0.23
26200	0.24	0.23	0.23	0	0	0.24
26300	0.24	0.23	0.23	0	0	0.24
26400	0.24	0.23	0.23	0	0	0.24
26500	0.24	0.23	0.23	0	0	0.24
26600	0.27	0.23	0.23	0	0	0.27
26700	0.26	0.24	0.24	0	0	0.26
26800	0.27	0.25	0.25	0	0	0.27
26900	0.28	0.26	0.26	0	0	0.28
27000	0.28	0.26	0.26	0	0	0.28
27100	0.28	0.27	0.27	0	0	0.28
27200	0.29	0.27	0.27	0	0	0.29
27300	0.28	0.27	0.27	0	0	0.28
27400	0.27	0.28	0.28	0	0	0.27
27500	0.27	0.3	0.3	0	0	0.27
27600	0.27	0.29	0.29	0	0	0.27
27700	0.27	0.29	0.29	0	0	0.27
27800	0.27	0.28	0.28	0	0	0.27
27900	0.27	0.29	0.29	0	0	0.27
28000	0.27	0.29	0.29	0	0	0.27
28100	0.26	0.29	0.29	0	0	0.26
28200	0.26	0.3	0.3	0	0	0.26
28300	0.26	0.28	0.28	0	0	0.26
28400	0.26	0.28	0.28	0	0	0.26
28500	0.26	0.28	0.28	0	0	0.26
28600	0.25	0.28	0.28	0	0	0.25
28700	0.25	0.28	0.28	0	0	0.25
28800	0.25	0.28	0.28	0	0	0.25
28900	0.25	0.29	0.29	0	0	0.25
29000	0.25	0.29	0.29	0	0	0.25
29100	0.25	0.29	0.29	0	0	0.25
29200	0.25	0.29	0.29	0	0	0.25
29300	0.25	0.29	0.29	0	0	0.25
29400	0.25	0.29	0.29	0	0	0.25
29500	0.27	0.29	0.29	0	0	0.27
29600	0.28	0.29	0.29	0	0	0.28
29700	0.28	0.29	0.29	0	0	0.28
29800	0.29	0.29	0.29	0	0	0.29
29900	0.31	0.29	0.29	0	0	0.31
30000	0.29	0.29	0.29	0	0	0.29
30100	0.28	0.29	0.29	0	0	0.28
30200	0.26	0.28	0.28	0	0	0.26
30300	0.26	0.28	0.28	0	0	0.26
30400	0.26	0.28	0.28	0	0	0.26
30500	0.26	0.29	0.29	0	0	0.26
30600	0.26	0.29	0.29	0	0	0.26
30700	0.26	0.29	0.29	0	0	0.26
30800	0.26	0.29	0.29	0	0	0.26
30900	0.26	0.29	0.29	0	0	0.26
31000	0.26	0.29	0.29	0	0	0.26
31100	0.27	0.29	0.29	0	0	0.27
31200	0.26	0.29	0.29	0	0	0.26
31300	0.26	0.29	0.29	0	0	0.26
31400	0.26	0.29	0.29	0	0	0.26
31500	0.26	0.29	0.29	0	0	0.26
31600	0.28	0.29	0.29	0	0	0.28
31700	0.28	0.29	0.29	0	0	0.28
31800	0.28	0.29	0.29	0	0	0.28
31900	0.28	0.29	0.29	0	0	0.28
32000	0.28	0.29	0.29	0	0	0.28
32100	0.27	0.29	0.29	0	0	0.27
32200	0.29	0.29	0.29	0	0	0.29
32300	0.29	0.29	0.29	0	0	0.29
32400	0.3	0.29	0.29	0	0	0.3
32500	0.3	0.29	0.29	0	0	0.3
32600	0.29	0.29	0.29	0	0	0.29
32700	0.29	0.29	0.29	0	0	0.29
32800	0.29	0.28	0.28	0	0	0.29
32900	0.29	0.28	0.28	0	0	0.29
33000	0.3	0.28	0.28	0	0	0.3
33100	0.3	0.3	0.3	0	0	0.3
33200	0.31	0.3	0.3	0	0	0.31
33300	0.3	0.32	0.32	0	0	0.3
33400	0.31	0.34	0.34	0	0	0.31
33500	0.32	0.34	0.34	0	0	0.32
33600	0.32	0.34	0.34	0	0	0.32
33700	0.32	0.33	0.33	0	0	0.32
33800	0.33	0.33	0.33	0	0	0.33
33900	0.33	0.33	0.33	0	0	0.33
34000	0.33	0.33	0.33	0	0	0.33
34100	0.33	0.34	0.34	0	0	0.33
34200	0.33	0.35	0.35	0	0	0.33
34300	0.33	0.35	0.35	0	0	0.33
34400	0.33	0.35	0.35	0	0	0.33
34500	0.33	0.35	0.35	0	0	0.33
34600	0.33	0.35	0.35	0	0	0.33
34700	0.33	0.35	0.35	0	0	0.33
34800	0.33	0.35	0.35	0	0	0.33
34900	0.32	0.35	0.35	0	0	0.32
35000	0.32	0.34	0.34	0	0	0.32
35100	0.32	0.34	0.34	0	0	0.32
35200	0.31	0.34	0.34	0	0	0.31
35300	0.31	0.34	0.34	0	0	0.31
35400	0.32	0.34	0.34	0	0	0.32
35500	0.32	0.34	0.34	0	0	0.32
35600	0.32	0.34	0.34	0	0	0.32
35700	0.32	0.34	0.34	0	0	0.32
35800	0.32	0.34	0.34	0	0	0.32
35900	0.32	0.34	0.34	0	0	0.32
36000	0.33	0.34	0.34	0	0	0.33
36100	0.33	0.34	0.34	0	0	0.33
36200	0.34	0.34	0.34	0	0	0.34
36300	0.34	0.35	0.35	0	0	0.34
36400	0.34	0.35	0.35	0	0	0.34
36500	0.35	0.35	0.35	0	0	0.35
36600	0.35	0.36	0.36	0	0	0.35
36700	0.36	0.36	0.36	0	0	0.36
36800	0.36	0.36	0.36	0	0	0.36
36900	0.36	0.36	0.36	0	0	0.36
37000	0.36	0.37	0.37	0	0	0.36
37100	0.36	0.38	0.38	0	0	0.36
37200	0.36	0.37	0.37	0	0	0.36
37300	0.35	0.37	0.37	0	0	0.35
37400	0.35	0.36	0.36	0	0	0.35
37500	0.34	0.37	0.37	0	0	0.34
37600	0.34	0.38	0.38	0	0	0.34
37700	0.34	0.38	0.38	0	0	0.34
37800	0.34	0.38	0.38	0	0	0.34
37900	0.35	0.38	0.38	0	0	0.35
38000	0.36	0.38	0.38	0	0	0.36
38100	0.36	0.38	0.38	0	0	0.36
38200	0.36	0.39	0.39	0	0	0.36
38300	0.36	0.39	0.39	0	0	0.36
38400	0.35	0.39	0.39	0	0	0.35
38500	0.36	0.4	0.4	0	0	0.36
38600	0.36	0.4	0.4	0	0	0.36
38700	0.36	0.4	0.4	0	0	0.36
38800	0.36	0.4	0.4	0	0	0.36
38900	0.36	0.41	0.41	0	0	0.36
39000	0.35	0.41	0.41	0	0	0.35
39100	0.35	0.41	0.41	0	0	0.35
39200	0.35	0.41	0.41	0	0	0.35
39300	0.35	0.41	0.41	0	0	0.35
39400	0.35	0.41	0.41	0	0	0.35
39500	0.36	0.41	0.41	0	0	0.36
39600	0.36	0.42	0.42	0	0	0.36
39700	0.36	0.42	0.42	0	0	0.36
39800	0.36	0.42	0.42	0	0	0.36
39900	0.36	0.42	0.42	0	0	0.36
40000	0.36	0.43	0.43	0	0	0.36
40100	0.36	0.43	0.43	0	0	0.36
40200	0.36	0.43	0.43	0	0	0.36
40300	0.37	0.43	0.43	0	0	0.37
40400	0.36	0.42	0.42	0	0	0.36
40500	0.36	0.42	0.42	0	0	0.36
40600	0.36	0.42	0.42	0	0	0.36
40700	0.36	0.42	0.42	0	0	0.36
40800	0.36	0.42	0.42	0	0	0.36
40900	0.36	0.42	0.42	0	0	0.36
41000	0.36	0.42	0.42	0	0	0.36
41100	0.36	0.42	0.42	0	0	0.36
41200	0.36	0.42	0.42	0	0	0.36
41300	0.36	0.42	0.42	0	0	0.36
41400	0.36	0.42	0.42	0	0	0.36
41500	0.36	0.42	0.42	0	0	0.36
41600	0.36	0.42	0.42	0	0	0.36
41700	0.36	0.42	0.42	0	0	0.36
41800	0.36	0.42	0.42	0	0	0.36
41900	0.37	0.42	0.42	0	0	0.37
42000	0.38	0.42	0.42	0	0	0.38
42100	0.38	0.42	0.42	0	0	0.38
42200	0.38	0.42	0.42	0	0	0.38
42300	0.38	0.42	0.42	0	0	0.38
42400	0.38	0.42	0.42	0	0	0.38
42500	0.38	0.43	0.43	0	0	0.38
42600	0.38	0.43	0.43	0	0	0.38
42700	0.37	0.43	0.43	0	0	0.37
42800	0.37	0.44	0.44	0	0	0.37
42900	0.37	0.44	0.44	0	0	0.37
43000	0.37	0.44	0.44	0	0	0.37
43100	0.37	0.44	0.44	0	0	0.37
43200	0.37	0.44	0.44	0	0	0.37
43300	0.37	0.44	0.44	0	0	0.37
43400	0.37	0.44	0.44	0	0	0.37
43500	0.37	0.44	0.44	0	0	0.37
43600	0.38	0.43	0.43	0	0	0.38
43700	0.38	0.43	0.43	0	0	0.38
43800	0.38	0.43	0.43	0	0	0.38
43900	0.38	0.43	0.43	0	0	0.38
44000	0.37	0.43	0.43	0	0	0.37
44100	0.37	0.43	0.43	0	0	0.37
44200	0.37	0.43	0.43	0	0	0.37
44300	0.37	0.43	0.43	0	0	0.37
44400	0.37	0.43	0.43	0	0	0.37
44500	0.37	0.43	0.43	0	0	0.37
44600	0.37	0.43	0.43	0	0	0.37
44700	0.37	0.43	0.43	0	0	0.37
44800	0.37	0.43	0.43	0	0	0.37
44900	0.38	0.43	0.43	0	0	0.38
45000	0.38	0.43	0.43	0	0	0.38
45100	0.38	0.43	0.43	0	0	0.38
45200	0.38	0.43	0.43	0	0	0.38
45300	0.38	0.43	0.43	0	0	0.38
45400	0.39	0.43	0.43	0	0	0.39
45500	0.38	0.43	0.43	0	0	0.38
45600	0.38	0.43	0.43	0	0	0.38
45700	0.38	0.43	0.43	0	0	0.38
45800	0.38	0.43	0.43	0	0	0.38
45900	0.38	0.43	0.43	0	0	0.38
46000	0.38	0.43	0.43	0	0	0.38
46100	0.38	0.43	0.43	0	0	0.38
46200	0.38	0.43	0.43	0	0	0.38
46300	0.38	0.44	0.44	0	0	0.38
46400	0.38	0.44	0.44	0	0	0.38
46500	0.38	0.44	0.44	0	0	0.38
46600	0.39	0.44	0.44	0	0	0.39
46700	0.39	0.44	0.44	0	0	0.39
46800	0.38	0.44	0.44	0	0	0.38
46900	0.38	0.45	0.45	0	0	0.38
47000	0.38	0.46	0.46	0	0	0.38
47100	0.38	0.45	0.45	0	0	0.38
47200	0.38	0.45	0.45	0	0	0.38
47300	0.38	0.45	0.45	0	0	0.38
47400	0.38	0.45	0.45	0	0	0.38
47500	0.38	0.44	0.44	0	0	0.38
47600	0.38	0.44	0.44	0	0	0.38
47700	0.38	0.44	0.44	0	0	0.38
47800	0.39	0.44	0.44	0	0	0.39
47900	0.39	0.44	0.44	0	0	0.39
48000	0.39	0.44	0.44	0	0	0.39
48100	0.39	0.44	0.44	0	0	0.39
48200	0.39	0.44	0.44	0	0	0.39
48300	0.39	0.44	0.44	0	0	0.39
48400	0.4	0.45	0.45	0	0	0.4
48500	0.4	0.45	0.45	0	0	0.4
48600	0.41	0.45	0.45	0	0	0.41
48700	0.42	0.44	0.44	0	0	0.42
48800	0.42	0.44	0.44	0	0	0.42
48900	0.42	0.44	0.44	0	0	0.42
49000	0.42	0.44	0.44	0	0	0.42
49100	0.42	0.44	0.44	0	0	0.42
49200	0.42	0.43	0.43	0	0	0.42
49300	0.42	0.43	0.43	0	0	0.42
49400	0.42	0.43	0.43	0	0	0.42
49500	0.42	0.43	0.43	0	0	0.42
49600	0.42	0.43	0.43	0	0	0.42
49700	0.42	0.43	0.43	0	0	0.42
49800	0.42	0.43	0.43	0	0	0.42
49900	0.42	0.43	0.43	0	0	0.42
50000	0.44	0.43	0.43	0	0	0.44
50100	0.43	0.43	0.43	0	0	0.43
50200	0.43	0.43	0.43	0	0	0.43
50300	0.43	0.43	0.43	0	0	0.43
50400	0.43	0.43	0.43	0	0	0.43
50500	0.43	0.44	0.44	0	0	0.43
50600	0.43	0.45	0.45	0	0	0.43
50700	0.43	0.45	0.45	0	0	0.43
50800	0.43	0.45	0.45	0	0	0.43
50900	0.43	0.45	0.45	0	0	0.43
51000	0.43	0.45	0.45	0	0	0.43
51100	0.42	0.45	0.45	0	0	0.42
51200	0.42	0.45	0.45	0	0	0.42
51300	0.42	0.45	0.45	0	0	0.42
51400	0.42	0.46	0.46	0	0	0.42
51500	0.41	0.45	0.45	0	0	0.41
51600	0.41	0.45	0.45	0	0	0.41
51700	0.41	0.46	0.46	0	0	0.41
51800	0.41	0.46	0.46	0	0	0.41
51900	0.41	0.46	0.46	0	0	0.41
52000	0.41	0.46	0.46	0	0	0.41
52100	0.41	0.46	0.46	0	0	0.41
52200	0.41	0.46	0.46	0	0	0.41
52300	0.41	0.46	0.46	0	0	0.41
52400	0.41	0.46	0.46	0	0	0.41
52500	0.41	0.46	0.46	0	0	0.41
52600	0.41	0.45	0.45	0	0	0.41
52700	0.41	0.45	0.45	0	0	0.41
52800	0.41	0.45	0.45	0	0	0.41
52900	0.41	0.45	0.45	0	0	0.41
53000	0.41	0.45	0.45	0	0	0.41
53100	0.4	0.45	0.45	0	0	0.4
53200	0.4	0.45	0.45	0	0	0.4
53300	0.4	0.45	0.45	0	0	0.4
53400	0.43	0.45	0.45	0	0	0.43
53500	0.43	0.45	0.45	0	0	0.43
53600	0.42	0.45	0.45	0	0	0.42
53700	0.42	0.45	0.45	0	0	0.42
53800	0.42	0.45	0.45	0	0	0.42
53900	0.42	0.45	0.45	0	0	0.42
54000	0.42	0.46	0.46	0	0	0.42
54100	0.42	0.46	0.46	0	0	0.42
54200	0.41	0.45	0.45	0	0	0.41
54300	0.41	0.45	0.45	0	0	0.41
54400	0.41	0.45	0.45	0	0	0.41
54500	0.41	0.45	0.45	0	0	0.41
54600	0.41	0.45	0.45	0	0	0.41
54700	0.41	0.45	0.45	0	0	0.41
54800	0.41	0.45	0.45	0	0	0.41
54900	0.41	0.46	0.46	0	0	0.41
55000	0.41	0.46	0.46	0	0	0.41
55100	0.41	0.46	0.46	0	0	0.41
55200	0.41	0.46	0.46	0	0	0.41
55300	0.41	0.46	0.46	0	0	0.41
55400	0.41	0.46	0.46	0	0	0.41
55500	0.41	0.46	0.46	0	0	0.41
55600	0.42	0.46	0.46	0	0	0.42
55700	0.42	0.46	0.46	0	0	0.42
55800	0.42	0.46	0.46	0	0	0.42
55900	0.42	0.47	0.47	0	0	0.42
56000	0.42	0.47	0.47	0	0	0.42
56100	0.42	0.47	0.47	0	0	0.42
56200	0.42	0.47	0.47	0	0	0.42
56300	0.42	0.46	0.46	0	0	0.42
56400	0.42	0.46	0.46	0	0	0.42
56500	0.42	0.46	0.46	0	0	0.42
56600	0.42	0.46	0.46	0	0	0.42
56700	0.42	0.46	0.46	0	0	0.42
56800	0.42	0.46	0.46	0	0	0.42
56900	0.42	0.46	0.46	0	0	0.42
57000	0.42	0.46	0.46	0	0	0.42
57100	0.42	0.46	0.46	0	0	0.42
57200	0.42	0.46	0.46	0	0	0.42
57300	0.42	0.46	0.46	0	0	0.42
57400	0.43	0.46	0.46	0	0	0.43
57500	0.43	0.46	0.46	0	0	0.43
57600	0.43	0.46	0.46	0	0	0.43
57700	0.43	0.46	0.46	0	0	0.43
57800	0.43	0.46	0.46	0	0	0.43
57900	0.43	0.46	0.46	0	0	0.43
58000	0.43	0.46	0.46	0	0	0.43
58100	0.43	0.46	0.46	0	0	0.43
58200	0.43	0.46	0.46	0	0	0.43
58300	0.43	0.46	0.46	0	0	0.43
58400	0.43	0.46	0.46	0	0	0.43
58500	0.43	0.46	0.46	0	0	0.43
58600	0.43	0.46	0.46	0	0	0.43
58700	0.43	0.46	0.46	0	0	0.43
58800	0.43	0.46	0.46	0	0	0.43
58900	0.43	0.46	0.46	0	0	0.43
59000	0.43	0.46	0.46	0	0	0.43
59100	0.43	0.46	0.46	0	0	0.43
59200	0.43	0.46	0.46	0	0	0.43
59300	0.43	0.46	0.46	0	0	0.43
59400	0.43	0.46	0.46	0	0	0.43
59500	0.43	0.46	0.46	0	0	0.43
59600	0.43	0.46	0.46	0	0	0.43
59700	0.43	0.47	0.47	0	0	0.43
59800	0.43	0.47	0.47	0	0	0.43
59900	0.43	0.47	0.47	0	0	0.43
60000	0.43	0.47	0.47	0	0	0.43
60100	0.43	0.46	0.46	0	0	0.43
60200	0.43	0.46	0.46	0	0	0.43
60300	0.43	0.47	0.47	0	0	0.43
60400	0.43	0.47	0.47	0	0	0.43
60500	0.43	0.47	0.47	0	0	0.43
60600	0.43	0.47	0.47	0	0	0.43
60700	0.43	0.47	0.47	0	0	0.43
60800	0.43	0.46	0.46	0	0	0.43
60900	0.43	0.46	0.46	0	0	0.43
61000	0.43	0.46	0.46	0	0	0.43
61100	0.43	0.46	0.46	0	0	0.43
61200	0.43	0.46	0.46	0	0	0.43
61300	0.43	0.46	0.46	0	0	0.43
61400	0.43	0.46	0.46	0	0	0.43
61500	0.43	0.46	0.46	0	0	0.43
61600	0.44	0.46	0.46	0	0	0.44
61700	0.44	0.46	0.46	0	0	0.44
61800	0.44	0.46	0.46	0	0	0.44
61900	0.44	0.46	0.46	0	0	0.44
62000	0.43	0.46	0.46	0	0	0.43
62100	0.43	0.46	0.46	0	0	0.43
62200	0.43	0.46	0.46	0	0	0.43
62300	0.43	0.46	0.46	0	0	0.43
62400	0.43	0.46	0.46	0	0	0.43
62500	0.43	0.46	0.46	0	0	0.43
62600	0.43	0.46	0.46	0	0	0.43
62700	0.44	0.46	0.46	0	0	0.44
62800	0.43	0.46	0.46	0	0	0.43
62900	0.43	0.46	0.46	0	0	0.43
63000	0.43	0.46	0.46	0	0	0.43
63100	0.42	0.46	0.46	0	0	0.42
63200	0.42	0.46	0.46	0	0	0.42
63300	0.42	0.46	0.46	0	0	0.42
63400	0.42	0.46	0.46	0	0	0.42
63500	0.42	0.46	0.46	0	0	0.42
63600	0.42	0.46	0.46	0	0	0.42
63700	0.41	0.46	0.46	0	0	0.41
63800	0.41	0.46	0.46	0	0	0.41
63900	0.41	0.46	0.46	0	0	0.41
64000	0.41	0.46	0.46	0	0	0.41
64100	0.41	0.46	0.46	0	0	0.41
64200	0.41	0.46	0.46	0	0	0.41
64300	0.41	0.46	0.46	0	0	0.41
64400	0.41	0.46	0.46	0	0	0.41
64500	0.41	0.46	0.46	0	0	0.41
64600	0.41	0.46	0.46	0	0	0.41
64700	0.41	0.46	0.46	0	0	0.41
64800	0.41	0.46	0.46	0	0	0.41
64900	0.41	0.46	0.46	0	0	0.41
65000	0.41	0.46	0.46	0	0	0.41
65100	0.41	0.46	0.46	0	0	0.41
65200	0.41	0.46	0.46	0	0	0.41
65300	0.42	0.46	0.46	0	0	0.42
65400	0.42	0.46	0.46	0	0	0.42
65500	0.41	0.46	0.46	0	0	0.41
65600	0.41	0.46	0.46	0	0	0.41
65700	0.41	0.47	0.47	0	0	0.41
65800	0.42	0.47	0.47	0	0	0.42
65900	0.42	0.48	0.48	0	0	0.42
66000	0.41	0.48	0.48	0	0	0.41
66100	0.41	0.47	0.47	0	0	0.41
66200	0.41	0.47	0.47	0	0	0.41
66300	0.41	0.47	0.47	0	0	0.41
66400	0.41	0.47	0.47	0	0	0.41
66500	0.41	0.47	0.47	0	0	0.41
66600	0.41	0.47	0.47	0	0	0.41
66700	0.41	0.47	0.47	0	0	0.41
66800	0.41	0.47	0.47	0	0	0.41
66900	0.41	0.47	0.47	0	0	0.41
67000	0.41	0.47	0.47	0	0	0.41
67100	0.41	0.47	0.47	0	0	0.41
67200	0.42	0.47	0.47	0	0	0.42
67300	0.42	0.47	0.47	0	0	0.42
67400	0.42	0.47	0.47	0	0	0.42
67500	0.42	0.47	0.47	0	0	0.42
67600	0.42	0.47	0.47	0	0	0.42
67700	0.42	0.47	0.47	0	0	0.42
67800	0.42	0.47	0.47	0	0	0.42
67900	0.42	0.47	0.47	0	0	0.42
68000	0.42	0.47	0.47	0	0	0.42
68100	0.42	0.48	0.48	0	0	0.42
68200	0.42	0.47	0.47	0	0	0.42
68300	0.42	0.47	0.47	0	0	0.42
68400	0.42	0.47	0.47	0	0	0.42
68500	0.42	0.47	0.47	0	0	0.42
68600	0.42	0.47	0.47	0	0	0.42
68700	0.42	0.47	0.47	0	0	0.42
68800	0.42	0.47	0.47	0	0	0.42
68900	0.42	0.47	0.47	0	0	0.42
69000	0.42	0.47	0.47	0	0	0.42
69100	0.42	0.47	0.47	0	0	0.42
69200	0.42	0.47	0.47	0	0	0.42
69300	0.42	0.47	0.47	0	0	0.42
69400	0.42	0.47	0.47	0	0	0.42
69500	0.43	0.47	0.47	0	0	0.43
69600	0.43	0.47	0.47	0	0	0.43
69700	0.44	0.47	0.47	0	0	0.44
69800	0.44	0.47	0.47	0	0	0.44
69900	0.44	0.47	0.47	0	0	0.44
70000	0.44	0.47	0.47	0	0	0.44
70100	0.44	0.47	0.47	0	0	0.44
70200	0.44	0.47	0.47	0	0	0.44
70300	0.44	0.47	0.47	0	0	0.44
70400	0.44	0.47	0.47	0	0	0.44
70500	0.44	0.47	0.47	0	0	0.44
70600	0.44	0.47	0.47	0	0	0.44
70700	0.44	0.47	0.47	0	0	0.44
70800	0.44	0.47	0.47	0	0	0.44
70900	0.45	0.47	0.47	0	0	0.45
71000	0.45	0.47	0.47	0	0	0.45
71100	0.45	0.47	0.47	0	0	0.45
71200	0.45	0.47	0.47	0	0	0.45
71300	0.45	0.47	0.47	0	0	0.45
71400	0.45	0.47	0.47	0	0	0.45
71500	0.45	0.47	0.47	0	0	0.45
71600	0.45	0.47	0.47	0	0	0.45
71700	0.45	0.47	0.47	0	0	0.45
71800	0.45	0.47	0.47	0	0	0.45
71900	0.45	0.47	0.47	0	0	0.45
72000	0.45	0.47	0.47	0	0	0.45
72100	0.45	0.47	0.47	0	0	0.45
72200	0.46	0.47	0.47	0	0	0.46
72300	0.46	0.47	0.47	0	0	0.46
72400	0.46	0.47	0.47	0	0	0.46
72500	0.46	0.47	0.47	0	0	0.46
72600	0.46	0.47	0.47	0	0	0.46
72700	0.46	0.47	0.47	0	0	0.46
72800	0.46	0.47	0.47	0	0	0.46
72900	0.46	0.47	0.47	0	0	0.46
73000	0.47	0.47	0.47	0	0	0.47
73100	0.47	0.47	0.47	0	0	0.47
73200	0.47	0.47	0.47	0	0	0.47
73300	0.47	0.47	0.47	0	0	0.47
73400	0.48	0.47	0.47	0	0	0.48
73500	0.48	0.47	0.47	0	0	0.48
73600	0.48	0.47	0.47	0	0	0.48
73700	0.48	0.47	0.47	0	0	0.48
73800	0.48	0.47	0.47	0	0	0.48
73900	0.48	0.47	0.47	0	0	0.48
74000	0.47	0.47	0.47	0	0	0.47
74100	0.47	0.47	0.47	0	0	0.47
74200	0.47	0.47	0.47	0	0	0.47
74300	0.47	0.47	0.47	0	0	0.47
74400	0.47	0.47	0.47	0	0	0.47
74500	0.48	0.47	0.47	0	0	0.48
74600	0.48	0.47	0.47	0	0	0.48
74700	0.48	0.47	0.47	0	0	0.48
74800	0.48	0.47	0.47	0	0	0.48
74900	0.48	0.47	0.47	0	0	0.48
75000	0.48	0.47	0.47	0	0	0.48
75100	0.48	0.47	0.47	0	0	0.48
75200	0.48	0.47	0.47	0	0	0.48
75300	0.48	0.47	0.47	0	0	0.48
75400	0.48	0.47	0.47	0	0	0.48
75500	0.48	0.47	0.47	0	0	0.48
75600	0.49	0.47	0.47	0	0	0.49
75700	0.49	0.47	0.47	0	0	0.49
75800	0.49	0.47	0.47	0	0	0.49
75900	0.49	0.47	0.47	0	0	0.49
76000	0.5	0.47	0.47	0	0	0.5
76100	0.5	0.47	0.47	0	0	0.5
76200	0.5	0.47	0.47	0	0	0.5
76300	0.5	0.47	0.47	0	0	0.5
76400	0.5	0.47	0.47	0	0	0.5
76500	0.5	0.47	0.47	0	0	0.5
76600	0.5	0.47	0.47	0	0	0.5
76700	0.5	0.47	0.47	0	0	0.5
76800	0.5	0.47	0.47	0	0	0.5
76900	0.5	0.47	0.47	0	0	0.5
77000	0.5	0.47	0.47	0	0	0.5
77100	0.5	0.47	0.47	0	0	0.5
77200	0.5	0.47	0.47	0	0	0.5
77300	0.5	0.47	0.47	0	0	0.5
77400	0.5	0.47	0.47	0	0	0.5
77500	0.5	0.47	0.47	0	0	0.5
77600	0.5	0.47	0.47	0	0	0.5
77700	0.49	0.47	0.47	0	0	0.49
77800	0.49	0.47	0.47	0	0	0.49
77900	0.49	0.47	0.47	0	0	0.49
78000	0.49	0.47	0.47	0	0	0.49
78100	0.49	0.47	0.47	0	0	0.49
78200	0.49	0.47	0.47	0	0	0.49
78300	0.49	0.47	0.47	0	0	0.49
78400	0.49	0.47	0.47	0	0	0.49
78500	0.49	0.47	0.47	0	0	0.49
78600	0.49	0.47	0.47	0	0	0.49
78700	0.48	0.47	0.47	0	0	0.48
78800	0.48	0.47	0.47	0	0	0.48
78900	0.48	0.47	0.47	0	0	0.48
79000	0.48	0.47	0.47	0	0	0.48
79100	0.48	0.47	0.47	0	0	0.48
79200	0.48	0.47	0.47	0	0	0.48
79300	0.48	0.47	0.47	0	0	0.48
79400	0.48	0.47	0.47	0	0	0.48
79500	0.48	0.47	0.47	0	0	0.48
79600	0.49	0.47	0.47	0	0	0.49
79700	0.49	0.47	0.47	0	0	0.49
79800	0.49	0.47	0.47	0	0	0.49
79900	0.49	0.47	0.47	0	0	0.49
80000	0.49	0.47	0.47	0	0	0.49
80100	0.49	0.47	0.47	0	0	0.49
80200	0.49	0.47	0.47	0	0	0.49
80300	0.49	0.47	0.47	0	0	0.49
80400	0.49	0.47	0.47	0	0	0.49
80500	0.49	0.47	0.47	0	0	0.49
80600	0.49	0.47	0.47	0	0	0.49
80700	0.49	0.47	0.47	0	0	0.49
80800	0.49	0.47	0.47	0	0	0.49
80900	0.49	0.47	0.47	0	0	0.49
81000	0.49	0.47	0.47	0	0	0.49
81100	0.49	0.47	0.47	0	0	0.49
81200	0.49	0.47	0.47	0	0	0.49
81300	0.49	0.47	0.47	0	0	0.49
81400	0.49	0.47	0.47	0	0	0.49
81500	0.49	0.47	0.47	0	0	0.49
81600	0.49	0.47	0.47	0	0	0.49
81700	0.49	0.47	0.47	0	0	0.49
81800	0.49	0.47	0.47	0	0	0.49
81900	0.49	0.47	0.47	0	0	0.49
82000	0.49	0.47	0.47	0	0	0.49
82100	0.49	0.47	0.47	0	0	0.49
82200	0.49	0.47	0.47	0	0	0.49
82300	0.49	0.47	0.47	0	0	0.49
82400	0.49	0.47	0.47	0	0	0.49
82500	0.49	0.47	0.47	0	0	0.49
82600	0.49	0.47	0.47	0	0	0.49
82700	0.49	0.47	0.47	0	0	0.49
82800	0.49	0.47	0.47	0	0	0.49
82900	0.49	0.47	0.47	0	0	0.49
83000	0.49	0.47	0.47	0	0	0.49
83100	0.49	0.47	0.47	0	0	0.49
83200	0.49	0.47	0.47	0	0	0.49
83300	0.5	0.47	0.47	0	0	0.5
83400	0.5	0.48	0.48	0	0	0.5
83500	0.5	0.48	0.48	0	0	0.5
83600	0.5	0.48	0.48	0	0	0.5
83700	0.5	0.48	0.48	0	0	0.5
83800	0.5	0.48	0.48	0	0	0.5
83900	0.5	0.48	0.48	0	0	0.5
84000	0.5	0.48	0.48	0	0	0.5
84100	0.5	0.48	0.48	0	0	0.5
84200	0.5	0.48	0.48	0	0	0.5
84300	0.5	0.48	0.48	0	0	0.5
84400	0.5	0.48	0.48	0	0	0.5
84500	0.5	0.48	0.48	0	0	0.5
84600	0.5	0.48	0.48	0	0	0.5
84700	0.5	0.48	0.48	0	0	0.5
84800	0.5	0.48	0.48	0	0	0.5
84900	0.49	0.48	0.48	0	0	0.49
85000	0.49	0.48	0.48	0	0	0.49
85100	0.49	0.48	0.48	0	0	0.49
85200	0.49	0.48	0.48	0	0	0.49
85300	0.49	0.48	0.48	0	0	0.49
85400	0.49	0.48	0.48	0	0	0.49
85500	0.49	0.48	0.48	0	0	0.49
85600	0.49	0.48	0.48	0	0	0.49
85700	0.49	0.48	0.48	0	0	0.49
85800	0.49	0.48	0.48	0	0	0.49
85900	0.49	0.48	0.48	0	0	0.49
86000	0.49	0.48	0.48	0	0	0.49
86100	0.49	0.48	0.48	0	0	0.49
86200	0.49	0.48	0.48	0	0	0.49
86300	0.49	0.48	0.48	0	0	0.49
86400	0.49	0.48	0.48	0	0	0.49
86500	0.49	0.48	0.48	0	0	0.49
86600	0.49	0.48	0.48	0	0	0.49
86700	0.49	0.48	0.48	0	0	0.49
86800	0.49	0.48	0.48	0	0	0.49
86900	0.49	0.48	0.48	0	0	0.49
87000	0.49	0.48	0.48	0	0	0.49
87100	0.49	0.48	0.48	0	0	0.49
87200	0.49	0.48	0.48	0	0	0.49
87300	0.49	0.48	0.48	0	0	0.49
87400	0.49	0.48	0.48	0	0	0.49
87500	0.49	0.48	0.48	0	0	0.49
87600	0.49	0.48	0.48	0	0	0.49
87700	0.49	0.48	0.48	0	0	0.49
87800	0.49	0.48	0.48	0	0	0.49
87900	0.49	0.48	0.48	0	0	0.49
88000	0.49	0.48	0.48	0	0	0.49
88100	0.49	0.48	0.48	0	0	0.49
88200	0.49	0.48	0.48	0	0	0.49
88300	0.49	0.48	0.48	0	0	0.49
88400	0.49	0.48	0.48	0	0	0.49
88500	0.49	0.48	0.48	0	0	0.49
88600	0.49	0.48	0.48	0	0	0.49
88700	0.49	0.48	0.48	0	0	0.49
88800	0.49	0.48	0.48	0	0	0.49
88900	0.49	0.48	0.48	0	0	0.49
89000	0.49	0.48	0.48	0	0	0.49
89100	0.49	0.48	0.48	0	0	0.49
89200	0.49	0.48	0.48	0	0	0.49
89300	0.49	0.48	0.48	0	0	0.49
89400	0.49	0.48	0.48	0	0	0.49
89500	0.49	0.48	0.48	0	0	0.49
89600	0.49	0.48	0.48	0	0	0.49
89700	0.49	0.48	0.48	0	0	0.49
89800	0.49	0.48	0.48	0	0	0.49
89900	0.49	0.48	0.48	0	0	0.49
90000	0.49	0.48	0.48	0	0	0.49
90100	0.49	0.48	0.48	0	0	0.49
90200	0.49	0.48	0.48	0	0	0.49
90300	0.49	0.48	0.48	0	0	0.49
90400	0.49	0.48	0.48	0	0	0.49
90500	0.49	0.48	0.48	0	0	0.49
90600	0.49	0.48	0.48	0	0	0.49
90700	0.49	0.48	0.48	0	0	0.49
90800	0.49	0.48	0.48	0	0	0.49
90900	0.49	0.48	0.48	0	0	0.49
91000	0.49	0.48	0.48	0	0	0.49
91100	0.49	0.48	0.48	0	0	0.49
91200	0.49	0.48	0.48	0	0	0.49
91300	0.49	0.48	0.48	0	0	0.49
91400	0.49	0.48	0.48	0	0	0.49
91500	0.49	0.48	0.48	0	0	0.49
91600	0.49	0.48	0.48	0	0	0.49
91700	0.49	0.48	0.48	0	0	0.49
91800	0.49	0.48	0.48	0	0	0.49
91900	0.49	0.48	0.48	0	0	0.49
92000	0.49	0.48	0.48	0	0	0.49
92100	0.49	0.48	0.48	0	0	0.49
92200	0.5	0.48	0.48	0	0	0.5
92300	0.5	0.48	0.48	0	0	0.5
92400	0.5	0.48	0.48	0	0	0.5
92500	0.5	0.49	0.49	0	0	0.5
92600	0.5	0.49	0.49	0	0	0.5
92700	0.5	0.49	0.49	0	0	0.5
92800	0.5	0.49	0.49	0	0	0.5
92900	0.5	0.48	0.48	0	0	0.5
93000	0.5	0.48	0.48	0	0	0.5
93100	0.5	0.48	0.48	0	0	0.5
93200	0.5	0.48	0.48	0	0	0.5
93300	0.5	0.48	0.48	0	0	0.5
93400	0.5	0.48	0.48	0	0	0.5
93500	0.5	0.48	0.48	0	0	0.5
93600	0.5	0.48	0.48	0	0	0.5
93700	0.5	0.48	0.48	0	0	0.5
93800	0.5	0.48	0.48	0	0	0.5
93900	0.5	0.48	0.48	0	0	0.5
94000	0.5	0.48	0.48	0	0	0.5
94100	0.5	0.48	0.48	0	0	0.5
94200	0.5	0.48	0.48	0	0	0.5
94300	0.5	0.48	0.48	0	0	0.5
94400	0.5	0.48	0.48	0	0	0.5
94500	0.5	0.48	0.48	0	0	0.5
94600	0.5	0.48	0.48	0	0	0.5
94700	0.5	0.48	0.48	0	0	0.5
94800	0.5	0.48	0.48	0	0	0.5
94900	0.5	0.48	0.48	0	0	0.5
95000	0.5	0.48	0.48	0	0	0.5
95100	0.5	0.48	0.48	0	0	0.5
95200	0.5	0.49	0.49	0	0	0.5
95300	0.5	0.49	0.49	0	0	0.5
95400	0.5	0.49	0.49	0	0	0.5
95500	0.5	0.49	0.49	0	0	0.5
95600	0.5	0.49	0.49	0	0	0.5
95700	0.5	0.49	0.49	0	0	0.5
95800	0.5	0.49	0.49	0	0	0.5
95900	0.5	0.49	0.49	0	0	0.5
96000	0.5	0.49	0.49	0	0	0.5
96100	0.5	0.49	0.49	0	0	0.5
96200	0.5	0.49	0.49	0	0	0.5
96300	0.5	0.49	0.49	0	0	0.5
96400	0.5	0.49	0.49	0	0	0.5
96500	0.5	0.49	0.49	0	0	0.5
96600	0.5	0.49	0.49	0	0	0.5
96700	0.5	0.49	0.49	0	0	0.5
96800	0.5	0.49	0.49	0	0	0.5
96900	0.5	0.49	0.49	0	0	0.5
97000	0.5	0.49	0.49	0	0	0.5
97100	0.5	0.49	0.49	0	0	0.5
97200	0.5	0.49	0.49	0	0	0.5
97300	0.5	0.49	0.49	0	0	0.5
97400	0.5	0.49	0.49	0	0	0.5
97500	0.5	0.49	0.49	0	0	0.5
97600	0.5	0.49	0.49	0	0	0.5
97700	0.5	0.49	0.49	0	0	0.5
97800	0.5	0.49	0.49	0	0	0.5
97900	0.5	0.49	0.49	0	0	0.5
98000	0.5	0.49	0.49	0	0	0.5
98100	0.5	0.49	0.49	0	0	0.5
98200	0.5	0.49	0.49	0	0	0.5
98300	0.5	0.49	0.49	0	0	0.5
98400	0.5	0.49	0.49	0	0	0.5
98500	0.5	0.49	0.49	0	0	0.5
98600	0.5	0.49	0.49	0	0	0.5
98700	0.5	0.49	0.49	0	0	0.5
98800	0.49	0.49	0.49	0	0	0.49
98900	0.49	0.49	0.49	0	0	0.49
99000	0.49	0.49	0.49	0	0	0.49
99100	0.49	0.49	0.49	0	0	0.49
99200	0.49	0.49	0.49	0	0	0.49
99300	0.49	0.49	0.49	0	0	0.49
99400	0.49	0.49	0.49	0	0	0.49
99500	0.49	0.49	0.49	0	0	0.49
99600	0.49	0.49	0.49	0	0	0.49
99700	0.49	0.49	0.49	0	0	0.49
99800	0.49	0.49	0.49	0	0	0.49
99900	0.49	0.49	0.49	0	0	0.49
100000	0.49	0.49	0.49	0	0	0.49
100100	0.49	0.49	0.49	0	0	0.49
100200	0.49	0.49	0.49	0	0	0.49
100300	0.49	0.49	0.49	0	0	0.49
100400	0.49	0.49	0.49	0	0	0.49
100500	0.49	0.49	0.49	0	0	0.49
100600	0.49	0.49	0.49	0	0	0.49
100700	0.49	0.49	0.49	0	0	0.49
100800	0.49	0.49	0.49	0	0	0.49
100900	0.49	0.49	0.49	0	0	0.49
101000	0.49	0.49	0.49	0	0	0.49
101100	0.49	0.49	0.49	0	0	0.49
101200	0.49	0.49	0.49	0	0	0.49
101300	0.49	0.49	0.49	0	0	0.49
101400	0.49	0.49	0.49	0	0	0.49
101500	0.49	0.49	0.49	0	0	0.49
101600	0.49	0.49	0.49	0	0	0.49
101700	0.49	0.49	0.49	0	0	0.49
101800	0.49	0.49	0.49	0	0	0.49
101900	0.49	0.49	0.49	0	0	0.49
102000	0.49	0.49	0.49	0	0	0.49
102100	0.49	0.49	0.49	0	0	0.49
102200	0.49	0.49	0.49	0	0	0.49
102300	0.49	0.49	0.49	0	0	0.49
102400	0.49	0.49	0.49	0	0	0.49
102500	0.49	0.49	0.49	0	0	0.49
102600	0.49	0.49	0.49	0	0	0.49
102700	0.49	0.49	0.49	0	0	0.49
102800	0.49	0.49	0.49	0	0	0.49
102900	0.49	0.49	0.49	0	0	0.49
103000	0.49	0.49	0.49	0	0	0.49
103100	0.49	0.49	0.49	0	0	0.49
103200	0.49	0.49	0.49	0	0	0.49
103300	0.49	0.49	0.49	0	0	0.49
103400	0.49	0.49	0.49	0	0	0.49
103500	0.49	0.49	0.49	0	0	0.49
103600	0.49	0.49	0.49	0	0	0.49
103700	0.49	0.49	0.49	0	0	0.49
103800	0.49	0.49	0.49	0	0	0.49
103900	0.49	0.49	0.49	0	0	0.49
104000	0.49	0.49	0.49	0	0	0.49
104100	0.49	0.49	0.49	0	0	0.49
104200	0.49	0.49	0.49	0	0	0.49
104300	0.49	0.49	0.49	0	0	0.49
104400	0.5	0.49	0.49	0	0	0.5
104500	0.5	0.49	0.49	0	0	0.5
104600	0.5	0.49	0.49	0	0	0.5
104700	0.5	0.49	0.49	0	0	0.5
104800	0.5	0.49	0.49	0	0	0.5
104900	0.49	0.49	0.49	0	0	0.49
105000	0.49	0.49	0.49	0	0	0.49
105100	0.49	0.49	0.49	0	0	0.49
105200	0.49	0.49	0.49	0	0	0.49
105300	0.49	0.49	0.49	0	0	0.49
105400	0.49	0.49	0.49	0	0	0.49
105500	0.49	0.49	0.49	0	0	0.49
105600	0.49	0.49	0.49	0	0	0.49
105700	0.49	0.49	0.49	0	0	0.49
105800	0.49	0.49	0.49	0	0	0.49
105900	0.49	0.49	0.49	0	0	0.49
106000	0.49	0.49	0.49	0	0	0.49
106100	0.49	0.49	0.49	0	0	0.49
106200	0.49	0.49	0.49	0	0	0.49
106300	0.49	0.49	0.49	0	0	0.49
106400	0.49	0.49	0.49	0	0	0.49
106500	0.49	0.49	0.49	0	0	0.49
106600	0.49	0.49	0.49	0	0	0.49
106700	0.49	0.49	0.49	0	0	0.49
106800	0.49	0.49	0.49	0	0	0.49
106900	0.49	0.49	0.49	0	0	0.49
107000	0.49	0.49	0.49	0	0	0.49
107100	0.49	0.49	0.49	0	0	0.49
107200	0.49	0.49	0.49	0	0	0.49
107300	0.49	0.49	0.49	0	0	0.49
107400	0.49	0.49	0.49	0	0	0.49
107500	0.49	0.49	0.49	0	0	0.49
107600	0.49	0.49	0.49	0	0	0.49
107700	0.49	0.49	0.49	0	0	0.49
107800	0.49	0.49	0.49	0	0	0.49
107900	0.49	0.49	0.49	0	0	0.49
108000	0.49	0.49	0.49	0	0	0.49
108100	0.49	0.49	0.49	0	0	0.49
108200	0.49	0.49	0.49	0	0	0.49
108300	0.49	0.49	0.49	0	0	0.49
108400	0.49	0.49	0.49	0	0	0.49
108500	0.49	0.49	0.49	0	0	0.49
108600	0.48	0.49	0.49	0	0	0.48
108700	0.48	0.49	0.49	0	0	0.48
108800	0.48	0.49	0.49	0	0	0.48
108900	0.48	0.49	0.49	0	0	0.48
109000	0.48	0.49	0.49	0	0	0.48
109100	0.48	0.49	0.49	0	0	0.48
109200	0.48	0.49	0.49	0	0	0.48
109300	0.48	0.49	0.49	0	0	0.48
109400	0.48	0.49	0.49	0	0	0.48
109500	0.48	0.49	0.49	0	0	0.48
109600	0.48	0.49	0.49	0	0	0.48
109700	0.48	0.49	0.49	0	0	0.48
109800	0.48	0.49	0.49	0	0	0.48
109900	0.48	0.49	0.49	0	0	0.48
110000	0.48	0.49	0.49	0	0	0.48
110100	0.48	0.49	0.49	0	0	0.48
110200	0.48	0.49	0.49	0	0	0.48
110300	0.48	0.49	0.49	0	0	0.48
110400	0.48	0.49	0.49	0	0	0.48
110500	0.48	0.49	0.49	0	0	0.48
110600	0.48	0.49	0.49	0	0	0.48
110700	0.48	0.49	0.49	0	0	0.48
110800	0.48	0.49	0.49	0	0	0.48
110900	0.48	0.49	0.49	0	0	0.48
111000	0.48	0.48	0.48	0	0	0.48
111100	0.48	0.48	0.48	0	0	0.48
111200	0.48	0.48	0.48	0	0	0.48
111300	0.48	0.48	0.48	0	0	0.48
111400	0.48	0.48	0.48	0	0	0.48
111500	0.48	0.48	0.48	0	0	0.48
111600	0.48	0.48	0.48	0	0	0.48
111700	0.48	0.48	0.48	0	0	0.48
111800	0.48	0.48	0.48	0	0	0.48
111900	0.48	0.48	0.48	0	0	0.48
112000	0.48	0.48	0.48	0	0	0.48
112100	0.48	0.48	0.48	0	0	0.48
112200	0.48	0.48	0.48	0	0	0.48
112300	0.48	0.48	0.48	0	0	0.48
112400	0.48	0.48	0.48	0	0	0.48
112500	0.48	0.48	0.48	0	0	0.48
112600	0.48	0.48	0.48	0	0	0.48
112700	0.48	0.48	0.48	0	0	0.48
112800	0.48	0.48	0.48	0	0	0.48
112900	0.48	0.48	0.48	0	0	0.48
113000	0.48	0.48	0.48	0	0	0.48
113100	0.48	0.48	0.48	0	0	0.48
113200	0.48	0.48	0.48	0	0	0.48
113300	0.48	0.48	0.48	0	0	0.48
113400	0.48	0.48	0.48	0	0	0.48
113500	0.48	0.48	0.48	0	0	0.48
113600	0.48	0.48	0.48	0	0	0.48
113700	0.48	0.49	0.49	0	0	0.48
113800	0.48	0.49	0.49	0	0	0.48
113900	0.48	0.49	0.49	0	0	0.48
114000	0.48	0.49	0.49	0	0	0.48
114100	0.48	0.49	0.49	0	0	0.48
114200	0.48	0.48	0.48	0	0	0.48
114300	0.48	0.48	0.48	0	0	0.48
114400	0.48	0.48	0.48	0	0	0.48
114500	0.48	0.48	0.48	0	0	0.48
114600	0.48	0.48	0.48	0	0	0.48
114700	0.48	0.48	0.48	0	0	0.48
114800	0.48	0.48	0.48	0	0	0.48
114900	0.48	0.48	0.48	0	0	0.48
115000	0.48	0.48	0.48	0	0	0.48
115100	0.48	0.48	0.48	0	0	0.48
115200	0.49	0.48	0.48	0	0	0.49
115300	0.49	0.48	0.48	0	0	0.49
115400	0.49	0.48	0.48	0	0	0.49
115500	0.49	0.48	0.48	0	0	0.49
115600	0.49	0.49	0.49	0	0	0.49
115700	0.49	0.49	0.49	0	0	0.49
115800	0.49	0.49	0.49	0	0	0.49
115900	0.49	0.49	0.49	0	0	0.49
116000	0.49	0.49	0.49	0	0	0.49
116100	0.49	0.49	0.49	0	0	0.49
116200	0.49	0.49	0.49	0	0	0.49
116300	0.49	0.49	0.49	0	0	0.49
116400	0.49	0.49	0.49	0	0	0.49
116500	0.49	0.49	0.49	0	0	0.49
116600	0.49	0.49	0.49	0	0	0.49
116700	0.49	0.49	0.49	0	0	0.49
116800	0.49	0.49	0.49	0	0	0.49
116900	0.49	0.49	0.49	0	0	0.49
117000	0.49	0.49	0.49	0	0	0.49
117100	0.49	0.49	0.49	0	0	0.49
117200	0.49	0.49	0.49	0	0	0.49
117300	0.48	0.49	0.49	0	0	0.48
117400	0.48	0.48	0.48	0	0	0.48
117500	0.48	0.48	0.48	0	0	0.48
117600	0.48	0.48	0.48	0	0	0.48
117700	0.48	0.49	0.49	0	0	0.48
117800	0.48	0.49	0.49	0	0	0.48
117900	0.48	0.49	0.49	0	0	0.48
118000	0.48	0.49	0.49	0	0	0.48
118100	0.48	0.49	0.49	0	0	0.48
118200	0.48	0.49	0.49	0	0	0.48
118300	0.48	0.49	0.49	0	0	0.48
118400	0.48	0.49	0.49	0	0	0.48
118500	0.48	0.49	0.49	0	0	0.48
118600	0.48	0.49	0.49	0	0	0.48
118700	0.48	0.49	0.49	0	0	0.48
118800	0.48	0.49	0.49	0	0	0.48
118900	0.48	0.49	0.49	0	0	0.48
119000	0.48	0.49	0.49	0	0	0.48
119100	0.48	0.49	0.49	0	0	0.48
119200	0.48	0.49	0.49	0	0	0.48
119300	0.48	0.49	0.49	0	0	0.48
119400	0.48	0.49	0.49	0	0	0.48
119500	0.48	0.49	0.49	0	0	0.48
119600	0.48	0.49	0.49	0	0	0.48
119700	0.48	0.49	0.49	0	0	0.48
119800	0.48	0.49	0.49	0	0	0.48
119900	0.48	0.49	0.49	0	0	0.48
120000	0.48	0.49	0.49	0	0	0.48
120100	0.48	0.49	0.49	0	0	0.48
120200	0.48	0.49	0.49	0	0	0.48
120300	0.48	0.49	0.49	0	0	0.48
120400	0.48	0.49	0.49	0	0	0.48
120500	0.48	0.49	0.49	0	0	0.48
120600	0.48	0.49	0.49	0	0	0.48
120700	0.48	0.49	0.49	0	0	0.48
120800	0.48	0.49	0.49	0	0	0.48
120900	0.48	0.49	0.49	0	0	0.48
121000	0.48	0.49	0.49	0	0	0.48
121100	0.48	0.49	0.49	0	0	0.48
121200	0.49	0.49	0.49	0	0	0.49
121300	0.49	0.49	0.49	0	0	0.49
121400	0.49	0.49	0.49	0	0	0.49
121500	0.49	0.49	0.49	0	0	0.49
121600	0.49	0.49	0.49	0	0	0.49
121700	0.49	0.49	0.49	0	0	0.49
121800	0.49	0.49	0.49	0	0	0.49
121900	0.49	0.49	0.49	0	0	0.49
122000	0.49	0.49	0.49	0	0	0.49
122100	0.49	0.49	0.49	0	0	0.49
122200	0.49	0.49	0.49	0	0	0.49
122300	0.49	0.49	0.49	0	0	0.49
122400	0.49	0.49	0.49	0	0	0.49
122500	0.49	0.49	0.49	0	0	0.49
122600	0.49	0.49	0.49	0	0	0.49
122700	0.49	0.49	0.49	0	0	0.49
122800	0.49	0.49	0.49	0	0	0.49
122900	0.49	0.49	0.49	0	0	0.49
123000	0.49	0.49	0.49	0	0	0.49
123100	0.49	0.49	0.49	0	0	0.49
123200	0.49	0.49	0.49	0	0	0.49
123300	0.49	0.49	0.49	0	0	0.49
123400	0.49	0.49	0.49	0	0	0.49
123500	0.49	0.49	0.49	0	0	0.49
123600	0.49	0.49	0.49	0	0	0.49
123700	0.49	0.49	0.49	0	0	0.49
123800	0.49	0.49	0.49	0	0	0.49
123900	0.49	0.49	0.49	0	0	0.49
124000	0.49	0.49	0.49	0	0	0.49
124100	0.49	0.49	0.49	0	0	0.49
124200	0.49	0.49	0.49	0	0	0.49
124300	0.49	0.49	0.49	0	0	0.49
124400	0.49	0.49	0.49	0	0	0.49
124500	0.49	0.49	0.49	0	0	0.49
124600	0.49	0.49	0.49	0	0	0.49
124700	0.49	0.49	0.49	0	0	0.49
124800	0.49	0.49	0.49	0	0	0.49
124900	0.49	0.49	0.49	0	0	0.49
125000	0.49	0.49	0.49	0	0	0.49
125100	0.49	0.49	0.49	0	0	0.49
125200	0.49	0.49	0.49	0	0	0.49
125300	0.49	0.49	0.49	0	0	0.49
125400	0.49	0.49	0.49	0	0	0.49
125500	0.49	0.49	0.49	0	0	0.49
125600	0.49	0.49	0.49	0	0	0.49
125700	0.49	0.49	0.49	0	0	0.49
125800	0.49	0.49	0.49	0	0	0.49
125900	0.49	0.49	0.49	0	0	0.49
126000	0.49	0.49	0.49	0	0	0.49
126100	0.49	0.49	0.49	0	0	0.49
126200	0.49	0.49	0.49	0	0	0.49
126300	0.49	0.49	0.49	0	0	0.49
126400	0.49	0.49	0.49	0	0	0.49
126500	0.49	0.49	0.49	0	0	0.49
126600	0.49	0.49	0.49	0	0	0.49
126700	0.49	0.49	0.49	0	0	0.49
126800	0.49	0.49	0.49	0	0	0.49
126900	0.49	0.49	0.49	0	0	0.49
127000	0.49	0.49	0.49	0	0	0.49
127100	0.49	0.49	0.49	0	0	0.49
127200	0.49	0.49	0.49	0	0	0.49
127300	0.49	0.49	0.49	0	0	0.49
127400	0.49	0.49	0.49	0	0	0.49
127500	0.49	0.49	0.49	0	0	0.49
127600	0.49	0.49	0.49	0	0	0.49
127700	0.49	0.49	0.49	0	0	0.49
127800	0.49	0.49	0.49	0	0	0.49
127900	0.49	0.49	0.49	0	0	0.49
128000	0.49	0.49	0.49	0	0	0.49
128100	0.49	0.49	0.49	0	0	0.49
128200	0.49	0.49	0.49	0	0	0.49
128300	0.49	0.49	0.49	0	0	0.49
128400	0.49	0.49	0.49	0	0	0.49
128500	0.49	0.49	0.49	0	0	0.49
128600	0.49	0.49	0.49	0	0	0.49
128700	0.49	0.49	0.49	0	0	0.49
128800	0.49	0.49	0.49	0	0	0.49
128900	0.49	0.49	0.49	0	0	0.49
129000	0.49	0.49	0.49	0	0	0.49
129100	0.49	0.49	0.49	0	0	0.49
129200	0.49	0.49	0.49	0	0	0.49
129300	0.49	0.49	0.49	0	0	0.49
129400	0.49	0.49	0.49	0	0	0.49
129500	0.49	0.49	0.49	0	0	0.49
129600	0.49	0.49	0.49	0	0	0.49
129700	0.49	0.49	0.49	0	0	0.49
129800	0.49	0.49	0.49	0	0	0.49
129900	0.49	0.49	0.49	0	0	0.49
130000	0.49	0.49	0.49	0	0	0.49
130100	0.49	0.49	0.49	0	0	0.49
130200	0.49	0.49	0.49	0	0	0.49
130300	0.49	0.49	0.49	0	0	0.49
130400	0.49	0.49	0.49	0	0	0.49
130500	0.49	0.49	0.49	0	0	0.49
130600	0.49	0.49	0.49	0	0	0.49
130700	0.49	0.49	0.49	0	0	0.49
130800	0.49	0.49	0.49	0	0	0.49
130900	0.49	0.49	0.49	0	0	0.49
131000	0.49	0.49	0.49	0	0	0.49
131100	0.49	0.49	0.49	0	0	0.49
131200	0.49	0.49	0.49	0	0	0.49
131300	0.49	0.49	0.49	0	0	0.49
131400	0.49	0.49	0.49	0	0	0.49
131500	0.49	0.49	0.49	0	0	0.49
131600	0.49	0.49	0.49	0	0	0.49
131700	0.49	0.49	0.49	0	0	0.49
131800	0.49	0.49	0.49	0	0	0.49
131900	0.49	0.49	0.49	0	0	0.49
132000	0.49	0.48	0.48	0	0	0.49
132100	0.49	0.48	0.48	0	0	0.49
132200	0.49	0.48	0.48	0	0	0.49
132300	0.49	0.48	0.48	0	0	0.49
132400	0.49	0.48	0.48	0	0	0.49
132500	0.49	0.48	0.48	0	0	0.49
132600	0.49	0.48	0.48	0	0	0.49
132700	0.49	0.48	0.48	0	0	0.49
132800	0.49	0.48	0.48	0	0	0.49
132900	0.49	0.48	0.48	0	0	0.49
133000	0.49	0.49	0.49	0	0	0.49
133100	0.49	0.48	0.48	0	0	0.49
133200	0.49	0.48	0.48	0	0	0.49
133300	0.49	0.48	0.48	0	0	0.49
133400	0.49	0.48	0.48	0	0	0.49
133500	0.49	0.48	0.48	0	0	0.49
133600	0.49	0.48	0.48	0	0	0.49
133700	0.49	0.48	0.48	0	0	0.49
133800	0.49	0.48	0.48	0	0	0.49
133900	0.49	0.48	0.48	0	0	0.49
134000	0.49	0.48	0.48	0	0	0.49
134100	0.49	0.48	0.48	0	0	0.49
134200	0.49	0.48	0.48	0	0	0.49
134300	0.49	0.48	0.48	0	0	0.49
134400	0.49	0.48	0.48	0	0	0.49
134500	0.49	0.48	0.48	0	0	0.49
134600	0.49	0.48	0.48	0	0	0.49
134700	0.49	0.48	0.48	0	0	0.49
134800	0.49	0.48	0.48	0	0	0.49
134900	0.5	0.48	0.48	0	0	0.5
135000	0.5	0.48	0.48	0	0	0.5
135100	0.5	0.47	0.47	0	0	0.5
135200	0.5	0.47	0.47	0	0	0.5
135300	0.5	0.47	0.47	0	0	0.5
135400	0.5	0.47	0.47	0	0	0.5
135500	0.5	0.47	0.47	0	0	0.5
135600	0.5	0.47	0.47	0	0	0.5
135700	0.5	0.47	0.47	0	0	0.5
135800	0.5	0.47	0.47	0	0	0.5
135900	0.5	0.47	0.47	0	0	0.5
136000	0.5	0.47	0.47	0	0	0.5
136100	0.49	0.47	0.47	0	0	0.49
136200	0.49	0.47	0.47	0	0	0.49
136300	0.49	0.47	0.47	0	0	0.49
136400	0.49	0.47	0.47	0	0	0.49
136500	0.49	0.47	0.47	0	0	0.49
136600	0.49	0.47	0.47	0	0	0.49
136700	0.49	0.47	0.47	0	0	0.49
136800	0.49	0.48	0.48	0	0	0.49
136900	0.49	0.48	0.48	0	0	0.49
137000	0.49	0.48	0.48	0	0	0.49
137100	0.49	0.48	0.48	0	0	0.49
137200	0.49	0.48	0.48	0	0	0.49
137300	0.49	0.48	0.48	0	0	0.49
137400	0.49	0.48	0.48	0	0	0.49
137500	0.49	0.48	0.48	0	0	0.49
137600	0.49	0.48	0.48	0	0	0.49
137700	0.49	0.48	0.48	0	0	0.49
137800	0.49	0.48	0.48	0	0	0.49
137900	0.49	0.48	0.48	0	0	0.49
138000	0.49	0.48	0.48	0	0	0.49
138100	0.49	0.48	0.48	0	0	0.49
138200	0.49	0.48	0.48	0	0	0.49
138300	0.49	0.48	0.48	0	0	0.49
138400	0.49	0.48	0.48	0	0	0.49
138500	0.49	0.48	0.48	0	0	0.49
138600	0.49	0.48	0.48	0	0	0.49
138700	0.48	0.48	0.48	0	0	0.48
138800	0.48	0.48	0.48	0	0	0.48
138900	0.48	0.48	0.48	0	0	0.48
139000	0.48	0.48	0.48	0	0	0.48
139100	0.48	0.48	0.48	0	0	0.48
139200	0.48	0.48	0.48	0	0	0.48
139300	0.48	0.48	0.48	0	0	0.48
139400	0.48	0.48	0.48	0	0	0.48
139500	0.48	0.48	0.48	0	0	0.48
139600	0.48	0.48	0.48	0	0	0.48
139700	0.48	0.48	0.48	0	0	0.48
139800	0.48	0.48	0.48	0	0	0.48
139900	0.48	0.48	0.48	0	0	0.48
140000	0.48	0.48	0.48	0	0	0.48
140100	0.48	0.48	0.48	0	0	0.48
140200	0.48	0.48	0.48	0	0	0.48
140300	0.48	0.48	0.48	0	0	0.48
140400	0.48	0.48	0.48	0	0	0.48
140500	0.49	0.48	0.48	0	0	0.49
140600	0.49	0.48	0.48	0	0	0.49
140700	0.49	0.48	0.48	0	0	0.49
140800	0.48	0.48	0.48	0	0	0.48
140900	0.48	0.48	0.48	0	0	0.48
141000	0.48	0.48	0.48	0	0	0.48
141100	0.48	0.48	0.48	0	0	0.48
141200	0.48	0.48	0.48	0	0	0.48
141300	0.48	0.48	0.48	0	0	0.48
141400	0.48	0.48	0.48	0	0	0.48
141500	0.48	0.48	0.48	0	0	0.48
141600	0.48	0.48	0.48	0	0	0.48
141700	0.48	0.48	0.48	0	0	0.48
141800	0.48	0.48	0.48	0	0	0.48
141900	0.48	0.48	0.48	0	0	0.48
142000	0.48	0.48	0.48	0	0	0.48
142100	0.48	0.48	0.48	0	0	0.48
142200	0.48	0.48	0.48	0	0	0.48
142300	0.48	0.48	0.48	0	0	0.48
142400	0.48	0.48	0.48	0	0	0.48
142500	0.48	0.48	0.48	0	0	0.48
142600	0.48	0.48	0.48	0	0	0.48
142700	0.48	0.48	0.48	0	0	0.48
142800	0.48	0.48	0.48	0	0	0.48
142900	0.48	0.48	0.48	0	0	0.48
143000	0.48	0.48	0.48	0	0	0.48
143100	0.48	0.48	0.48	0	0	0.48
143200	0.48	0.48	0.48	0	0	0.48
143300	0.48	0.48	0.48	0	0	0.48
143400	0.48	0.48	0.48	0	0	0.48
143500	0.48	0.48	0.48	0	0	0.48
143600	0.48	0.48	0.48	0	0	0.48
143700	0.48	0.48	0.48	0	0	0.48
143800	0.48	0.48	0.48	0	0	0.48
143900	0.48	0.48	0.48	0	0	0.48
144000	0.48	0.48	0.48	0	0	0.48
144100	0.48	0.48	0.48	0	0	0.48
144200	0.48	0.48	0.48	0	0	0.48
144300	0.48	0.48	0.48	0	0	0.48
144400	0.48	0.48	0.48	0	0	0.48
144500	0.48	0.48	0.48	0	0	0.48
144600	0.48	0.48	0.48	0	0	0.48
144700	0.48	0.48	0.48	0	0	0.48
144800	0.48	0.48	0.48	0	0	0.48
144900	0.48	0.48	0.48	0	0	0.48
145000	0.48	0.48	0.48	0	0	0.48
145100	0.48	0.48	0.48	0	0	0.48
145200	0.48	0.48	0.48	0	0	0.48
145300	0.48	0.48	0.48	0	0	0.48
145400	0.48	0.48	0.48	0	0	0.48
145500	0.48	0.48	0.48	0	0	0.48
145600	0.48	0.48	0.48	0	0	0.48
145700	0.48	0.48	0.48	0	0	0.48
145800	0.48	0.48	0.48	0	0	0.48
145900	0.48	0.48	0.48	0	0	0.48
146000	0.48	0.48	0.48	0	0	0.48
146100	0.48	0.48	0.48	0	0	0.48
146200	0.48	0.48	0.48	0	0	0.48
146300	0.48	0.48	0.48	0	0	0.48
146400	0.48	0.48	0.48	0	0	0.48
146500	0.48	0.48	0.48	0	0	0.48
146600	0.48	0.48	0.48	0	0	0.48
146700	0.48	0.48	0.48	0	0	0.48
146800	0.48	0.48	0.48	0	0	0.48
146900	0.48	0.48	0.48	0	0	0.48
147000	0.48	0.48	0.48	0	0	0.48
147100	0.48	0.48	0.48	0	0	0.48
147200	0.48	0.48	0.48	0	0	0.48
147300	0.48	0.48	0.48	0	0	0.48
147400	0.48	0.48	0.48	0	0	0.48
147500	0.48	0.48	0.48	0	0	0.48
147600	0.48	0.48	0.48	0	0	0.48
147700	0.48	0.48	0.48	0	0	0.48
147800	0.48	0.48	0.48	0	0	0.48
147900	0.48	0.48	0.48	0	0	0.48
148000	0.48	0.48	0.48	0	0	0.48
148100	0.48	0.48	0.48	0	0	0.48
148200	0.48	0.48	0.48	0	0	0.48
148300	0.48	0.48	0.48	0	0	0.48
148400	0.48	0.48	0.48	0	0	0.48
148500	0.48	0.48	0.48	0	0	0.48
148600	0.48	0.48	0.48	0	0	0.48
148700	0.48	0.48	0.48	0	0	0.48
148800	0.48	0.48	0.48	0	0	0.48
148900	0.48	0.48	0.48	0	0	0.48
149000	0.48	0.48	0.48	0	0	0.48
149100	0.48	0.48	0.48	0	0	0.48
149200	0.48	0.48	0.48	0	0	0.48
149300	0.48	0.48	0.48	0	0	0.48
149400	0.48	0.48	0.48	0	0	0.48
149500	0.48	0.48	0.48	0	0	0.48
149600	0.48	0.48	0.48	0	0	0.48
149700	0.48	0.48	0.48	0	0	0.48
149800	0.48	0.48	0.48	0	0	0.48
149900	0.48	0.48	0.48	0	0	0.48
150000	0.48	0.48	0.48	0	0	0.48
150100	0.48	0.48	0.48	0	0	0.48
150200	0.48	0.48	0.48	0	0	0.48
150300	0.48	0.48	0.48	0	0	0.48
150400	0.48	0.48	0.48	0	0	0.48
150500	0.49	0.48	0.48	0	0	0.49
150600	0.49	0.48	0.48	0	0	0.49
150700	0.49	0.48	0.48	0	0	0.49
150800	0.49	0.48	0.48	0	0	0.49
150900	0.49	0.48	0.48	0	0	0.49
151000	0.49	0.48	0.48	0	0	0.49
151100	0.49	0.48	0.48	0	0	0.49
151200	0.49	0.48	0.48	0	0	0.49
151300	0.49	0.49	0.49	0	0	0.49
151400	0.49	0.49	0.49	0	0	0.49
151500	0.49	0.49	0.49	0	0	0.49
151600	0.49	0.49	0.49	0	0	0.49
151700	0.49	0.49	0.49	0	0	0.49
151800	0.49	0.49	0.49	0	0	0.49
151900	0.49	0.49	0.49	0	0	0.49
152000	0.49	0.49	0.49	0	0	0.49
152100	0.49	0.49	0.49	0	0	0.49
152200	0.49	0.49	0.49	0	0	0.49
152300	0.49	0.49	0.49	0	0	0.49
152400	0.49	0.49	0.49	0	0	0.49
152500	0.49	0.49	0.49	0	0	0.49
152600	0.49	0.49	0.49	0	0	0.49
152700	0.49	0.49	0.49	0	0	0.49
152800	0.49	0.49	0.49	0	0	0.49
152900	0.49	0.49	0.49	0	0	0.49
153000	0.49	0.49	0.49	0	0	0.49
153100	0.49	0.49	0.49	0	0	0.49
153200	0.49	0.49	0.49	0	0	0.49
153300	0.49	0.49	0.49	0	0	0.49
153400	0.49	0.49	0.49	0	0	0.49
153500	0.49	0.49	0.49	0	0	0.49
153600	0.49	0.49	0.49	0	0	0.49
153700	0.49	0.49	0.49	0	0	0.49
153800	0.49	0.49	0.49	0	0	0.49
153900	0.49	0.49	0.49	0	0	0.49
154000	0.49	0.49	0.49	0	0	0.49
154100	0.49	0.49	0.49	0	0	0.49
154200	0.49	0.49	0.49	0	0	0.49
154300	0.49	0.49	0.49	0	0	0.49
154400	0.49	0.49	0.49	0	0	0.49
154500	0.49	0.49	0.49	0	0	0.49
154600	0.49	0.49	0.49	0	0	0.49
154700	0.49	0.49	0.49	0	0	0.49
154800	0.49	0.49	0.49	0	0	0.49
154900	0.49	0.49	0.49	0	0	0.49
155000	0.49	0.49	0.49	0	0	0.49
155100	0.49	0.49	0.49	0	0	0.49
155200	0.49	0.49	0.49	0	0	0.49
155300	0.49	0.49	0.49	0	0	0.49
155400	0.49	0.49	0.49	0	0	0.49
155500	0.49	0.49	0.49	0	0	0.49
155600	0.49	0.49	0.49	0	0	0.49
155700	0.49	0.49	0.49	0	0	0.49
155800	0.49	0.49	0.49	0	0	0.49
155900	0.49	0.49	0.49	0	0	0.49
156000	0.49	0.49	0.49	0	0	0.49
156100	0.49	0.49	0.49	0	0	0.49
156200	0.48	0.49	0.49	0	0	0.48
156300	0.48	0.49	0.49	0	0	0.48
156400	0.48	0.49	0.49	0	0	0.48
156500	0.48	0.49	0.49	0	0	0.48
156600	0.48	0.49	0.49	0	0	0.48
156700	0.48	0.49	0.49	0	0	0.48
156800	0.48	0.49	0.49	0	0	0.48
156900	0.48	0.49	0.49	0	0	0.48
157000	0.48	0.49	0.49	0	0	0.48
157100	0.48	0.49	0.49	0	0	0.48
157200	0.48	0.49	0.49	0	0	0.48
157300	0.48	0.49	0.49	0	0	0.48
157400	0.49	0.49	0.49	0	0	0.49
157500	0.49	0.49	0.49	0	0	0.49
157600	0.48	0.49	0.49	0	0	0.48
157700	0.48	0.49	0.49	0	0	0.48
157800	0.48	0.49	0.49	0	0	0.48
157900	0.48	0.49	0.49	0	0	0.48
158000	0.48	0.49	0.49	0	0	0.48
158100	0.48	0.49	0.49	0	0	0.48
158200	0.48	0.49	0.49	0	0	0.48
158300	0.48	0.49	0.49	0	0	0.48
158400	0.48	0.49	0.49	0	0	0.48
158500	0.48	0.49	0.49	0	0	0.48
158600	0.48	0.49	0.49	0	0	0.48
158700	0.48	0.49	0.49	0	0	0.48
158800	0.48	0.49	0.49	0	0	0.48
158900	0.48	0.49	0.49	0	0	0.48
159000	0.48	0.49	0.49	0	0	0.48
159100	0.48	0.49	0.49	0	0	0.48
159200	0.48	0.49	0.49	0	0	0.48
159300	0.48	0.49	0.49	0	0	0.48
159400	0.48	0.49	0.49	0	0	0.48
159500	0.48	0.48	0.48	0	0	0.48
159600	0.48	0.48	0.48	0	0	0.48
159700	0.48	0.48	0.48	0	0	0.48
159800	0.48	0.48	0.48	0	0	0.48
159900	0.48	0.48	0.48	0	0	0.48
160000	0.48	0.48	0.48	0	0	0.48
160100	0.48	0.49	0.49	0	0	0.48
160200	0.48	0.49	0.49	0	0	0.48
160300	0.48	0.49	0.49	0	0	0.48
160400	0.48	0.49	0.49	0	0	0.48
160500	0.48	0.49	0.49	0	0	0.48
160600	0.48	0.49	0.49	0	0	0.48
160700	0.48	0.49	0.49	0	0	0.48
160800	0.48	0.49	0.49	0	0	0.48
160900	0.48	0.49	0.49	0	0	0.48
161000	0.48	0.49	0.49	0	0	0.48
161100	0.48	0.49	0.49	0	0	0.48
161200	0.48	0.49	0.49	0	0	0.48
161300	0.48	0.49	0.49	0	0	0.48
161400	0.48	0.49	0.49	0	0	0.48
161500	0.48	0.49	0.49	0	0	0.48
161600	0.48	0.49	0.49	0	0	0.48
161700	0.48	0.49	0.49	0	0	0.48
161800	0.48	0.49	0.49	0	0	0.48
161900	0.48	0.49	0.49	0	0	0.48
162000	0.49	0.49	0.49	0	0	0.49
162100	0.49	0.49	0.49	0	0	0.49
162200	0.49	0.49	0.49	0	0	0.49
162300	0.49	0.49	0.49	0	0	0.49
162400	0.49	0.49	0.49	0	0	0.49
162500	0.49	0.49	0.49	0	0	0.49
162600	0.5	0.49	0.49	0	0	0.5
162700	0.5	0.49	0.49	0	0	0.5
162800	0.5	0.49	0.49	0	0	0.5
162900	0.5	0.49	0.49	0	0	0.5
163000	0.5	0.49	0.49	0	0	0.5
163100	0.5	0.49	0.49	0	0	0.5
163200	0.5	0.49	0.49	0	0	0.5
163300	0.5	0.49	0.49	0	0	0.5
163400	0.5	0.49	0.49	0	0	0.5
163500	0.5	0.49	0.49	0	0	0.5
163600	0.5	0.49	0.49	0	0	0.5
163700	0.5	0.49	0.49	0	0	0.5
163800	0.5	0.49	0.49	0	0	0.5
163900	0.5	0.49	0.49	0	0	0.5
164000	0.5	0.49	0.49	0	0	0.5
164100	0.5	0.49	0.49	0	0	0.5
164200	0.5	0.49	0.49	0	0	0.5
164300	0.5	0.49	0.49	0	0	0.5
164400	0.5	0.49	0.49	0	0	0.5
164500	0.5	0.49	0.49	0	0	0.5
164600	0.5	0.49	0.49	0	0	0.5
164700	0.5	0.49	0.49	0	0	0.5
164800	0.5	0.49	0.49	0	0	0.5
164900	0.5	0.49	0.49	0	0	0.5
165000	0.5	0.49	0.49	0	0	0.5
165100	0.5	0.49	0.49	0	0	0.5
165200	0.5	0.49	0.49	0	0	0.5
165300	0.5	0.49	0.49	0	0	0.5
165400	0.5	0.49	0.49	0	0	0.5
165500	0.5	0.49	0.49	0	0	0.5
165600	0.5	0.49	0.49	0	0	0.5
165700	0.5	0.49	0.49	0	0	0.5
165800	0.5	0.49	0.49	0	0	0.5
165900	0.5	0.49	0.49	0	0	0.5
166000	0.5	0.49	0.49	0	0	0.5
166100	0.5	0.49	0.49	0	0	0.5
166200	0.5	0.49	0.49	0	0	0.5
166300	0.5	0.49	0.49	0	0	0.5
166400	0.5	0.49	0.49	0	0	0.5
166500	0.5	0.49	0.49	0	0	0.5
166600	0.5	0.49	0.49	0	0	0.5
166700	0.5	0.49	0.49	0	0	0.5
166800	0.5	0.49	0.49	0	0	0.5
166900	0.5	0.49	0.49	0	0	0.5
167000	0.5	0.49	0.49	0	0	0.5
167100	0.5	0.49	0.49	0	0	0.5
167200	0.5	0.49	0.49	0	0	0.5
167300	0.5	0.49	0.49	0	0	0.5
167400	0.5	0.49	0.49	0	0	0.5
167500	0.5	0.49	0.49	0	0	0.5
167600	0.5	0.49	0.49	0	0	0.5
167700	0.5	0.49	0.49	0	0	0.5
167800	0.5	0.49	0.49	0	0	0.5
167900	0.5	0.49	0.49	0	0	0.5
168000	0.5	0.49	0.49	0	0	0.5
168100	0.5	0.49	0.49	0	0	0.5
168200	0.5	0.49	0.49	0	0	0.5
168300	0.5	0.49	0.49	0	0	0.5
168400	0.5	0.49	0.49	0	0	0.5
168500	0.5	0.49	0.49	0	0	0.5
168600	0.5	0.49	0.49	0	0	0.5
168700	0.5	0.49	0.49	0	0	0.5
168800	0.5	0.49	0.49	0	0	0.5
168900	0.5	0.49	0.49	0	0	0.5
169000	0.5	0.49	0.49	0	0	0.5
169100	0.5	0.49	0.49	0	0	0.5
169200	0.5	0.49	0.49	0	0	0.5
169300	0.5	0.49	0.49	0	0	0.5
169400	0.5	0.49	0.49	0	0	0.5
169500	0.5	0.49	0.49	0	0	0.5
169600	0.5	0.49	0.49	0	0	0.5
169700	0.5	0.49	0.49	0	0	0.5
169800	0.5	0.49	0.49	0	0	0.5
169900	0.5	0.49	0.49	0	0	0.5
170000	0.5	0.49	0.49	0	0	0.5
170100	0.5	0.49	0.49	0	0	0.5
170200	0.5	0.49	0.49	0	0	0.5
170300	0.5	0.49	0.49	0	0	0.5
170400	0.5	0.49	0.49	0	0	0.5
170500	0.5	0.49	0.49	0	0	0.5
170600	0.5	0.49	0.49	0	0	0.5
170700	0.5	0.49	0.49	0	0	0.5
170800	0.5	0.49	0.49	0	0	0.5
170900	0.5	0.49	0.49	0	0	0.5
171000	0.5	0.49	0.49	0	0	0.5
171100	0.5	0.49	0.49	0	0	0.5
171200	0.5	0.49	0.49	0	0	0.5
171300	0.5	0.49	0.49	0	0	0.5
171400	0.5	0.49	0.49	0	0	0.5
171500	0.5	0.49	0.49	0	0	0.5
171600	0.5	0.49	0.49	0	0	0.5
171700	0.5	0.49	0.49	0	0	0.5
171800	0.5	0.49	0.49	0	0	0.5
171900	0.5	0.49	0.49	0	0	0.5
172000	0.5	0.49	0.49	0	0	0.5
172100	0.5	0.49	0.49	0	0	0.5
172200	0.5	0.49	0.49	0	0	0.5
172300	0.5	0.49	0.49	0	0	0.5
172400	0.5	0.49	0.49	0	0	0.5
172500	0.5	0.49	0.49	0	0	0.5
172600	0.5	0.49	0.49	0	0	0.5
172700	0.5	0.49	0.49	0	0	0.5
172800	0.5	0.49	0.49	0	0	0.5
172900	0.5	0.49	0.49	0	0	0.5
173000	0.5	0.49	0.49	0	0	0.5
173100	0.5	0.49	0.49	0	0	0.5
173200	0.5	0.49	0.49	0	0	0.5
173300	0.5	0.49	0.49	0	0	0.5
173400	0.5	0.49	0.49	0	0	0.5
173500	0.5	0.49	0.49	0	0	0.5
173600	0.5	0.49	0.49	0	0	0.5
173700	0.5	0.49	0.49	0	0	0.5
173800	0.5	0.49	0.49	0	0	0.5
173900	0.5	0.49	0.49	0	0	0.5
174000	0.5	0.49	0.49	0	0	0.5
174100	0.5	0.49	0.49	0	0	0.5
174200	0.5	0.49	0.49	0	0	0.5
174300	0.5	0.49	0.49	0	0	0.5
174400	0.5	0.49	0.49	0	0	0.5
174500	0.5	0.49	0.49	0	0	0.5
174600	0.5	0.49	0.49	0	0	0.5
174700	0.5	0.49	0.49	0	0	0.5
174800	0.5	0.49	0.49	0	0	0.5
174900	0.5	0.49	0.49	0	0	0.5
175000	0.5	0.49	0.49	0	0	0.5
175100	0.5	0.49	0.49	0	0	0.5
175200	0.5	0.49	0.49	0	0	0.5
175300	0.5	0.49	0.49	0	0	0.5
175400	0.5	0.49	0.49	0	0	0.5
175500	0.5	0.49	0.49	0	0	0.5
175600	0.5	0.49	0.49	0	0	0.5
175700	0.5	0.49	0.49	0	0	0.5
175800	0.5	0.49	0.49	0	0	0.5
175900	0.5	0.49	0.49	0	0	0.5
176000	0.5	0.49	0.49	0	0	0.5
176100	0.5	0.49	0.49	0	0	0.5
176200	0.5	0.49	0.49	0	0	0.5
176300	0.5	0.49	0.49	0	0	0.5
176400	0.5	0.49	0.49	0	0	0.5
176500	0.5	0.49	0.49	0	0	0.5
176600	0.5	0.49	0.49	0	0	0.5
176700	0.5	0.49	0.49	0	0	0.5
176800	0.5	0.49	0.49	0	0	0.5
176900	0.5	0.49	0.49	0	0	0.5
177000	0.5	0.49	0.49	0	0	0.5
177100	0.5	0.49	0.49	0	0	0.5
177200	0.5	0.49	0.49	0	0	0.5
177300	0.5	0.49	0.49	0	0	0.5
177400	0.5	0.49	0.49	0	0	0.5
177500	0.5	0.49	0.49	0	0	0.5
177600	0.5	0.49	0.49	0	0	0.5
177700	0.5	0.49	0.49	0	0	0.5
177800	0.5	0.49	0.49	0	0	0.5
177900	0.5	0.49	0.49	0	0	0.5
178000	0.5	0.49	0.49	0	0	0.5
178100	0.5	0.49	0.49	0	0	0.5
178200	0.5	0.49	0.49	0	0	0.5
178300	0.5	0.49	0.49	0	0	0.5
178400	0.5	0.49	0.49	0	0	0.5
178500	0.5	0.49	0.49	0	0	0.5
178600	0.5	0.49	0.49	0	0	0.5
178700	0.5	0.49	0.49	0	0	0.5
178800	0.5	0.49	0.49	0	0	0.5
178900	0.5	0.49	0.49	0	0	0.5
179000	0.5	0.49	0.49	0	0	0.5
179100	0.5	0.49	0.49	0	0	0.5
179200	0.5	0.49	0.49	0	0	0.5
179300	0.5	0.49	0.49	0	0	0.5
179400	0.5	0.49	0.49	0	0	0.5
179500	0.5	0.49	0.49	0	0	0.5
179600	0.5	0.49	0.49	0	0	0.5
179700	0.5	0.49	0.49	0	0	0.5
179800	0.5	0.49	0.49	0	0	0.5
179900	0.5	0.49	0.49	0	0	0.5
180000	0.5	0.49	0.49	0	0	0.5
180100	0.5	0.49	0.49	0	0	0.5
180200	0.5	0.49	0.49	0	0	0.5
180300	0.5	0.49	0.49	0	0	0.5
180400	0.5	0.49	0.49	0	0	0.5
180500	0.5	0.49	0.49	0	0	0.5
180600	0.5	0.49	0.49	0	0	0.5
180700	0.5	0.49	0.49	0	0	0.5
180800	0.5	0.49	0.49	0	0	0.5
180900	0.5	0.49	0.49	0	0	0.5
181000	0.5	0.49	0.49	0	0	0.5
181100	0.5	0.49	0.49	0	0	0.5
181200	0.5	0.49	0.49	0	0	0.5
181300	0.49	0.49	0.49	0	0	0.49
181400	0.49	0.49	0.49	0	0	0.49
181500	0.49	0.49	0.49	0	0	0.49
181600	0.49	0.49	0.49	0	0	0.49
181700	0.49	0.49	0.49	0	0	0.49
181800	0.49	0.49	0.49	0	0	0.49
181900	0.49	0.49	0.49	0	0	0.49
182000	0.49	0.49	0.49	0	0	0.49
182100	0.5	0.49	0.49	0	0	0.5
182200	0.5	0.49	0.49	0	0	0.5
182300	0.5	0.49	0.49	0	0	0.5
182400	0.5	0.49	0.49	0	0	0.5
182500	0.5	0.49	0.49	0	0	0.5
182600	0.5	0.49	0.49	0	0	0.5
182700	0.5	0.49	0.49	0	0	0.5
182800	0.5	0.49	0.49	0	0	0.5
182900	0.5	0.49	0.49	0	0	0.5
183000	0.5	0.49	0.49	0	0	0.5
183100	0.5	0.49	0.49	0	0	0.5
183200	0.5	0.49	0.49	0	0	0.5
183300	0.5	0.49	0.49	0	0	0.5
183400	0.5	0.49	0.49	0	0	0.5
183500	0.5	0.49	0.49	0	0	0.5
183600	0.5	0.49	0.49	0	0	0.5
183700	0.5	0.49	0.49	0	0	0.5
183800	0.5	0.49	0.49	0	0	0.5
183900	0.5	0.49	0.49	0	0	0.5
184000	0.5	0.49	0.49	0	0	0.5
184100	0.5	0.49	0.49	0	0	0.5
184200	0.5	0.49	0.49	0	0	0.5
184300	0.5	0.49	0.49	0	0	0.5
184400	0.5	0.49	0.49	0	0	0.5
184500	0.5	0.49	0.49	0	0	0.5
184600	0.5	0.49	0.49	0	0	0.5
184700	0.5	0.49	0.49	0	0	0.5
184800	0.5	0.49	0.49	0	0	0.5
184900	0.5	0.49	0.49	0	0	0.5
185000	0.5	0.49	0.49	0	0	0.5
185100	0.5	0.49	0.49	0	0	0.5
185200	0.5	0.49	0.49	0	0	0.5
185300	0.5	0.49	0.49	0	0	0.5
185400	0.5	0.49	0.49	0	0	0.5
185500	0.5	0.49	0.49	0	0	0.5
185600	0.5	0.49	0.49	0	0	0.5
185700	0.5	0.49	0.49	0	0	0.5
185800	0.5	0.49	0.49	0	0	0.5
185900	0.5	0.49	0.49	0	0	0.5
186000	0.5	0.49	0.49	0	0	0.5
186100	0.5	0.49	0.49	0	0	0.5
186200	0.5	0.49	0.49	0	0	0.5
186300	0.5	0.49	0.49	0	0	0.5
186400	0.5	0.49	0.49	0	0	0.5
