100	0.08	0.09	0.09	0	0	0.08
200	0.08	0.09	0.09	0	0	0.08
300	0.11	0.08	0.08	0	0	0.11
400	0.12	0.09	0.09	0	0	0.12
500	0.12	0.09	0.09	0	0	0.12
600	0.11	0.08	0.08	0	0	0.11
700	0.12	0.09	0.09	0	0	0.12
800	0.12	0.1	0.1	0	0	0.12
900	0.12	0.1	0.1	0	0	0.12
1000	0.12	0.09	0.09	0	0	0.12
1100	0.12	0.09	0.09	0	0	0.12
1200	0.12	0.11	0.11	0	0	0.12
1300	0.13	0.1	0.1	0	0	0.13
1400	0.14	0.1	0.1	0	0	0.14
1500	0.17	0.1	0.1	0	0	0.17
1600	0.19	0.12	0.12	0	0	0.19
1700	0.17	0.13	0.13	0	0	0.17
1800	0.18	0.13	0.13	0	0	0.18
1900	0.18	0.14	0.14	0	0	0.18
2000	0.17	0.13	0.13	0	0	0.17
2100	0.16	0.14	0.14	0	0	0.16
2200	0.17	0.16	0.16	0	0	0.17
2300	0.17	0.16	0.16	0	0	0.17
2400	0.17	0.16	0.16	0	0	0.17
2500	0.19	0.16	0.16	0	0	0.19
2600	0.17	0.14	0.14	0	0	0.17
2700	0.18	0.14	0.14	0	0	0.18
2800	0.17	0.13	0.13	0	0	0.17
2900	0.18	0.13	0.13	0	0	0.18
3000	0.21	0.14	0.14	0	0	0.21
3100	0.19	0.13	0.13	0	0	0.19
3200	0.19	0.16	0.16	0	0	0.19
3300	0.19	0.17	0.17	0	0	0.19
3400	0.19	0.16	0.16	0	0	0.19
3500	0.17	0.16	0.16	0	0	0.17
3600	0.21	0.16	0.16	0	0	0.21
3700	0.22	0.16	0.16	0	0	0.22
3800	0.22	0.16	0.16	0	0	0.22
3900	0.21	0.17	0.17	0	0	0.21
4000	0.21	0.18	0.18	0	0	0.21
4100	0.22	0.18	0.18	0	0	0.22
4200	0.21	0.2	0.2	0	0	0.21
4300	0.2	0.19	0.19	0	0	0.2
4400	0.19	0.21	0.21	0	0	0.19
4500	0.19	0.21	0.21	0	0	0.19
4600	0.19	0.2	0.2	0	0	0.19
4700	0.18	0.21	0.21	0	0	0.18
4800	0.18	0.21	0.21	0	0	0.18
4900	0.19	0.21	0.21	0	0	0.19
5000	0.21	0.22	0.22	0	0	0.21
5100	0.21	0.22	0.22	0	0	0.21
5200	0.21	0.22	0.22	0	0	0.21
5300	0.21	0.23	0.23	0	0	0.21
5400	0.2	0.23	0.23	0	0	0.2
5500	0.21	0.23	0.23	0	0	0.21
5600	0.21	0.24	0.24	0	0	0.21
5700	0.21	0.25	0.25	0	0	0.21
5800	0.21	0.25	0.25	0	0	0.21
5900	0.21	0.23	0.23	0	0	0.21
6000	0.22	0.21	0.21	0	0	0.22
6100	0.21	0.2	0.2	0	0	0.21
6200	0.23	0.2	0.2	0	0	0.23
6300	0.24	0.2	0.2	0	0	0.24
6400	0.25	0.19	0.19	0	0	0.25
6500	0.25	0.2	0.2	0	0	0.25
6600	0.25	0.19	0.19	0	0	0.25
6700	0.26	0.18	0.18	0	0	0.26
6800	0.26	0.19	0.19	0	0	0.26
6900	0.25	0.19	0.19	0	0	0.25
7000	0.26	0.18	0.18	0	0	0.26
7100	0.28	0.2	0.2	0	0	0.28
7200	0.28	0.19	0.19	0	0	0.28
7300	0.23	0.19	0.19	0	0	0.23
7400	0.23	0.19	0.19	0	0	0.23
7500	0.24	0.19	0.19	0	0	0.24
7600	0.25	0.19	0.19	0	0	0.25
7700	0.25	0.2	0.2	0	0	0.25
7800	0.26	0.22	0.22	0	0	0.26
7900	0.27	0.22	0.22	0	0	0.27
8000	0.26	0.22	0.22	0	0	0.26
8100	0.28	0.22	0.22	0	0	0.28
8200	0.28	0.23	0.23	0	0	0.28
8300	0.28	0.24	0.24	0	0	0.28
8400	0.27	0.24	0.24	0	0	0.27
8500	0.27	0.24	0.24	0	0	0.27
8600	0.27	0.23	0.23	0	0	0.27
8700	0.27	0.23	0.23	0	0	0.27
8800	0.27	0.24	0.24	0	0	0.27
8900	0.27	0.24	0.24	0	0	0.27
9000	0.28	0.25	0.25	0	0	0.28
9100	0.28	0.26	0.26	0	0	0.28
9200	0.29	0.24	0.24	0	0	0.29
9300	0.28	0.26	0.26	0	0	0.28
9400	0.29	0.26	0.26	0	0	0.29
9500	0.28	0.27	0.27	0	0	0.28
9600	0.29	0.25	0.25	0	0	0.29
9700	0.29	0.25	0.25	0	0	0.29
9800	0.3	0.25	0.25	0	0	0.3
9900	0.29	0.25	0.25	0	0	0.29
10000	0.29	0.25	0.25	0	0	0.29
10100	0.29	0.25	0.25	0	0	0.29
10200	0.29	0.25	0.25	0	0	0.29
10300	0.3	0.25	0.25	0	0	0.3
10400	0.3	0.25	0.25	0	0	0.3
10500	0.3	0.25	0.25	0	0	0.3
10600	0.3	0.25	0.25	0	0	0.3
10700	0.3	0.26	0.26	0	0	0.3
10800	0.3	0.25	0.25	0	0	0.3
10900	0.31	0.26	0.26	0	0	0.31
11000	0.3	0.26	0.26	0	0	0.3
11100	0.31	0.27	0.27	0	0	0.31
11200	0.32	0.27	0.27	0	0	0.32
11300	0.32	0.27	0.27	0	0	0.32
11400	0.32	0.27	0.27	0	0	0.32
11500	0.33	0.28	0.28	0	0	0.33
11600	0.34	0.28	0.28	0	0	0.34
11700	0.34	0.28	0.28	0	0	0.34
11800	0.35	0.29	0.29	0	0	0.35
11900	0.36	0.29	0.29	0	0	0.36
12000	0.33	0.29	0.29	0	0	0.33
12100	0.33	0.29	0.29	0	0	0.33
12200	0.32	0.29	0.29	0	0	0.32
12300	0.32	0.29	0.29	0	0	0.32
12400	0.32	0.3	0.3	0	0	0.32
12500	0.33	0.3	0.3	0	0	0.33
12600	0.33	0.3	0.3	0	0	0.33
12700	0.34	0.3	0.3	0	0	0.34
12800	0.34	0.3	0.3	0	0	0.34
12900	0.34	0.3	0.3	0	0	0.34
13000	0.35	0.3	0.3	0	0	0.35
13100	0.35	0.31	0.31	0	0	0.35
13200	0.35	0.31	0.31	0	0	0.35
13300	0.36	0.32	0.32	0	0	0.36
13400	0.36	0.32	0.32	0	0	0.36
13500	0.37	0.31	0.31	0	0	0.37
13600	0.37	0.3	0.3	0	0	0.37
13700	0.37	0.3	0.3	0	0	0.37
13800	0.37	0.3	0.3	0	0	0.37
13900	0.37	0.31	0.31	0	0	0.37
14000	0.38	0.31	0.31	0	0	0.38
14100	0.38	0.31	0.31	0	0	0.38
14200	0.38	0.3	0.3	0	0	0.38
14300	0.38	0.3	0.3	0	0	0.38
14400	0.38	0.3	0.3	0	0	0.38
14500	0.38	0.3	0.3	0	0	0.38
14600	0.38	0.3	0.3	0	0	0.38
14700	0.39	0.3	0.3	0	0	0.39
14800	0.39	0.3	0.3	0	0	0.39
14900	0.39	0.3	0.3	0	0	0.39
15000	0.38	0.3	0.3	0	0	0.38
15100	0.39	0.3	0.3	0	0	0.39
15200	0.39	0.32	0.32	0	0	0.39
15300	0.39	0.32	0.32	0	0	0.39
15400	0.39	0.32	0.32	0	0	0.39
15500	0.39	0.35	0.35	0	0	0.39
15600	0.39	0.36	0.36	0	0	0.39
15700	0.39	0.36	0.36	0	0	0.39
15800	0.39	0.36	0.36	0	0	0.39
15900	0.39	0.36	0.36	0	0	0.39
16000	0.39	0.36	0.36	0	0	0.39
16100	0.39	0.35	0.35	0	0	0.39
16200	0.39	0.35	0.35	0	0	0.39
16300	0.39	0.36	0.36	0	0	0.39
16400	0.39	0.36	0.36	0	0	0.39
16500	0.4	0.36	0.36	0	0	0.4
16600	0.4	0.36	0.36	0	0	0.4
16700	0.39	0.36	0.36	0	0	0.39
16800	0.39	0.37	0.37	0	0	0.39
16900	0.39	0.36	0.36	0	0	0.39
17000	0.39	0.36	0.36	0	0	0.39
17100	0.39	0.36	0.36	0	0	0.39
17200	0.4	0.36	0.36	0	0	0.4
17300	0.4	0.36	0.36	0	0	0.4
17400	0.4	0.36	0.36	0	0	0.4
17500	0.4	0.36	0.36	0	0	0.4
17600	0.4	0.37	0.37	0	0	0.4
17700	0.4	0.37	0.37	0	0	0.4
17800	0.4	0.37	0.37	0	0	0.4
17900	0.4	0.38	0.38	0	0	0.4
18000	0.39	0.38	0.38	0	0	0.39
18100	0.39	0.37	0.37	0	0	0.39
18200	0.4	0.38	0.38	0	0	0.4
18300	0.4	0.38	0.38	0	0	0.4
18400	0.39	0.38	0.38	0	0	0.39
18500	0.38	0.38	0.38	0	0	0.38
18600	0.39	0.38	0.38	0	0	0.39
18700	0.39	0.38	0.38	0	0	0.39
18800	0.38	0.39	0.39	0	0	0.38
18900	0.37	0.39	0.39	0	0	0.37
19000	0.37	0.4	0.4	0	0	0.37
19100	0.36	0.39	0.39	0	0	0.36
19200	0.35	0.35	0.35	0	0	0.35
19300	0.34	0.35	0.35	0	0	0.34
19400	0.34	0.35	0.35	0	0	0.34
19500	0.34	0.35	0.35	0	0	0.34
19600	0.34	0.35	0.35	0	0	0.34
19700	0.34	0.35	0.35	0	0	0.34
19800	0.34	0.35	0.35	0	0	0.34
19900	0.34	0.34	0.34	0	0	0.34
20000	0.34	0.34	0.34	0	0	0.34
20100	0.34	0.36	0.36	0	0	0.34
20200	0.35	0.34	0.34	0	0	0.35
20300	0.35	0.34	0.34	0	0	0.35
20400	0.35	0.33	0.33	0	0	0.35
20500	0.36	0.33	0.33	0	0	0.36
20600	0.35	0.33	0.33	0	0	0.35
20700	0.35	0.33	0.33	0	0	0.35
20800	0.35	0.33	0.33	0	0	0.35
20900	0.35	0.33	0.33	0	0	0.35
21000	0.35	0.33	0.33	0	0	0.35
21100	0.35	0.33	0.33	0	0	0.35
21200	0.35	0.33	0.33	0	0	0.35
21300	0.36	0.33	0.33	0	0	0.36
21400	0.34	0.33	0.33	0	0	0.34
21500	0.33	0.34	0.34	0	0	0.33
21600	0.33	0.33	0.33	0	0	0.33
21700	0.33	0.33	0.33	0	0	0.33
21800	0.34	0.33	0.33	0	0	0.34
21900	0.34	0.33	0.33	0	0	0.34
22000	0.34	0.33	0.33	0	0	0.34
22100	0.34	0.33	0.33	0	0	0.34
22200	0.34	0.35	0.35	0	0	0.34
22300	0.35	0.35	0.35	0	0	0.35
22400	0.35	0.35	0.35	0	0	0.35
22500	0.35	0.35	0.35	0	0	0.35
22600	0.35	0.35	0.35	0	0	0.35
22700	0.35	0.35	0.35	0	0	0.35
22800	0.35	0.37	0.37	0	0	0.35
22900	0.35	0.37	0.37	0	0	0.35
23000	0.35	0.37	0.37	0	0	0.35
23100	0.35	0.37	0.37	0	0	0.35
23200	0.35	0.37	0.37	0	0	0.35
23300	0.35	0.37	0.37	0	0	0.35
23400	0.35	0.37	0.37	0	0	0.35
23500	0.35	0.37	0.37	0	0	0.35
23600	0.35	0.37	0.37	0	0	0.35
23700	0.35	0.37	0.37	0	0	0.35
23800	0.36	0.38	0.38	0	0	0.36
23900	0.37	0.38	0.38	0	0	0.37
24000	0.38	0.38	0.38	0	0	0.38
24100	0.38	0.38	0.38	0	0	0.38
24200	0.38	0.37	0.37	0	0	0.38
24300	0.37	0.37	0.37	0	0	0.37
24400	0.37	0.37	0.37	0	0	0.37
24500	0.37	0.37	0.37	0	0	0.37
24600	0.38	0.36	0.36	0	0	0.38
24700	0.38	0.36	0.36	0	0	0.38
24800	0.38	0.36	0.36	0	0	0.38
24900	0.36	0.35	0.35	0	0	0.36
25000	0.36	0.33	0.33	0	0	0.36
25100	0.37	0.33	0.33	0	0	0.37
25200	0.38	0.33	0.33	0	0	0.38
25300	0.38	0.33	0.33	0	0	0.38
25400	0.37	0.33	0.33	0	0	0.37
25500	0.37	0.33	0.33	0	0	0.37
25600	0.37	0.33	0.33	0	0	0.37
25700	0.37	0.34	0.34	0	0	0.37
25800	0.37	0.34	0.34	0	0	0.37
25900	0.36	0.34	0.34	0	0	0.36
26000	0.36	0.34	0.34	0	0	0.36
26100	0.36	0.34	0.34	0	0	0.36
26200	0.38	0.35	0.35	0	0	0.38
26300	0.39	0.35	0.35	0	0	0.39
26400	0.39	0.35	0.35	0	0	0.39
26500	0.39	0.35	0.35	0	0	0.39
26600	0.4	0.35	0.35	0	0	0.4
26700	0.41	0.37	0.37	0	0	0.41
26800	0.4	0.37	0.37	0	0	0.4
26900	0.4	0.38	0.38	0	0	0.4
27000	0.4	0.38	0.38	0	0	0.4
27100	0.4	0.39	0.39	0	0	0.4
27200	0.4	0.38	0.38	0	0	0.4
27300	0.4	0.38	0.38	0	0	0.4
27400	0.41	0.38	0.38	0	0	0.41
27500	0.41	0.37	0.37	0	0	0.41
27600	0.41	0.37	0.37	0	0	0.41
27700	0.41	0.37	0.37	0	0	0.41
27800	0.4	0.37	0.37	0	0	0.4
27900	0.4	0.36	0.36	0	0	0.4
28000	0.4	0.37	0.37	0	0	0.4
28100	0.4	0.37	0.37	0	0	0.4
28200	0.4	0.37	0.37	0	0	0.4
28300	0.4	0.37	0.37	0	0	0.4
28400	0.41	0.37	0.37	0	0	0.41
28500	0.41	0.37	0.37	0	0	0.41
28600	0.41	0.37	0.37	0	0	0.41
28700	0.41	0.37	0.37	0	0	0.41
28800	0.41	0.37	0.37	0	0	0.41
28900	0.41	0.37	0.37	0	0	0.41
29000	0.39	0.37	0.37	0	0	0.39
29100	0.39	0.38	0.38	0	0	0.39
29200	0.39	0.38	0.38	0	0	0.39
29300	0.39	0.39	0.39	0	0	0.39
29400	0.39	0.38	0.38	0	0	0.39
29500	0.39	0.36	0.36	0	0	0.39
29600	0.39	0.37	0.37	0	0	0.39
29700	0.39	0.37	0.37	0	0	0.39
29800	0.39	0.37	0.37	0	0	0.39
29900	0.4	0.36	0.36	0	0	0.4
30000	0.4	0.36	0.36	0	0	0.4
30100	0.4	0.36	0.36	0	0	0.4
30200	0.4	0.36	0.36	0	0	0.4
30300	0.4	0.34	0.34	0	0	0.4
30400	0.4	0.34	0.34	0	0	0.4
30500	0.4	0.34	0.34	0	0	0.4
30600	0.4	0.34	0.34	0	0	0.4
30700	0.4	0.34	0.34	0	0	0.4
30800	0.4	0.35	0.35	0	0	0.4
30900	0.4	0.35	0.35	0	0	0.4
31000	0.4	0.35	0.35	0	0	0.4
31100	0.4	0.35	0.35	0	0	0.4
31200	0.4	0.35	0.35	0	0	0.4
31300	0.4	0.36	0.36	0	0	0.4
31400	0.4	0.36	0.36	0	0	0.4
31500	0.4	0.34	0.34	0	0	0.4
31600	0.39	0.35	0.35	0	0	0.39
31700	0.4	0.36	0.36	0	0	0.4
31800	0.4	0.36	0.36	0	0	0.4
31900	0.4	0.36	0.36	0	0	0.4
32000	0.39	0.36	0.36	0	0	0.39
32100	0.39	0.35	0.35	0	0	0.39
32200	0.39	0.34	0.34	0	0	0.39
32300	0.39	0.34	0.34	0	0	0.39
32400	0.38	0.33	0.33	0	0	0.38
32500	0.38	0.33	0.33	0	0	0.38
32600	0.39	0.33	0.33	0	0	0.39
32700	0.39	0.33	0.33	0	0	0.39
32800	0.39	0.32	0.32	0	0	0.39
32900	0.38	0.32	0.32	0	0	0.38
33000	0.38	0.32	0.32	0	0	0.38
33100	0.38	0.32	0.32	0	0	0.38
33200	0.38	0.32	0.32	0	0	0.38
33300	0.38	0.32	0.32	0	0	0.38
33400	0.38	0.31	0.31	0	0	0.38
33500	0.37	0.31	0.31	0	0	0.37
33600	0.37	0.31	0.31	0	0	0.37
33700	0.37	0.31	0.31	0	0	0.37
33800	0.37	0.31	0.31	0	0	0.37
33900	0.37	0.31	0.31	0	0	0.37
34000	0.37	0.31	0.31	0	0	0.37
34100	0.38	0.32	0.32	0	0	0.38
34200	0.37	0.31	0.31	0	0	0.37
34300	0.37	0.31	0.31	0	0	0.37
34400	0.37	0.31	0.31	0	0	0.37
34500	0.38	0.31	0.31	0	0	0.38
34600	0.38	0.31	0.31	0	0	0.38
34700	0.39	0.31	0.31	0	0	0.39
34800	0.39	0.32	0.32	0	0	0.39
34900	0.4	0.32	0.32	0	0	0.4
35000	0.39	0.33	0.33	0	0	0.39
35100	0.39	0.33	0.33	0	0	0.39
35200	0.39	0.33	0.33	0	0	0.39
35300	0.39	0.33	0.33	0	0	0.39
35400	0.39	0.34	0.34	0	0	0.39
35500	0.39	0.34	0.34	0	0	0.39
35600	0.4	0.33	0.33	0	0	0.4
35700	0.4	0.33	0.33	0	0	0.4
35800	0.41	0.33	0.33	0	0	0.41
35900	0.41	0.33	0.33	0	0	0.41
36000	0.41	0.33	0.33	0	0	0.41
36100	0.42	0.34	0.34	0	0	0.42
36200	0.42	0.35	0.35	0	0	0.42
36300	0.42	0.35	0.35	0	0	0.42
36400	0.42	0.36	0.36	0	0	0.42
36500	0.42	0.36	0.36	0	0	0.42
36600	0.42	0.36	0.36	0	0	0.42
36700	0.42	0.37	0.37	0	0	0.42
36800	0.42	0.38	0.38	0	0	0.42
36900	0.42	0.38	0.38	0	0	0.42
37000	0.41	0.38	0.38	0	0	0.41
37100	0.41	0.38	0.38	0	0	0.41
37200	0.4	0.38	0.38	0	0	0.4
37300	0.4	0.39	0.39	0	0	0.4
37400	0.41	0.38	0.38	0	0	0.41
37500	0.42	0.38	0.38	0	0	0.42
37600	0.4	0.37	0.37	0	0	0.4
37700	0.41	0.38	0.38	0	0	0.41
37800	0.41	0.37	0.37	0	0	0.41
37900	0.41	0.38	0.38	0	0	0.41
38000	0.41	0.38	0.38	0	0	0.41
38100	0.41	0.38	0.38	0	0	0.41
38200	0.41	0.38	0.38	0	0	0.41
38300	0.41	0.38	0.38	0	0	0.41
38400	0.41	0.38	0.38	0	0	0.41
38500	0.41	0.38	0.38	0	0	0.41
38600	0.41	0.38	0.38	0	0	0.41
38700	0.41	0.38	0.38	0	0	0.41
38800	0.42	0.38	0.38	0	0	0.42
38900	0.42	0.37	0.37	0	0	0.42
39000	0.41	0.37	0.37	0	0	0.41
39100	0.41	0.37	0.37	0	0	0.41
39200	0.42	0.37	0.37	0	0	0.42
39300	0.41	0.38	0.38	0	0	0.41
39400	0.41	0.37	0.37	0	0	0.41
39500	0.41	0.37	0.37	0	0	0.41
39600	0.41	0.38	0.38	0	0	0.41
39700	0.41	0.37	0.37	0	0	0.41
39800	0.41	0.36	0.36	0	0	0.41
39900	0.41	0.38	0.38	0	0	0.41
40000	0.41	0.36	0.36	0	0	0.41
40100	0.41	0.38	0.38	0	0	0.41
40200	0.41	0.38	0.38	0	0	0.41
40300	0.41	0.38	0.38	0	0	0.41
40400	0.41	0.38	0.38	0	0	0.41
40500	0.41	0.39	0.39	0	0	0.41
40600	0.41	0.39	0.39	0	0	0.41
40700	0.41	0.39	0.39	0	0	0.41
40800	0.41	0.41	0.41	0	0	0.41
40900	0.41	0.42	0.42	0	0	0.41
41000	0.43	0.41	0.41	0	0	0.43
41100	0.42	0.4	0.4	0	0	0.42
41200	0.42	0.41	0.41	0	0	0.42
41300	0.42	0.41	0.41	0	0	0.42
41400	0.42	0.4	0.4	0	0	0.42
41500	0.42	0.39	0.39	0	0	0.42
41600	0.42	0.39	0.39	0	0	0.42
41700	0.42	0.39	0.39	0	0	0.42
41800	0.42	0.39	0.39	0	0	0.42
41900	0.42	0.39	0.39	0	0	0.42
42000	0.42	0.39	0.39	0	0	0.42
42100	0.42	0.39	0.39	0	0	0.42
42200	0.42	0.39	0.39	0	0	0.42
42300	0.42	0.39	0.39	0	0	0.42
42400	0.42	0.39	0.39	0	0	0.42
42500	0.42	0.39	0.39	0	0	0.42
42600	0.42	0.39	0.39	0	0	0.42
42700	0.42	0.39	0.39	0	0	0.42
42800	0.42	0.39	0.39	0	0	0.42
42900	0.42	0.39	0.39	0	0	0.42
43000	0.42	0.39	0.39	0	0	0.42
43100	0.42	0.39	0.39	0	0	0.42
43200	0.42	0.39	0.39	0	0	0.42
43300	0.42	0.39	0.39	0	0	0.42
43400	0.42	0.39	0.39	0	0	0.42
43500	0.43	0.39	0.39	0	0	0.43
43600	0.43	0.39	0.39	0	0	0.43
43700	0.43	0.4	0.4	0	0	0.43
43800	0.43	0.39	0.39	0	0	0.43
43900	0.43	0.39	0.39	0	0	0.43
44000	0.43	0.38	0.38	0	0	0.43
44100	0.43	0.38	0.38	0	0	0.43
44200	0.43	0.38	0.38	0	0	0.43
44300	0.43	0.38	0.38	0	0	0.43
44400	0.43	0.39	0.39	0	0	0.43
44500	0.44	0.39	0.39	0	0	0.44
44600	0.44	0.39	0.39	0	0	0.44
44700	0.44	0.39	0.39	0	0	0.44
44800	0.44	0.39	0.39	0	0	0.44
44900	0.44	0.4	0.4	0	0	0.44
45000	0.44	0.4	0.4	0	0	0.44
45100	0.44	0.41	0.41	0	0	0.44
45200	0.44	0.41	0.41	0	0	0.44
45300	0.44	0.41	0.41	0	0	0.44
45400	0.45	0.4	0.4	0	0	0.45
45500	0.44	0.4	0.4	0	0	0.44
45600	0.44	0.41	0.41	0	0	0.44
45700	0.44	0.42	0.42	0	0	0.44
45800	0.45	0.42	0.42	0	0	0.45
45900	0.45	0.41	0.41	0	0	0.45
46000	0.46	0.41	0.41	0	0	0.46
46100	0.46	0.41	0.41	0	0	0.46
46200	0.47	0.41	0.41	0	0	0.47
46300	0.47	0.41	0.41	0	0	0.47
46400	0.47	0.41	0.41	0	0	0.47
46500	0.46	0.41	0.41	0	0	0.46
46600	0.46	0.41	0.41	0	0	0.46
46700	0.46	0.41	0.41	0	0	0.46
46800	0.46	0.41	0.41	0	0	0.46
46900	0.46	0.41	0.41	0	0	0.46
47000	0.47	0.41	0.41	0	0	0.47
47100	0.46	0.41	0.41	0	0	0.46
47200	0.46	0.41	0.41	0	0	0.46
47300	0.46	0.41	0.41	0	0	0.46
47400	0.46	0.41	0.41	0	0	0.46
47500	0.46	0.41	0.41	0	0	0.46
47600	0.46	0.41	0.41	0	0	0.46
47700	0.46	0.41	0.41	0	0	0.46
47800	0.46	0.41	0.41	0	0	0.46
47900	0.46	0.41	0.41	0	0	0.46
48000	0.46	0.41	0.41	0	0	0.46
48100	0.48	0.41	0.41	0	0	0.48
48200	0.48	0.41	0.41	0	0	0.48
48300	0.47	0.41	0.41	0	0	0.47
48400	0.47	0.41	0.41	0	0	0.47
48500	0.48	0.41	0.41	0	0	0.48
48600	0.47	0.41	0.41	0	0	0.47
48700	0.47	0.41	0.41	0	0	0.47
48800	0.46	0.41	0.41	0	0	0.46
48900	0.46	0.41	0.41	0	0	0.46
49000	0.46	0.41	0.41	0	0	0.46
49100	0.46	0.41	0.41	0	0	0.46
49200	0.46	0.41	0.41	0	0	0.46
49300	0.46	0.41	0.41	0	0	0.46
49400	0.46	0.41	0.41	0	0	0.46
49500	0.46	0.41	0.41	0	0	0.46
49600	0.46	0.42	0.42	0	0	0.46
49700	0.45	0.42	0.42	0	0	0.45
49800	0.45	0.42	0.42	0	0	0.45
49900	0.45	0.42	0.42	0	0	0.45
50000	0.45	0.42	0.42	0	0	0.45
50100	0.45	0.43	0.43	0	0	0.45
50200	0.45	0.42	0.42	0	0	0.45
50300	0.45	0.42	0.42	0	0	0.45
50400	0.45	0.43	0.43	0	0	0.45
50500	0.45	0.44	0.44	0	0	0.45
50600	0.46	0.44	0.44	0	0	0.46
50700	0.45	0.44	0.44	0	0	0.45
50800	0.45	0.44	0.44	0	0	0.45
50900	0.45	0.44	0.44	0	0	0.45
51000	0.45	0.44	0.44	0	0	0.45
51100	0.45	0.44	0.44	0	0	0.45
51200	0.45	0.44	0.44	0	0	0.45
51300	0.45	0.45	0.45	0	0	0.45
51400	0.45	0.45	0.45	0	0	0.45
51500	0.45	0.46	0.46	0	0	0.45
51600	0.45	0.46	0.46	0	0	0.45
51700	0.45	0.46	0.46	0	0	0.45
51800	0.45	0.45	0.45	0	0	0.45
51900	0.45	0.45	0.45	0	0	0.45
52000	0.45	0.45	0.45	0	0	0.45
52100	0.45	0.45	0.45	0	0	0.45
52200	0.45	0.45	0.45	0	0	0.45
52300	0.45	0.45	0.45	0	0	0.45
52400	0.45	0.45	0.45	0	0	0.45
52500	0.45	0.45	0.45	0	0	0.45
52600	0.45	0.46	0.46	0	0	0.45
52700	0.45	0.46	0.46	0	0	0.45
52800	0.45	0.46	0.46	0	0	0.45
52900	0.45	0.47	0.47	0	0	0.45
53000	0.45	0.47	0.47	0	0	0.45
53100	0.45	0.47	0.47	0	0	0.45
53200	0.45	0.46	0.46	0	0	0.45
53300	0.45	0.46	0.46	0	0	0.45
53400	0.45	0.46	0.46	0	0	0.45
53500	0.45	0.46	0.46	0	0	0.45
53600	0.45	0.46	0.46	0	0	0.45
53700	0.45	0.46	0.46	0	0	0.45
53800	0.45	0.46	0.46	0	0	0.45
53900	0.45	0.45	0.45	0	0	0.45
54000	0.45	0.45	0.45	0	0	0.45
54100	0.45	0.45	0.45	0	0	0.45
54200	0.45	0.46	0.46	0	0	0.45
54300	0.45	0.47	0.47	0	0	0.45
54400	0.45	0.47	0.47	0	0	0.45
54500	0.45	0.47	0.47	0	0	0.45
54600	0.45	0.47	0.47	0	0	0.45
54700	0.45	0.47	0.47	0	0	0.45
54800	0.45	0.47	0.47	0	0	0.45
54900	0.45	0.47	0.47	0	0	0.45
55000	0.45	0.45	0.45	0	0	0.45
55100	0.46	0.44	0.44	0	0	0.46
55200	0.46	0.44	0.44	0	0	0.46
55300	0.46	0.43	0.43	0	0	0.46
55400	0.46	0.43	0.43	0	0	0.46
55500	0.46	0.43	0.43	0	0	0.46
55600	0.46	0.43	0.43	0	0	0.46
55700	0.46	0.42	0.42	0	0	0.46
55800	0.46	0.42	0.42	0	0	0.46
55900	0.46	0.42	0.42	0	0	0.46
56000	0.46	0.42	0.42	0	0	0.46
56100	0.46	0.41	0.41	0	0	0.46
56200	0.47	0.41	0.41	0	0	0.47
56300	0.47	0.41	0.41	0	0	0.47
56400	0.47	0.41	0.41	0	0	0.47
56500	0.47	0.41	0.41	0	0	0.47
56600	0.47	0.41	0.41	0	0	0.47
56700	0.46	0.41	0.41	0	0	0.46
56800	0.46	0.41	0.41	0	0	0.46
56900	0.46	0.41	0.41	0	0	0.46
57000	0.46	0.41	0.41	0	0	0.46
57100	0.46	0.41	0.41	0	0	0.46
57200	0.46	0.41	0.41	0	0	0.46
57300	0.46	0.41	0.41	0	0	0.46
57400	0.46	0.41	0.41	0	0	0.46
57500	0.46	0.41	0.41	0	0	0.46
57600	0.46	0.41	0.41	0	0	0.46
57700	0.48	0.41	0.41	0	0	0.48
57800	0.48	0.41	0.41	0	0	0.48
57900	0.47	0.41	0.41	0	0	0.47
58000	0.47	0.41	0.41	0	0	0.47
58100	0.47	0.41	0.41	0	0	0.47
58200	0.47	0.41	0.41	0	0	0.47
58300	0.47	0.41	0.41	0	0	0.47
58400	0.47	0.41	0.41	0	0	0.47
58500	0.47	0.41	0.41	0	0	0.47
58600	0.47	0.41	0.41	0	0	0.47
58700	0.47	0.41	0.41	0	0	0.47
58800	0.47	0.41	0.41	0	0	0.47
58900	0.47	0.41	0.41	0	0	0.47
59000	0.47	0.41	0.41	0	0	0.47
59100	0.47	0.41	0.41	0	0	0.47
59200	0.47	0.41	0.41	0	0	0.47
59300	0.48	0.41	0.41	0	0	0.48
59400	0.48	0.41	0.41	0	0	0.48
59500	0.48	0.42	0.42	0	0	0.48
59600	0.48	0.42	0.42	0	0	0.48
59700	0.48	0.42	0.42	0	0	0.48
59800	0.48	0.42	0.42	0	0	0.48
59900	0.48	0.42	0.42	0	0	0.48
60000	0.48	0.41	0.41	0	0	0.48
60100	0.48	0.41	0.41	0	0	0.48
60200	0.48	0.41	0.41	0	0	0.48
60300	0.48	0.41	0.41	0	0	0.48
60400	0.48	0.41	0.41	0	0	0.48
60500	0.48	0.4	0.4	0	0	0.48
60600	0.48	0.41	0.41	0	0	0.48
60700	0.48	0.41	0.41	0	0	0.48
60800	0.48	0.41	0.41	0	0	0.48
60900	0.48	0.41	0.41	0	0	0.48
61000	0.48	0.4	0.4	0	0	0.48
61100	0.48	0.41	0.41	0	0	0.48
61200	0.48	0.41	0.41	0	0	0.48
61300	0.48	0.41	0.41	0	0	0.48
61400	0.48	0.41	0.41	0	0	0.48
61500	0.48	0.41	0.41	0	0	0.48
61600	0.48	0.41	0.41	0	0	0.48
61700	0.48	0.41	0.41	0	0	0.48
61800	0.48	0.41	0.41	0	0	0.48
61900	0.48	0.42	0.42	0	0	0.48
62000	0.48	0.42	0.42	0	0	0.48
62100	0.48	0.42	0.42	0	0	0.48
62200	0.48	0.42	0.42	0	0	0.48
62300	0.48	0.42	0.42	0	0	0.48
62400	0.48	0.42	0.42	0	0	0.48
62500	0.48	0.42	0.42	0	0	0.48
62600	0.48	0.42	0.42	0	0	0.48
62700	0.48	0.42	0.42	0	0	0.48
62800	0.48	0.43	0.43	0	0	0.48
62900	0.48	0.43	0.43	0	0	0.48
63000	0.48	0.43	0.43	0	0	0.48
63100	0.48	0.43	0.43	0	0	0.48
63200	0.48	0.43	0.43	0	0	0.48
63300	0.48	0.43	0.43	0	0	0.48
63400	0.48	0.44	0.44	0	0	0.48
63500	0.48	0.43	0.43	0	0	0.48
63600	0.48	0.43	0.43	0	0	0.48
63700	0.48	0.43	0.43	0	0	0.48
63800	0.47	0.43	0.43	0	0	0.47
63900	0.47	0.43	0.43	0	0	0.47
64000	0.47	0.43	0.43	0	0	0.47
64100	0.47	0.43	0.43	0	0	0.47
64200	0.47	0.43	0.43	0	0	0.47
64300	0.47	0.43	0.43	0	0	0.47
64400	0.47	0.43	0.43	0	0	0.47
64500	0.46	0.43	0.43	0	0	0.46
64600	0.45	0.43	0.43	0	0	0.45
64700	0.45	0.43	0.43	0	0	0.45
64800	0.45	0.43	0.43	0	0	0.45
64900	0.45	0.44	0.44	0	0	0.45
65000	0.44	0.44	0.44	0	0	0.44
65100	0.44	0.44	0.44	0	0	0.44
65200	0.44	0.44	0.44	0	0	0.44
65300	0.43	0.44	0.44	0	0	0.43
65400	0.43	0.44	0.44	0	0	0.43
65500	0.43	0.44	0.44	0	0	0.43
65600	0.43	0.44	0.44	0	0	0.43
65700	0.43	0.44	0.44	0	0	0.43
65800	0.43	0.44	0.44	0	0	0.43
65900	0.43	0.44	0.44	0	0	0.43
66000	0.43	0.44	0.44	0	0	0.43
66100	0.43	0.44	0.44	0	0	0.43
66200	0.43	0.44	0.44	0	0	0.43
66300	0.43	0.44	0.44	0	0	0.43
66400	0.43	0.44	0.44	0	0	0.43
66500	0.43	0.45	0.45	0	0	0.43
66600	0.43	0.45	0.45	0	0	0.43
66700	0.43	0.45	0.45	0	0	0.43
66800	0.43	0.45	0.45	0	0	0.43
66900	0.43	0.45	0.45	0	0	0.43
67000	0.43	0.45	0.45	0	0	0.43
67100	0.43	0.45	0.45	0	0	0.43
67200	0.43	0.45	0.45	0	0	0.43
67300	0.43	0.45	0.45	0	0	0.43
67400	0.43	0.45	0.45	0	0	0.43
67500	0.43	0.45	0.45	0	0	0.43
67600	0.43	0.45	0.45	0	0	0.43
67700	0.43	0.45	0.45	0	0	0.43
67800	0.43	0.45	0.45	0	0	0.43
67900	0.43	0.45	0.45	0	0	0.43
68000	0.43	0.45	0.45	0	0	0.43
68100	0.43	0.45	0.45	0	0	0.43
68200	0.43	0.45	0.45	0	0	0.43
68300	0.43	0.45	0.45	0	0	0.43
68400	0.43	0.45	0.45	0	0	0.43
68500	0.43	0.45	0.45	0	0	0.43
68600	0.43	0.45	0.45	0	0	0.43
68700	0.43	0.45	0.45	0	0	0.43
68800	0.43	0.45	0.45	0	0	0.43
68900	0.43	0.45	0.45	0	0	0.43
69000	0.43	0.45	0.45	0	0	0.43
69100	0.44	0.45	0.45	0	0	0.44
69200	0.44	0.46	0.46	0	0	0.44
69300	0.44	0.47	0.47	0	0	0.44
69400	0.44	0.47	0.47	0	0	0.44
69500	0.44	0.47	0.47	0	0	0.44
69600	0.44	0.47	0.47	0	0	0.44
69700	0.44	0.47	0.47	0	0	0.44
69800	0.44	0.47	0.47	0	0	0.44
69900	0.44	0.47	0.47	0	0	0.44
70000	0.44	0.47	0.47	0	0	0.44
70100	0.44	0.47	0.47	0	0	0.44
70200	0.44	0.47	0.47	0	0	0.44
70300	0.43	0.47	0.47	0	0	0.43
70400	0.43	0.47	0.47	0	0	0.43
70500	0.43	0.47	0.47	0	0	0.43
70600	0.43	0.47	0.47	0	0	0.43
70700	0.43	0.47	0.47	0	0	0.43
70800	0.43	0.47	0.47	0	0	0.43
70900	0.43	0.47	0.47	0	0	0.43
71000	0.43	0.47	0.47	0	0	0.43
71100	0.43	0.47	0.47	0	0	0.43
71200	0.43	0.47	0.47	0	0	0.43
71300	0.43	0.47	0.47	0	0	0.43
71400	0.43	0.47	0.47	0	0	0.43
71500	0.43	0.47	0.47	0	0	0.43
71600	0.44	0.47	0.47	0	0	0.44
71700	0.44	0.47	0.47	0	0	0.44
71800	0.44	0.47	0.47	0	0	0.44
71900	0.44	0.47	0.47	0	0	0.44
72000	0.44	0.47	0.47	0	0	0.44
72100	0.44	0.47	0.47	0	0	0.44
72200	0.44	0.47	0.47	0	0	0.44
72300	0.44	0.47	0.47	0	0	0.44
72400	0.44	0.47	0.47	0	0	0.44
72500	0.44	0.47	0.47	0	0	0.44
72600	0.44	0.47	0.47	0	0	0.44
72700	0.44	0.47	0.47	0	0	0.44
72800	0.44	0.47	0.47	0	0	0.44
72900	0.44	0.47	0.47	0	0	0.44
73000	0.44	0.47	0.47	0	0	0.44
73100	0.44	0.47	0.47	0	0	0.44
73200	0.44	0.47	0.47	0	0	0.44
73300	0.44	0.47	0.47	0	0	0.44
73400	0.44	0.47	0.47	0	0	0.44
73500	0.43	0.47	0.47	0	0	0.43
73600	0.43	0.47	0.47	0	0	0.43
73700	0.43	0.47	0.47	0	0	0.43
73800	0.43	0.47	0.47	0	0	0.43
73900	0.43	0.47	0.47	0	0	0.43
74000	0.43	0.47	0.47	0	0	0.43
74100	0.43	0.47	0.47	0	0	0.43
74200	0.43	0.47	0.47	0	0	0.43
74300	0.43	0.47	0.47	0	0	0.43
74400	0.43	0.47	0.47	0	0	0.43
74500	0.43	0.47	0.47	0	0	0.43
74600	0.43	0.47	0.47	0	0	0.43
74700	0.43	0.47	0.47	0	0	0.43
74800	0.43	0.47	0.47	0	0	0.43
74900	0.43	0.46	0.46	0	0	0.43
75000	0.43	0.46	0.46	0	0	0.43
75100	0.43	0.46	0.46	0	0	0.43
75200	0.43	0.46	0.46	0	0	0.43
75300	0.43	0.46	0.46	0	0	0.43
75400	0.43	0.46	0.46	0	0	0.43
75500	0.43	0.46	0.46	0	0	0.43
75600	0.43	0.46	0.46	0	0	0.43
75700	0.43	0.46	0.46	0	0	0.43
75800	0.43	0.46	0.46	0	0	0.43
75900	0.43	0.46	0.46	0	0	0.43
76000	0.43	0.47	0.47	0	0	0.43
76100	0.43	0.47	0.47	0	0	0.43
76200	0.43	0.47	0.47	0	0	0.43
76300	0.43	0.47	0.47	0	0	0.43
76400	0.43	0.47	0.47	0	0	0.43
76500	0.43	0.47	0.47	0	0	0.43
76600	0.43	0.46	0.46	0	0	0.43
76700	0.43	0.46	0.46	0	0	0.43
76800	0.43	0.46	0.46	0	0	0.43
76900	0.43	0.45	0.45	0	0	0.43
77000	0.43	0.45	0.45	0	0	0.43
77100	0.43	0.45	0.45	0	0	0.43
77200	0.43	0.45	0.45	0	0	0.43
77300	0.43	0.46	0.46	0	0	0.43
77400	0.43	0.46	0.46	0	0	0.43
77500	0.43	0.46	0.46	0	0	0.43
77600	0.43	0.46	0.46	0	0	0.43
77700	0.43	0.46	0.46	0	0	0.43
77800	0.43	0.46	0.46	0	0	0.43
77900	0.43	0.45	0.45	0	0	0.43
78000	0.43	0.45	0.45	0	0	0.43
78100	0.43	0.45	0.45	0	0	0.43
78200	0.43	0.45	0.45	0	0	0.43
78300	0.43	0.45	0.45	0	0	0.43
78400	0.43	0.45	0.45	0	0	0.43
78500	0.43	0.45	0.45	0	0	0.43
78600	0.43	0.45	0.45	0	0	0.43
78700	0.43	0.45	0.45	0	0	0.43
78800	0.43	0.45	0.45	0	0	0.43
78900	0.43	0.45	0.45	0	0	0.43
79000	0.43	0.45	0.45	0	0	0.43
79100	0.43	0.46	0.46	0	0	0.43
79200	0.43	0.46	0.46	0	0	0.43
79300	0.43	0.46	0.46	0	0	0.43
79400	0.43	0.46	0.46	0	0	0.43
79500	0.43	0.46	0.46	0	0	0.43
79600	0.43	0.47	0.47	0	0	0.43
79700	0.43	0.47	0.47	0	0	0.43
79800	0.43	0.47	0.47	0	0	0.43
79900	0.43	0.47	0.47	0	0	0.43
80000	0.43	0.47	0.47	0	0	0.43
80100	0.43	0.47	0.47	0	0	0.43
80200	0.43	0.47	0.47	0	0	0.43
80300	0.43	0.47	0.47	0	0	0.43
80400	0.43	0.47	0.47	0	0	0.43
80500	0.43	0.47	0.47	0	0	0.43
80600	0.43	0.47	0.47	0	0	0.43
80700	0.43	0.47	0.47	0	0	0.43
80800	0.43	0.48	0.48	0	0	0.43
80900	0.43	0.48	0.48	0	0	0.43
81000	0.43	0.48	0.48	0	0	0.43
81100	0.43	0.48	0.48	0	0	0.43
81200	0.43	0.47	0.47	0	0	0.43
81300	0.43	0.47	0.47	0	0	0.43
81400	0.43	0.47	0.47	0	0	0.43
81500	0.43	0.47	0.47	0	0	0.43
81600	0.43	0.47	0.47	0	0	0.43
81700	0.43	0.47	0.47	0	0	0.43
81800	0.43	0.47	0.47	0	0	0.43
81900	0.43	0.48	0.48	0	0	0.43
82000	0.43	0.48	0.48	0	0	0.43
82100	0.43	0.48	0.48	0	0	0.43
82200	0.43	0.49	0.49	0	0	0.43
82300	0.43	0.49	0.49	0	0	0.43
82400	0.43	0.49	0.49	0	0	0.43
82500	0.43	0.49	0.49	0	0	0.43
82600	0.43	0.49	0.49	0	0	0.43
82700	0.43	0.49	0.49	0	0	0.43
82800	0.43	0.49	0.49	0	0	0.43
82900	0.43	0.49	0.49	0	0	0.43
83000	0.44	0.49	0.49	0	0	0.44
83100	0.44	0.49	0.49	0	0	0.44
83200	0.44	0.49	0.49	0	0	0.44
83300	0.44	0.49	0.49	0	0	0.44
83400	0.44	0.48	0.48	0	0	0.44
83500	0.44	0.48	0.48	0	0	0.44
83600	0.44	0.48	0.48	0	0	0.44
83700	0.44	0.48	0.48	0	0	0.44
83800	0.44	0.48	0.48	0	0	0.44
83900	0.44	0.48	0.48	0	0	0.44
84000	0.44	0.48	0.48	0	0	0.44
84100	0.44	0.48	0.48	0	0	0.44
84200	0.44	0.49	0.49	0	0	0.44
84300	0.44	0.49	0.49	0	0	0.44
84400	0.44	0.48	0.48	0	0	0.44
84500	0.44	0.48	0.48	0	0	0.44
84600	0.44	0.48	0.48	0	0	0.44
84700	0.44	0.48	0.48	0	0	0.44
84800	0.44	0.49	0.49	0	0	0.44
84900	0.44	0.49	0.49	0	0	0.44
85000	0.43	0.49	0.49	0	0	0.43
85100	0.43	0.48	0.48	0	0	0.43
85200	0.43	0.48	0.48	0	0	0.43
85300	0.42	0.48	0.48	0	0	0.42
85400	0.42	0.48	0.48	0	0	0.42
85500	0.42	0.48	0.48	0	0	0.42
85600	0.42	0.48	0.48	0	0	0.42
85700	0.42	0.48	0.48	0	0	0.42
85800	0.42	0.48	0.48	0	0	0.42
85900	0.42	0.48	0.48	0	0	0.42
86000	0.42	0.48	0.48	0	0	0.42
86100	0.42	0.48	0.48	0	0	0.42
86200	0.42	0.48	0.48	0	0	0.42
86300	0.42	0.48	0.48	0	0	0.42
86400	0.43	0.48	0.48	0	0	0.43
86500	0.43	0.48	0.48	0	0	0.43
86600	0.43	0.48	0.48	0	0	0.43
86700	0.43	0.48	0.48	0	0	0.43
86800	0.43	0.48	0.48	0	0	0.43
86900	0.43	0.48	0.48	0	0	0.43
87000	0.43	0.48	0.48	0	0	0.43
87100	0.43	0.48	0.48	0	0	0.43
87200	0.43	0.48	0.48	0	0	0.43
87300	0.43	0.48	0.48	0	0	0.43
87400	0.43	0.48	0.48	0	0	0.43
87500	0.43	0.48	0.48	0	0	0.43
87600	0.43	0.48	0.48	0	0	0.43
87700	0.43	0.48	0.48	0	0	0.43
87800	0.43	0.48	0.48	0	0	0.43
87900	0.43	0.48	0.48	0	0	0.43
88000	0.43	0.48	0.48	0	0	0.43
88100	0.43	0.48	0.48	0	0	0.43
88200	0.43	0.48	0.48	0	0	0.43
88300	0.43	0.48	0.48	0	0	0.43
88400	0.43	0.48	0.48	0	0	0.43
88500	0.43	0.48	0.48	0	0	0.43
88600	0.43	0.48	0.48	0	0	0.43
88700	0.43	0.48	0.48	0	0	0.43
88800	0.43	0.48	0.48	0	0	0.43
88900	0.43	0.48	0.48	0	0	0.43
89000	0.44	0.48	0.48	0	0	0.44
89100	0.44	0.48	0.48	0	0	0.44
89200	0.44	0.48	0.48	0	0	0.44
89300	0.43	0.48	0.48	0	0	0.43
89400	0.43	0.48	0.48	0	0	0.43
89500	0.43	0.48	0.48	0	0	0.43
89600	0.42	0.48	0.48	0	0	0.42
89700	0.42	0.48	0.48	0	0	0.42
89800	0.43	0.48	0.48	0	0	0.43
89900	0.43	0.48	0.48	0	0	0.43
90000	0.43	0.48	0.48	0	0	0.43
90100	0.43	0.48	0.48	0	0	0.43
90200	0.43	0.48	0.48	0	0	0.43
90300	0.43	0.48	0.48	0	0	0.43
90400	0.43	0.48	0.48	0	0	0.43
90500	0.43	0.48	0.48	0	0	0.43
90600	0.43	0.48	0.48	0	0	0.43
90700	0.43	0.48	0.48	0	0	0.43
90800	0.43	0.47	0.47	0	0	0.43
90900	0.43	0.47	0.47	0	0	0.43
91000	0.43	0.45	0.45	0	0	0.43
91100	0.43	0.45	0.45	0	0	0.43
91200	0.43	0.45	0.45	0	0	0.43
91300	0.43	0.45	0.45	0	0	0.43
91400	0.43	0.45	0.45	0	0	0.43
91500	0.43	0.45	0.45	0	0	0.43
91600	0.43	0.45	0.45	0	0	0.43
91700	0.43	0.45	0.45	0	0	0.43
91800	0.43	0.45	0.45	0	0	0.43
91900	0.43	0.45	0.45	0	0	0.43
92000	0.43	0.45	0.45	0	0	0.43
92100	0.43	0.45	0.45	0	0	0.43
92200	0.43	0.45	0.45	0	0	0.43
92300	0.43	0.45	0.45	0	0	0.43
92400	0.43	0.46	0.46	0	0	0.43
92500	0.43	0.46	0.46	0	0	0.43
92600	0.43	0.47	0.47	0	0	0.43
92700	0.44	0.47	0.47	0	0	0.44
92800	0.44	0.47	0.47	0	0	0.44
92900	0.44	0.48	0.48	0	0	0.44
93000	0.44	0.48	0.48	0	0	0.44
93100	0.44	0.48	0.48	0	0	0.44
93200	0.44	0.48	0.48	0	0	0.44
93300	0.45	0.48	0.48	0	0	0.45
93400	0.43	0.48	0.48	0	0	0.43
93500	0.44	0.48	0.48	0	0	0.44
93600	0.43	0.48	0.48	0	0	0.43
93700	0.43	0.48	0.48	0	0	0.43
93800	0.42	0.48	0.48	0	0	0.42
93900	0.42	0.48	0.48	0	0	0.42
94000	0.42	0.48	0.48	0	0	0.42
94100	0.42	0.48	0.48	0	0	0.42
94200	0.42	0.48	0.48	0	0	0.42
94300	0.42	0.48	0.48	0	0	0.42
94400	0.42	0.49	0.49	0	0	0.42
94500	0.41	0.49	0.49	0	0	0.41
94600	0.39	0.49	0.49	0	0	0.39
94700	0.39	0.49	0.49	0	0	0.39
94800	0.39	0.49	0.49	0	0	0.39
94900	0.39	0.49	0.49	0	0	0.39
95000	0.39	0.49	0.49	0	0	0.39
95100	0.39	0.5	0.5	0	0	0.39
95200	0.39	0.5	0.5	0	0	0.39
95300	0.39	0.5	0.5	0	0	0.39
95400	0.39	0.49	0.49	0	0	0.39
95500	0.39	0.49	0.49	0	0	0.39
95600	0.39	0.49	0.49	0	0	0.39
95700	0.4	0.48	0.48	0	0	0.4
95800	0.4	0.48	0.48	0	0	0.4
95900	0.4	0.48	0.48	0	0	0.4
96000	0.4	0.48	0.48	0	0	0.4
96100	0.41	0.48	0.48	0	0	0.41
96200	0.41	0.48	0.48	0	0	0.41
96300	0.41	0.48	0.48	0	0	0.41
96400	0.41	0.48	0.48	0	0	0.41
96500	0.41	0.48	0.48	0	0	0.41
96600	0.41	0.48	0.48	0	0	0.41
96700	0.41	0.47	0.47	0	0	0.41
96800	0.41	0.47	0.47	0	0	0.41
96900	0.41	0.47	0.47	0	0	0.41
97000	0.41	0.47	0.47	0	0	0.41
97100	0.41	0.47	0.47	0	0	0.41
97200	0.41	0.47	0.47	0	0	0.41
97300	0.41	0.47	0.47	0	0	0.41
97400	0.41	0.47	0.47	0	0	0.41
97500	0.41	0.47	0.47	0	0	0.41
97600	0.41	0.47	0.47	0	0	0.41
97700	0.41	0.47	0.47	0	0	0.41
97800	0.41	0.47	0.47	0	0	0.41
97900	0.41	0.47	0.47	0	0	0.41
98000	0.41	0.45	0.45	0	0	0.41
98100	0.41	0.45	0.45	0	0	0.41
98200	0.42	0.45	0.45	0	0	0.42
98300	0.41	0.45	0.45	0	0	0.41
98400	0.41	0.45	0.45	0	0	0.41
98500	0.41	0.45	0.45	0	0	0.41
98600	0.4	0.45	0.45	0	0	0.4
98700	0.4	0.45	0.45	0	0	0.4
98800	0.4	0.45	0.45	0	0	0.4
98900	0.4	0.45	0.45	0	0	0.4
99000	0.4	0.45	0.45	0	0	0.4
99100	0.4	0.46	0.46	0	0	0.4
99200	0.4	0.46	0.46	0	0	0.4
99300	0.4	0.46	0.46	0	0	0.4
99400	0.4	0.46	0.46	0	0	0.4
99500	0.4	0.45	0.45	0	0	0.4
99600	0.4	0.45	0.45	0	0	0.4
99700	0.4	0.45	0.45	0	0	0.4
99800	0.42	0.45	0.45	0	0	0.42
99900	0.42	0.46	0.46	0	0	0.42
100000	0.42	0.47	0.47	0	0	0.42
100100	0.42	0.47	0.47	0	0	0.42
100200	0.42	0.47	0.47	0	0	0.42
100300	0.42	0.47	0.47	0	0	0.42
100400	0.42	0.47	0.47	0	0	0.42
100500	0.42	0.47	0.47	0	0	0.42
100600	0.42	0.47	0.47	0	0	0.42
100700	0.42	0.47	0.47	0	0	0.42
100800	0.42	0.46	0.46	0	0	0.42
100900	0.42	0.46	0.46	0	0	0.42
101000	0.42	0.46	0.46	0	0	0.42
101100	0.42	0.46	0.46	0	0	0.42
101200	0.42	0.46	0.46	0	0	0.42
101300	0.42	0.46	0.46	0	0	0.42
101400	0.42	0.46	0.46	0	0	0.42
101500	0.42	0.46	0.46	0	0	0.42
101600	0.42	0.46	0.46	0	0	0.42
101700	0.42	0.46	0.46	0	0	0.42
101800	0.42	0.45	0.45	0	0	0.42
101900	0.42	0.46	0.46	0	0	0.42
102000	0.42	0.47	0.47	0	0	0.42
102100	0.42	0.47	0.47	0	0	0.42
102200	0.42	0.47	0.47	0	0	0.42
102300	0.42	0.47	0.47	0	0	0.42
102400	0.42	0.47	0.47	0	0	0.42
102500	0.43	0.47	0.47	0	0	0.43
102600	0.43	0.47	0.47	0	0	0.43
102700	0.43	0.47	0.47	0	0	0.43
102800	0.43	0.47	0.47	0	0	0.43
102900	0.43	0.47	0.47	0	0	0.43
103000	0.43	0.47	0.47	0	0	0.43
103100	0.43	0.47	0.47	0	0	0.43
103200	0.43	0.47	0.47	0	0	0.43
103300	0.43	0.47	0.47	0	0	0.43
103400	0.43	0.47	0.47	0	0	0.43
103500	0.43	0.47	0.47	0	0	0.43
103600	0.43	0.47	0.47	0	0	0.43
103700	0.43	0.48	0.48	0	0	0.43
103800	0.43	0.48	0.48	0	0	0.43
103900	0.43	0.47	0.47	0	0	0.43
104000	0.43	0.47	0.47	0	0	0.43
104100	0.42	0.47	0.47	0	0	0.42
104200	0.42	0.47	0.47	0	0	0.42
104300	0.42	0.47	0.47	0	0	0.42
104400	0.42	0.47	0.47	0	0	0.42
104500	0.42	0.47	0.47	0	0	0.42
104600	0.42	0.47	0.47	0	0	0.42
104700	0.42	0.47	0.47	0	0	0.42
104800	0.42	0.47	0.47	0	0	0.42
104900	0.43	0.47	0.47	0	0	0.43
105000	0.43	0.47	0.47	0	0	0.43
105100	0.43	0.47	0.47	0	0	0.43
105200	0.43	0.47	0.47	0	0	0.43
105300	0.43	0.47	0.47	0	0	0.43
105400	0.43	0.47	0.47	0	0	0.43
105500	0.44	0.46	0.46	0	0	0.44
105600	0.44	0.46	0.46	0	0	0.44
105700	0.44	0.46	0.46	0	0	0.44
105800	0.44	0.46	0.46	0	0	0.44
105900	0.44	0.46	0.46	0	0	0.44
106000	0.44	0.46	0.46	0	0	0.44
106100	0.44	0.46	0.46	0	0	0.44
106200	0.44	0.46	0.46	0	0	0.44
106300	0.44	0.46	0.46	0	0	0.44
106400	0.44	0.46	0.46	0	0	0.44
106500	0.44	0.46	0.46	0	0	0.44
106600	0.44	0.46	0.46	0	0	0.44
106700	0.44	0.46	0.46	0	0	0.44
106800	0.44	0.46	0.46	0	0	0.44
106900	0.44	0.46	0.46	0	0	0.44
107000	0.44	0.47	0.47	0	0	0.44
107100	0.43	0.46	0.46	0	0	0.43
107200	0.43	0.46	0.46	0	0	0.43
107300	0.43	0.46	0.46	0	0	0.43
107400	0.43	0.46	0.46	0	0	0.43
107500	0.43	0.47	0.47	0	0	0.43
107600	0.43	0.47	0.47	0	0	0.43
107700	0.43	0.47	0.47	0	0	0.43
107800	0.43	0.47	0.47	0	0	0.43
107900	0.43	0.48	0.48	0	0	0.43
108000	0.43	0.48	0.48	0	0	0.43
108100	0.43	0.48	0.48	0	0	0.43
108200	0.43	0.48	0.48	0	0	0.43
108300	0.43	0.48	0.48	0	0	0.43
108400	0.43	0.48	0.48	0	0	0.43
108500	0.43	0.48	0.48	0	0	0.43
108600	0.43	0.48	0.48	0	0	0.43
108700	0.44	0.48	0.48	0	0	0.44
108800	0.44	0.47	0.47	0	0	0.44
108900	0.43	0.47	0.47	0	0	0.43
109000	0.43	0.47	0.47	0	0	0.43
109100	0.43	0.47	0.47	0	0	0.43
109200	0.43	0.47	0.47	0	0	0.43
109300	0.43	0.48	0.48	0	0	0.43
109400	0.43	0.48	0.48	0	0	0.43
109500	0.43	0.48	0.48	0	0	0.43
109600	0.43	0.47	0.47	0	0	0.43
109700	0.43	0.47	0.47	0	0	0.43
109800	0.43	0.47	0.47	0	0	0.43
109900	0.43	0.47	0.47	0	0	0.43
110000	0.43	0.47	0.47	0	0	0.43
110100	0.43	0.47	0.47	0	0	0.43
110200	0.43	0.47	0.47	0	0	0.43
110300	0.44	0.47	0.47	0	0	0.44
110400	0.44	0.47	0.47	0	0	0.44
110500	0.44	0.47	0.47	0	0	0.44
110600	0.44	0.47	0.47	0	0	0.44
110700	0.44	0.47	0.47	0	0	0.44
110800	0.44	0.47	0.47	0	0	0.44
110900	0.44	0.47	0.47	0	0	0.44
111000	0.44	0.47	0.47	0	0	0.44
111100	0.44	0.47	0.47	0	0	0.44
111200	0.44	0.47	0.47	0	0	0.44
111300	0.44	0.47	0.47	0	0	0.44
111400	0.44	0.47	0.47	0	0	0.44
111500	0.44	0.47	0.47	0	0	0.44
111600	0.44	0.48	0.48	0	0	0.44
111700	0.44	0.46	0.46	0	0	0.44
111800	0.44	0.46	0.46	0	0	0.44
111900	0.44	0.46	0.46	0	0	0.44
112000	0.44	0.46	0.46	0	0	0.44
112100	0.44	0.47	0.47	0	0	0.44
112200	0.44	0.47	0.47	0	0	0.44
112300	0.44	0.47	0.47	0	0	0.44
112400	0.44	0.47	0.47	0	0	0.44
112500	0.44	0.47	0.47	0	0	0.44
112600	0.44	0.47	0.47	0	0	0.44
112700	0.44	0.47	0.47	0	0	0.44
112800	0.44	0.47	0.47	0	0	0.44
112900	0.44	0.47	0.47	0	0	0.44
113000	0.44	0.47	0.47	0	0	0.44
113100	0.44	0.47	0.47	0	0	0.44
113200	0.44	0.47	0.47	0	0	0.44
113300	0.44	0.47	0.47	0	0	0.44
113400	0.44	0.47	0.47	0	0	0.44
113500	0.44	0.47	0.47	0	0	0.44
113600	0.44	0.48	0.48	0	0	0.44
113700	0.45	0.48	0.48	0	0	0.45
113800	0.45	0.48	0.48	0	0	0.45
113900	0.45	0.48	0.48	0	0	0.45
114000	0.44	0.48	0.48	0	0	0.44
114100	0.44	0.48	0.48	0	0	0.44
114200	0.44	0.48	0.48	0	0	0.44
114300	0.44	0.48	0.48	0	0	0.44
114400	0.44	0.48	0.48	0	0	0.44
114500	0.44	0.48	0.48	0	0	0.44
114600	0.44	0.48	0.48	0	0	0.44
114700	0.44	0.48	0.48	0	0	0.44
114800	0.44	0.48	0.48	0	0	0.44
114900	0.44	0.49	0.49	0	0	0.44
115000	0.44	0.49	0.49	0	0	0.44
115100	0.44	0.49	0.49	0	0	0.44
115200	0.44	0.49	0.49	0	0	0.44
115300	0.44	0.48	0.48	0	0	0.44
115400	0.44	0.48	0.48	0	0	0.44
115500	0.44	0.48	0.48	0	0	0.44
115600	0.44	0.47	0.47	0	0	0.44
115700	0.44	0.47	0.47	0	0	0.44
115800	0.44	0.46	0.46	0	0	0.44
115900	0.44	0.46	0.46	0	0	0.44
116000	0.44	0.46	0.46	0	0	0.44
116100	0.45	0.46	0.46	0	0	0.45
116200	0.46	0.46	0.46	0	0	0.46
116300	0.46	0.46	0.46	0	0	0.46
116400	0.46	0.46	0.46	0	0	0.46
116500	0.46	0.46	0.46	0	0	0.46
116600	0.46	0.46	0.46	0	0	0.46
116700	0.46	0.46	0.46	0	0	0.46
116800	0.46	0.46	0.46	0	0	0.46
116900	0.46	0.46	0.46	0	0	0.46
117000	0.46	0.46	0.46	0	0	0.46
117100	0.46	0.46	0.46	0	0	0.46
117200	0.45	0.46	0.46	0	0	0.45
117300	0.45	0.46	0.46	0	0	0.45
117400	0.45	0.47	0.47	0	0	0.45
117500	0.45	0.46	0.46	0	0	0.45
117600	0.45	0.46	0.46	0	0	0.45
117700	0.45	0.46	0.46	0	0	0.45
117800	0.45	0.46	0.46	0	0	0.45
117900	0.45	0.46	0.46	0	0	0.45
118000	0.45	0.46	0.46	0	0	0.45
118100	0.45	0.46	0.46	0	0	0.45
118200	0.45	0.46	0.46	0	0	0.45
118300	0.45	0.46	0.46	0	0	0.45
118400	0.45	0.46	0.46	0	0	0.45
118500	0.45	0.45	0.45	0	0	0.45
118600	0.45	0.45	0.45	0	0	0.45
118700	0.45	0.45	0.45	0	0	0.45
118800	0.45	0.45	0.45	0	0	0.45
118900	0.45	0.45	0.45	0	0	0.45
119000	0.45	0.45	0.45	0	0	0.45
119100	0.45	0.45	0.45	0	0	0.45
119200	0.45	0.45	0.45	0	0	0.45
119300	0.45	0.45	0.45	0	0	0.45
119400	0.45	0.45	0.45	0	0	0.45
119500	0.45	0.45	0.45	0	0	0.45
119600	0.45	0.45	0.45	0	0	0.45
119700	0.45	0.45	0.45	0	0	0.45
119800	0.45	0.45	0.45	0	0	0.45
119900	0.45	0.45	0.45	0	0	0.45
120000	0.45	0.45	0.45	0	0	0.45
120100	0.45	0.45	0.45	0	0	0.45
120200	0.45	0.45	0.45	0	0	0.45
120300	0.46	0.45	0.45	0	0	0.46
120400	0.46	0.46	0.46	0	0	0.46
120500	0.46	0.46	0.46	0	0	0.46
120600	0.46	0.46	0.46	0	0	0.46
120700	0.47	0.46	0.46	0	0	0.47
120800	0.46	0.46	0.46	0	0	0.46
120900	0.46	0.46	0.46	0	0	0.46
121000	0.46	0.46	0.46	0	0	0.46
121100	0.46	0.46	0.46	0	0	0.46
121200	0.46	0.46	0.46	0	0	0.46
121300	0.46	0.46	0.46	0	0	0.46
121400	0.46	0.46	0.46	0	0	0.46
121500	0.46	0.46	0.46	0	0	0.46
121600	0.46	0.46	0.46	0	0	0.46
121700	0.46	0.46	0.46	0	0	0.46
121800	0.46	0.46	0.46	0	0	0.46
121900	0.47	0.46	0.46	0	0	0.47
122000	0.47	0.46	0.46	0	0	0.47
122100	0.48	0.46	0.46	0	0	0.48
122200	0.48	0.46	0.46	0	0	0.48
122300	0.48	0.46	0.46	0	0	0.48
122400	0.48	0.46	0.46	0	0	0.48
122500	0.48	0.46	0.46	0	0	0.48
122600	0.48	0.46	0.46	0	0	0.48
122700	0.48	0.46	0.46	0	0	0.48
122800	0.48	0.46	0.46	0	0	0.48
122900	0.48	0.46	0.46	0	0	0.48
123000	0.48	0.46	0.46	0	0	0.48
123100	0.48	0.47	0.47	0	0	0.48
123200	0.48	0.47	0.47	0	0	0.48
123300	0.47	0.47	0.47	0	0	0.47
123400	0.47	0.47	0.47	0	0	0.47
123500	0.47	0.47	0.47	0	0	0.47
123600	0.47	0.47	0.47	0	0	0.47
123700	0.47	0.47	0.47	0	0	0.47
123800	0.47	0.47	0.47	0	0	0.47
123900	0.47	0.47	0.47	0	0	0.47
124000	0.47	0.47	0.47	0	0	0.47
124100	0.47	0.47	0.47	0	0	0.47
124200	0.47	0.47	0.47	0	0	0.47
124300	0.47	0.47	0.47	0	0	0.47
124400	0.47	0.47	0.47	0	0	0.47
124500	0.47	0.47	0.47	0	0	0.47
124600	0.47	0.47	0.47	0	0	0.47
124700	0.47	0.47	0.47	0	0	0.47
124800	0.47	0.47	0.47	0	0	0.47
124900	0.47	0.47	0.47	0	0	0.47
125000	0.47	0.47	0.47	0	0	0.47
125100	0.47	0.47	0.47	0	0	0.47
125200	0.47	0.47	0.47	0	0	0.47
125300	0.47	0.47	0.47	0	0	0.47
125400	0.47	0.47	0.47	0	0	0.47
125500	0.47	0.47	0.47	0	0	0.47
125600	0.47	0.47	0.47	0	0	0.47
125700	0.47	0.47	0.47	0	0	0.47
125800	0.47	0.47	0.47	0	0	0.47
125900	0.47	0.47	0.47	0	0	0.47
126000	0.47	0.47	0.47	0	0	0.47
126100	0.47	0.47	0.47	0	0	0.47
126200	0.47	0.47	0.47	0	0	0.47
126300	0.47	0.47	0.47	0	0	0.47
126400	0.47	0.47	0.47	0	0	0.47
126500	0.47	0.47	0.47	0	0	0.47
126600	0.47	0.47	0.47	0	0	0.47
126700	0.47	0.47	0.47	0	0	0.47
126800	0.47	0.46	0.46	0	0	0.47
126900	0.47	0.47	0.47	0	0	0.47
127000	0.47	0.47	0.47	0	0	0.47
127100	0.47	0.47	0.47	0	0	0.47
127200	0.47	0.47	0.47	0	0	0.47
127300	0.47	0.47	0.47	0	0	0.47
127400	0.47	0.47	0.47	0	0	0.47
127500	0.47	0.47	0.47	0	0	0.47
127600	0.47	0.47	0.47	0	0	0.47
127700	0.47	0.47	0.47	0	0	0.47
127800	0.47	0.47	0.47	0	0	0.47
127900	0.47	0.47	0.47	0	0	0.47
128000	0.47	0.47	0.47	0	0	0.47
128100	0.47	0.47	0.47	0	0	0.47
128200	0.47	0.47	0.47	0	0	0.47
128300	0.47	0.46	0.46	0	0	0.47
128400	0.47	0.46	0.46	0	0	0.47
128500	0.47	0.46	0.46	0	0	0.47
128600	0.47	0.46	0.46	0	0	0.47
128700	0.47	0.47	0.47	0	0	0.47
128800	0.47	0.47	0.47	0	0	0.47
128900	0.47	0.47	0.47	0	0	0.47
129000	0.47	0.46	0.46	0	0	0.47
129100	0.47	0.46	0.46	0	0	0.47
129200	0.47	0.46	0.46	0	0	0.47
129300	0.47	0.46	0.46	0	0	0.47
129400	0.47	0.46	0.46	0	0	0.47
129500	0.47	0.46	0.46	0	0	0.47
129600	0.47	0.46	0.46	0	0	0.47
129700	0.47	0.46	0.46	0	0	0.47
129800	0.47	0.46	0.46	0	0	0.47
129900	0.47	0.46	0.46	0	0	0.47
130000	0.47	0.47	0.47	0	0	0.47
130100	0.47	0.47	0.47	0	0	0.47
130200	0.47	0.47	0.47	0	0	0.47
130300	0.47	0.47	0.47	0	0	0.47
130400	0.48	0.47	0.47	0	0	0.48
130500	0.48	0.47	0.47	0	0	0.48
130600	0.46	0.47	0.47	0	0	0.46
130700	0.46	0.47	0.47	0	0	0.46
130800	0.46	0.47	0.47	0	0	0.46
130900	0.46	0.47	0.47	0	0	0.46
131000	0.46	0.47	0.47	0	0	0.46
131100	0.46	0.47	0.47	0	0	0.46
131200	0.46	0.47	0.47	0	0	0.46
131300	0.46	0.47	0.47	0	0	0.46
131400	0.46	0.47	0.47	0	0	0.46
131500	0.46	0.47	0.47	0	0	0.46
131600	0.46	0.47	0.47	0	0	0.46
131700	0.46	0.47	0.47	0	0	0.46
131800	0.46	0.47	0.47	0	0	0.46
131900	0.46	0.47	0.47	0	0	0.46
132000	0.46	0.47	0.47	0	0	0.46
132100	0.46	0.46	0.46	0	0	0.46
132200	0.46	0.46	0.46	0	0	0.46
132300	0.46	0.46	0.46	0	0	0.46
132400	0.46	0.46	0.46	0	0	0.46
132500	0.46	0.46	0.46	0	0	0.46
132600	0.46	0.46	0.46	0	0	0.46
132700	0.46	0.45	0.45	0	0	0.46
132800	0.46	0.45	0.45	0	0	0.46
132900	0.47	0.45	0.45	0	0	0.47
133000	0.47	0.45	0.45	0	0	0.47
133100	0.47	0.45	0.45	0	0	0.47
133200	0.47	0.45	0.45	0	0	0.47
133300	0.47	0.45	0.45	0	0	0.47
133400	0.47	0.45	0.45	0	0	0.47
133500	0.47	0.45	0.45	0	0	0.47
133600	0.47	0.45	0.45	0	0	0.47
133700	0.47	0.46	0.46	0	0	0.47
133800	0.47	0.46	0.46	0	0	0.47
133900	0.47	0.46	0.46	0	0	0.47
134000	0.47	0.46	0.46	0	0	0.47
134100	0.47	0.46	0.46	0	0	0.47
134200	0.47	0.46	0.46	0	0	0.47
134300	0.47	0.46	0.46	0	0	0.47
134400	0.47	0.46	0.46	0	0	0.47
134500	0.47	0.46	0.46	0	0	0.47
134600	0.47	0.46	0.46	0	0	0.47
134700	0.48	0.46	0.46	0	0	0.48
134800	0.47	0.46	0.46	0	0	0.47
134900	0.47	0.46	0.46	0	0	0.47
135000	0.47	0.46	0.46	0	0	0.47
135100	0.47	0.46	0.46	0	0	0.47
135200	0.47	0.46	0.46	0	0	0.47
135300	0.47	0.46	0.46	0	0	0.47
135400	0.47	0.46	0.46	0	0	0.47
135500	0.47	0.46	0.46	0	0	0.47
135600	0.47	0.46	0.46	0	0	0.47
135700	0.48	0.46	0.46	0	0	0.48
135800	0.48	0.46	0.46	0	0	0.48
135900	0.48	0.46	0.46	0	0	0.48
136000	0.48	0.46	0.46	0	0	0.48
136100	0.48	0.46	0.46	0	0	0.48
136200	0.48	0.46	0.46	0	0	0.48
136300	0.48	0.46	0.46	0	0	0.48
136400	0.48	0.46	0.46	0	0	0.48
136500	0.48	0.46	0.46	0	0	0.48
136600	0.48	0.46	0.46	0	0	0.48
136700	0.48	0.46	0.46	0	0	0.48
136800	0.48	0.46	0.46	0	0	0.48
136900	0.48	0.46	0.46	0	0	0.48
137000	0.48	0.46	0.46	0	0	0.48
137100	0.48	0.46	0.46	0	0	0.48
137200	0.48	0.46	0.46	0	0	0.48
137300	0.48	0.46	0.46	0	0	0.48
137400	0.48	0.46	0.46	0	0	0.48
137500	0.48	0.47	0.47	0	0	0.48
137600	0.48	0.47	0.47	0	0	0.48
137700	0.47	0.47	0.47	0	0	0.47
137800	0.47	0.46	0.46	0	0	0.47
137900	0.47	0.46	0.46	0	0	0.47
138000	0.47	0.46	0.46	0	0	0.47
138100	0.47	0.46	0.46	0	0	0.47
138200	0.47	0.46	0.46	0	0	0.47
138300	0.47	0.46	0.46	0	0	0.47
138400	0.47	0.46	0.46	0	0	0.47
138500	0.47	0.46	0.46	0	0	0.47
138600	0.47	0.46	0.46	0	0	0.47
138700	0.47	0.46	0.46	0	0	0.47
138800	0.47	0.46	0.46	0	0	0.47
138900	0.47	0.46	0.46	0	0	0.47
139000	0.47	0.46	0.46	0	0	0.47
139100	0.47	0.46	0.46	0	0	0.47
139200	0.47	0.46	0.46	0	0	0.47
139300	0.47	0.46	0.46	0	0	0.47
139400	0.47	0.47	0.47	0	0	0.47
139500	0.47	0.47	0.47	0	0	0.47
139600	0.47	0.47	0.47	0	0	0.47
139700	0.47	0.47	0.47	0	0	0.47
139800	0.47	0.46	0.46	0	0	0.47
139900	0.47	0.46	0.46	0	0	0.47
140000	0.47	0.46	0.46	0	0	0.47
140100	0.47	0.46	0.46	0	0	0.47
140200	0.47	0.46	0.46	0	0	0.47
140300	0.47	0.46	0.46	0	0	0.47
140400	0.47	0.46	0.46	0	0	0.47
140500	0.47	0.46	0.46	0	0	0.47
140600	0.47	0.46	0.46	0	0	0.47
140700	0.47	0.46	0.46	0	0	0.47
140800	0.47	0.46	0.46	0	0	0.47
140900	0.47	0.46	0.46	0	0	0.47
141000	0.47	0.46	0.46	0	0	0.47
141100	0.47	0.46	0.46	0	0	0.47
141200	0.47	0.46	0.46	0	0	0.47
141300	0.47	0.46	0.46	0	0	0.47
141400	0.47	0.46	0.46	0	0	0.47
141500	0.47	0.46	0.46	0	0	0.47
141600	0.47	0.46	0.46	0	0	0.47
141700	0.47	0.46	0.46	0	0	0.47
141800	0.47	0.46	0.46	0	0	0.47
141900	0.47	0.46	0.46	0	0	0.47
142000	0.47	0.46	0.46	0	0	0.47
142100	0.47	0.46	0.46	0	0	0.47
142200	0.47	0.46	0.46	0	0	0.47
142300	0.47	0.46	0.46	0	0	0.47
142400	0.47	0.46	0.46	0	0	0.47
142500	0.47	0.46	0.46	0	0	0.47
142600	0.47	0.46	0.46	0	0	0.47
142700	0.47	0.46	0.46	0	0	0.47
142800	0.47	0.46	0.46	0	0	0.47
142900	0.47	0.46	0.46	0	0	0.47
143000	0.47	0.46	0.46	0	0	0.47
143100	0.47	0.46	0.46	0	0	0.47
143200	0.47	0.46	0.46	0	0	0.47
143300	0.47	0.46	0.46	0	0	0.47
143400	0.47	0.46	0.46	0	0	0.47
143500	0.47	0.46	0.46	0	0	0.47
143600	0.47	0.46	0.46	0	0	0.47
143700	0.47	0.46	0.46	0	0	0.47
143800	0.47	0.46	0.46	0	0	0.47
143900	0.47	0.46	0.46	0	0	0.47
144000	0.47	0.46	0.46	0	0	0.47
144100	0.47	0.46	0.46	0	0	0.47
144200	0.47	0.46	0.46	0	0	0.47
144300	0.47	0.46	0.46	0	0	0.47
144400	0.47	0.46	0.46	0	0	0.47
144500	0.47	0.46	0.46	0	0	0.47
144600	0.47	0.46	0.46	0	0	0.47
144700	0.47	0.46	0.46	0	0	0.47
144800	0.47	0.46	0.46	0	0	0.47
144900	0.47	0.46	0.46	0	0	0.47
145000	0.47	0.45	0.45	0	0	0.47
145100	0.47	0.45	0.45	0	0	0.47
145200	0.47	0.45	0.45	0	0	0.47
145300	0.47	0.45	0.45	0	0	0.47
145400	0.48	0.45	0.45	0	0	0.48
145500	0.47	0.45	0.45	0	0	0.47
145600	0.47	0.45	0.45	0	0	0.47
145700	0.47	0.45	0.45	0	0	0.47
145800	0.47	0.45	0.45	0	0	0.47
145900	0.47	0.45	0.45	0	0	0.47
146000	0.47	0.46	0.46	0	0	0.47
146100	0.47	0.45	0.45	0	0	0.47
146200	0.47	0.45	0.45	0	0	0.47
146300	0.47	0.45	0.45	0	0	0.47
146400	0.47	0.45	0.45	0	0	0.47
146500	0.47	0.45	0.45	0	0	0.47
146600	0.47	0.45	0.45	0	0	0.47
146700	0.47	0.45	0.45	0	0	0.47
146800	0.47	0.45	0.45	0	0	0.47
146900	0.47	0.45	0.45	0	0	0.47
147000	0.47	0.46	0.46	0	0	0.47
147100	0.47	0.46	0.46	0	0	0.47
147200	0.47	0.46	0.46	0	0	0.47
147300	0.47	0.45	0.45	0	0	0.47
147400	0.47	0.45	0.45	0	0	0.47
147500	0.47	0.45	0.45	0	0	0.47
147600	0.47	0.45	0.45	0	0	0.47
147700	0.47	0.45	0.45	0	0	0.47
147800	0.47	0.45	0.45	0	0	0.47
147900	0.47	0.45	0.45	0	0	0.47
148000	0.47	0.45	0.45	0	0	0.47
148100	0.47	0.45	0.45	0	0	0.47
148200	0.47	0.45	0.45	0	0	0.47
148300	0.47	0.45	0.45	0	0	0.47
148400	0.47	0.45	0.45	0	0	0.47
148500	0.47	0.45	0.45	0	0	0.47
148600	0.47	0.45	0.45	0	0	0.47
148700	0.47	0.45	0.45	0	0	0.47
148800	0.48	0.45	0.45	0	0	0.48
148900	0.48	0.45	0.45	0	0	0.48
149000	0.48	0.45	0.45	0	0	0.48
149100	0.48	0.45	0.45	0	0	0.48
149200	0.48	0.45	0.45	0	0	0.48
149300	0.48	0.45	0.45	0	0	0.48
149400	0.48	0.44	0.44	0	0	0.48
149500	0.48	0.44	0.44	0	0	0.48
149600	0.48	0.44	0.44	0	0	0.48
149700	0.49	0.44	0.44	0	0	0.49
149800	0.49	0.44	0.44	0	0	0.49
149900	0.49	0.44	0.44	0	0	0.49
150000	0.49	0.44	0.44	0	0	0.49
150100	0.49	0.44	0.44	0	0	0.49
150200	0.49	0.44	0.44	0	0	0.49
150300	0.49	0.44	0.44	0	0	0.49
150400	0.49	0.44	0.44	0	0	0.49
150500	0.48	0.44	0.44	0	0	0.48
150600	0.48	0.44	0.44	0	0	0.48
150700	0.48	0.44	0.44	0	0	0.48
150800	0.48	0.44	0.44	0	0	0.48
150900	0.48	0.44	0.44	0	0	0.48
151000	0.48	0.44	0.44	0	0	0.48
151100	0.48	0.44	0.44	0	0	0.48
151200	0.48	0.44	0.44	0	0	0.48
151300	0.48	0.44	0.44	0	0	0.48
151400	0.48	0.44	0.44	0	0	0.48
151500	0.48	0.44	0.44	0	0	0.48
151600	0.48	0.44	0.44	0	0	0.48
151700	0.48	0.44	0.44	0	0	0.48
151800	0.48	0.44	0.44	0	0	0.48
151900	0.48	0.44	0.44	0	0	0.48
152000	0.48	0.44	0.44	0	0	0.48
152100	0.48	0.44	0.44	0	0	0.48
152200	0.48	0.44	0.44	0	0	0.48
152300	0.48	0.44	0.44	0	0	0.48
152400	0.48	0.44	0.44	0	0	0.48
152500	0.48	0.44	0.44	0	0	0.48
152600	0.48	0.44	0.44	0	0	0.48
152700	0.48	0.44	0.44	0	0	0.48
152800	0.48	0.44	0.44	0	0	0.48
152900	0.48	0.44	0.44	0	0	0.48
153000	0.48	0.45	0.45	0	0	0.48
153100	0.47	0.45	0.45	0	0	0.47
153200	0.47	0.45	0.45	0	0	0.47
153300	0.47	0.45	0.45	0	0	0.47
153400	0.47	0.45	0.45	0	0	0.47
153500	0.48	0.45	0.45	0	0	0.48
153600	0.48	0.45	0.45	0	0	0.48
153700	0.48	0.45	0.45	0	0	0.48
153800	0.48	0.45	0.45	0	0	0.48
153900	0.48	0.45	0.45	0	0	0.48
154000	0.48	0.45	0.45	0	0	0.48
154100	0.48	0.45	0.45	0	0	0.48
154200	0.48	0.45	0.45	0	0	0.48
154300	0.48	0.45	0.45	0	0	0.48
154400	0.47	0.45	0.45	0	0	0.47
154500	0.47	0.45	0.45	0	0	0.47
154600	0.47	0.45	0.45	0	0	0.47
154700	0.47	0.45	0.45	0	0	0.47
154800	0.46	0.45	0.45	0	0	0.46
154900	0.46	0.45	0.45	0	0	0.46
155000	0.46	0.45	0.45	0	0	0.46
155100	0.46	0.45	0.45	0	0	0.46
155200	0.46	0.45	0.45	0	0	0.46
155300	0.46	0.45	0.45	0	0	0.46
155400	0.46	0.45	0.45	0	0	0.46
155500	0.47	0.45	0.45	0	0	0.47
155600	0.47	0.45	0.45	0	0	0.47
155700	0.47	0.45	0.45	0	0	0.47
155800	0.48	0.45	0.45	0	0	0.48
155900	0.48	0.45	0.45	0	0	0.48
156000	0.48	0.45	0.45	0	0	0.48
156100	0.48	0.45	0.45	0	0	0.48
156200	0.48	0.45	0.45	0	0	0.48
156300	0.48	0.45	0.45	0	0	0.48
156400	0.48	0.45	0.45	0	0	0.48
156500	0.48	0.45	0.45	0	0	0.48
156600	0.48	0.45	0.45	0	0	0.48
156700	0.48	0.45	0.45	0	0	0.48
156800	0.48	0.45	0.45	0	0	0.48
156900	0.48	0.45	0.45	0	0	0.48
157000	0.48	0.45	0.45	0	0	0.48
157100	0.48	0.45	0.45	0	0	0.48
157200	0.48	0.45	0.45	0	0	0.48
157300	0.48	0.45	0.45	0	0	0.48
157400	0.48	0.45	0.45	0	0	0.48
157500	0.48	0.45	0.45	0	0	0.48
157600	0.48	0.45	0.45	0	0	0.48
157700	0.48	0.45	0.45	0	0	0.48
157800	0.48	0.45	0.45	0	0	0.48
157900	0.48	0.45	0.45	0	0	0.48
158000	0.48	0.45	0.45	0	0	0.48
158100	0.48	0.45	0.45	0	0	0.48
158200	0.48	0.45	0.45	0	0	0.48
158300	0.48	0.45	0.45	0	0	0.48
158400	0.48	0.45	0.45	0	0	0.48
158500	0.48	0.45	0.45	0	0	0.48
158600	0.48	0.45	0.45	0	0	0.48
158700	0.48	0.45	0.45	0	0	0.48
158800	0.48	0.45	0.45	0	0	0.48
158900	0.48	0.45	0.45	0	0	0.48
159000	0.48	0.45	0.45	0	0	0.48
159100	0.48	0.45	0.45	0	0	0.48
159200	0.48	0.45	0.45	0	0	0.48
159300	0.48	0.45	0.45	0	0	0.48
159400	0.48	0.45	0.45	0	0	0.48
159500	0.48	0.45	0.45	0	0	0.48
159600	0.48	0.45	0.45	0	0	0.48
159700	0.48	0.45	0.45	0	0	0.48
159800	0.48	0.45	0.45	0	0	0.48
159900	0.48	0.45	0.45	0	0	0.48
160000	0.48	0.45	0.45	0	0	0.48
160100	0.49	0.45	0.45	0	0	0.49
160200	0.49	0.45	0.45	0	0	0.49
160300	0.49	0.45	0.45	0	0	0.49
160400	0.49	0.45	0.45	0	0	0.49
160500	0.48	0.45	0.45	0	0	0.48
160600	0.48	0.45	0.45	0	0	0.48
160700	0.48	0.45	0.45	0	0	0.48
160800	0.48	0.45	0.45	0	0	0.48
160900	0.48	0.45	0.45	0	0	0.48
161000	0.47	0.45	0.45	0	0	0.47
161100	0.47	0.45	0.45	0	0	0.47
161200	0.47	0.45	0.45	0	0	0.47
161300	0.47	0.45	0.45	0	0	0.47
161400	0.47	0.45	0.45	0	0	0.47
161500	0.47	0.45	0.45	0	0	0.47
161600	0.47	0.45	0.45	0	0	0.47
161700	0.47	0.45	0.45	0	0	0.47
161800	0.47	0.45	0.45	0	0	0.47
161900	0.47	0.45	0.45	0	0	0.47
162000	0.47	0.45	0.45	0	0	0.47
162100	0.47	0.45	0.45	0	0	0.47
162200	0.47	0.45	0.45	0	0	0.47
162300	0.47	0.45	0.45	0	0	0.47
162400	0.47	0.45	0.45	0	0	0.47
162500	0.47	0.45	0.45	0	0	0.47
162600	0.47	0.45	0.45	0	0	0.47
162700	0.47	0.45	0.45	0	0	0.47
162800	0.47	0.45	0.45	0	0	0.47
162900	0.47	0.45	0.45	0	0	0.47
163000	0.47	0.45	0.45	0	0	0.47
163100	0.47	0.45	0.45	0	0	0.47
163200	0.47	0.45	0.45	0	0	0.47
163300	0.47	0.45	0.45	0	0	0.47
163400	0.47	0.45	0.45	0	0	0.47
163500	0.48	0.45	0.45	0	0	0.48
163600	0.48	0.45	0.45	0	0	0.48
163700	0.48	0.45	0.45	0	0	0.48
163800	0.48	0.45	0.45	0	0	0.48
163900	0.48	0.45	0.45	0	0	0.48
164000	0.48	0.45	0.45	0	0	0.48
164100	0.48	0.45	0.45	0	0	0.48
164200	0.48	0.45	0.45	0	0	0.48
164300	0.48	0.45	0.45	0	0	0.48
164400	0.48	0.45	0.45	0	0	0.48
164500	0.48	0.45	0.45	0	0	0.48
164600	0.48	0.45	0.45	0	0	0.48
164700	0.48	0.45	0.45	0	0	0.48
164800	0.48	0.45	0.45	0	0	0.48
164900	0.48	0.45	0.45	0	0	0.48
165000	0.47	0.45	0.45	0	0	0.47
165100	0.47	0.45	0.45	0	0	0.47
165200	0.47	0.45	0.45	0	0	0.47
165300	0.47	0.45	0.45	0	0	0.47
165400	0.47	0.45	0.45	0	0	0.47
165500	0.47	0.45	0.45	0	0	0.47
165600	0.47	0.45	0.45	0	0	0.47
165700	0.47	0.45	0.45	0	0	0.47
165800	0.47	0.45	0.45	0	0	0.47
165900	0.47	0.45	0.45	0	0	0.47
166000	0.47	0.45	0.45	0	0	0.47
166100	0.47	0.45	0.45	0	0	0.47
166200	0.47	0.45	0.45	0	0	0.47
166300	0.47	0.45	0.45	0	0	0.47
166400	0.47	0.45	0.45	0	0	0.47
166500	0.47	0.45	0.45	0	0	0.47
166600	0.47	0.45	0.45	0	0	0.47
166700	0.47	0.45	0.45	0	0	0.47
166800	0.47	0.45	0.45	0	0	0.47
166900	0.47	0.45	0.45	0	0	0.47
167000	0.47	0.45	0.45	0	0	0.47
167100	0.47	0.45	0.45	0	0	0.47
167200	0.47	0.45	0.45	0	0	0.47
167300	0.47	0.45	0.45	0	0	0.47
167400	0.47	0.45	0.45	0	0	0.47
167500	0.47	0.45	0.45	0	0	0.47
167600	0.47	0.45	0.45	0	0	0.47
167700	0.47	0.45	0.45	0	0	0.47
167800	0.47	0.45	0.45	0	0	0.47
167900	0.47	0.45	0.45	0	0	0.47
168000	0.47	0.45	0.45	0	0	0.47
168100	0.47	0.46	0.46	0	0	0.47
168200	0.47	0.46	0.46	0	0	0.47
168300	0.47	0.46	0.46	0	0	0.47
168400	0.47	0.46	0.46	0	0	0.47
168500	0.47	0.46	0.46	0	0	0.47
168600	0.47	0.46	0.46	0	0	0.47
168700	0.47	0.46	0.46	0	0	0.47
168800	0.47	0.46	0.46	0	0	0.47
168900	0.47	0.46	0.46	0	0	0.47
169000	0.47	0.46	0.46	0	0	0.47
169100	0.47	0.46	0.46	0	0	0.47
169200	0.47	0.46	0.46	0	0	0.47
169300	0.47	0.46	0.46	0	0	0.47
169400	0.47	0.46	0.46	0	0	0.47
169500	0.47	0.46	0.46	0	0	0.47
169600	0.47	0.46	0.46	0	0	0.47
169700	0.47	0.46	0.46	0	0	0.47
169800	0.47	0.46	0.46	0	0	0.47
169900	0.47	0.46	0.46	0	0	0.47
170000	0.47	0.46	0.46	0	0	0.47
170100	0.47	0.46	0.46	0	0	0.47
170200	0.47	0.46	0.46	0	0	0.47
170300	0.47	0.46	0.46	0	0	0.47
170400	0.47	0.46	0.46	0	0	0.47
170500	0.47	0.46	0.46	0	0	0.47
170600	0.47	0.46	0.46	0	0	0.47
170700	0.47	0.46	0.46	0	0	0.47
170800	0.47	0.46	0.46	0	0	0.47
170900	0.47	0.46	0.46	0	0	0.47
171000	0.47	0.47	0.47	0	0	0.47
171100	0.47	0.46	0.46	0	0	0.47
171200	0.47	0.46	0.46	0	0	0.47
171300	0.47	0.46	0.46	0	0	0.47
171400	0.47	0.46	0.46	0	0	0.47
171500	0.47	0.46	0.46	0	0	0.47
171600	0.47	0.46	0.46	0	0	0.47
171700	0.47	0.46	0.46	0	0	0.47
171800	0.47	0.46	0.46	0	0	0.47
171900	0.47	0.46	0.46	0	0	0.47
172000	0.47	0.46	0.46	0	0	0.47
172100	0.47	0.46	0.46	0	0	0.47
172200	0.47	0.46	0.46	0	0	0.47
172300	0.47	0.46	0.46	0	0	0.47
172400	0.47	0.46	0.46	0	0	0.47
172500	0.47	0.46	0.46	0	0	0.47
172600	0.47	0.46	0.46	0	0	0.47
172700	0.47	0.46	0.46	0	0	0.47
172800	0.47	0.46	0.46	0	0	0.47
172900	0.47	0.46	0.46	0	0	0.47
173000	0.47	0.46	0.46	0	0	0.47
173100	0.47	0.46	0.46	0	0	0.47
173200	0.47	0.46	0.46	0	0	0.47
173300	0.47	0.46	0.46	0	0	0.47
173400	0.47	0.46	0.46	0	0	0.47
173500	0.47	0.46	0.46	0	0	0.47
173600	0.47	0.46	0.46	0	0	0.47
173700	0.47	0.46	0.46	0	0	0.47
173800	0.47	0.46	0.46	0	0	0.47
173900	0.47	0.46	0.46	0	0	0.47
174000	0.47	0.46	0.46	0	0	0.47
174100	0.47	0.46	0.46	0	0	0.47
174200	0.47	0.46	0.46	0	0	0.47
174300	0.47	0.46	0.46	0	0	0.47
174400	0.47	0.46	0.46	0	0	0.47
174500	0.47	0.46	0.46	0	0	0.47
174600	0.47	0.46	0.46	0	0	0.47
174700	0.47	0.46	0.46	0	0	0.47
174800	0.48	0.46	0.46	0	0	0.48
174900	0.48	0.46	0.46	0	0	0.48
175000	0.48	0.46	0.46	0	0	0.48
175100	0.48	0.46	0.46	0	0	0.48
175200	0.48	0.46	0.46	0	0	0.48
175300	0.48	0.46	0.46	0	0	0.48
175400	0.48	0.46	0.46	0	0	0.48
175500	0.48	0.46	0.46	0	0	0.48
175600	0.48	0.46	0.46	0	0	0.48
175700	0.48	0.46	0.46	0	0	0.48
175800	0.48	0.46	0.46	0	0	0.48
175900	0.48	0.47	0.47	0	0	0.48
176000	0.48	0.47	0.47	0	0	0.48
176100	0.48	0.47	0.47	0	0	0.48
176200	0.48	0.47	0.47	0	0	0.48
176300	0.48	0.47	0.47	0	0	0.48
176400	0.48	0.47	0.47	0	0	0.48
176500	0.48	0.47	0.47	0	0	0.48
176600	0.48	0.47	0.47	0	0	0.48
176700	0.48	0.47	0.47	0	0	0.48
176800	0.48	0.47	0.47	0	0	0.48
176900	0.48	0.47	0.47	0	0	0.48
177000	0.47	0.47	0.47	0	0	0.47
177100	0.48	0.47	0.47	0	0	0.48
177200	0.48	0.47	0.47	0	0	0.48
177300	0.48	0.47	0.47	0	0	0.48
177400	0.48	0.47	0.47	0	0	0.48
177500	0.48	0.47	0.47	0	0	0.48
177600	0.48	0.46	0.46	0	0	0.48
177700	0.48	0.46	0.46	0	0	0.48
177800	0.48	0.46	0.46	0	0	0.48
177900	0.48	0.46	0.46	0	0	0.48
178000	0.48	0.46	0.46	0	0	0.48
178100	0.48	0.46	0.46	0	0	0.48
178200	0.48	0.46	0.46	0	0	0.48
178300	0.48	0.46	0.46	0	0	0.48
178400	0.48	0.46	0.46	0	0	0.48
178500	0.48	0.46	0.46	0	0	0.48
178600	0.48	0.46	0.46	0	0	0.48
178700	0.48	0.46	0.46	0	0	0.48
178800	0.48	0.46	0.46	0	0	0.48
178900	0.48	0.46	0.46	0	0	0.48
179000	0.48	0.46	0.46	0	0	0.48
179100	0.48	0.46	0.46	0	0	0.48
179200	0.48	0.46	0.46	0	0	0.48
179300	0.48	0.46	0.46	0	0	0.48
179400	0.48	0.46	0.46	0	0	0.48
179500	0.47	0.46	0.46	0	0	0.47
179600	0.47	0.46	0.46	0	0	0.47
179700	0.47	0.46	0.46	0	0	0.47
179800	0.47	0.46	0.46	0	0	0.47
179900	0.47	0.46	0.46	0	0	0.47
180000	0.47	0.46	0.46	0	0	0.47
180100	0.47	0.46	0.46	0	0	0.47
180200	0.47	0.46	0.46	0	0	0.47
180300	0.47	0.46	0.46	0	0	0.47
180400	0.46	0.46	0.46	0	0	0.46
180500	0.46	0.46	0.46	0	0	0.46
180600	0.46	0.46	0.46	0	0	0.46
180700	0.46	0.46	0.46	0	0	0.46
180800	0.46	0.46	0.46	0	0	0.46
180900	0.46	0.46	0.46	0	0	0.46
181000	0.46	0.46	0.46	0	0	0.46
181100	0.46	0.46	0.46	0	0	0.46
181200	0.46	0.46	0.46	0	0	0.46
181300	0.46	0.46	0.46	0	0	0.46
181400	0.46	0.46	0.46	0	0	0.46
181500	0.46	0.46	0.46	0	0	0.46
181600	0.46	0.46	0.46	0	0	0.46
181700	0.46	0.47	0.47	0	0	0.46
181800	0.46	0.47	0.47	0	0	0.46
181900	0.46	0.47	0.47	0	0	0.46
182000	0.46	0.47	0.47	0	0	0.46
182100	0.46	0.47	0.47	0	0	0.46
182200	0.46	0.47	0.47	0	0	0.46
182300	0.46	0.47	0.47	0	0	0.46
182400	0.46	0.47	0.47	0	0	0.46
182500	0.46	0.47	0.47	0	0	0.46
182600	0.46	0.47	0.47	0	0	0.46
182700	0.46	0.47	0.47	0	0	0.46
182800	0.46	0.47	0.47	0	0	0.46
182900	0.46	0.47	0.47	0	0	0.46
183000	0.46	0.47	0.47	0	0	0.46
183100	0.46	0.47	0.47	0	0	0.46
183200	0.46	0.47	0.47	0	0	0.46
183300	0.46	0.47	0.47	0	0	0.46
183400	0.46	0.47	0.47	0	0	0.46
183500	0.46	0.47	0.47	0	0	0.46
183600	0.46	0.47	0.47	0	0	0.46
183700	0.46	0.47	0.47	0	0	0.46
183800	0.46	0.47	0.47	0	0	0.46
183900	0.46	0.47	0.47	0	0	0.46
184000	0.46	0.47	0.47	0	0	0.46
184100	0.46	0.47	0.47	0	0	0.46
184200	0.46	0.47	0.47	0	0	0.46
184300	0.46	0.47	0.47	0	0	0.46
184400	0.46	0.47	0.47	0	0	0.46
184500	0.46	0.47	0.47	0	0	0.46
184600	0.46	0.47	0.47	0	0	0.46
184700	0.46	0.47	0.47	0	0	0.46
184800	0.46	0.47	0.47	0	0	0.46
184900	0.46	0.47	0.47	0	0	0.46
185000	0.46	0.47	0.47	0	0	0.46
185100	0.46	0.47	0.47	0	0	0.46
185200	0.46	0.47	0.47	0	0	0.46
185300	0.46	0.47	0.47	0	0	0.46
185400	0.46	0.47	0.47	0	0	0.46
185500	0.46	0.47	0.47	0	0	0.46
185600	0.46	0.47	0.47	0	0	0.46
185700	0.46	0.47	0.47	0	0	0.46
185800	0.46	0.47	0.47	0	0	0.46
185900	0.45	0.47	0.47	0	0	0.45
186000	0.45	0.47	0.47	0	0	0.45
186100	0.45	0.47	0.47	0	0	0.45
186200	0.45	0.47	0.47	0	0	0.45
186300	0.45	0.47	0.47	0	0	0.45
186400	0.45	0.47	0.47	0	0	0.45
186500	0.45	0.47	0.47	0	0	0.45
186600	0.45	0.47	0.47	0	0	0.45
186700	0.45	0.47	0.47	0	0	0.45
186800	0.45	0.47	0.47	0	0	0.45
186900	0.45	0.47	0.47	0	0	0.45
187000	0.45	0.47	0.47	0	0	0.45
187100	0.45	0.47	0.47	0	0	0.45
187200	0.45	0.47	0.47	0	0	0.45
187300	0.45	0.47	0.47	0	0	0.45
187400	0.45	0.47	0.47	0	0	0.45
187500	0.45	0.47	0.47	0	0	0.45
187600	0.45	0.47	0.47	0	0	0.45
187700	0.45	0.47	0.47	0	0	0.45
187800	0.45	0.47	0.47	0	0	0.45
187900	0.45	0.47	0.47	0	0	0.45
188000	0.45	0.47	0.47	0	0	0.45
188100	0.46	0.47	0.47	0	0	0.46
188200	0.46	0.47	0.47	0	0	0.46
188300	0.46	0.47	0.47	0	0	0.46
188400	0.46	0.47	0.47	0	0	0.46
188500	0.45	0.47	0.47	0	0	0.45
188600	0.45	0.47	0.47	0	0	0.45
188700	0.45	0.47	0.47	0	0	0.45
188800	0.45	0.47	0.47	0	0	0.45
188900	0.46	0.47	0.47	0	0	0.46
189000	0.45	0.47	0.47	0	0	0.45
189100	0.45	0.47	0.47	0	0	0.45
189200	0.45	0.47	0.47	0	0	0.45
189300	0.45	0.47	0.47	0	0	0.45
189400	0.45	0.47	0.47	0	0	0.45
189500	0.45	0.47	0.47	0	0	0.45
189600	0.45	0.47	0.47	0	0	0.45
189700	0.45	0.47	0.47	0	0	0.45
189800	0.45	0.47	0.47	0	0	0.45
189900	0.45	0.47	0.47	0	0	0.45
190000	0.45	0.47	0.47	0	0	0.45
190100	0.45	0.47	0.47	0	0	0.45
190200	0.45	0.47	0.47	0	0	0.45
190300	0.45	0.47	0.47	0	0	0.45
190400	0.45	0.47	0.47	0	0	0.45
190500	0.45	0.47	0.47	0	0	0.45
190600	0.45	0.47	0.47	0	0	0.45
190700	0.45	0.47	0.47	0	0	0.45
190800	0.45	0.47	0.47	0	0	0.45
190900	0.45	0.47	0.47	0	0	0.45
191000	0.45	0.47	0.47	0	0	0.45
191100	0.45	0.47	0.47	0	0	0.45
191200	0.45	0.47	0.47	0	0	0.45
191300	0.45	0.47	0.47	0	0	0.45
191400	0.45	0.47	0.47	0	0	0.45
191500	0.45	0.47	0.47	0	0	0.45
191600	0.45	0.47	0.47	0	0	0.45
191700	0.45	0.47	0.47	0	0	0.45
191800	0.45	0.47	0.47	0	0	0.45
191900	0.45	0.47	0.47	0	0	0.45
192000	0.45	0.47	0.47	0	0	0.45
192100	0.45	0.48	0.48	0	0	0.45
192200	0.45	0.48	0.48	0	0	0.45
192300	0.45	0.48	0.48	0	0	0.45
192400	0.45	0.48	0.48	0	0	0.45
192500	0.45	0.48	0.48	0	0	0.45
192600	0.45	0.49	0.49	0	0	0.45
192700	0.45	0.49	0.49	0	0	0.45
192800	0.45	0.5	0.5	0	0	0.45
192900	0.45	0.5	0.5	0	0	0.45
193000	0.45	0.5	0.5	0	0	0.45
193100	0.45	0.5	0.5	0	0	0.45
193200	0.45	0.5	0.5	0	0	0.45
193300	0.45	0.5	0.5	0	0	0.45
193400	0.45	0.5	0.5	0	0	0.45
193500	0.45	0.5	0.5	0	0	0.45
193600	0.45	0.5	0.5	0	0	0.45
193700	0.45	0.5	0.5	0	0	0.45
193800	0.45	0.5	0.5	0	0	0.45
193900	0.45	0.5	0.5	0	0	0.45
194000	0.45	0.5	0.5	0	0	0.45
194100	0.45	0.5	0.5	0	0	0.45
194200	0.45	0.5	0.5	0	0	0.45
194300	0.45	0.5	0.5	0	0	0.45
194400	0.45	0.5	0.5	0	0	0.45
194500	0.45	0.5	0.5	0	0	0.45
194600	0.45	0.5	0.5	0	0	0.45
194700	0.45	0.5	0.5	0	0	0.45
194800	0.45	0.5	0.5	0	0	0.45
194900	0.45	0.5	0.5	0	0	0.45
195000	0.45	0.5	0.5	0	0	0.45
195100	0.45	0.5	0.5	0	0	0.45
195200	0.45	0.5	0.5	0	0	0.45
195300	0.45	0.5	0.5	0	0	0.45
195400	0.45	0.5	0.5	0	0	0.45
195500	0.45	0.5	0.5	0	0	0.45
195600	0.45	0.51	0.51	0	0	0.45
195700	0.45	0.51	0.51	0	0	0.45
195800	0.45	0.51	0.51	0	0	0.45
195900	0.45	0.51	0.51	0	0	0.45
196000	0.45	0.51	0.51	0	0	0.45
196100	0.45	0.51	0.51	0	0	0.45
196200	0.45	0.51	0.51	0	0	0.45
196300	0.45	0.51	0.51	0	0	0.45
196400	0.45	0.51	0.51	0	0	0.45
196500	0.45	0.51	0.51	0	0	0.45
196600	0.45	0.51	0.51	0	0	0.45
196700	0.45	0.51	0.51	0	0	0.45
196800	0.45	0.51	0.51	0	0	0.45
196900	0.45	0.51	0.51	0	0	0.45
197000	0.45	0.51	0.51	0	0	0.45
197100	0.45	0.51	0.51	0	0	0.45
197200	0.45	0.51	0.51	0	0	0.45
197300	0.46	0.51	0.51	0	0	0.46
197400	0.46	0.51	0.51	0	0	0.46
197500	0.46	0.51	0.51	0	0	0.46
197600	0.46	0.51	0.51	0	0	0.46
197700	0.46	0.51	0.51	0	0	0.46
197800	0.46	0.51	0.51	0	0	0.46
197900	0.46	0.49	0.49	0	0	0.46
198000	0.46	0.49	0.49	0	0	0.46
198100	0.46	0.49	0.49	0	0	0.46
198200	0.46	0.49	0.49	0	0	0.46
198300	0.46	0.49	0.49	0	0	0.46
198400	0.46	0.49	0.49	0	0	0.46
198500	0.46	0.49	0.49	0	0	0.46
198600	0.46	0.49	0.49	0	0	0.46
198700	0.46	0.49	0.49	0	0	0.46
198800	0.46	0.49	0.49	0	0	0.46
198900	0.46	0.49	0.49	0	0	0.46
199000	0.47	0.49	0.49	0	0	0.47
199100	0.45	0.49	0.49	0	0	0.45
199200	0.45	0.49	0.49	0	0	0.45
199300	0.45	0.49	0.49	0	0	0.45
199400	0.45	0.49	0.49	0	0	0.45
199500	0.45	0.49	0.49	0	0	0.45
199600	0.45	0.49	0.49	0	0	0.45
199700	0.45	0.49	0.49	0	0	0.45
199800	0.45	0.49	0.49	0	0	0.45
199900	0.45	0.49	0.49	0	0	0.45
200000	0.45	0.49	0.49	0	0	0.45
200100	0.45	0.49	0.49	0	0	0.45
200200	0.45	0.49	0.49	0	0	0.45
200300	0.45	0.49	0.49	0	0	0.45
200400	0.45	0.49	0.49	0	0	0.45
200500	0.45	0.49	0.49	0	0	0.45
200600	0.45	0.49	0.49	0	0	0.45
200700	0.45	0.49	0.49	0	0	0.45
200800	0.45	0.49	0.49	0	0	0.45
200900	0.45	0.49	0.49	0	0	0.45
201000	0.45	0.49	0.49	0	0	0.45
201100	0.45	0.49	0.49	0	0	0.45
201200	0.45	0.49	0.49	0	0	0.45
201300	0.45	0.49	0.49	0	0	0.45
201400	0.45	0.49	0.49	0	0	0.45
201500	0.45	0.49	0.49	0	0	0.45
201600	0.45	0.49	0.49	0	0	0.45
201700	0.45	0.49	0.49	0	0	0.45
201800	0.45	0.49	0.49	0	0	0.45
201900	0.45	0.49	0.49	0	0	0.45
202000	0.45	0.49	0.49	0	0	0.45
202100	0.45	0.49	0.49	0	0	0.45
202200	0.45	0.49	0.49	0	0	0.45
202300	0.45	0.49	0.49	0	0	0.45
202400	0.45	0.49	0.49	0	0	0.45
202500	0.45	0.48	0.48	0	0	0.45
202600	0.45	0.48	0.48	0	0	0.45
202700	0.45	0.48	0.48	0	0	0.45
202800	0.45	0.48	0.48	0	0	0.45
202900	0.45	0.48	0.48	0	0	0.45
203000	0.45	0.48	0.48	0	0	0.45
203100	0.45	0.47	0.47	0	0	0.45
203200	0.45	0.47	0.47	0	0	0.45
203300	0.45	0.47	0.47	0	0	0.45
203400	0.45	0.47	0.47	0	0	0.45
203500	0.45	0.48	0.48	0	0	0.45
203600	0.45	0.48	0.48	0	0	0.45
203700	0.45	0.48	0.48	0	0	0.45
203800	0.45	0.48	0.48	0	0	0.45
203900	0.45	0.48	0.48	0	0	0.45
204000	0.45	0.48	0.48	0	0	0.45
204100	0.45	0.48	0.48	0	0	0.45
204200	0.45	0.48	0.48	0	0	0.45
204300	0.45	0.48	0.48	0	0	0.45
204400	0.45	0.48	0.48	0	0	0.45
204500	0.45	0.48	0.48	0	0	0.45
204600	0.45	0.48	0.48	0	0	0.45
204700	0.45	0.48	0.48	0	0	0.45
204800	0.45	0.49	0.49	0	0	0.45
204900	0.45	0.49	0.49	0	0	0.45
205000	0.44	0.49	0.49	0	0	0.44
