100	0.12	0.08	0.08	0	0	0.12
200	0.15	0.1	0.1	0	0	0.15
300	0.14	0.12	0.12	0	0	0.14
400	0.14	0.13	0.13	0	0	0.14
500	0.16	0.13	0.13	0	0	0.16
600	0.16	0.12	0.12	0	0	0.16
700	0.16	0.12	0.12	0	0	0.16
800	0.17	0.13	0.13	0	0	0.17
900	0.17	0.11	0.11	0	0	0.17
1000	0.17	0.11	0.11	0	0	0.17
1100	0.17	0.12	0.12	0	0	0.17
1200	0.17	0.14	0.14	0	0	0.17
1300	0.17	0.16	0.16	0	0	0.17
1400	0.17	0.18	0.18	0	0	0.17
1500	0.18	0.18	0.18	0	0	0.18
1600	0.18	0.16	0.16	0	0	0.18
1700	0.19	0.14	0.14	0	0	0.19
1800	0.21	0.12	0.12	0	0	0.21
1900	0.22	0.12	0.12	0	0	0.22
2000	0.23	0.12	0.12	0	0	0.23
2100	0.24	0.14	0.14	0	0	0.24
2200	0.24	0.14	0.14	0	0	0.24
2300	0.24	0.14	0.14	0	0	0.24
2400	0.25	0.14	0.14	0	0	0.25
2500	0.24	0.14	0.14	0	0	0.24
2600	0.24	0.16	0.16	0	0	0.24
2700	0.24	0.16	0.16	0	0	0.24
2800	0.24	0.17	0.17	0	0	0.24
2900	0.25	0.18	0.18	0	0	0.25
3000	0.26	0.17	0.17	0	0	0.26
3100	0.23	0.17	0.17	0	0	0.23
3200	0.2	0.15	0.15	0	0	0.2
3300	0.18	0.15	0.15	0	0	0.18
3400	0.17	0.14	0.14	0	0	0.17
3500	0.17	0.14	0.14	0	0	0.17
3600	0.18	0.14	0.14	0	0	0.18
3700	0.17	0.14	0.14	0	0	0.17
3800	0.18	0.16	0.16	0	0	0.18
3900	0.19	0.17	0.17	0	0	0.19
4000	0.2	0.17	0.17	0	0	0.2
4100	0.2	0.17	0.17	0	0	0.2
4200	0.2	0.17	0.17	0	0	0.2
4300	0.21	0.17	0.17	0	0	0.21
4400	0.22	0.17	0.17	0	0	0.22
4500	0.24	0.17	0.17	0	0	0.24
4600	0.24	0.17	0.17	0	0	0.24
4700	0.24	0.18	0.18	0	0	0.24
4800	0.25	0.18	0.18	0	0	0.25
4900	0.23	0.17	0.17	0	0	0.23
5000	0.25	0.17	0.17	0	0	0.25
5100	0.24	0.17	0.17	0	0	0.24
5200	0.24	0.18	0.18	0	0	0.24
5300	0.23	0.18	0.18	0	0	0.23
5400	0.23	0.21	0.21	0	0	0.23
5500	0.23	0.2	0.2	0	0	0.23
5600	0.23	0.21	0.21	0	0	0.23
5700	0.24	0.19	0.19	0	0	0.24
5800	0.23	0.18	0.18	0	0	0.23
5900	0.23	0.19	0.19	0	0	0.23
6000	0.23	0.19	0.19	0	0	0.23
6100	0.23	0.18	0.18	0	0	0.23
6200	0.24	0.17	0.17	0	0	0.24
6300	0.24	0.18	0.18	0	0	0.24
6400	0.26	0.19	0.19	0	0	0.26
6500	0.27	0.19	0.19	0	0	0.27
6600	0.27	0.19	0.19	0	0	0.27
6700	0.27	0.21	0.21	0	0	0.27
6800	0.26	0.22	0.22	0	0	0.26
6900	0.26	0.23	0.23	0	0	0.26
7000	0.27	0.24	0.24	0	0	0.27
7100	0.29	0.25	0.25	0	0	0.29
7200	0.3	0.25	0.25	0	0	0.3
7300	0.3	0.25	0.25	0	0	0.3
7400	0.29	0.29	0.29	0	0	0.29
7500	0.29	0.28	0.28	0	0	0.29
7600	0.29	0.28	0.28	0	0	0.29
7700	0.28	0.25	0.25	0	0	0.28
7800	0.28	0.25	0.25	0	0	0.28
7900	0.27	0.24	0.24	0	0	0.27
8000	0.28	0.23	0.23	0	0	0.28
8100	0.28	0.24	0.24	0	0	0.28
8200	0.3	0.23	0.23	0	0	0.3
8300	0.3	0.23	0.23	0	0	0.3
8400	0.3	0.23	0.23	0	0	0.3
8500	0.31	0.24	0.24	0	0	0.31
8600	0.31	0.24	0.24	0	0	0.31
8700	0.31	0.24	0.24	0	0	0.31
8800	0.3	0.25	0.25	0	0	0.3
8900	0.31	0.26	0.26	0	0	0.31
9000	0.3	0.26	0.26	0	0	0.3
9100	0.31	0.27	0.27	0	0	0.31
9200	0.31	0.27	0.27	0	0	0.31
9300	0.31	0.26	0.26	0	0	0.31
9400	0.31	0.26	0.26	0	0	0.31
9500	0.32	0.25	0.25	0	0	0.32
9600	0.32	0.24	0.24	0	0	0.32
9700	0.33	0.25	0.25	0	0	0.33
9800	0.32	0.26	0.26	0	0	0.32
9900	0.32	0.26	0.26	0	0	0.32
10000	0.33	0.26	0.26	0	0	0.33
10100	0.33	0.26	0.26	0	0	0.33
10200	0.33	0.26	0.26	0	0	0.33
10300	0.33	0.27	0.27	0	0	0.33
10400	0.33	0.26	0.26	0	0	0.33
10500	0.33	0.26	0.26	0	0	0.33
10600	0.33	0.26	0.26	0	0	0.33
10700	0.33	0.26	0.26	0	0	0.33
10800	0.33	0.26	0.26	0	0	0.33
10900	0.33	0.26	0.26	0	0	0.33
11000	0.35	0.28	0.28	0	0	0.35
11100	0.35	0.29	0.29	0	0	0.35
11200	0.34	0.29	0.29	0	0	0.34
11300	0.34	0.29	0.29	0	0	0.34
11400	0.32	0.29	0.29	0	0	0.32
11500	0.32	0.31	0.31	0	0	0.32
11600	0.33	0.31	0.31	0	0	0.33
11700	0.33	0.31	0.31	0	0	0.33
11800	0.33	0.31	0.31	0	0	0.33
11900	0.34	0.3	0.3	0	0	0.34
12000	0.33	0.34	0.34	0	0	0.33
12100	0.33	0.32	0.32	0	0	0.33
12200	0.32	0.32	0.32	0	0	0.32
12300	0.31	0.32	0.32	0	0	0.31
12400	0.31	0.31	0.31	0	0	0.31
12500	0.31	0.31	0.31	0	0	0.31
12600	0.31	0.29	0.29	0	0	0.31
12700	0.31	0.29	0.29	0	0	0.31
12800	0.3	0.29	0.29	0	0	0.3
12900	0.3	0.29	0.29	0	0	0.3
13000	0.3	0.29	0.29	0	0	0.3
13100	0.31	0.3	0.3	0	0	0.31
13200	0.31	0.3	0.3	0	0	0.31
13300	0.31	0.3	0.3	0	0	0.31
13400	0.31	0.3	0.3	0	0	0.31
13500	0.31	0.3	0.3	0	0	0.31
13600	0.31	0.3	0.3	0	0	0.31
13700	0.32	0.29	0.29	0	0	0.32
13800	0.32	0.3	0.3	0	0	0.32
13900	0.32	0.31	0.31	0	0	0.32
14000	0.34	0.31	0.31	0	0	0.34
14100	0.34	0.31	0.31	0	0	0.34
14200	0.35	0.31	0.31	0	0	0.35
14300	0.35	0.31	0.31	0	0	0.35
14400	0.36	0.31	0.31	0	0	0.36
14500	0.37	0.32	0.32	0	0	0.37
14600	0.36	0.33	0.33	0	0	0.36
14700	0.36	0.33	0.33	0	0	0.36
14800	0.36	0.32	0.32	0	0	0.36
14900	0.36	0.32	0.32	0	0	0.36
15000	0.36	0.32	0.32	0	0	0.36
15100	0.36	0.32	0.32	0	0	0.36
15200	0.36	0.33	0.33	0	0	0.36
15300	0.36	0.34	0.34	0	0	0.36
15400	0.36	0.34	0.34	0	0	0.36
15500	0.36	0.35	0.35	0	0	0.36
15600	0.36	0.35	0.35	0	0	0.36
15700	0.36	0.34	0.34	0	0	0.36
15800	0.36	0.34	0.34	0	0	0.36
15900	0.36	0.34	0.34	0	0	0.36
16000	0.36	0.34	0.34	0	0	0.36
16100	0.35	0.35	0.35	0	0	0.35
16200	0.33	0.36	0.36	0	0	0.33
16300	0.33	0.36	0.36	0	0	0.33
16400	0.32	0.36	0.36	0	0	0.32
16500	0.3	0.36	0.36	0	0	0.3
16600	0.25	0.36	0.36	0	0	0.25
16700	0.26	0.35	0.35	0	0	0.26
16800	0.26	0.33	0.33	0	0	0.26
16900	0.27	0.33	0.33	0	0	0.27
17000	0.26	0.34	0.34	0	0	0.26
17100	0.26	0.35	0.35	0	0	0.26
17200	0.28	0.32	0.32	0	0	0.28
17300	0.28	0.31	0.31	0	0	0.28
17400	0.28	0.31	0.31	0	0	0.28
17500	0.28	0.32	0.32	0	0	0.28
17600	0.28	0.32	0.32	0	0	0.28
17700	0.28	0.32	0.32	0	0	0.28
17800	0.28	0.33	0.33	0	0	0.28
17900	0.29	0.34	0.34	0	0	0.29
18000	0.3	0.32	0.32	0	0	0.3
18100	0.29	0.3	0.3	0	0	0.29
18200	0.29	0.31	0.31	0	0	0.29
18300	0.29	0.31	0.31	0	0	0.29
18400	0.29	0.31	0.31	0	0	0.29
18500	0.29	0.31	0.31	0	0	0.29
18600	0.29	0.31	0.31	0	0	0.29
18700	0.29	0.31	0.31	0	0	0.29
18800	0.29	0.3	0.3	0	0	0.29
18900	0.29	0.3	0.3	0	0	0.29
19000	0.3	0.32	0.32	0	0	0.3
19100	0.3	0.33	0.33	0	0	0.3
19200	0.31	0.33	0.33	0	0	0.31
19300	0.31	0.33	0.33	0	0	0.31
19400	0.31	0.33	0.33	0	0	0.31
19500	0.33	0.33	0.33	0	0	0.33
19600	0.33	0.33	0.33	0	0	0.33
19700	0.33	0.33	0.33	0	0	0.33
19800	0.33	0.34	0.34	0	0	0.33
19900	0.33	0.35	0.35	0	0	0.33
20000	0.33	0.35	0.35	0	0	0.33
20100	0.33	0.35	0.35	0	0	0.33
20200	0.33	0.36	0.36	0	0	0.33
20300	0.33	0.37	0.37	0	0	0.33
20400	0.33	0.37	0.37	0	0	0.33
20500	0.33	0.36	0.36	0	0	0.33
20600	0.33	0.36	0.36	0	0	0.33
20700	0.33	0.36	0.36	0	0	0.33
20800	0.33	0.36	0.36	0	0	0.33
20900	0.33	0.36	0.36	0	0	0.33
21000	0.33	0.36	0.36	0	0	0.33
21100	0.33	0.37	0.37	0	0	0.33
21200	0.34	0.38	0.38	0	0	0.34
21300	0.34	0.38	0.38	0	0	0.34
21400	0.33	0.37	0.37	0	0	0.33
21500	0.34	0.37	0.37	0	0	0.34
21600	0.34	0.39	0.39	0	0	0.34
21700	0.34	0.38	0.38	0	0	0.34
21800	0.34	0.38	0.38	0	0	0.34
21900	0.34	0.39	0.39	0	0	0.34
22000	0.35	0.39	0.39	0	0	0.35
22100	0.35	0.39	0.39	0	0	0.35
22200	0.36	0.39	0.39	0	0	0.36
22300	0.35	0.39	0.39	0	0	0.35
22400	0.37	0.39	0.39	0	0	0.37
22500	0.38	0.39	0.39	0	0	0.38
22600	0.38	0.39	0.39	0	0	0.38
22700	0.37	0.39	0.39	0	0	0.37
22800	0.36	0.39	0.39	0	0	0.36
22900	0.36	0.39	0.39	0	0	0.36
23000	0.36	0.39	0.39	0	0	0.36
23100	0.37	0.39	0.39	0	0	0.37
23200	0.37	0.39	0.39	0	0	0.37
23300	0.38	0.39	0.39	0	0	0.38
23400	0.38	0.39	0.39	0	0	0.38
23500	0.38	0.4	0.4	0	0	0.38
23600	0.38	0.4	0.4	0	0	0.38
23700	0.38	0.4	0.4	0	0	0.38
23800	0.38	0.4	0.4	0	0	0.38
23900	0.37	0.41	0.41	0	0	0.37
24000	0.37	0.4	0.4	0	0	0.37
24100	0.36	0.4	0.4	0	0	0.36
24200	0.36	0.4	0.4	0	0	0.36
24300	0.36	0.4	0.4	0	0	0.36
24400	0.36	0.4	0.4	0	0	0.36
24500	0.37	0.4	0.4	0	0	0.37
24600	0.38	0.4	0.4	0	0	0.38
24700	0.38	0.41	0.41	0	0	0.38
24800	0.38	0.41	0.41	0	0	0.38
24900	0.38	0.42	0.42	0	0	0.38
25000	0.38	0.42	0.42	0	0	0.38
25100	0.38	0.42	0.42	0	0	0.38
25200	0.38	0.42	0.42	0	0	0.38
25300	0.38	0.41	0.41	0	0	0.38
25400	0.38	0.4	0.4	0	0	0.38
25500	0.39	0.4	0.4	0	0	0.39
25600	0.4	0.4	0.4	0	0	0.4
25700	0.4	0.4	0.4	0	0	0.4
25800	0.4	0.4	0.4	0	0	0.4
25900	0.4	0.4	0.4	0	0	0.4
26000	0.39	0.4	0.4	0	0	0.39
26100	0.39	0.4	0.4	0	0	0.39
26200	0.39	0.4	0.4	0	0	0.39
26300	0.39	0.4	0.4	0	0	0.39
26400	0.39	0.4	0.4	0	0	0.39
26500	0.39	0.4	0.4	0	0	0.39
26600	0.4	0.4	0.4	0	0	0.4
26700	0.4	0.4	0.4	0	0	0.4
26800	0.4	0.4	0.4	0	0	0.4
26900	0.39	0.4	0.4	0	0	0.39
27000	0.39	0.4	0.4	0	0	0.39
27100	0.39	0.41	0.41	0	0	0.39
27200	0.4	0.41	0.41	0	0	0.4
27300	0.39	0.41	0.41	0	0	0.39
27400	0.39	0.41	0.41	0	0	0.39
27500	0.39	0.41	0.41	0	0	0.39
27600	0.39	0.42	0.42	0	0	0.39
27700	0.39	0.42	0.42	0	0	0.39
27800	0.39	0.42	0.42	0	0	0.39
27900	0.39	0.41	0.41	0	0	0.39
28000	0.39	0.41	0.41	0	0	0.39
28100	0.39	0.41	0.41	0	0	0.39
28200	0.39	0.42	0.42	0	0	0.39
28300	0.39	0.42	0.42	0	0	0.39
28400	0.39	0.42	0.42	0	0	0.39
28500	0.39	0.42	0.42	0	0	0.39
28600	0.39	0.42	0.42	0	0	0.39
28700	0.39	0.42	0.42	0	0	0.39
28800	0.39	0.42	0.42	0	0	0.39
28900	0.39	0.42	0.42	0	0	0.39
29000	0.39	0.41	0.41	0	0	0.39
29100	0.39	0.4	0.4	0	0	0.39
29200	0.39	0.4	0.4	0	0	0.39
29300	0.39	0.4	0.4	0	0	0.39
29400	0.38	0.4	0.4	0	0	0.38
29500	0.38	0.4	0.4	0	0	0.38
29600	0.38	0.4	0.4	0	0	0.38
29700	0.39	0.4	0.4	0	0	0.39
29800	0.39	0.4	0.4	0	0	0.39
29900	0.39	0.4	0.4	0	0	0.39
30000	0.39	0.41	0.41	0	0	0.39
30100	0.39	0.41	0.41	0	0	0.39
30200	0.39	0.41	0.41	0	0	0.39
30300	0.39	0.41	0.41	0	0	0.39
30400	0.39	0.41	0.41	0	0	0.39
30500	0.38	0.41	0.41	0	0	0.38
30600	0.39	0.4	0.4	0	0	0.39
30700	0.39	0.4	0.4	0	0	0.39
30800	0.39	0.4	0.4	0	0	0.39
30900	0.39	0.39	0.39	0	0	0.39
31000	0.4	0.39	0.39	0	0	0.4
31100	0.4	0.39	0.39	0	0	0.4
31200	0.4	0.39	0.39	0	0	0.4
31300	0.4	0.39	0.39	0	0	0.4
31400	0.4	0.39	0.39	0	0	0.4
31500	0.4	0.39	0.39	0	0	0.4
31600	0.41	0.39	0.39	0	0	0.41
31700	0.4	0.39	0.39	0	0	0.4
31800	0.4	0.38	0.38	0	0	0.4
31900	0.4	0.38	0.38	0	0	0.4
32000	0.4	0.38	0.38	0	0	0.4
32100	0.4	0.37	0.37	0	0	0.4
32200	0.4	0.37	0.37	0	0	0.4
32300	0.4	0.37	0.37	0	0	0.4
32400	0.4	0.37	0.37	0	0	0.4
32500	0.4	0.37	0.37	0	0	0.4
32600	0.4	0.37	0.37	0	0	0.4
32700	0.4	0.38	0.38	0	0	0.4
32800	0.4	0.38	0.38	0	0	0.4
32900	0.4	0.38	0.38	0	0	0.4
33000	0.4	0.37	0.37	0	0	0.4
33100	0.4	0.37	0.37	0	0	0.4
33200	0.4	0.37	0.37	0	0	0.4
33300	0.4	0.37	0.37	0	0	0.4
33400	0.4	0.37	0.37	0	0	0.4
33500	0.4	0.37	0.37	0	0	0.4
33600	0.41	0.37	0.37	0	0	0.41
33700	0.4	0.38	0.38	0	0	0.4
33800	0.41	0.38	0.38	0	0	0.41
33900	0.4	0.39	0.39	0	0	0.4
34000	0.4	0.39	0.39	0	0	0.4
34100	0.4	0.39	0.39	0	0	0.4
34200	0.41	0.39	0.39	0	0	0.41
34300	0.41	0.39	0.39	0	0	0.41
34400	0.41	0.4	0.4	0	0	0.41
34500	0.41	0.39	0.39	0	0	0.41
34600	0.42	0.4	0.4	0	0	0.42
34700	0.42	0.4	0.4	0	0	0.42
34800	0.43	0.4	0.4	0	0	0.43
34900	0.43	0.39	0.39	0	0	0.43
35000	0.43	0.38	0.38	0	0	0.43
35100	0.43	0.38	0.38	0	0	0.43
35200	0.43	0.38	0.38	0	0	0.43
35300	0.43	0.38	0.38	0	0	0.43
35400	0.43	0.38	0.38	0	0	0.43
35500	0.43	0.38	0.38	0	0	0.43
35600	0.43	0.38	0.38	0	0	0.43
35700	0.44	0.38	0.38	0	0	0.44
35800	0.44	0.39	0.39	0	0	0.44
35900	0.44	0.4	0.4	0	0	0.44
36000	0.43	0.4	0.4	0	0	0.43
36100	0.43	0.4	0.4	0	0	0.43
36200	0.43	0.4	0.4	0	0	0.43
36300	0.43	0.4	0.4	0	0	0.43
36400	0.43	0.4	0.4	0	0	0.43
36500	0.43	0.4	0.4	0	0	0.43
36600	0.43	0.4	0.4	0	0	0.43
36700	0.43	0.4	0.4	0	0	0.43
36800	0.44	0.4	0.4	0	0	0.44
36900	0.43	0.41	0.41	0	0	0.43
37000	0.43	0.41	0.41	0	0	0.43
37100	0.44	0.41	0.41	0	0	0.44
37200	0.44	0.41	0.41	0	0	0.44
37300	0.44	0.41	0.41	0	0	0.44
37400	0.44	0.41	0.41	0	0	0.44
37500	0.44	0.41	0.41	0	0	0.44
37600	0.44	0.42	0.42	0	0	0.44
37700	0.44	0.42	0.42	0	0	0.44
37800	0.44	0.42	0.42	0	0	0.44
37900	0.44	0.42	0.42	0	0	0.44
38000	0.44	0.42	0.42	0	0	0.44
38100	0.44	0.42	0.42	0	0	0.44
38200	0.44	0.42	0.42	0	0	0.44
38300	0.44	0.42	0.42	0	0	0.44
38400	0.43	0.43	0.43	0	0	0.43
38500	0.43	0.44	0.44	0	0	0.43
38600	0.43	0.42	0.42	0	0	0.43
38700	0.43	0.42	0.42	0	0	0.43
38800	0.43	0.4	0.4	0	0	0.43
38900	0.43	0.4	0.4	0	0	0.43
39000	0.43	0.37	0.37	0	0	0.43
39100	0.43	0.37	0.37	0	0	0.43
39200	0.43	0.37	0.37	0	0	0.43
39300	0.43	0.36	0.36	0	0	0.43
39400	0.43	0.36	0.36	0	0	0.43
39500	0.43	0.37	0.37	0	0	0.43
39600	0.43	0.36	0.36	0	0	0.43
39700	0.42	0.35	0.35	0	0	0.42
39800	0.43	0.35	0.35	0	0	0.43
39900	0.42	0.35	0.35	0	0	0.42
40000	0.42	0.35	0.35	0	0	0.42
40100	0.42	0.35	0.35	0	0	0.42
40200	0.41	0.35	0.35	0	0	0.41
40300	0.41	0.36	0.36	0	0	0.41
40400	0.41	0.36	0.36	0	0	0.41
40500	0.41	0.36	0.36	0	0	0.41
40600	0.41	0.36	0.36	0	0	0.41
40700	0.41	0.35	0.35	0	0	0.41
40800	0.41	0.36	0.36	0	0	0.41
40900	0.41	0.37	0.37	0	0	0.41
41000	0.42	0.36	0.36	0	0	0.42
41100	0.42	0.36	0.36	0	0	0.42
41200	0.42	0.36	0.36	0	0	0.42
41300	0.43	0.36	0.36	0	0	0.43
41400	0.42	0.36	0.36	0	0	0.42
41500	0.42	0.35	0.35	0	0	0.42
41600	0.42	0.35	0.35	0	0	0.42
41700	0.42	0.35	0.35	0	0	0.42
41800	0.43	0.35	0.35	0	0	0.43
41900	0.43	0.35	0.35	0	0	0.43
42000	0.43	0.35	0.35	0	0	0.43
42100	0.43	0.35	0.35	0	0	0.43
42200	0.42	0.36	0.36	0	0	0.42
42300	0.42	0.36	0.36	0	0	0.42
42400	0.41	0.36	0.36	0	0	0.41
42500	0.41	0.37	0.37	0	0	0.41
42600	0.41	0.37	0.37	0	0	0.41
42700	0.41	0.36	0.36	0	0	0.41
42800	0.41	0.36	0.36	0	0	0.41
42900	0.4	0.35	0.35	0	0	0.4
43000	0.4	0.35	0.35	0	0	0.4
43100	0.4	0.35	0.35	0	0	0.4
43200	0.39	0.35	0.35	0	0	0.39
43300	0.39	0.35	0.35	0	0	0.39
43400	0.39	0.35	0.35	0	0	0.39
43500	0.39	0.36	0.36	0	0	0.39
43600	0.38	0.36	0.36	0	0	0.38
43700	0.39	0.36	0.36	0	0	0.39
43800	0.39	0.36	0.36	0	0	0.39
43900	0.39	0.36	0.36	0	0	0.39
44000	0.39	0.37	0.37	0	0	0.39
44100	0.39	0.38	0.38	0	0	0.39
44200	0.4	0.37	0.37	0	0	0.4
44300	0.39	0.37	0.37	0	0	0.39
44400	0.4	0.37	0.37	0	0	0.4
44500	0.4	0.37	0.37	0	0	0.4
44600	0.4	0.37	0.37	0	0	0.4
44700	0.4	0.37	0.37	0	0	0.4
44800	0.4	0.38	0.38	0	0	0.4
44900	0.41	0.37	0.37	0	0	0.41
45000	0.41	0.37	0.37	0	0	0.41
45100	0.41	0.38	0.38	0	0	0.41
45200	0.42	0.38	0.38	0	0	0.42
45300	0.42	0.39	0.39	0	0	0.42
45400	0.42	0.39	0.39	0	0	0.42
45500	0.42	0.39	0.39	0	0	0.42
45600	0.42	0.39	0.39	0	0	0.42
45700	0.42	0.4	0.4	0	0	0.42
45800	0.42	0.4	0.4	0	0	0.42
45900	0.42	0.4	0.4	0	0	0.42
46000	0.42	0.38	0.38	0	0	0.42
46100	0.42	0.38	0.38	0	0	0.42
46200	0.42	0.37	0.37	0	0	0.42
46300	0.41	0.37	0.37	0	0	0.41
46400	0.41	0.37	0.37	0	0	0.41
46500	0.41	0.37	0.37	0	0	0.41
46600	0.4	0.37	0.37	0	0	0.4
46700	0.4	0.37	0.37	0	0	0.4
46800	0.4	0.37	0.37	0	0	0.4
46900	0.4	0.37	0.37	0	0	0.4
47000	0.41	0.37	0.37	0	0	0.41
47100	0.41	0.37	0.37	0	0	0.41
47200	0.4	0.37	0.37	0	0	0.4
47300	0.38	0.38	0.38	0	0	0.38
47400	0.38	0.38	0.38	0	0	0.38
47500	0.37	0.38	0.38	0	0	0.37
47600	0.37	0.38	0.38	0	0	0.37
47700	0.37	0.38	0.38	0	0	0.37
47800	0.38	0.39	0.39	0	0	0.38
47900	0.37	0.4	0.4	0	0	0.37
48000	0.37	0.39	0.39	0	0	0.37
48100	0.37	0.39	0.39	0	0	0.37
48200	0.37	0.39	0.39	0	0	0.37
48300	0.37	0.4	0.4	0	0	0.37
48400	0.36	0.4	0.4	0	0	0.36
48500	0.37	0.4	0.4	0	0	0.37
48600	0.37	0.4	0.4	0	0	0.37
48700	0.37	0.4	0.4	0	0	0.37
48800	0.37	0.4	0.4	0	0	0.37
48900	0.37	0.4	0.4	0	0	0.37
49000	0.37	0.4	0.4	0	0	0.37
49100	0.37	0.4	0.4	0	0	0.37
49200	0.37	0.41	0.41	0	0	0.37
49300	0.37	0.4	0.4	0	0	0.37
49400	0.37	0.4	0.4	0	0	0.37
49500	0.37	0.4	0.4	0	0	0.37
49600	0.36	0.4	0.4	0	0	0.36
49700	0.36	0.41	0.41	0	0	0.36
49800	0.36	0.41	0.41	0	0	0.36
49900	0.36	0.41	0.41	0	0	0.36
50000	0.36	0.41	0.41	0	0	0.36
50100	0.36	0.41	0.41	0	0	0.36
50200	0.36	0.42	0.42	0	0	0.36
50300	0.36	0.42	0.42	0	0	0.36
50400	0.36	0.42	0.42	0	0	0.36
50500	0.36	0.42	0.42	0	0	0.36
50600	0.36	0.42	0.42	0	0	0.36
50700	0.37	0.42	0.42	0	0	0.37
50800	0.37	0.42	0.42	0	0	0.37
50900	0.37	0.42	0.42	0	0	0.37
51000	0.37	0.43	0.43	0	0	0.37
51100	0.38	0.43	0.43	0	0	0.38
51200	0.38	0.42	0.42	0	0	0.38
51300	0.38	0.42	0.42	0	0	0.38
51400	0.38	0.42	0.42	0	0	0.38
51500	0.38	0.43	0.43	0	0	0.38
51600	0.38	0.43	0.43	0	0	0.38
51700	0.38	0.43	0.43	0	0	0.38
51800	0.38	0.43	0.43	0	0	0.38
51900	0.37	0.43	0.43	0	0	0.37
52000	0.37	0.43	0.43	0	0	0.37
52100	0.37	0.43	0.43	0	0	0.37
52200	0.37	0.43	0.43	0	0	0.37
52300	0.37	0.43	0.43	0	0	0.37
52400	0.37	0.42	0.42	0	0	0.37
52500	0.37	0.42	0.42	0	0	0.37
52600	0.37	0.41	0.41	0	0	0.37
52700	0.37	0.41	0.41	0	0	0.37
52800	0.37	0.41	0.41	0	0	0.37
52900	0.37	0.41	0.41	0	0	0.37
53000	0.37	0.41	0.41	0	0	0.37
53100	0.37	0.41	0.41	0	0	0.37
53200	0.37	0.41	0.41	0	0	0.37
53300	0.38	0.41	0.41	0	0	0.38
53400	0.37	0.41	0.41	0	0	0.37
53500	0.37	0.41	0.41	0	0	0.37
53600	0.37	0.41	0.41	0	0	0.37
53700	0.37	0.41	0.41	0	0	0.37
53800	0.37	0.41	0.41	0	0	0.37
53900	0.37	0.42	0.42	0	0	0.37
54000	0.37	0.42	0.42	0	0	0.37
54100	0.38	0.41	0.41	0	0	0.38
54200	0.37	0.42	0.42	0	0	0.37
54300	0.37	0.42	0.42	0	0	0.37
54400	0.37	0.42	0.42	0	0	0.37
54500	0.37	0.41	0.41	0	0	0.37
54600	0.37	0.41	0.41	0	0	0.37
54700	0.37	0.41	0.41	0	0	0.37
54800	0.36	0.41	0.41	0	0	0.36
54900	0.36	0.41	0.41	0	0	0.36
55000	0.36	0.41	0.41	0	0	0.36
55100	0.36	0.42	0.42	0	0	0.36
55200	0.38	0.42	0.42	0	0	0.38
55300	0.37	0.42	0.42	0	0	0.37
55400	0.37	0.42	0.42	0	0	0.37
55500	0.37	0.42	0.42	0	0	0.37
55600	0.37	0.42	0.42	0	0	0.37
55700	0.37	0.42	0.42	0	0	0.37
55800	0.37	0.42	0.42	0	0	0.37
55900	0.37	0.42	0.42	0	0	0.37
56000	0.38	0.42	0.42	0	0	0.38
56100	0.38	0.42	0.42	0	0	0.38
56200	0.39	0.43	0.43	0	0	0.39
56300	0.38	0.43	0.43	0	0	0.38
56400	0.38	0.43	0.43	0	0	0.38
56500	0.38	0.43	0.43	0	0	0.38
56600	0.38	0.43	0.43	0	0	0.38
56700	0.38	0.43	0.43	0	0	0.38
56800	0.39	0.43	0.43	0	0	0.39
56900	0.4	0.43	0.43	0	0	0.4
57000	0.4	0.43	0.43	0	0	0.4
57100	0.4	0.43	0.43	0	0	0.4
57200	0.39	0.44	0.44	0	0	0.39
57300	0.39	0.44	0.44	0	0	0.39
57400	0.39	0.44	0.44	0	0	0.39
57500	0.39	0.45	0.45	0	0	0.39
57600	0.39	0.45	0.45	0	0	0.39
57700	0.39	0.45	0.45	0	0	0.39
57800	0.39	0.45	0.45	0	0	0.39
57900	0.39	0.45	0.45	0	0	0.39
58000	0.39	0.45	0.45	0	0	0.39
58100	0.39	0.45	0.45	0	0	0.39
58200	0.4	0.45	0.45	0	0	0.4
58300	0.4	0.45	0.45	0	0	0.4
58400	0.4	0.44	0.44	0	0	0.4
58500	0.39	0.44	0.44	0	0	0.39
58600	0.39	0.44	0.44	0	0	0.39
58700	0.4	0.44	0.44	0	0	0.4
58800	0.39	0.44	0.44	0	0	0.39
58900	0.37	0.44	0.44	0	0	0.37
59000	0.37	0.44	0.44	0	0	0.37
59100	0.37	0.44	0.44	0	0	0.37
59200	0.37	0.44	0.44	0	0	0.37
59300	0.37	0.42	0.42	0	0	0.37
59400	0.37	0.42	0.42	0	0	0.37
59500	0.36	0.42	0.42	0	0	0.36
59600	0.36	0.42	0.42	0	0	0.36
59700	0.36	0.4	0.4	0	0	0.36
59800	0.38	0.4	0.4	0	0	0.38
59900	0.38	0.39	0.39	0	0	0.38
60000	0.38	0.39	0.39	0	0	0.38
60100	0.38	0.39	0.39	0	0	0.38
60200	0.38	0.38	0.38	0	0	0.38
60300	0.38	0.38	0.38	0	0	0.38
60400	0.38	0.38	0.38	0	0	0.38
60500	0.38	0.38	0.38	0	0	0.38
60600	0.37	0.38	0.38	0	0	0.37
60700	0.37	0.38	0.38	0	0	0.37
60800	0.37	0.38	0.38	0	0	0.37
60900	0.37	0.38	0.38	0	0	0.37
61000	0.36	0.38	0.38	0	0	0.36
61100	0.36	0.38	0.38	0	0	0.36
61200	0.36	0.38	0.38	0	0	0.36
61300	0.37	0.38	0.38	0	0	0.37
61400	0.37	0.38	0.38	0	0	0.37
61500	0.37	0.37	0.37	0	0	0.37
61600	0.37	0.37	0.37	0	0	0.37
61700	0.37	0.36	0.36	0	0	0.37
61800	0.37	0.36	0.36	0	0	0.37
61900	0.37	0.36	0.36	0	0	0.37
62000	0.37	0.36	0.36	0	0	0.37
62100	0.36	0.37	0.37	0	0	0.36
62200	0.35	0.37	0.37	0	0	0.35
62300	0.35	0.37	0.37	0	0	0.35
62400	0.36	0.36	0.36	0	0	0.36
62500	0.36	0.36	0.36	0	0	0.36
62600	0.36	0.36	0.36	0	0	0.36
62700	0.36	0.37	0.37	0	0	0.36
62800	0.36	0.36	0.36	0	0	0.36
62900	0.37	0.36	0.36	0	0	0.37
63000	0.36	0.36	0.36	0	0	0.36
63100	0.36	0.36	0.36	0	0	0.36
63200	0.37	0.37	0.37	0	0	0.37
63300	0.37	0.36	0.36	0	0	0.37
63400	0.36	0.36	0.36	0	0	0.36
63500	0.36	0.35	0.35	0	0	0.36
63600	0.36	0.35	0.35	0	0	0.36
63700	0.37	0.36	0.36	0	0	0.37
63800	0.37	0.36	0.36	0	0	0.37
63900	0.37	0.36	0.36	0	0	0.37
64000	0.36	0.36	0.36	0	0	0.36
64100	0.36	0.36	0.36	0	0	0.36
64200	0.37	0.36	0.36	0	0	0.37
64300	0.37	0.36	0.36	0	0	0.37
64400	0.37	0.36	0.36	0	0	0.37
64500	0.37	0.37	0.37	0	0	0.37
64600	0.37	0.37	0.37	0	0	0.37
64700	0.37	0.37	0.37	0	0	0.37
64800	0.37	0.36	0.36	0	0	0.37
64900	0.38	0.36	0.36	0	0	0.38
65000	0.38	0.36	0.36	0	0	0.38
65100	0.38	0.36	0.36	0	0	0.38
65200	0.38	0.36	0.36	0	0	0.38
65300	0.38	0.36	0.36	0	0	0.38
65400	0.37	0.36	0.36	0	0	0.37
65500	0.37	0.36	0.36	0	0	0.37
65600	0.37	0.36	0.36	0	0	0.37
65700	0.38	0.36	0.36	0	0	0.38
65800	0.38	0.36	0.36	0	0	0.38
65900	0.38	0.35	0.35	0	0	0.38
66000	0.38	0.35	0.35	0	0	0.38
66100	0.38	0.37	0.37	0	0	0.38
66200	0.38	0.36	0.36	0	0	0.38
66300	0.38	0.36	0.36	0	0	0.38
66400	0.38	0.36	0.36	0	0	0.38
66500	0.38	0.36	0.36	0	0	0.38
66600	0.38	0.35	0.35	0	0	0.38
66700	0.38	0.34	0.34	0	0	0.38
66800	0.38	0.33	0.33	0	0	0.38
66900	0.38	0.32	0.32	0	0	0.38
67000	0.38	0.32	0.32	0	0	0.38
67100	0.38	0.33	0.33	0	0	0.38
67200	0.39	0.33	0.33	0	0	0.39
67300	0.39	0.34	0.34	0	0	0.39
67400	0.39	0.34	0.34	0	0	0.39
67500	0.4	0.34	0.34	0	0	0.4
67600	0.4	0.34	0.34	0	0	0.4
67700	0.4	0.34	0.34	0	0	0.4
67800	0.41	0.34	0.34	0	0	0.41
67900	0.41	0.34	0.34	0	0	0.41
68000	0.41	0.35	0.35	0	0	0.41
68100	0.41	0.35	0.35	0	0	0.41
68200	0.41	0.35	0.35	0	0	0.41
68300	0.41	0.35	0.35	0	0	0.41
68400	0.41	0.34	0.34	0	0	0.41
68500	0.41	0.34	0.34	0	0	0.41
68600	0.41	0.34	0.34	0	0	0.41
68700	0.41	0.33	0.33	0	0	0.41
68800	0.41	0.34	0.34	0	0	0.41
68900	0.42	0.33	0.33	0	0	0.42
69000	0.42	0.33	0.33	0	0	0.42
69100	0.42	0.33	0.33	0	0	0.42
69200	0.42	0.33	0.33	0	0	0.42
69300	0.42	0.34	0.34	0	0	0.42
69400	0.42	0.34	0.34	0	0	0.42
69500	0.42	0.34	0.34	0	0	0.42
69600	0.42	0.34	0.34	0	0	0.42
69700	0.42	0.35	0.35	0	0	0.42
69800	0.42	0.36	0.36	0	0	0.42
69900	0.43	0.36	0.36	0	0	0.43
70000	0.44	0.36	0.36	0	0	0.44
70100	0.44	0.36	0.36	0	0	0.44
70200	0.43	0.36	0.36	0	0	0.43
70300	0.42	0.36	0.36	0	0	0.42
70400	0.42	0.36	0.36	0	0	0.42
70500	0.41	0.36	0.36	0	0	0.41
70600	0.41	0.36	0.36	0	0	0.41
70700	0.41	0.36	0.36	0	0	0.41
70800	0.41	0.36	0.36	0	0	0.41
70900	0.41	0.36	0.36	0	0	0.41
71000	0.41	0.37	0.37	0	0	0.41
71100	0.41	0.37	0.37	0	0	0.41
71200	0.41	0.38	0.38	0	0	0.41
71300	0.41	0.38	0.38	0	0	0.41
71400	0.41	0.38	0.38	0	0	0.41
71500	0.41	0.38	0.38	0	0	0.41
71600	0.41	0.37	0.37	0	0	0.41
71700	0.42	0.37	0.37	0	0	0.42
71800	0.42	0.37	0.37	0	0	0.42
71900	0.42	0.37	0.37	0	0	0.42
72000	0.42	0.37	0.37	0	0	0.42
72100	0.42	0.37	0.37	0	0	0.42
72200	0.42	0.38	0.38	0	0	0.42
72300	0.42	0.38	0.38	0	0	0.42
72400	0.42	0.38	0.38	0	0	0.42
72500	0.42	0.38	0.38	0	0	0.42
72600	0.42	0.38	0.38	0	0	0.42
72700	0.42	0.38	0.38	0	0	0.42
72800	0.42	0.38	0.38	0	0	0.42
72900	0.42	0.38	0.38	0	0	0.42
73000	0.42	0.38	0.38	0	0	0.42
73100	0.42	0.38	0.38	0	0	0.42
73200	0.43	0.38	0.38	0	0	0.43
73300	0.43	0.38	0.38	0	0	0.43
73400	0.43	0.38	0.38	0	0	0.43
73500	0.43	0.38	0.38	0	0	0.43
73600	0.43	0.38	0.38	0	0	0.43
73700	0.43	0.38	0.38	0	0	0.43
73800	0.43	0.38	0.38	0	0	0.43
73900	0.43	0.38	0.38	0	0	0.43
74000	0.43	0.38	0.38	0	0	0.43
74100	0.43	0.38	0.38	0	0	0.43
74200	0.43	0.38	0.38	0	0	0.43
74300	0.43	0.38	0.38	0	0	0.43
74400	0.43	0.39	0.39	0	0	0.43
74500	0.43	0.39	0.39	0	0	0.43
74600	0.43	0.39	0.39	0	0	0.43
74700	0.44	0.39	0.39	0	0	0.44
74800	0.44	0.39	0.39	0	0	0.44
74900	0.45	0.39	0.39	0	0	0.45
75000	0.45	0.39	0.39	0	0	0.45
75100	0.45	0.39	0.39	0	0	0.45
75200	0.45	0.39	0.39	0	0	0.45
75300	0.45	0.39	0.39	0	0	0.45
75400	0.45	0.4	0.4	0	0	0.45
75500	0.44	0.39	0.39	0	0	0.44
75600	0.44	0.39	0.39	0	0	0.44
75700	0.44	0.4	0.4	0	0	0.44
75800	0.44	0.39	0.39	0	0	0.44
75900	0.44	0.39	0.39	0	0	0.44
76000	0.44	0.39	0.39	0	0	0.44
76100	0.44	0.39	0.39	0	0	0.44
76200	0.43	0.39	0.39	0	0	0.43
76300	0.43	0.39	0.39	0	0	0.43
76400	0.43	0.4	0.4	0	0	0.43
76500	0.43	0.4	0.4	0	0	0.43
76600	0.43	0.4	0.4	0	0	0.43
76700	0.43	0.4	0.4	0	0	0.43
76800	0.44	0.4	0.4	0	0	0.44
76900	0.44	0.4	0.4	0	0	0.44
77000	0.44	0.4	0.4	0	0	0.44
77100	0.44	0.4	0.4	0	0	0.44
77200	0.45	0.4	0.4	0	0	0.45
77300	0.45	0.4	0.4	0	0	0.45
77400	0.45	0.4	0.4	0	0	0.45
77500	0.45	0.4	0.4	0	0	0.45
77600	0.45	0.4	0.4	0	0	0.45
77700	0.45	0.4	0.4	0	0	0.45
77800	0.45	0.4	0.4	0	0	0.45
77900	0.45	0.4	0.4	0	0	0.45
78000	0.45	0.4	0.4	0	0	0.45
78100	0.45	0.4	0.4	0	0	0.45
78200	0.45	0.41	0.41	0	0	0.45
78300	0.45	0.41	0.41	0	0	0.45
78400	0.45	0.41	0.41	0	0	0.45
78500	0.45	0.41	0.41	0	0	0.45
78600	0.45	0.41	0.41	0	0	0.45
78700	0.45	0.4	0.4	0	0	0.45
78800	0.45	0.4	0.4	0	0	0.45
78900	0.45	0.4	0.4	0	0	0.45
79000	0.45	0.4	0.4	0	0	0.45
79100	0.45	0.4	0.4	0	0	0.45
79200	0.45	0.39	0.39	0	0	0.45
79300	0.45	0.39	0.39	0	0	0.45
79400	0.45	0.39	0.39	0	0	0.45
79500	0.45	0.39	0.39	0	0	0.45
79600	0.45	0.39	0.39	0	0	0.45
79700	0.45	0.39	0.39	0	0	0.45
