100	0.04	0.04	0.04	0	0	0.04
200	0.03	0.04	0.04	0	0	0.03
300	0.03	0.04	0.04	0	0	0.03
400	0.04	0.04	0.04	0	0	0.04
500	0.05	0.05	0.05	0	0	0.05
600	0.05	0.04	0.04	0	0	0.05
700	0.04	0.03	0.03	0	0	0.04
800	0.03	0.03	0.03	0	0	0.03
900	0.03	0.03	0.03	0	0	0.03
1000	0.01	0.04	0.04	0	0	0.01
1100	0.02	0.02	0.02	0	0	0.02
1200	0.02	0.02	0.02	0	0	0.02
1300	0.03	0.02	0.02	0	0	0.03
1400	0.02	0.02	0.02	0	0	0.02
1500	0.03	0.01	0.01	0	0	0.03
1600	0.05	0.01	0.01	0	0	0.05
1700	0.04	0.02	0.02	0	0	0.04
1800	0.04	0.02	0.02	0	0	0.04
1900	0.03	0.02	0.02	0	0	0.03
2000	0.03	0.04	0.04	0	0	0.03
2100	0.01	0.03	0.03	0	0	0.01
2200	0.02	0.03	0.03	0	0	0.02
2300	0.01	0.01	0.01	0	0	0.01
2400	0.02	0.02	0.02	0	0	0.02
2500	0.02	0.02	0.02	0	0	0.02
2600	0.02	0.02	0.02	0	0	0.02
2700	0.06	0.02	0.02	0	0	0.06
2800	0.07	0.03	0.03	0	0	0.07
2900	0.03	0.04	0.04	0	0	0.03
3000	0.05	0.04	0.04	0	0	0.05
3100	0.06	0.04	0.04	0	0	0.06
3200	0.06	0.04	0.04	0	0	0.06
3300	0.05	0.03	0.03	0	0	0.05
3400	0.02	0.01	0.01	0	0	0.02
3500	0.01	0.02	0.02	0	0	0.01
3600	0.01	0.02	0.02	0	0	0.01
3700	0.02	0.01	0.01	0	0	0.02
3800	0.02	0.01	0.01	0	0	0.02
3900	0.02	0	0	0	0	0.02
4000	0.05	0.01	0.01	0	0	0.05
4100	0.05	0.03	0.03	0	0	0.05
4200	0.02	0.03	0.03	0	0	0.02
4300	0.02	0.02	0.02	0	0	0.02
4400	0	0.01	0.01	0	0	0
4500	0.01	0.03	0.03	0	0	0.01
4600	0.03	0.03	0.03	0	0	0.03
4700	0.04	0.03	0.03	0	0	0.04
4800	0.04	0.04	0.04	0	0	0.04
4900	0.04	0.03	0.03	0	0	0.04
5000	0.03	0.01	0.01	0	0	0.03
5100	0.05	0	0	0	0	0.05
5200	0.05	0.02	0.02	0	0	0.05
5300	0.01	0.02	0.02	0	0	0.01
5400	0.02	0.01	0.01	0	0	0.02
5500	0.03	0	0	0	0	0.03
5600	0.02	0	0	0	0	0.02
5700	0.02	0	0	0	0	0.02
5800	0.02	0.01	0.01	0	0	0.02
5900	0.02	0.02	0.02	0	0	0.02
6000	0.03	0.02	0.02	0	0	0.03
6100	0.02	0.03	0.03	0	0	0.02
6200	0.03	0.05	0.05	0	0	0.03
6300	0.02	0.04	0.04	0	0	0.02
6400	0.02	0.04	0.04	0	0	0.02
6500	0.03	0.03	0.03	0	0	0.03
6600	0.03	0.04	0.04	0	0	0.03
6700	0.02	0.03	0.03	0	0	0.02
6800	0.05	0.02	0.02	0	0	0.05
6900	0.03	0.02	0.02	0	0	0.03
7000	0.02	0.01	0.01	0	0	0.02
7100	0.02	0.01	0.01	0	0	0.02
7200	0.02	0.01	0.01	0	0	0.02
7300	0.02	0.02	0.02	0	0	0.02
7400	0.01	0.02	0.02	0	0	0.01
7500	0	0.04	0.04	0	0	0
7600	0.01	0.06	0.06	0	0	0.01
7700	0.01	0.05	0.05	0	0	0.01
7800	0.03	0.04	0.04	0	0	0.03
7900	0.03	0.04	0.04	0	0	0.03
8000	0.04	0.03	0.03	0	0	0.04
8100	0.01	0.03	0.03	0	0	0.01
8200	0.02	0.02	0.02	0	0	0.02
8300	0.04	0.02	0.02	0	0	0.04
8400	0.04	0.02	0.02	0	0	0.04
8500	0.04	0.01	0.01	0	0	0.04
8600	0.01	0.01	0.01	0	0	0.01
8700	0.01	0.01	0.01	0	0	0.01
8800	0.01	0.02	0.02	0	0	0.01
8900	0.03	0.03	0.03	0	0	0.03
9000	0.05	0.02	0.02	0	0	0.05
9100	0.05	0.03	0.03	0	0	0.05
9200	0.05	0.03	0.03	0	0	0.05
9300	0.04	0.03	0.03	0	0	0.04
9400	0.04	0.02	0.02	0	0	0.04
9500	0.04	0.02	0.02	0	0	0.04
9600	0.04	0	0	0	0	0.04
9700	0.03	0.01	0.01	0	0	0.03
9800	0.04	0.01	0.01	0	0	0.04
9900	0.05	0.02	0.02	0	0	0.05
10000	0.03	0.03	0.03	0	0	0.03
10100	0.03	0.02	0.02	0	0	0.03
10200	0.03	0.03	0.03	0	0	0.03
10300	0.03	0	0	0	0	0.03
10400	0.02	0.02	0.02	0	0	0.02
10500	0.02	0.04	0.04	0	0	0.02
10600	0.04	0.04	0.04	0	0	0.04
10700	0.03	0.04	0.04	0	0	0.03
10800	0.03	0.05	0.05	0	0	0.03
10900	0.04	0.05	0.05	0	0	0.04
11000	0.03	0.05	0.05	0	0	0.03
11100	0.01	0.03	0.03	0	0	0.01
11200	0.01	0.03	0.03	0	0	0.01
11300	0.03	0.03	0.03	0	0	0.03
11400	0.05	0.01	0.01	0	0	0.05
11500	0.05	0.01	0.01	0	0	0.05
11600	0.06	0.01	0.01	0	0	0.06
11700	0.03	0.02	0.02	0	0	0.03
11800	0.05	0.05	0.05	0	0	0.05
11900	0.07	0.07	0.07	0	0	0.07
12000	0.08	0.07	0.07	0	0	0.08
12100	0.06	0.04	0.04	0	0	0.06
12200	0.04	0.04	0.04	0	0	0.04
12300	0.04	0.02	0.02	0	0	0.04
12400	0.04	0	0	0	0	0.04
12500	0.03	0.01	0.01	0	0	0.03
12600	0.02	0.02	0.02	0	0	0.02
12700	0.01	0.02	0.02	0	0	0.01
12800	0.01	0.03	0.03	0	0	0.01
12900	0.02	0.05	0.05	0	0	0.02
13000	0.03	0.04	0.04	0	0	0.03
13100	0.04	0.04	0.04	0	0	0.04
13200	0.04	0.05	0.05	0	0	0.04
13300	0.03	0.07	0.07	0	0	0.03
13400	0.04	0.06	0.06	0	0	0.04
13500	0.04	0.06	0.06	0	0	0.04
13600	0.02	0.04	0.04	0	0	0.02
13700	0.01	0.01	0.01	0	0	0.01
13800	0.03	0	0	0	0	0.03
13900	0.03	0.01	0.01	0	0	0.03
14000	0.03	0.03	0.03	0	0	0.03
14100	0.04	0.04	0.04	0	0	0.04
14200	0.04	0.02	0.02	0	0	0.04
14300	0.03	0.02	0.02	0	0	0.03
14400	0.01	0.01	0.01	0	0	0.01
14500	0	0	0	0	0	0
14600	0.01	0.02	0.02	0	0	0.01
14700	0.01	0.03	0.03	0	0	0.01
14800	0.01	0.04	0.04	0	0	0.01
14900	0.01	0.03	0.03	0	0	0.01
15000	0.01	0.02	0.02	0	0	0.01
15100	0.02	0.02	0.02	0	0	0.02
15200	0.01	0.01	0.01	0	0	0.01
15300	0.03	0.01	0.01	0	0	0.03
15400	0.04	0	0	0	0	0.04
15500	0.04	0.01	0.01	0	0	0.04
15600	0.06	0.01	0.01	0	0	0.06
15700	0.03	0.01	0.01	0	0	0.03
15800	0.05	0.01	0.01	0	0	0.05
15900	0.05	0.03	0.03	0	0	0.05
16000	0.02	0.02	0.02	0	0	0.02
16100	0.03	0.02	0.02	0	0	0.03
16200	0.02	0.03	0.03	0	0	0.02
16300	0.02	0.02	0.02	0	0	0.02
16400	0.01	0	0	0	0	0.01
16500	0.01	0	0	0	0	0.01
16600	0.02	0	0	0	0	0.02
16700	0.03	0	0	0	0	0.03
16800	0.03	0	0	0	0	0.03
16900	0.02	0	0	0	0	0.02
17000	0.01	0	0	0	0	0.01
17100	0	0.01	0.01	0	0	0
17200	0.01	0.02	0.02	0	0	0.01
17300	0.02	0.01	0.01	0	0	0.02
17400	0.01	0.01	0.01	0	0	0.01
17500	0.02	0.03	0.03	0	0	0.02
17600	0.03	0.03	0.03	0	0	0.03
17700	0.03	0.02	0.02	0	0	0.03
17800	0.03	0.01	0.01	0	0	0.03
17900	0.02	0.01	0.01	0	0	0.02
18000	0.03	0.01	0.01	0	0	0.03
18100	0.02	0.01	0.01	0	0	0.02
18200	0.02	0.01	0.01	0	0	0.02
18300	0.02	0.02	0.02	0	0	0.02
18400	0.02	0.03	0.03	0	0	0.02
18500	0.02	0.03	0.03	0	0	0.02
18600	0.02	0.02	0.02	0	0	0.02
18700	0.03	0.02	0.02	0	0	0.03
18800	0.02	0.02	0.02	0	0	0.02
18900	0.03	0.01	0.01	0	0	0.03
19000	0.03	0.01	0.01	0	0	0.03
19100	0.04	0	0	0	0	0.04
19200	0.03	0.01	0.01	0	0	0.03
19300	0.02	0.01	0.01	0	0	0.02
19400	0.02	0.03	0.03	0	0	0.02
19500	0.02	0.04	0.04	0	0	0.02
19600	0.03	0.04	0.04	0	0	0.03
19700	0.04	0.02	0.02	0	0	0.04
19800	0.03	0.02	0.02	0	0	0.03
19900	0.01	0.01	0.01	0	0	0.01
20000	0.02	0.01	0.01	0	0	0.02
20100	0.03	0.02	0.02	0	0	0.03
20200	0.03	0.03	0.03	0	0	0.03
20300	0.02	0.02	0.02	0	0	0.02
20400	0.01	0.02	0.02	0	0	0.01
20500	0.02	0.02	0.02	0	0	0.02
20600	0.02	0.02	0.02	0	0	0.02
20700	0.02	0.02	0.02	0	0	0.02
20800	0.02	0.02	0.02	0	0	0.02
20900	0	0.02	0.02	0	0	0
21000	0.01	0	0	0	0	0.01
21100	0.04	0.02	0.02	0	0	0.04
21200	0.03	0.03	0.03	0	0	0.03
21300	0.03	0.03	0.03	0	0	0.03
21400	0.02	0.03	0.03	0	0	0.02
21500	0.03	0.04	0.04	0	0	0.03
21600	0.04	0.04	0.04	0	0	0.04
21700	0.04	0.04	0.04	0	0	0.04
21800	0.02	0.02	0.02	0	0	0.02
21900	0.01	0.03	0.03	0	0	0.01
22000	0.01	0.06	0.06	0	0	0.01
22100	0.02	0.08	0.08	0	0	0.02
22200	0.02	0.08	0.08	0	0	0.02
22300	0.02	0.08	0.08	0	0	0.02
22400	0.04	0.08	0.08	0	0	0.04
22500	0.02	0.06	0.06	0	0	0.02
22600	0.04	0.06	0.06	0	0	0.04
22700	0.04	0.06	0.06	0	0	0.04
22800	0.01	0.06	0.06	0	0	0.01
22900	0.01	0.02	0.02	0	0	0.01
23000	0.02	0.02	0.02	0	0	0.02
23100	0.02	0.02	0.02	0	0	0.02
23200	0.03	0.01	0.01	0	0	0.03
23300	0.03	0.02	0.02	0	0	0.03
23400	0.03	0.02	0.02	0	0	0.03
23500	0.01	0.02	0.02	0	0	0.01
23600	0	0.01	0.01	0	0	0
23700	0.02	0	0	0	0	0.02
23800	0.04	0.01	0.01	0	0	0.04
23900	0.04	0.01	0.01	0	0	0.04
24000	0.03	0.02	0.02	0	0	0.03
24100	0.02	0.03	0.03	0	0	0.02
24200	0.03	0.03	0.03	0	0	0.03
24300	0.03	0.03	0.03	0	0	0.03
24400	0.03	0.03	0.03	0	0	0.03
24500	0.03	0.02	0.02	0	0	0.03
24600	0.02	0.03	0.03	0	0	0.02
24700	0.01	0.01	0.01	0	0	0.01
24800	0.03	0.02	0.02	0	0	0.03
24900	0.02	0.03	0.03	0	0	0.02
25000	0.02	0.03	0.03	0	0	0.02
25100	0.02	0.02	0.02	0	0	0.02
25200	0.02	0.04	0.04	0	0	0.02
25300	0.01	0.03	0.03	0	0	0.01
25400	0.01	0.01	0.01	0	0	0.01
25500	0.02	0	0	0	0	0.02
25600	0.02	0	0	0	0	0.02
25700	0.03	0.01	0.01	0	0	0.03
25800	0.02	0.01	0.01	0	0	0.02
25900	0	0	0	0	0	0
26000	0.01	0	0	0	0	0.01
26100	0.02	0.01	0.01	0	0	0.02
26200	0.03	0.02	0.02	0	0	0.03
26300	0.03	0.01	0.01	0	0	0.03
26400	0.06	0.02	0.02	0	0	0.06
26500	0.06	0.02	0.02	0	0	0.06
26600	0.06	0.03	0.03	0	0	0.06
26700	0.05	0.04	0.04	0	0	0.05
26800	0.04	0.03	0.03	0	0	0.04
26900	0.05	0.03	0.03	0	0	0.05
27000	0.03	0.02	0.02	0	0	0.03
27100	0.02	0	0	0	0	0.02
27200	0.01	0	0	0	0	0.01
27300	0.02	0.02	0.02	0	0	0.02
27400	0.03	0.03	0.03	0	0	0.03
27500	0.03	0.03	0.03	0	0	0.03
27600	0.02	0.05	0.05	0	0	0.02
27700	0.03	0.05	0.05	0	0	0.03
27800	0.04	0.05	0.05	0	0	0.04
27900	0.03	0.04	0.04	0	0	0.03
28000	0.02	0.02	0.02	0	0	0.02
28100	0.02	0.02	0.02	0	0	0.02
28200	0.02	0.03	0.03	0	0	0.02
28300	0	0.03	0.03	0	0	0
28400	0.01	0.02	0.02	0	0	0.01
28500	0.01	0.01	0.01	0	0	0.01
28600	0.01	0.02	0.02	0	0	0.01
28700	0.01	0.03	0.03	0	0	0.01
28800	0.01	0.05	0.05	0	0	0.01
28900	0.01	0.04	0.04	0	0	0.01
29000	0.01	0.05	0.05	0	0	0.01
29100	0.01	0.04	0.04	0	0	0.01
29200	0.02	0.03	0.03	0	0	0.02
29300	0.02	0.03	0.03	0	0	0.02
29400	0.02	0.03	0.03	0	0	0.02
29500	0.03	0.03	0.03	0	0	0.03
29600	0.02	0.03	0.03	0	0	0.02
29700	0.03	0.03	0.03	0	0	0.03
29800	0.02	0.03	0.03	0	0	0.02
29900	0.02	0	0	0	0	0.02
30000	0.01	0.02	0.02	0	0	0.01
30100	0.02	0.04	0.04	0	0	0.02
30200	0.04	0.07	0.07	0	0	0.04
30300	0.03	0.06	0.06	0	0	0.03
30400	0.03	0.06	0.06	0	0	0.03
30500	0.03	0.06	0.06	0	0	0.03
30600	0.03	0.05	0.05	0	0	0.03
30700	0.02	0.04	0.04	0	0	0.02
30800	0	0.04	0.04	0	0	0
30900	0.01	0.03	0.03	0	0	0.01
31000	0.01	0.04	0.04	0	0	0.01
31100	0.02	0.04	0.04	0	0	0.02
31200	0.04	0.04	0.04	0	0	0.04
31300	0.06	0.06	0.06	0	0	0.06
31400	0.05	0.06	0.06	0	0	0.05
31500	0.05	0.05	0.05	0	0	0.05
31600	0.05	0.05	0.05	0	0	0.05
31700	0.06	0.05	0.05	0	0	0.06
31800	0.04	0.05	0.05	0	0	0.04
31900	0.02	0.06	0.06	0	0	0.02
32000	0.02	0.06	0.06	0	0	0.02
32100	0.02	0.08	0.08	0	0	0.02
32200	0.03	0.08	0.08	0	0	0.03
32300	0.02	0.06	0.06	0	0	0.02
32400	0.03	0.07	0.07	0	0	0.03
32500	0.03	0.07	0.07	0	0	0.03
32600	0.02	0.08	0.08	0	0	0.02
32700	0.01	0.08	0.08	0	0	0.01
32800	0.01	0.07	0.07	0	0	0.01
32900	0	0.12	0.12	0	0	0
33000	0.02	0.11	0.11	0	0	0.02
33100	0.02	0.13	0.13	0	0	0.02
33200	0.02	0.13	0.13	0	0	0.02
33300	0.03	0.13	0.13	0	0	0.03
33400	0.01	0.15	0.15	0	0	0.01
33500	0.01	0.16	0.16	0	0	0.01
33600	0.02	0.16	0.16	0	0	0.02
33700	0.02	0.16	0.16	0	0	0.02
33800	0.03	0.17	0.17	0	0	0.03
33900	0.02	0.16	0.16	0	0	0.02
34000	0.02	0.16	0.16	0	0	0.02
34100	0.02	0.18	0.18	0	0	0.02
34200	0.02	0.19	0.19	0	0	0.02
34300	0.01	0.2	0.2	0	0	0.01
34400	0.01	0.21	0.21	0	0	0.01
34500	0	0.21	0.21	0	0	0
34600	0.01	0.21	0.21	0	0	0.01
34700	0.02	0.22	0.22	0	0	0.02
34800	0.03	0.23	0.23	0	0	0.03
34900	0.03	0.22	0.22	0	0	0.03
35000	0.03	0.22	0.22	0	0	0.03
35100	0.04	0.21	0.21	0	0	0.04
35200	0.04	0.19	0.19	0	0	0.04
35300	0.05	0.21	0.21	0	0	0.05
35400	0.04	0.2	0.2	0	0	0.04
35500	0.02	0.19	0.19	0	0	0.02
35600	0.03	0.19	0.19	0	0	0.03
35700	0.02	0.17	0.17	0	0	0.02
35800	0.02	0.17	0.17	0	0	0.02
35900	0.02	0.18	0.18	0	0	0.02
36000	0.03	0.18	0.18	0	0	0.03
36100	0.01	0.19	0.19	0	0	0.01
36200	0.02	0.2	0.2	0	0	0.02
36300	0.03	0.21	0.21	0	0	0.03
36400	0.03	0.21	0.21	0	0	0.03
36500	0.02	0.22	0.22	0	0	0.02
36600	0.04	0.22	0.22	0	0	0.04
36700	0.05	0.22	0.22	0	0	0.05
36800	0.05	0.21	0.21	0	0	0.05
36900	0.04	0.2	0.2	0	0	0.04
37000	0.05	0.2	0.2	0	0	0.05
37100	0.04	0.19	0.19	0	0	0.04
37200	0.03	0.19	0.19	0	0	0.03
37300	0.01	0.19	0.19	0	0	0.01
37400	0.01	0.17	0.17	0	0	0.01
37500	0.03	0.17	0.17	0	0	0.03
37600	0.03	0.17	0.17	0	0	0.03
37700	0.03	0.17	0.17	0	0	0.03
37800	0.03	0.17	0.17	0	0	0.03
37900	0.03	0.17	0.17	0	0	0.03
38000	0.03	0.18	0.18	0	0	0.03
38100	0.02	0.18	0.18	0	0	0.02
38200	0.02	0.18	0.18	0	0	0.02
38300	0	0.18	0.18	0	0	0
38400	0	0.18	0.18	0	0	0
38500	0	0.17	0.17	0	0	0
38600	0.01	0.19	0.19	0	0	0.01
38700	0	0.19	0.19	0	0	0
38800	0	0.2	0.2	0	0	0
38900	0.01	0.21	0.21	0	0	0.01
39000	0.01	0.22	0.22	0	0	0.01
39100	0.01	0.2	0.2	0	0	0.01
39200	0.02	0.2	0.2	0	0	0.02
39300	0.04	0.2	0.2	0	0	0.04
39400	0.05	0.2	0.2	0	0	0.05
39500	0.04	0.2	0.2	0	0	0.04
39600	0.04	0.22	0.22	0	0	0.04
39700	0.03	0.23	0.23	0	0	0.03
39800	0.03	0.24	0.24	0	0	0.03
39900	0.02	0.24	0.24	0	0	0.02
40000	0.02	0.24	0.24	0	0	0.02
40100	0.04	0.22	0.22	0	0	0.04
40200	0.06	0.22	0.22	0	0	0.06
40300	0.07	0.23	0.23	0	0	0.07
40400	0.07	0.23	0.23	0	0	0.07
40500	0.06	0.24	0.24	0	0	0.06
40600	0.05	0.24	0.24	0	0	0.05
40700	0.03	0.24	0.24	0	0	0.03
40800	0.02	0.23	0.23	0	0	0.02
40900	0.02	0.23	0.23	0	0	0.02
41000	0.05	0.23	0.23	0	0	0.05
41100	0.04	0.21	0.21	0	0	0.04
41200	0.04	0.21	0.21	0	0	0.04
41300	0.03	0.21	0.21	0	0	0.03
41400	0.03	0.21	0.21	0	0	0.03
41500	0.02	0.22	0.22	0	0	0.02
41600	0.02	0.23	0.23	0	0	0.02
41700	0.02	0.22	0.22	0	0	0.02
41800	0.01	0.22	0.22	0	0	0.01
41900	0.01	0.21	0.21	0	0	0.01
42000	0	0.21	0.21	0	0	0
42100	0.01	0.22	0.22	0	0	0.01
42200	0.02	0.22	0.22	0	0	0.02
42300	0.03	0.22	0.22	0	0	0.03
42400	0.03	0.23	0.23	0	0	0.03
42500	0.03	0.22	0.22	0	0	0.03
42600	0.03	0.23	0.23	0	0	0.03
42700	0.03	0.24	0.24	0	0	0.03
42800	0.02	0.24	0.24	0	0	0.02
42900	0.02	0.23	0.23	0	0	0.02
43000	0.01	0.23	0.23	0	0	0.01
43100	0.01	0.22	0.22	0	0	0.01
43200	0	0.26	0.26	0	0	0
43300	0	0.26	0.26	0	0	0
43400	0.01	0.26	0.26	0	0	0.01
43500	0.01	0.26	0.26	0	0	0.01
43600	0.03	0.25	0.25	0	0	0.03
43700	0.02	0.25	0.25	0	0	0.02
43800	0.03	0.25	0.25	0	0	0.03
43900	0.04	0.25	0.25	0	0	0.04
44000	0.01	0.26	0.26	0	0	0.01
44100	0.01	0.26	0.26	0	0	0.01
44200	0.03	0.26	0.26	0	0	0.03
44300	0.04	0.27	0.27	0	0	0.04
44400	0.04	0.27	0.27	0	0	0.04
44500	0.03	0.27	0.27	0	0	0.03
44600	0.04	0.27	0.27	0	0	0.04
44700	0.02	0.27	0.27	0	0	0.02
44800	0.01	0.26	0.26	0	0	0.01
44900	0.01	0.26	0.26	0	0	0.01
45000	0.04	0.26	0.26	0	0	0.04
45100	0.03	0.27	0.27	0	0	0.03
45200	0.04	0.27	0.27	0	0	0.04
45300	0.01	0.28	0.28	0	0	0.01
45400	0.02	0.28	0.28	0	0	0.02
45500	0.01	0.28	0.28	0	0	0.01
45600	0.01	0.29	0.29	0	0	0.01
45700	0.03	0.29	0.29	0	0	0.03
45800	0.02	0.29	0.29	0	0	0.02
45900	0.02	0.3	0.3	0	0	0.02
46000	0.03	0.31	0.31	0	0	0.03
46100	0.03	0.33	0.33	0	0	0.03
46200	0.03	0.33	0.33	0	0	0.03
46300	0.03	0.33	0.33	0	0	0.03
46400	0.04	0.33	0.33	0	0	0.04
46500	0.02	0.34	0.34	0	0	0.02
46600	0.02	0.35	0.35	0	0	0.02
46700	0.02	0.34	0.34	0	0	0.02
46800	0.01	0.33	0.33	0	0	0.01
46900	0.02	0.35	0.35	0	0	0.02
47000	0.02	0.36	0.36	0	0	0.02
47100	0.03	0.35	0.35	0	0	0.03
47200	0.04	0.34	0.34	0	0	0.04
47300	0.04	0.33	0.33	0	0	0.04
47400	0.04	0.33	0.33	0	0	0.04
47500	0.04	0.33	0.33	0	0	0.04
47600	0.04	0.33	0.33	0	0	0.04
47700	0.03	0.34	0.34	0	0	0.03
47800	0.02	0.33	0.33	0	0	0.02
47900	0.02	0.33	0.33	0	0	0.02
48000	0.05	0.33	0.33	0	0	0.05
48100	0.03	0.33	0.33	0	0	0.03
48200	0.05	0.33	0.33	0	0	0.05
48300	0.06	0.33	0.33	0	0	0.06
48400	0.08	0.33	0.33	0	0	0.08
48500	0.04	0.33	0.33	0	0	0.04
48600	0.02	0.33	0.33	0	0	0.02
48700	0.03	0.33	0.33	0	0	0.03
48800	0.01	0.34	0.34	0	0	0.01
48900	0	0.34	0.34	0	0	0
49000	0	0.33	0.33	0	0	0
49100	0	0.34	0.34	0	0	0
49200	0.02	0.34	0.34	0	0	0.02
49300	0	0.34	0.34	0	0	0
49400	0.02	0.34	0.34	0	0	0.02
49500	0.03	0.33	0.33	0	0	0.03
49600	0.03	0.33	0.33	0	0	0.03
49700	0.04	0.33	0.33	0	0	0.04
49800	0.03	0.33	0.33	0	0	0.03
49900	0.02	0.33	0.33	0	0	0.02
50000	0.02	0.34	0.34	0	0	0.02
50100	0.02	0.35	0.35	0	0	0.02
50200	0.01	0.35	0.35	0	0	0.01
50300	0.01	0.34	0.34	0	0	0.01
50400	0.01	0.34	0.34	0	0	0.01
50500	0.02	0.33	0.33	0	0	0.02
50600	0.02	0.33	0.33	0	0	0.02
50700	0.05	0.33	0.33	0	0	0.05
50800	0.06	0.33	0.33	0	0	0.06
50900	0.07	0.33	0.33	0	0	0.07
51000	0.06	0.33	0.33	0	0	0.06
51100	0.04	0.33	0.33	0	0	0.04
51200	0.07	0.33	0.33	0	0	0.07
51300	0.06	0.33	0.33	0	0	0.06
51400	0.07	0.34	0.34	0	0	0.07
51500	0.06	0.34	0.34	0	0	0.06
51600	0.05	0.33	0.33	0	0	0.05
51700	0.04	0.33	0.33	0	0	0.04
51800	0.02	0.35	0.35	0	0	0.02
51900	0.01	0.35	0.35	0	0	0.01
52000	0.02	0.36	0.36	0	0	0.02
52100	0.03	0.36	0.36	0	0	0.03
52200	0.03	0.36	0.36	0	0	0.03
52300	0.03	0.36	0.36	0	0	0.03
52400	0.04	0.36	0.36	0	0	0.04
52500	0.05	0.36	0.36	0	0	0.05
52600	0.02	0.36	0.36	0	0	0.02
52700	0.02	0.36	0.36	0	0	0.02
52800	0.03	0.36	0.36	0	0	0.03
52900	0.03	0.36	0.36	0	0	0.03
53000	0.04	0.36	0.36	0	0	0.04
53100	0.02	0.36	0.36	0	0	0.02
53200	0.03	0.36	0.36	0	0	0.03
53300	0.02	0.36	0.36	0	0	0.02
53400	0	0.37	0.37	0	0	0
53500	0	0.37	0.37	0	0	0
53600	0	0.37	0.37	0	0	0
53700	0.02	0.37	0.37	0	0	0.02
53800	0.02	0.37	0.37	0	0	0.02
53900	0.02	0.37	0.37	0	0	0.02
54000	0.03	0.37	0.37	0	0	0.03
54100	0.02	0.38	0.38	0	0	0.02
54200	0.03	0.38	0.38	0	0	0.03
54300	0.02	0.38	0.38	0	0	0.02
54400	0.02	0.38	0.38	0	0	0.02
54500	0.02	0.38	0.38	0	0	0.02
54600	0.02	0.38	0.38	0	0	0.02
54700	0.01	0.39	0.39	0	0	0.01
54800	0.01	0.39	0.39	0	0	0.01
54900	0.03	0.39	0.39	0	0	0.03
55000	0.03	0.39	0.39	0	0	0.03
55100	0.03	0.4	0.4	0	0	0.03
55200	0.02	0.4	0.4	0	0	0.02
55300	0.01	0.39	0.39	0	0	0.01
55400	0	0.39	0.39	0	0	0
55500	0.01	0.39	0.39	0	0	0.01
55600	0.01	0.39	0.39	0	0	0.01
55700	0.01	0.4	0.4	0	0	0.01
55800	0.01	0.4	0.4	0	0	0.01
55900	0.02	0.4	0.4	0	0	0.02
56000	0.01	0.39	0.39	0	0	0.01
56100	0	0.38	0.38	0	0	0
56200	0	0.38	0.38	0	0	0
56300	0	0.38	0.38	0	0	0
56400	0.01	0.38	0.38	0	0	0.01
56500	0.02	0.38	0.38	0	0	0.02
56600	0.01	0.38	0.38	0	0	0.01
56700	0.03	0.38	0.38	0	0	0.03
56800	0.02	0.38	0.38	0	0	0.02
56900	0.02	0.38	0.38	0	0	0.02
57000	0.03	0.38	0.38	0	0	0.03
57100	0.03	0.38	0.38	0	0	0.03
57200	0.03	0.38	0.38	0	0	0.03
57300	0.04	0.38	0.38	0	0	0.04
57400	0.05	0.38	0.38	0	0	0.05
57500	0.05	0.4	0.4	0	0	0.05
57600	0.05	0.4	0.4	0	0	0.05
57700	0.03	0.39	0.39	0	0	0.03
57800	0.03	0.39	0.39	0	0	0.03
57900	0.02	0.39	0.39	0	0	0.02
58000	0	0.39	0.39	0	0	0
58100	0.01	0.39	0.39	0	0	0.01
58200	0	0.39	0.39	0	0	0
58300	0	0.39	0.39	0	0	0
58400	0	0.4	0.4	0	0	0
58500	0	0.4	0.4	0	0	0
58600	0.01	0.39	0.39	0	0	0.01
58700	0.02	0.39	0.39	0	0	0.02
58800	0.04	0.39	0.39	0	0	0.04
58900	0.04	0.39	0.39	0	0	0.04
59000	0.02	0.39	0.39	0	0	0.02
59100	0.03	0.39	0.39	0	0	0.03
59200	0.02	0.39	0.39	0	0	0.02
59300	0.05	0.39	0.39	0	0	0.05
59400	0.04	0.39	0.39	0	0	0.04
59500	0.03	0.41	0.41	0	0	0.03
59600	0.01	0.41	0.41	0	0	0.01
59700	0.01	0.41	0.41	0	0	0.01
59800	0.03	0.41	0.41	0	0	0.03
59900	0.03	0.41	0.41	0	0	0.03
60000	0.04	0.41	0.41	0	0	0.04
60100	0.04	0.41	0.41	0	0	0.04
60200	0.03	0.41	0.41	0	0	0.03
60300	0.03	0.41	0.41	0	0	0.03
60400	0.04	0.41	0.41	0	0	0.04
60500	0.03	0.42	0.42	0	0	0.03
60600	0.03	0.41	0.41	0	0	0.03
60700	0.03	0.41	0.41	0	0	0.03
60800	0.04	0.41	0.41	0	0	0.04
60900	0.03	0.41	0.41	0	0	0.03
61000	0	0.41	0.41	0	0	0
61100	0	0.41	0.41	0	0	0
61200	0.01	0.41	0.41	0	0	0.01
61300	0.02	0.4	0.4	0	0	0.02
61400	0.02	0.4	0.4	0	0	0.02
61500	0.04	0.41	0.41	0	0	0.04
61600	0.04	0.41	0.41	0	0	0.04
61700	0.07	0.41	0.41	0	0	0.07
61800	0.05	0.41	0.41	0	0	0.05
61900	0.04	0.41	0.41	0	0	0.04
62000	0.02	0.41	0.41	0	0	0.02
62100	0.02	0.41	0.41	0	0	0.02
62200	0.04	0.41	0.41	0	0	0.04
62300	0.04	0.41	0.41	0	0	0.04
62400	0.04	0.41	0.41	0	0	0.04
62500	0.04	0.41	0.41	0	0	0.04
62600	0.04	0.41	0.41	0	0	0.04
62700	0.04	0.41	0.41	0	0	0.04
62800	0.04	0.41	0.41	0	0	0.04
62900	0.03	0.41	0.41	0	0	0.03
63000	0.03	0.41	0.41	0	0	0.03
63100	0.02	0.41	0.41	0	0	0.02
63200	0.03	0.42	0.42	0	0	0.03
63300	0.03	0.42	0.42	0	0	0.03
63400	0.01	0.42	0.42	0	0	0.01
63500	0.03	0.43	0.43	0	0	0.03
63600	0.03	0.43	0.43	0	0	0.03
63700	0.04	0.43	0.43	0	0	0.04
63800	0.03	0.43	0.43	0	0	0.03
63900	0.04	0.43	0.43	0	0	0.04
64000	0.04	0.43	0.43	0	0	0.04
64100	0.03	0.43	0.43	0	0	0.03
64200	0.02	0.43	0.43	0	0	0.02
64300	0.01	0.44	0.44	0	0	0.01
64400	0.01	0.43	0.43	0	0	0.01
64500	0	0.43	0.43	0	0	0
64600	0	0.43	0.43	0	0	0
64700	0.01	0.43	0.43	0	0	0.01
64800	0.01	0.43	0.43	0	0	0.01
64900	0.02	0.43	0.43	0	0	0.02
65000	0.03	0.43	0.43	0	0	0.03
65100	0.03	0.43	0.43	0	0	0.03
65200	0.03	0.42	0.42	0	0	0.03
65300	0.02	0.43	0.43	0	0	0.02
65400	0	0.43	0.43	0	0	0
65500	0.01	0.43	0.43	0	0	0.01
65600	0.02	0.43	0.43	0	0	0.02
65700	0.04	0.43	0.43	0	0	0.04
65800	0.06	0.43	0.43	0	0	0.06
65900	0.07	0.43	0.43	0	0	0.07
66000	0.08	0.43	0.43	0	0	0.08
66100	0.07	0.43	0.43	0	0	0.07
66200	0.06	0.44	0.44	0	0	0.06
66300	0.05	0.44	0.44	0	0	0.05
66400	0.06	0.44	0.44	0	0	0.06
66500	0.07	0.44	0.44	0	0	0.07
66600	0.07	0.44	0.44	0	0	0.07
66700	0.07	0.44	0.44	0	0	0.07
66800	0.03	0.43	0.43	0	0	0.03
66900	0.01	0.43	0.43	0	0	0.01
67000	0.03	0.43	0.43	0	0	0.03
67100	0.03	0.43	0.43	0	0	0.03
67200	0.04	0.43	0.43	0	0	0.04
67300	0.05	0.43	0.43	0	0	0.05
67400	0.05	0.43	0.43	0	0	0.05
67500	0.05	0.43	0.43	0	0	0.05
67600	0.06	0.43	0.43	0	0	0.06
67700	0.04	0.43	0.43	0	0	0.04
67800	0.04	0.43	0.43	0	0	0.04
67900	0.02	0.43	0.43	0	0	0.02
68000	0.01	0.43	0.43	0	0	0.01
68100	0.04	0.43	0.43	0	0	0.04
68200	0.05	0.43	0.43	0	0	0.05
68300	0.04	0.43	0.43	0	0	0.04
68400	0.02	0.43	0.43	0	0	0.02
68500	0.01	0.43	0.43	0	0	0.01
68600	0.01	0.43	0.43	0	0	0.01
68700	0.01	0.43	0.43	0	0	0.01
68800	0.03	0.43	0.43	0	0	0.03
68900	0.02	0.43	0.43	0	0	0.02
69000	0.04	0.43	0.43	0	0	0.04
69100	0.05	0.43	0.43	0	0	0.05
69200	0.06	0.43	0.43	0	0	0.06
69300	0.05	0.43	0.43	0	0	0.05
69400	0.02	0.43	0.43	0	0	0.02
69500	0.02	0.43	0.43	0	0	0.02
69600	0.03	0.43	0.43	0	0	0.03
69700	0.03	0.43	0.43	0	0	0.03
69800	0.03	0.43	0.43	0	0	0.03
69900	0.02	0.43	0.43	0	0	0.02
70000	0.03	0.43	0.43	0	0	0.03
70100	0.03	0.43	0.43	0	0	0.03
70200	0.02	0.43	0.43	0	0	0.02
70300	0.02	0.43	0.43	0	0	0.02
70400	0.02	0.43	0.43	0	0	0.02
70500	0.02	0.43	0.43	0	0	0.02
70600	0.02	0.43	0.43	0	0	0.02
70700	0.02	0.43	0.43	0	0	0.02
70800	0.04	0.43	0.43	0	0	0.04
70900	0.06	0.43	0.43	0	0	0.06
71000	0.05	0.43	0.43	0	0	0.05
71100	0.03	0.43	0.43	0	0	0.03
71200	0.03	0.43	0.43	0	0	0.03
71300	0.01	0.43	0.43	0	0	0.01
71400	0.01	0.43	0.43	0	0	0.01
71500	0.01	0.44	0.44	0	0	0.01
71600	0.01	0.43	0.43	0	0	0.01
71700	0.01	0.43	0.43	0	0	0.01
71800	0.03	0.43	0.43	0	0	0.03
71900	0.03	0.43	0.43	0	0	0.03
72000	0.03	0.43	0.43	0	0	0.03
72100	0.05	0.43	0.43	0	0	0.05
72200	0.06	0.43	0.43	0	0	0.06
72300	0.04	0.43	0.43	0	0	0.04
72400	0.06	0.43	0.43	0	0	0.06
72500	0.06	0.43	0.43	0	0	0.06
72600	0.07	0.43	0.43	0	0	0.07
72700	0.05	0.43	0.43	0	0	0.05
72800	0.06	0.43	0.43	0	0	0.06
72900	0.06	0.43	0.43	0	0	0.06
73000	0.04	0.43	0.43	0	0	0.04
73100	0.04	0.42	0.42	0	0	0.04
73200	0.04	0.42	0.42	0	0	0.04
73300	0.03	0.42	0.42	0	0	0.03
73400	0.02	0.42	0.42	0	0	0.02
73500	0.02	0.42	0.42	0	0	0.02
73600	0.03	0.42	0.42	0	0	0.03
73700	0.03	0.42	0.42	0	0	0.03
73800	0.04	0.42	0.42	0	0	0.04
73900	0.03	0.42	0.42	0	0	0.03
74000	0.03	0.42	0.42	0	0	0.03
74100	0.02	0.42	0.42	0	0	0.02
74200	0.02	0.43	0.43	0	0	0.02
74300	0.01	0.43	0.43	0	0	0.01
74400	0	0.43	0.43	0	0	0
74500	0	0.43	0.43	0	0	0
74600	0.02	0.44	0.44	0	0	0.02
74700	0.03	0.44	0.44	0	0	0.03
74800	0.01	0.44	0.44	0	0	0.01
74900	0.02	0.43	0.43	0	0	0.02
75000	0.01	0.43	0.43	0	0	0.01
75100	0.02	0.43	0.43	0	0	0.02
75200	0.02	0.43	0.43	0	0	0.02
75300	0.03	0.43	0.43	0	0	0.03
75400	0.03	0.43	0.43	0	0	0.03
75500	0.03	0.43	0.43	0	0	0.03
75600	0.04	0.43	0.43	0	0	0.04
75700	0.04	0.43	0.43	0	0	0.04
75800	0.04	0.43	0.43	0	0	0.04
75900	0.02	0.43	0.43	0	0	0.02
76000	0.02	0.43	0.43	0	0	0.02
76100	0.03	0.44	0.44	0	0	0.03
76200	0.03	0.44	0.44	0	0	0.03
76300	0	0.44	0.44	0	0	0
76400	0.03	0.43	0.43	0	0	0.03
76500	0.04	0.43	0.43	0	0	0.04
76600	0.02	0.43	0.43	0	0	0.02
76700	0.01	0.43	0.43	0	0	0.01
76800	0.01	0.43	0.43	0	0	0.01
76900	0.03	0.43	0.43	0	0	0.03
77000	0.04	0.43	0.43	0	0	0.04
77100	0.04	0.43	0.43	0	0	0.04
77200	0.01	0.43	0.43	0	0	0.01
77300	0.02	0.44	0.44	0	0	0.02
77400	0.02	0.44	0.44	0	0	0.02
77500	0.02	0.44	0.44	0	0	0.02
77600	0.02	0.44	0.44	0	0	0.02
77700	0.02	0.44	0.44	0	0	0.02
77800	0.03	0.44	0.44	0	0	0.03
77900	0.02	0.44	0.44	0	0	0.02
78000	0.03	0.44	0.44	0	0	0.03
78100	0.02	0.44	0.44	0	0	0.02
78200	0.01	0.44	0.44	0	0	0.01
78300	0.02	0.44	0.44	0	0	0.02
78400	0.03	0.44	0.44	0	0	0.03
78500	0.06	0.44	0.44	0	0	0.06
78600	0.06	0.44	0.44	0	0	0.06
78700	0.02	0.44	0.44	0	0	0.02
78800	0.01	0.44	0.44	0	0	0.01
78900	0.03	0.44	0.44	0	0	0.03
79000	0.02	0.44	0.44	0	0	0.02
79100	0.02	0.44	0.44	0	0	0.02
79200	0.02	0.44	0.44	0	0	0.02
79300	0.04	0.45	0.45	0	0	0.04
79400	0.08	0.45	0.45	0	0	0.08
79500	0.08	0.45	0.45	0	0	0.08
79600	0.07	0.45	0.45	0	0	0.07
79700	0.06	0.45	0.45	0	0	0.06
79800	0.09	0.45	0.45	0	0	0.09
79900	0.09	0.45	0.45	0	0	0.09
80000	0.08	0.45	0.45	0	0	0.08
80100	0.1	0.45	0.45	0	0	0.1
80200	0.1	0.45	0.45	0	0	0.1
80300	0.1	0.45	0.45	0	0	0.1
80400	0.1	0.45	0.45	0	0	0.1
80500	0.1	0.45	0.45	0	0	0.1
80600	0.1	0.45	0.45	0	0	0.1
80700	0.11	0.45	0.45	0	0	0.11
80800	0.12	0.45	0.45	0	0	0.12
80900	0.11	0.45	0.45	0	0	0.11
81000	0.1	0.45	0.45	0	0	0.1
81100	0.1	0.45	0.45	0	0	0.1
81200	0.1	0.45	0.45	0	0	0.1
81300	0.1	0.45	0.45	0	0	0.1
81400	0.1	0.45	0.45	0	0	0.1
81500	0.1	0.45	0.45	0	0	0.1
81600	0.12	0.45	0.45	0	0	0.12
81700	0.12	0.45	0.45	0	0	0.12
81800	0.14	0.45	0.45	0	0	0.14
81900	0.14	0.45	0.45	0	0	0.14
82000	0.14	0.45	0.45	0	0	0.14
82100	0.14	0.45	0.45	0	0	0.14
82200	0.14	0.45	0.45	0	0	0.14
82300	0.12	0.45	0.45	0	0	0.12
82400	0.12	0.45	0.45	0	0	0.12
82500	0.13	0.45	0.45	0	0	0.13
82600	0.13	0.45	0.45	0	0	0.13
82700	0.15	0.45	0.45	0	0	0.15
82800	0.15	0.45	0.45	0	0	0.15
82900	0.16	0.45	0.45	0	0	0.16
83000	0.16	0.45	0.45	0	0	0.16
83100	0.16	0.45	0.45	0	0	0.16
83200	0.17	0.45	0.45	0	0	0.17
83300	0.18	0.45	0.45	0	0	0.18
83400	0.18	0.45	0.45	0	0	0.18
83500	0.17	0.45	0.45	0	0	0.17
83600	0.17	0.45	0.45	0	0	0.17
83700	0.17	0.44	0.44	0	0	0.17
83800	0.18	0.44	0.44	0	0	0.18
83900	0.18	0.44	0.44	0	0	0.18
84000	0.17	0.44	0.44	0	0	0.17
84100	0.18	0.45	0.45	0	0	0.18
84200	0.18	0.45	0.45	0	0	0.18
84300	0.2	0.45	0.45	0	0	0.2
84400	0.19	0.45	0.45	0	0	0.19
84500	0.22	0.45	0.45	0	0	0.22
84600	0.23	0.45	0.45	0	0	0.23
84700	0.23	0.45	0.45	0	0	0.23
84800	0.22	0.45	0.45	0	0	0.22
84900	0.25	0.45	0.45	0	0	0.25
85000	0.26	0.45	0.45	0	0	0.26
85100	0.25	0.45	0.45	0	0	0.25
85200	0.24	0.45	0.45	0	0	0.24
85300	0.24	0.45	0.45	0	0	0.24
85400	0.25	0.45	0.45	0	0	0.25
85500	0.25	0.45	0.45	0	0	0.25
85600	0.27	0.45	0.45	0	0	0.27
85700	0.27	0.45	0.45	0	0	0.27
85800	0.27	0.45	0.45	0	0	0.27
85900	0.28	0.45	0.45	0	0	0.28
86000	0.28	0.45	0.45	0	0	0.28
86100	0.29	0.45	0.45	0	0	0.29
86200	0.29	0.45	0.45	0	0	0.29
86300	0.28	0.45	0.45	0	0	0.28
86400	0.28	0.45	0.45	0	0	0.28
86500	0.28	0.45	0.45	0	0	0.28
86600	0.28	0.45	0.45	0	0	0.28
86700	0.29	0.45	0.45	0	0	0.29
86800	0.29	0.45	0.45	0	0	0.29
86900	0.28	0.46	0.46	0	0	0.28
87000	0.29	0.46	0.46	0	0	0.29
87100	0.28	0.46	0.46	0	0	0.28
87200	0.27	0.46	0.46	0	0	0.27
87300	0.26	0.46	0.46	0	0	0.26
87400	0.26	0.46	0.46	0	0	0.26
87500	0.26	0.46	0.46	0	0	0.26
87600	0.26	0.46	0.46	0	0	0.26
87700	0.26	0.46	0.46	0	0	0.26
87800	0.27	0.46	0.46	0	0	0.27
87900	0.28	0.46	0.46	0	0	0.28
88000	0.28	0.46	0.46	0	0	0.28
88100	0.28	0.46	0.46	0	0	0.28
88200	0.28	0.46	0.46	0	0	0.28
88300	0.29	0.46	0.46	0	0	0.29
88400	0.28	0.46	0.46	0	0	0.28
88500	0.29	0.46	0.46	0	0	0.29
88600	0.29	0.46	0.46	0	0	0.29
88700	0.3	0.46	0.46	0	0	0.3
88800	0.28	0.46	0.46	0	0	0.28
88900	0.29	0.46	0.46	0	0	0.29
89000	0.3	0.46	0.46	0	0	0.3
89100	0.3	0.46	0.46	0	0	0.3
89200	0.3	0.46	0.46	0	0	0.3
89300	0.31	0.46	0.46	0	0	0.31
89400	0.31	0.46	0.46	0	0	0.31
89500	0.31	0.46	0.46	0	0	0.31
89600	0.31	0.46	0.46	0	0	0.31
89700	0.31	0.46	0.46	0	0	0.31
89800	0.32	0.46	0.46	0	0	0.32
89900	0.32	0.46	0.46	0	0	0.32
90000	0.32	0.46	0.46	0	0	0.32
90100	0.32	0.46	0.46	0	0	0.32
90200	0.32	0.46	0.46	0	0	0.32
90300	0.32	0.46	0.46	0	0	0.32
90400	0.32	0.46	0.46	0	0	0.32
90500	0.32	0.46	0.46	0	0	0.32
90600	0.33	0.46	0.46	0	0	0.33
90700	0.33	0.46	0.46	0	0	0.33
90800	0.33	0.46	0.46	0	0	0.33
90900	0.33	0.47	0.47	0	0	0.33
91000	0.33	0.47	0.47	0	0	0.33
91100	0.33	0.47	0.47	0	0	0.33
91200	0.33	0.47	0.47	0	0	0.33
91300	0.33	0.47	0.47	0	0	0.33
91400	0.33	0.47	0.47	0	0	0.33
91500	0.33	0.47	0.47	0	0	0.33
91600	0.33	0.47	0.47	0	0	0.33
91700	0.34	0.47	0.47	0	0	0.34
91800	0.34	0.47	0.47	0	0	0.34
91900	0.34	0.47	0.47	0	0	0.34
92000	0.34	0.47	0.47	0	0	0.34
92100	0.34	0.47	0.47	0	0	0.34
92200	0.34	0.47	0.47	0	0	0.34
92300	0.34	0.47	0.47	0	0	0.34
92400	0.35	0.47	0.47	0	0	0.35
92500	0.37	0.47	0.47	0	0	0.37
92600	0.37	0.47	0.47	0	0	0.37
92700	0.37	0.47	0.47	0	0	0.37
92800	0.37	0.47	0.47	0	0	0.37
92900	0.37	0.47	0.47	0	0	0.37
93000	0.38	0.47	0.47	0	0	0.38
93100	0.38	0.47	0.47	0	0	0.38
93200	0.38	0.47	0.47	0	0	0.38
93300	0.38	0.47	0.47	0	0	0.38
93400	0.38	0.47	0.47	0	0	0.38
93500	0.38	0.47	0.47	0	0	0.38
93600	0.38	0.47	0.47	0	0	0.38
93700	0.37	0.47	0.47	0	0	0.37
93800	0.37	0.47	0.47	0	0	0.37
93900	0.37	0.47	0.47	0	0	0.37
94000	0.37	0.48	0.48	0	0	0.37
94100	0.37	0.48	0.48	0	0	0.37
94200	0.37	0.48	0.48	0	0	0.37
94300	0.37	0.48	0.48	0	0	0.37
94400	0.37	0.48	0.48	0	0	0.37
94500	0.37	0.48	0.48	0	0	0.37
94600	0.36	0.48	0.48	0	0	0.36
94700	0.36	0.48	0.48	0	0	0.36
94800	0.36	0.48	0.48	0	0	0.36
94900	0.36	0.48	0.48	0	0	0.36
95000	0.36	0.48	0.48	0	0	0.36
95100	0.36	0.48	0.48	0	0	0.36
95200	0.36	0.48	0.48	0	0	0.36
95300	0.36	0.48	0.48	0	0	0.36
95400	0.36	0.48	0.48	0	0	0.36
95500	0.36	0.48	0.48	0	0	0.36
95600	0.36	0.48	0.48	0	0	0.36
95700	0.36	0.48	0.48	0	0	0.36
95800	0.36	0.48	0.48	0	0	0.36
95900	0.36	0.48	0.48	0	0	0.36
96000	0.36	0.48	0.48	0	0	0.36
96100	0.36	0.48	0.48	0	0	0.36
96200	0.36	0.48	0.48	0	0	0.36
96300	0.37	0.48	0.48	0	0	0.37
96400	0.38	0.48	0.48	0	0	0.38
96500	0.38	0.48	0.48	0	0	0.38
96600	0.37	0.48	0.48	0	0	0.37
96700	0.37	0.48	0.48	0	0	0.37
96800	0.37	0.48	0.48	0	0	0.37
96900	0.37	0.48	0.48	0	0	0.37
97000	0.37	0.48	0.48	0	0	0.37
97100	0.37	0.48	0.48	0	0	0.37
97200	0.37	0.48	0.48	0	0	0.37
97300	0.38	0.48	0.48	0	0	0.38
97400	0.38	0.48	0.48	0	0	0.38
97500	0.38	0.48	0.48	0	0	0.38
97600	0.38	0.48	0.48	0	0	0.38
97700	0.37	0.48	0.48	0	0	0.37
97800	0.37	0.48	0.48	0	0	0.37
97900	0.37	0.48	0.48	0	0	0.37
98000	0.37	0.48	0.48	0	0	0.37
98100	0.37	0.48	0.48	0	0	0.37
98200	0.37	0.48	0.48	0	0	0.37
98300	0.37	0.48	0.48	0	0	0.37
98400	0.38	0.48	0.48	0	0	0.38
98500	0.38	0.48	0.48	0	0	0.38
98600	0.38	0.48	0.48	0	0	0.38
98700	0.38	0.48	0.48	0	0	0.38
98800	0.38	0.48	0.48	0	0	0.38
98900	0.38	0.48	0.48	0	0	0.38
99000	0.39	0.48	0.48	0	0	0.39
99100	0.39	0.48	0.48	0	0	0.39
99200	0.4	0.48	0.48	0	0	0.4
99300	0.4	0.48	0.48	0	0	0.4
99400	0.41	0.48	0.48	0	0	0.41
99500	0.4	0.48	0.48	0	0	0.4
99600	0.4	0.48	0.48	0	0	0.4
99700	0.41	0.48	0.48	0	0	0.41
99800	0.4	0.48	0.48	0	0	0.4
99900	0.4	0.48	0.48	0	0	0.4
100000	0.4	0.48	0.48	0	0	0.4
100100	0.4	0.48	0.48	0	0	0.4
100200	0.4	0.48	0.48	0	0	0.4
100300	0.4	0.48	0.48	0	0	0.4
100400	0.4	0.48	0.48	0	0	0.4
100500	0.4	0.48	0.48	0	0	0.4
100600	0.4	0.48	0.48	0	0	0.4
100700	0.4	0.48	0.48	0	0	0.4
100800	0.4	0.48	0.48	0	0	0.4
100900	0.4	0.48	0.48	0	0	0.4
101000	0.4	0.48	0.48	0	0	0.4
101100	0.4	0.48	0.48	0	0	0.4
101200	0.4	0.48	0.48	0	0	0.4
101300	0.4	0.48	0.48	0	0	0.4
101400	0.4	0.48	0.48	0	0	0.4
101500	0.4	0.48	0.48	0	0	0.4
101600	0.4	0.48	0.48	0	0	0.4
101700	0.4	0.48	0.48	0	0	0.4
101800	0.4	0.48	0.48	0	0	0.4
101900	0.4	0.48	0.48	0	0	0.4
102000	0.4	0.48	0.48	0	0	0.4
102100	0.4	0.48	0.48	0	0	0.4
102200	0.4	0.48	0.48	0	0	0.4
102300	0.4	0.48	0.48	0	0	0.4
102400	0.4	0.48	0.48	0	0	0.4
102500	0.4	0.48	0.48	0	0	0.4
102600	0.4	0.48	0.48	0	0	0.4
102700	0.4	0.48	0.48	0	0	0.4
102800	0.4	0.48	0.48	0	0	0.4
102900	0.4	0.48	0.48	0	0	0.4
103000	0.4	0.48	0.48	0	0	0.4
103100	0.4	0.48	0.48	0	0	0.4
103200	0.4	0.48	0.48	0	0	0.4
103300	0.4	0.48	0.48	0	0	0.4
103400	0.4	0.48	0.48	0	0	0.4
103500	0.4	0.48	0.48	0	0	0.4
103600	0.41	0.48	0.48	0	0	0.41
103700	0.41	0.48	0.48	0	0	0.41
103800	0.42	0.48	0.48	0	0	0.42
103900	0.42	0.48	0.48	0	0	0.42
104000	0.42	0.48	0.48	0	0	0.42
104100	0.41	0.48	0.48	0	0	0.41
104200	0.41	0.48	0.48	0	0	0.41
104300	0.41	0.48	0.48	0	0	0.41
104400	0.41	0.48	0.48	0	0	0.41
104500	0.41	0.48	0.48	0	0	0.41
104600	0.42	0.48	0.48	0	0	0.42
104700	0.43	0.48	0.48	0	0	0.43
104800	0.43	0.48	0.48	0	0	0.43
104900	0.43	0.48	0.48	0	0	0.43
105000	0.43	0.48	0.48	0	0	0.43
105100	0.42	0.48	0.48	0	0	0.42
105200	0.42	0.48	0.48	0	0	0.42
105300	0.43	0.48	0.48	0	0	0.43
105400	0.43	0.48	0.48	0	0	0.43
105500	0.42	0.48	0.48	0	0	0.42
105600	0.42	0.48	0.48	0	0	0.42
105700	0.42	0.48	0.48	0	0	0.42
105800	0.42	0.48	0.48	0	0	0.42
105900	0.43	0.48	0.48	0	0	0.43
106000	0.43	0.48	0.48	0	0	0.43
106100	0.43	0.48	0.48	0	0	0.43
106200	0.43	0.48	0.48	0	0	0.43
106300	0.43	0.48	0.48	0	0	0.43
106400	0.43	0.48	0.48	0	0	0.43
106500	0.43	0.48	0.48	0	0	0.43
106600	0.43	0.48	0.48	0	0	0.43
106700	0.43	0.48	0.48	0	0	0.43
106800	0.43	0.48	0.48	0	0	0.43
106900	0.44	0.48	0.48	0	0	0.44
107000	0.45	0.49	0.49	0	0	0.45
107100	0.45	0.49	0.49	0	0	0.45
107200	0.46	0.49	0.49	0	0	0.46
107300	0.45	0.49	0.49	0	0	0.45
107400	0.45	0.49	0.49	0	0	0.45
107500	0.46	0.49	0.49	0	0	0.46
107600	0.46	0.49	0.49	0	0	0.46
107700	0.46	0.49	0.49	0	0	0.46
107800	0.46	0.5	0.5	0	0	0.46
107900	0.46	0.5	0.5	0	0	0.46
108000	0.46	0.5	0.5	0	0	0.46
108100	0.46	0.5	0.5	0	0	0.46
108200	0.46	0.5	0.5	0	0	0.46
108300	0.46	0.5	0.5	0	0	0.46
108400	0.46	0.5	0.5	0	0	0.46
108500	0.46	0.5	0.5	0	0	0.46
108600	0.46	0.5	0.5	0	0	0.46
108700	0.46	0.5	0.5	0	0	0.46
108800	0.46	0.5	0.5	0	0	0.46
108900	0.46	0.5	0.5	0	0	0.46
109000	0.46	0.5	0.5	0	0	0.46
109100	0.46	0.5	0.5	0	0	0.46
109200	0.46	0.5	0.5	0	0	0.46
109300	0.46	0.5	0.5	0	0	0.46
109400	0.46	0.5	0.5	0	0	0.46
109500	0.46	0.5	0.5	0	0	0.46
109600	0.46	0.5	0.5	0	0	0.46
109700	0.46	0.5	0.5	0	0	0.46
109800	0.46	0.5	0.5	0	0	0.46
109900	0.46	0.5	0.5	0	0	0.46
110000	0.46	0.5	0.5	0	0	0.46
110100	0.46	0.5	0.5	0	0	0.46
110200	0.46	0.5	0.5	0	0	0.46
110300	0.46	0.5	0.5	0	0	0.46
110400	0.46	0.5	0.5	0	0	0.46
110500	0.46	0.5	0.5	0	0	0.46
110600	0.46	0.5	0.5	0	0	0.46
110700	0.46	0.5	0.5	0	0	0.46
110800	0.46	0.5	0.5	0	0	0.46
110900	0.46	0.5	0.5	0	0	0.46
111000	0.46	0.5	0.5	0	0	0.46
111100	0.46	0.5	0.5	0	0	0.46
111200	0.46	0.5	0.5	0	0	0.46
111300	0.46	0.5	0.5	0	0	0.46
111400	0.46	0.5	0.5	0	0	0.46
111500	0.46	0.5	0.5	0	0	0.46
111600	0.46	0.5	0.5	0	0	0.46
111700	0.46	0.5	0.5	0	0	0.46
111800	0.46	0.5	0.5	0	0	0.46
111900	0.46	0.5	0.5	0	0	0.46
112000	0.46	0.5	0.5	0	0	0.46
112100	0.46	0.5	0.5	0	0	0.46
112200	0.46	0.5	0.5	0	0	0.46
112300	0.46	0.5	0.5	0	0	0.46
112400	0.46	0.5	0.5	0	0	0.46
112500	0.46	0.5	0.5	0	0	0.46
112600	0.46	0.5	0.5	0	0	0.46
112700	0.46	0.5	0.5	0	0	0.46
112800	0.47	0.5	0.5	0	0	0.47
112900	0.47	0.5	0.5	0	0	0.47
113000	0.47	0.5	0.5	0	0	0.47
113100	0.46	0.5	0.5	0	0	0.46
113200	0.46	0.5	0.5	0	0	0.46
113300	0.47	0.5	0.5	0	0	0.47
113400	0.47	0.5	0.5	0	0	0.47
113500	0.47	0.5	0.5	0	0	0.47
113600	0.46	0.5	0.5	0	0	0.46
113700	0.46	0.5	0.5	0	0	0.46
113800	0.46	0.5	0.5	0	0	0.46
113900	0.47	0.5	0.5	0	0	0.47
114000	0.48	0.5	0.5	0	0	0.48
114100	0.48	0.5	0.5	0	0	0.48
114200	0.48	0.5	0.5	0	0	0.48
114300	0.48	0.5	0.5	0	0	0.48
114400	0.48	0.5	0.5	0	0	0.48
114500	0.48	0.5	0.5	0	0	0.48
114600	0.49	0.5	0.5	0	0	0.49
114700	0.49	0.5	0.5	0	0	0.49
114800	0.49	0.5	0.5	0	0	0.49
114900	0.49	0.5	0.5	0	0	0.49
115000	0.49	0.5	0.5	0	0	0.49
115100	0.49	0.5	0.5	0	0	0.49
115200	0.49	0.5	0.5	0	0	0.49
115300	0.49	0.5	0.5	0	0	0.49
115400	0.49	0.5	0.5	0	0	0.49
115500	0.49	0.5	0.5	0	0	0.49
115600	0.49	0.5	0.5	0	0	0.49
115700	0.49	0.5	0.5	0	0	0.49
115800	0.49	0.5	0.5	0	0	0.49
115900	0.49	0.5	0.5	0	0	0.49
116000	0.49	0.5	0.5	0	0	0.49
116100	0.48	0.5	0.5	0	0	0.48
116200	0.48	0.5	0.5	0	0	0.48
116300	0.48	0.5	0.5	0	0	0.48
116400	0.48	0.5	0.5	0	0	0.48
116500	0.48	0.5	0.5	0	0	0.48
116600	0.48	0.5	0.5	0	0	0.48
116700	0.48	0.5	0.5	0	0	0.48
116800	0.48	0.5	0.5	0	0	0.48
116900	0.48	0.5	0.5	0	0	0.48
117000	0.48	0.5	0.5	0	0	0.48
117100	0.48	0.5	0.5	0	0	0.48
117200	0.48	0.5	0.5	0	0	0.48
117300	0.48	0.5	0.5	0	0	0.48
117400	0.48	0.5	0.5	0	0	0.48
117500	0.48	0.5	0.5	0	0	0.48
117600	0.48	0.5	0.5	0	0	0.48
117700	0.48	0.5	0.5	0	0	0.48
117800	0.48	0.5	0.5	0	0	0.48
117900	0.48	0.5	0.5	0	0	0.48
118000	0.48	0.5	0.5	0	0	0.48
118100	0.48	0.5	0.5	0	0	0.48
118200	0.48	0.5	0.5	0	0	0.48
118300	0.48	0.5	0.5	0	0	0.48
118400	0.47	0.5	0.5	0	0	0.47
118500	0.47	0.5	0.5	0	0	0.47
118600	0.47	0.5	0.5	0	0	0.47
118700	0.47	0.5	0.5	0	0	0.47
118800	0.47	0.5	0.5	0	0	0.47
118900	0.47	0.5	0.5	0	0	0.47
119000	0.47	0.5	0.5	0	0	0.47
119100	0.47	0.5	0.5	0	0	0.47
119200	0.47	0.5	0.5	0	0	0.47
119300	0.47	0.5	0.5	0	0	0.47
119400	0.47	0.5	0.5	0	0	0.47
119500	0.47	0.5	0.5	0	0	0.47
119600	0.48	0.5	0.5	0	0	0.48
119700	0.48	0.5	0.5	0	0	0.48
119800	0.48	0.5	0.5	0	0	0.48
119900	0.48	0.5	0.5	0	0	0.48
120000	0.48	0.5	0.5	0	0	0.48
120100	0.48	0.5	0.5	0	0	0.48
120200	0.48	0.5	0.5	0	0	0.48
120300	0.48	0.5	0.5	0	0	0.48
120400	0.48	0.5	0.5	0	0	0.48
120500	0.48	0.5	0.5	0	0	0.48
120600	0.48	0.5	0.5	0	0	0.48
120700	0.48	0.5	0.5	0	0	0.48
120800	0.49	0.5	0.5	0	0	0.49
120900	0.49	0.5	0.5	0	0	0.49
121000	0.49	0.5	0.5	0	0	0.49
121100	0.49	0.5	0.5	0	0	0.49
121200	0.49	0.5	0.5	0	0	0.49
121300	0.49	0.5	0.5	0	0	0.49
121400	0.49	0.5	0.5	0	0	0.49
121500	0.49	0.49	0.49	0	0	0.49
121600	0.49	0.49	0.49	0	0	0.49
121700	0.49	0.49	0.49	0	0	0.49
121800	0.49	0.49	0.49	0	0	0.49
121900	0.49	0.49	0.49	0	0	0.49
122000	0.49	0.49	0.49	0	0	0.49
122100	0.49	0.49	0.49	0	0	0.49
122200	0.49	0.49	0.49	0	0	0.49
122300	0.49	0.49	0.49	0	0	0.49
122400	0.49	0.49	0.49	0	0	0.49
122500	0.49	0.49	0.49	0	0	0.49
122600	0.49	0.49	0.49	0	0	0.49
122700	0.49	0.49	0.49	0	0	0.49
122800	0.49	0.49	0.49	0	0	0.49
122900	0.49	0.49	0.49	0	0	0.49
123000	0.49	0.49	0.49	0	0	0.49
123100	0.49	0.49	0.49	0	0	0.49
123200	0.49	0.49	0.49	0	0	0.49
123300	0.49	0.49	0.49	0	0	0.49
123400	0.49	0.49	0.49	0	0	0.49
123500	0.49	0.49	0.49	0	0	0.49
123600	0.49	0.49	0.49	0	0	0.49
123700	0.48	0.49	0.49	0	0	0.48
123800	0.49	0.49	0.49	0	0	0.49
123900	0.48	0.49	0.49	0	0	0.48
124000	0.48	0.49	0.49	0	0	0.48
124100	0.48	0.49	0.49	0	0	0.48
124200	0.48	0.49	0.49	0	0	0.48
124300	0.48	0.49	0.49	0	0	0.48
124400	0.48	0.49	0.49	0	0	0.48
124500	0.48	0.49	0.49	0	0	0.48
124600	0.48	0.49	0.49	0	0	0.48
124700	0.48	0.49	0.49	0	0	0.48
124800	0.48	0.49	0.49	0	0	0.48
124900	0.48	0.49	0.49	0	0	0.48
125000	0.48	0.49	0.49	0	0	0.48
125100	0.48	0.49	0.49	0	0	0.48
125200	0.48	0.49	0.49	0	0	0.48
125300	0.48	0.49	0.49	0	0	0.48
125400	0.47	0.49	0.49	0	0	0.47
125500	0.47	0.49	0.49	0	0	0.47
125600	0.47	0.49	0.49	0	0	0.47
125700	0.47	0.49	0.49	0	0	0.47
125800	0.47	0.49	0.49	0	0	0.47
125900	0.47	0.49	0.49	0	0	0.47
126000	0.47	0.49	0.49	0	0	0.47
126100	0.47	0.49	0.49	0	0	0.47
126200	0.47	0.49	0.49	0	0	0.47
126300	0.47	0.49	0.49	0	0	0.47
126400	0.49	0.49	0.49	0	0	0.49
126500	0.49	0.49	0.49	0	0	0.49
126600	0.49	0.49	0.49	0	0	0.49
126700	0.49	0.49	0.49	0	0	0.49
126800	0.49	0.49	0.49	0	0	0.49
126900	0.49	0.49	0.49	0	0	0.49
127000	0.49	0.49	0.49	0	0	0.49
127100	0.49	0.5	0.5	0	0	0.49
127200	0.49	0.5	0.5	0	0	0.49
127300	0.49	0.5	0.5	0	0	0.49
127400	0.49	0.5	0.5	0	0	0.49
127500	0.49	0.5	0.5	0	0	0.49
127600	0.49	0.49	0.49	0	0	0.49
127700	0.49	0.49	0.49	0	0	0.49
127800	0.49	0.49	0.49	0	0	0.49
127900	0.49	0.49	0.49	0	0	0.49
128000	0.49	0.49	0.49	0	0	0.49
128100	0.49	0.49	0.49	0	0	0.49
128200	0.49	0.49	0.49	0	0	0.49
128300	0.49	0.49	0.49	0	0	0.49
128400	0.49	0.49	0.49	0	0	0.49
128500	0.49	0.49	0.49	0	0	0.49
128600	0.49	0.49	0.49	0	0	0.49
128700	0.49	0.49	0.49	0	0	0.49
128800	0.49	0.49	0.49	0	0	0.49
128900	0.49	0.49	0.49	0	0	0.49
129000	0.49	0.49	0.49	0	0	0.49
129100	0.49	0.49	0.49	0	0	0.49
129200	0.49	0.49	0.49	0	0	0.49
129300	0.48	0.49	0.49	0	0	0.48
129400	0.48	0.49	0.49	0	0	0.48
129500	0.48	0.49	0.49	0	0	0.48
129600	0.48	0.49	0.49	0	0	0.48
129700	0.48	0.49	0.49	0	0	0.48
129800	0.48	0.49	0.49	0	0	0.48
129900	0.48	0.49	0.49	0	0	0.48
130000	0.48	0.49	0.49	0	0	0.48
130100	0.48	0.49	0.49	0	0	0.48
130200	0.48	0.49	0.49	0	0	0.48
130300	0.48	0.49	0.49	0	0	0.48
130400	0.48	0.49	0.49	0	0	0.48
130500	0.48	0.49	0.49	0	0	0.48
130600	0.48	0.49	0.49	0	0	0.48
130700	0.48	0.49	0.49	0	0	0.48
130800	0.48	0.49	0.49	0	0	0.48
130900	0.48	0.49	0.49	0	0	0.48
131000	0.49	0.49	0.49	0	0	0.49
131100	0.49	0.49	0.49	0	0	0.49
131200	0.49	0.49	0.49	0	0	0.49
131300	0.49	0.49	0.49	0	0	0.49
131400	0.49	0.49	0.49	0	0	0.49
131500	0.49	0.49	0.49	0	0	0.49
131600	0.49	0.49	0.49	0	0	0.49
131700	0.49	0.49	0.49	0	0	0.49
131800	0.49	0.49	0.49	0	0	0.49
131900	0.49	0.49	0.49	0	0	0.49
132000	0.49	0.48	0.48	0	0	0.49
132100	0.49	0.48	0.48	0	0	0.49
132200	0.49	0.48	0.48	0	0	0.49
132300	0.49	0.48	0.48	0	0	0.49
132400	0.49	0.48	0.48	0	0	0.49
132500	0.49	0.48	0.48	0	0	0.49
132600	0.49	0.49	0.49	0	0	0.49
132700	0.49	0.48	0.48	0	0	0.49
132800	0.49	0.48	0.48	0	0	0.49
132900	0.49	0.48	0.48	0	0	0.49
133000	0.49	0.48	0.48	0	0	0.49
133100	0.49	0.48	0.48	0	0	0.49
133200	0.49	0.48	0.48	0	0	0.49
133300	0.49	0.48	0.48	0	0	0.49
133400	0.49	0.48	0.48	0	0	0.49
133500	0.49	0.48	0.48	0	0	0.49
133600	0.49	0.48	0.48	0	0	0.49
133700	0.49	0.48	0.48	0	0	0.49
133800	0.49	0.48	0.48	0	0	0.49
133900	0.49	0.48	0.48	0	0	0.49
134000	0.49	0.48	0.48	0	0	0.49
134100	0.49	0.48	0.48	0	0	0.49
134200	0.49	0.48	0.48	0	0	0.49
134300	0.49	0.48	0.48	0	0	0.49
134400	0.49	0.48	0.48	0	0	0.49
134500	0.49	0.48	0.48	0	0	0.49
134600	0.49	0.48	0.48	0	0	0.49
134700	0.49	0.48	0.48	0	0	0.49
134800	0.49	0.49	0.49	0	0	0.49
134900	0.49	0.49	0.49	0	0	0.49
135000	0.49	0.49	0.49	0	0	0.49
135100	0.49	0.49	0.49	0	0	0.49
135200	0.49	0.49	0.49	0	0	0.49
135300	0.49	0.49	0.49	0	0	0.49
135400	0.49	0.49	0.49	0	0	0.49
135500	0.49	0.49	0.49	0	0	0.49
135600	0.49	0.49	0.49	0	0	0.49
135700	0.49	0.49	0.49	0	0	0.49
135800	0.49	0.49	0.49	0	0	0.49
135900	0.49	0.5	0.5	0	0	0.49
136000	0.49	0.5	0.5	0	0	0.49
136100	0.49	0.5	0.5	0	0	0.49
136200	0.49	0.5	0.5	0	0	0.49
136300	0.49	0.5	0.5	0	0	0.49
136400	0.49	0.49	0.49	0	0	0.49
136500	0.49	0.49	0.49	0	0	0.49
136600	0.49	0.49	0.49	0	0	0.49
136700	0.49	0.49	0.49	0	0	0.49
136800	0.49	0.49	0.49	0	0	0.49
136900	0.49	0.49	0.49	0	0	0.49
137000	0.49	0.49	0.49	0	0	0.49
137100	0.48	0.49	0.49	0	0	0.48
137200	0.48	0.49	0.49	0	0	0.48
137300	0.48	0.49	0.49	0	0	0.48
137400	0.48	0.49	0.49	0	0	0.48
137500	0.48	0.49	0.49	0	0	0.48
137600	0.48	0.49	0.49	0	0	0.48
137700	0.48	0.49	0.49	0	0	0.48
137800	0.48	0.49	0.49	0	0	0.48
137900	0.48	0.49	0.49	0	0	0.48
138000	0.48	0.49	0.49	0	0	0.48
138100	0.48	0.49	0.49	0	0	0.48
138200	0.48	0.49	0.49	0	0	0.48
138300	0.48	0.49	0.49	0	0	0.48
138400	0.48	0.49	0.49	0	0	0.48
138500	0.48	0.49	0.49	0	0	0.48
138600	0.48	0.49	0.49	0	0	0.48
138700	0.48	0.49	0.49	0	0	0.48
138800	0.49	0.49	0.49	0	0	0.49
138900	0.49	0.49	0.49	0	0	0.49
139000	0.49	0.49	0.49	0	0	0.49
139100	0.49	0.49	0.49	0	0	0.49
139200	0.49	0.49	0.49	0	0	0.49
139300	0.49	0.49	0.49	0	0	0.49
139400	0.49	0.49	0.49	0	0	0.49
139500	0.49	0.49	0.49	0	0	0.49
139600	0.49	0.49	0.49	0	0	0.49
139700	0.49	0.49	0.49	0	0	0.49
139800	0.49	0.49	0.49	0	0	0.49
139900	0.49	0.49	0.49	0	0	0.49
140000	0.49	0.49	0.49	0	0	0.49
140100	0.49	0.49	0.49	0	0	0.49
140200	0.49	0.49	0.49	0	0	0.49
140300	0.49	0.49	0.49	0	0	0.49
140400	0.49	0.49	0.49	0	0	0.49
140500	0.49	0.49	0.49	0	0	0.49
140600	0.49	0.49	0.49	0	0	0.49
140700	0.49	0.49	0.49	0	0	0.49
140800	0.49	0.49	0.49	0	0	0.49
140900	0.49	0.49	0.49	0	0	0.49
141000	0.49	0.49	0.49	0	0	0.49
141100	0.49	0.49	0.49	0	0	0.49
141200	0.49	0.49	0.49	0	0	0.49
141300	0.48	0.49	0.49	0	0	0.48
141400	0.48	0.49	0.49	0	0	0.48
141500	0.48	0.49	0.49	0	0	0.48
141600	0.48	0.49	0.49	0	0	0.48
141700	0.48	0.49	0.49	0	0	0.48
141800	0.48	0.49	0.49	0	0	0.48
141900	0.48	0.49	0.49	0	0	0.48
142000	0.48	0.49	0.49	0	0	0.48
142100	0.48	0.49	0.49	0	0	0.48
142200	0.48	0.49	0.49	0	0	0.48
142300	0.48	0.49	0.49	0	0	0.48
142400	0.49	0.49	0.49	0	0	0.49
142500	0.49	0.49	0.49	0	0	0.49
142600	0.49	0.49	0.49	0	0	0.49
142700	0.49	0.49	0.49	0	0	0.49
142800	0.48	0.49	0.49	0	0	0.48
142900	0.48	0.49	0.49	0	0	0.48
143000	0.48	0.49	0.49	0	0	0.48
143100	0.48	0.49	0.49	0	0	0.48
143200	0.48	0.49	0.49	0	0	0.48
143300	0.48	0.49	0.49	0	0	0.48
143400	0.48	0.49	0.49	0	0	0.48
143500	0.48	0.49	0.49	0	0	0.48
143600	0.48	0.49	0.49	0	0	0.48
143700	0.48	0.49	0.49	0	0	0.48
143800	0.48	0.49	0.49	0	0	0.48
143900	0.48	0.49	0.49	0	0	0.48
144000	0.48	0.49	0.49	0	0	0.48
144100	0.48	0.49	0.49	0	0	0.48
144200	0.48	0.49	0.49	0	0	0.48
144300	0.48	0.49	0.49	0	0	0.48
144400	0.48	0.49	0.49	0	0	0.48
144500	0.48	0.49	0.49	0	0	0.48
144600	0.48	0.5	0.5	0	0	0.48
144700	0.48	0.5	0.5	0	0	0.48
144800	0.48	0.5	0.5	0	0	0.48
144900	0.48	0.5	0.5	0	0	0.48
145000	0.48	0.5	0.5	0	0	0.48
145100	0.48	0.5	0.5	0	0	0.48
145200	0.48	0.5	0.5	0	0	0.48
145300	0.48	0.5	0.5	0	0	0.48
145400	0.48	0.5	0.5	0	0	0.48
145500	0.48	0.5	0.5	0	0	0.48
145600	0.48	0.5	0.5	0	0	0.48
145700	0.48	0.5	0.5	0	0	0.48
145800	0.48	0.5	0.5	0	0	0.48
145900	0.48	0.5	0.5	0	0	0.48
146000	0.49	0.5	0.5	0	0	0.49
146100	0.49	0.5	0.5	0	0	0.49
146200	0.49	0.5	0.5	0	0	0.49
146300	0.49	0.5	0.5	0	0	0.49
146400	0.49	0.5	0.5	0	0	0.49
146500	0.49	0.5	0.5	0	0	0.49
146600	0.49	0.5	0.5	0	0	0.49
146700	0.49	0.5	0.5	0	0	0.49
146800	0.49	0.5	0.5	0	0	0.49
146900	0.49	0.5	0.5	0	0	0.49
147000	0.49	0.5	0.5	0	0	0.49
147100	0.49	0.5	0.5	0	0	0.49
147200	0.49	0.5	0.5	0	0	0.49
147300	0.49	0.5	0.5	0	0	0.49
147400	0.49	0.5	0.5	0	0	0.49
147500	0.49	0.5	0.5	0	0	0.49
147600	0.49	0.5	0.5	0	0	0.49
147700	0.49	0.5	0.5	0	0	0.49
147800	0.49	0.5	0.5	0	0	0.49
147900	0.49	0.5	0.5	0	0	0.49
148000	0.49	0.5	0.5	0	0	0.49
148100	0.49	0.5	0.5	0	0	0.49
148200	0.49	0.5	0.5	0	0	0.49
148300	0.49	0.5	0.5	0	0	0.49
148400	0.49	0.5	0.5	0	0	0.49
148500	0.49	0.5	0.5	0	0	0.49
148600	0.49	0.5	0.5	0	0	0.49
148700	0.49	0.5	0.5	0	0	0.49
148800	0.49	0.5	0.5	0	0	0.49
148900	0.49	0.5	0.5	0	0	0.49
149000	0.49	0.5	0.5	0	0	0.49
149100	0.49	0.5	0.5	0	0	0.49
149200	0.49	0.5	0.5	0	0	0.49
149300	0.49	0.5	0.5	0	0	0.49
149400	0.49	0.5	0.5	0	0	0.49
149500	0.49	0.5	0.5	0	0	0.49
149600	0.49	0.5	0.5	0	0	0.49
149700	0.49	0.5	0.5	0	0	0.49
149800	0.49	0.5	0.5	0	0	0.49
149900	0.49	0.5	0.5	0	0	0.49
150000	0.49	0.5	0.5	0	0	0.49
150100	0.49	0.5	0.5	0	0	0.49
150200	0.49	0.5	0.5	0	0	0.49
150300	0.49	0.5	0.5	0	0	0.49
150400	0.49	0.5	0.5	0	0	0.49
150500	0.49	0.5	0.5	0	0	0.49
150600	0.49	0.5	0.5	0	0	0.49
150700	0.49	0.5	0.5	0	0	0.49
150800	0.49	0.5	0.5	0	0	0.49
150900	0.49	0.5	0.5	0	0	0.49
151000	0.49	0.5	0.5	0	0	0.49
151100	0.49	0.5	0.5	0	0	0.49
151200	0.49	0.5	0.5	0	0	0.49
151300	0.49	0.5	0.5	0	0	0.49
151400	0.49	0.5	0.5	0	0	0.49
151500	0.49	0.5	0.5	0	0	0.49
151600	0.49	0.5	0.5	0	0	0.49
151700	0.49	0.5	0.5	0	0	0.49
151800	0.49	0.5	0.5	0	0	0.49
151900	0.49	0.5	0.5	0	0	0.49
152000	0.49	0.5	0.5	0	0	0.49
152100	0.49	0.5	0.5	0	0	0.49
152200	0.49	0.5	0.5	0	0	0.49
152300	0.49	0.5	0.5	0	0	0.49
152400	0.49	0.5	0.5	0	0	0.49
152500	0.49	0.5	0.5	0	0	0.49
152600	0.49	0.5	0.5	0	0	0.49
152700	0.49	0.5	0.5	0	0	0.49
152800	0.49	0.5	0.5	0	0	0.49
152900	0.49	0.5	0.5	0	0	0.49
153000	0.49	0.5	0.5	0	0	0.49
153100	0.49	0.5	0.5	0	0	0.49
153200	0.49	0.5	0.5	0	0	0.49
153300	0.49	0.5	0.5	0	0	0.49
153400	0.49	0.5	0.5	0	0	0.49
153500	0.49	0.5	0.5	0	0	0.49
153600	0.49	0.5	0.5	0	0	0.49
153700	0.49	0.5	0.5	0	0	0.49
153800	0.49	0.5	0.5	0	0	0.49
153900	0.49	0.5	0.5	0	0	0.49
154000	0.49	0.5	0.5	0	0	0.49
154100	0.49	0.5	0.5	0	0	0.49
154200	0.49	0.5	0.5	0	0	0.49
154300	0.49	0.5	0.5	0	0	0.49
154400	0.49	0.5	0.5	0	0	0.49
154500	0.49	0.5	0.5	0	0	0.49
154600	0.49	0.5	0.5	0	0	0.49
154700	0.49	0.5	0.5	0	0	0.49
154800	0.49	0.5	0.5	0	0	0.49
154900	0.49	0.5	0.5	0	0	0.49
155000	0.49	0.5	0.5	0	0	0.49
155100	0.49	0.5	0.5	0	0	0.49
155200	0.49	0.5	0.5	0	0	0.49
155300	0.49	0.5	0.5	0	0	0.49
155400	0.49	0.5	0.5	0	0	0.49
155500	0.49	0.5	0.5	0	0	0.49
155600	0.49	0.5	0.5	0	0	0.49
155700	0.49	0.5	0.5	0	0	0.49
155800	0.49	0.5	0.5	0	0	0.49
155900	0.49	0.5	0.5	0	0	0.49
156000	0.49	0.5	0.5	0	0	0.49
156100	0.49	0.5	0.5	0	0	0.49
156200	0.49	0.5	0.5	0	0	0.49
156300	0.49	0.5	0.5	0	0	0.49
156400	0.49	0.5	0.5	0	0	0.49
156500	0.49	0.5	0.5	0	0	0.49
156600	0.49	0.5	0.5	0	0	0.49
156700	0.49	0.5	0.5	0	0	0.49
156800	0.49	0.5	0.5	0	0	0.49
156900	0.49	0.5	0.5	0	0	0.49
157000	0.49	0.5	0.5	0	0	0.49
157100	0.49	0.5	0.5	0	0	0.49
157200	0.49	0.5	0.5	0	0	0.49
157300	0.49	0.5	0.5	0	0	0.49
157400	0.49	0.5	0.5	0	0	0.49
157500	0.49	0.5	0.5	0	0	0.49
157600	0.49	0.5	0.5	0	0	0.49
157700	0.49	0.5	0.5	0	0	0.49
157800	0.49	0.5	0.5	0	0	0.49
157900	0.49	0.5	0.5	0	0	0.49
158000	0.49	0.5	0.5	0	0	0.49
158100	0.49	0.5	0.5	0	0	0.49
158200	0.49	0.5	0.5	0	0	0.49
158300	0.49	0.5	0.5	0	0	0.49
158400	0.49	0.5	0.5	0	0	0.49
158500	0.49	0.5	0.5	0	0	0.49
158600	0.49	0.5	0.5	0	0	0.49
158700	0.49	0.5	0.5	0	0	0.49
158800	0.49	0.5	0.5	0	0	0.49
158900	0.49	0.5	0.5	0	0	0.49
159000	0.49	0.5	0.5	0	0	0.49
159100	0.49	0.5	0.5	0	0	0.49
159200	0.49	0.5	0.5	0	0	0.49
159300	0.49	0.5	0.5	0	0	0.49
159400	0.49	0.5	0.5	0	0	0.49
159500	0.49	0.5	0.5	0	0	0.49
159600	0.49	0.5	0.5	0	0	0.49
159700	0.49	0.5	0.5	0	0	0.49
159800	0.49	0.5	0.5	0	0	0.49
159900	0.49	0.5	0.5	0	0	0.49
160000	0.5	0.5	0.5	0	0	0.5
160100	0.5	0.5	0.5	0	0	0.5
160200	0.5	0.5	0.5	0	0	0.5
160300	0.5	0.5	0.5	0	0	0.5
160400	0.49	0.5	0.5	0	0	0.49
160500	0.49	0.5	0.5	0	0	0.49
160600	0.49	0.5	0.5	0	0	0.49
160700	0.49	0.5	0.5	0	0	0.49
160800	0.49	0.5	0.5	0	0	0.49
160900	0.49	0.5	0.5	0	0	0.49
161000	0.49	0.5	0.5	0	0	0.49
161100	0.49	0.5	0.5	0	0	0.49
161200	0.49	0.5	0.5	0	0	0.49
161300	0.49	0.5	0.5	0	0	0.49
161400	0.49	0.5	0.5	0	0	0.49
161500	0.49	0.5	0.5	0	0	0.49
161600	0.49	0.5	0.5	0	0	0.49
161700	0.49	0.5	0.5	0	0	0.49
161800	0.49	0.5	0.5	0	0	0.49
161900	0.49	0.5	0.5	0	0	0.49
162000	0.49	0.5	0.5	0	0	0.49
162100	0.49	0.5	0.5	0	0	0.49
162200	0.49	0.5	0.5	0	0	0.49
162300	0.49	0.5	0.5	0	0	0.49
162400	0.49	0.5	0.5	0	0	0.49
162500	0.49	0.5	0.5	0	0	0.49
162600	0.49	0.5	0.5	0	0	0.49
162700	0.49	0.5	0.5	0	0	0.49
162800	0.49	0.5	0.5	0	0	0.49
162900	0.49	0.5	0.5	0	0	0.49
163000	0.49	0.5	0.5	0	0	0.49
163100	0.49	0.5	0.5	0	0	0.49
163200	0.49	0.5	0.5	0	0	0.49
163300	0.49	0.5	0.5	0	0	0.49
163400	0.49	0.5	0.5	0	0	0.49
163500	0.49	0.5	0.5	0	0	0.49
163600	0.49	0.5	0.5	0	0	0.49
163700	0.49	0.5	0.5	0	0	0.49
163800	0.49	0.5	0.5	0	0	0.49
163900	0.49	0.5	0.5	0	0	0.49
164000	0.49	0.5	0.5	0	0	0.49
164100	0.49	0.5	0.5	0	0	0.49
164200	0.49	0.5	0.5	0	0	0.49
164300	0.49	0.5	0.5	0	0	0.49
164400	0.49	0.5	0.5	0	0	0.49
164500	0.49	0.5	0.5	0	0	0.49
164600	0.49	0.5	0.5	0	0	0.49
164700	0.49	0.5	0.5	0	0	0.49
164800	0.49	0.5	0.5	0	0	0.49
164900	0.49	0.5	0.5	0	0	0.49
165000	0.49	0.5	0.5	0	0	0.49
165100	0.49	0.5	0.5	0	0	0.49
165200	0.49	0.5	0.5	0	0	0.49
165300	0.49	0.5	0.5	0	0	0.49
165400	0.49	0.5	0.5	0	0	0.49
165500	0.49	0.5	0.5	0	0	0.49
165600	0.49	0.5	0.5	0	0	0.49
165700	0.49	0.5	0.5	0	0	0.49
165800	0.49	0.49	0.49	0	0	0.49
165900	0.49	0.49	0.49	0	0	0.49
166000	0.49	0.49	0.49	0	0	0.49
166100	0.49	0.49	0.49	0	0	0.49
166200	0.5	0.49	0.49	0	0	0.5
166300	0.5	0.49	0.49	0	0	0.5
166400	0.5	0.49	0.49	0	0	0.5
166500	0.5	0.49	0.49	0	0	0.5
166600	0.5	0.49	0.49	0	0	0.5
166700	0.5	0.49	0.49	0	0	0.5
166800	0.5	0.49	0.49	0	0	0.5
166900	0.5	0.49	0.49	0	0	0.5
167000	0.5	0.49	0.49	0	0	0.5
167100	0.5	0.49	0.49	0	0	0.5
167200	0.5	0.49	0.49	0	0	0.5
167300	0.5	0.49	0.49	0	0	0.5
167400	0.5	0.49	0.49	0	0	0.5
167500	0.5	0.48	0.48	0	0	0.5
167600	0.5	0.48	0.48	0	0	0.5
167700	0.5	0.48	0.48	0	0	0.5
167800	0.5	0.48	0.48	0	0	0.5
167900	0.5	0.48	0.48	0	0	0.5
168000	0.5	0.48	0.48	0	0	0.5
168100	0.5	0.48	0.48	0	0	0.5
168200	0.5	0.48	0.48	0	0	0.5
168300	0.5	0.48	0.48	0	0	0.5
168400	0.5	0.48	0.48	0	0	0.5
168500	0.5	0.49	0.49	0	0	0.5
168600	0.5	0.49	0.49	0	0	0.5
168700	0.5	0.49	0.49	0	0	0.5
168800	0.5	0.49	0.49	0	0	0.5
168900	0.5	0.48	0.48	0	0	0.5
169000	0.5	0.48	0.48	0	0	0.5
169100	0.5	0.48	0.48	0	0	0.5
169200	0.5	0.48	0.48	0	0	0.5
169300	0.5	0.48	0.48	0	0	0.5
169400	0.5	0.48	0.48	0	0	0.5
169500	0.5	0.48	0.48	0	0	0.5
169600	0.5	0.48	0.48	0	0	0.5
169700	0.5	0.48	0.48	0	0	0.5
169800	0.5	0.48	0.48	0	0	0.5
169900	0.5	0.48	0.48	0	0	0.5
170000	0.5	0.48	0.48	0	0	0.5
170100	0.5	0.48	0.48	0	0	0.5
170200	0.5	0.48	0.48	0	0	0.5
170300	0.5	0.48	0.48	0	0	0.5
170400	0.5	0.48	0.48	0	0	0.5
170500	0.5	0.48	0.48	0	0	0.5
170600	0.5	0.48	0.48	0	0	0.5
170700	0.5	0.48	0.48	0	0	0.5
170800	0.5	0.48	0.48	0	0	0.5
170900	0.5	0.48	0.48	0	0	0.5
171000	0.5	0.48	0.48	0	0	0.5
171100	0.5	0.48	0.48	0	0	0.5
171200	0.5	0.48	0.48	0	0	0.5
171300	0.5	0.48	0.48	0	0	0.5
171400	0.5	0.48	0.48	0	0	0.5
171500	0.5	0.48	0.48	0	0	0.5
171600	0.5	0.48	0.48	0	0	0.5
171700	0.5	0.48	0.48	0	0	0.5
171800	0.5	0.48	0.48	0	0	0.5
171900	0.5	0.48	0.48	0	0	0.5
172000	0.5	0.48	0.48	0	0	0.5
172100	0.5	0.48	0.48	0	0	0.5
172200	0.5	0.48	0.48	0	0	0.5
172300	0.5	0.48	0.48	0	0	0.5
172400	0.5	0.48	0.48	0	0	0.5
172500	0.5	0.48	0.48	0	0	0.5
172600	0.5	0.48	0.48	0	0	0.5
172700	0.5	0.48	0.48	0	0	0.5
172800	0.5	0.48	0.48	0	0	0.5
172900	0.5	0.48	0.48	0	0	0.5
173000	0.5	0.48	0.48	0	0	0.5
173100	0.5	0.48	0.48	0	0	0.5
173200	0.5	0.48	0.48	0	0	0.5
173300	0.5	0.48	0.48	0	0	0.5
173400	0.5	0.48	0.48	0	0	0.5
173500	0.5	0.48	0.48	0	0	0.5
173600	0.5	0.48	0.48	0	0	0.5
173700	0.5	0.48	0.48	0	0	0.5
173800	0.5	0.48	0.48	0	0	0.5
173900	0.5	0.48	0.48	0	0	0.5
174000	0.5	0.48	0.48	0	0	0.5
174100	0.5	0.48	0.48	0	0	0.5
174200	0.5	0.48	0.48	0	0	0.5
174300	0.5	0.48	0.48	0	0	0.5
174400	0.5	0.48	0.48	0	0	0.5
174500	0.5	0.48	0.48	0	0	0.5
174600	0.5	0.48	0.48	0	0	0.5
174700	0.5	0.48	0.48	0	0	0.5
174800	0.5	0.48	0.48	0	0	0.5
174900	0.5	0.48	0.48	0	0	0.5
175000	0.5	0.48	0.48	0	0	0.5
175100	0.5	0.48	0.48	0	0	0.5
175200	0.5	0.48	0.48	0	0	0.5
175300	0.5	0.48	0.48	0	0	0.5
175400	0.5	0.48	0.48	0	0	0.5
175500	0.5	0.48	0.48	0	0	0.5
175600	0.5	0.48	0.48	0	0	0.5
175700	0.5	0.48	0.48	0	0	0.5
175800	0.5	0.48	0.48	0	0	0.5
175900	0.5	0.48	0.48	0	0	0.5
176000	0.5	0.48	0.48	0	0	0.5
176100	0.5	0.48	0.48	0	0	0.5
176200	0.5	0.48	0.48	0	0	0.5
176300	0.5	0.49	0.49	0	0	0.5
176400	0.5	0.49	0.49	0	0	0.5
176500	0.5	0.49	0.49	0	0	0.5
176600	0.5	0.49	0.49	0	0	0.5
176700	0.5	0.49	0.49	0	0	0.5
176800	0.5	0.49	0.49	0	0	0.5
176900	0.5	0.49	0.49	0	0	0.5
177000	0.5	0.49	0.49	0	0	0.5
177100	0.5	0.49	0.49	0	0	0.5
177200	0.5	0.49	0.49	0	0	0.5
177300	0.5	0.49	0.49	0	0	0.5
177400	0.5	0.49	0.49	0	0	0.5
177500	0.5	0.49	0.49	0	0	0.5
177600	0.5	0.49	0.49	0	0	0.5
177700	0.5	0.49	0.49	0	0	0.5
177800	0.5	0.49	0.49	0	0	0.5
177900	0.5	0.49	0.49	0	0	0.5
178000	0.5	0.49	0.49	0	0	0.5
178100	0.5	0.49	0.49	0	0	0.5
178200	0.5	0.49	0.49	0	0	0.5
178300	0.5	0.48	0.48	0	0	0.5
178400	0.5	0.48	0.48	0	0	0.5
178500	0.5	0.48	0.48	0	0	0.5
178600	0.5	0.48	0.48	0	0	0.5
178700	0.5	0.48	0.48	0	0	0.5
178800	0.5	0.48	0.48	0	0	0.5
178900	0.5	0.48	0.48	0	0	0.5
179000	0.5	0.48	0.48	0	0	0.5
179100	0.5	0.48	0.48	0	0	0.5
179200	0.5	0.48	0.48	0	0	0.5
179300	0.5	0.48	0.48	0	0	0.5
179400	0.5	0.48	0.48	0	0	0.5
179500	0.5	0.48	0.48	0	0	0.5
179600	0.5	0.48	0.48	0	0	0.5
179700	0.5	0.48	0.48	0	0	0.5
179800	0.5	0.48	0.48	0	0	0.5
179900	0.5	0.48	0.48	0	0	0.5
180000	0.5	0.48	0.48	0	0	0.5
180100	0.5	0.48	0.48	0	0	0.5
180200	0.5	0.48	0.48	0	0	0.5
180300	0.5	0.48	0.48	0	0	0.5
180400	0.5	0.49	0.49	0	0	0.5
180500	0.5	0.49	0.49	0	0	0.5
180600	0.5	0.49	0.49	0	0	0.5
180700	0.5	0.49	0.49	0	0	0.5
180800	0.5	0.49	0.49	0	0	0.5
180900	0.5	0.49	0.49	0	0	0.5
181000	0.5	0.5	0.5	0	0	0.5
181100	0.5	0.5	0.5	0	0	0.5
181200	0.5	0.5	0.5	0	0	0.5
181300	0.5	0.5	0.5	0	0	0.5
181400	0.5	0.5	0.5	0	0	0.5
181500	0.5	0.5	0.5	0	0	0.5
181600	0.5	0.5	0.5	0	0	0.5
181700	0.5	0.5	0.5	0	0	0.5
181800	0.5	0.5	0.5	0	0	0.5
181900	0.5	0.5	0.5	0	0	0.5
182000	0.5	0.5	0.5	0	0	0.5
182100	0.5	0.5	0.5	0	0	0.5
182200	0.5	0.5	0.5	0	0	0.5
182300	0.5	0.5	0.5	0	0	0.5
182400	0.5	0.5	0.5	0	0	0.5
182500	0.5	0.5	0.5	0	0	0.5
182600	0.5	0.5	0.5	0	0	0.5
182700	0.5	0.5	0.5	0	0	0.5
182800	0.5	0.5	0.5	0	0	0.5
182900	0.5	0.5	0.5	0	0	0.5
183000	0.5	0.5	0.5	0	0	0.5
183100	0.5	0.5	0.5	0	0	0.5
183200	0.5	0.5	0.5	0	0	0.5
183300	0.5	0.5	0.5	0	0	0.5
183400	0.5	0.5	0.5	0	0	0.5
183500	0.5	0.5	0.5	0	0	0.5
183600	0.5	0.5	0.5	0	0	0.5
183700	0.5	0.5	0.5	0	0	0.5
183800	0.5	0.5	0.5	0	0	0.5
183900	0.5	0.5	0.5	0	0	0.5
184000	0.5	0.5	0.5	0	0	0.5
184100	0.5	0.49	0.49	0	0	0.5
184200	0.5	0.49	0.49	0	0	0.5
184300	0.5	0.49	0.49	0	0	0.5
184400	0.5	0.49	0.49	0	0	0.5
184500	0.5	0.49	0.49	0	0	0.5
184600	0.5	0.49	0.49	0	0	0.5
184700	0.5	0.49	0.49	0	0	0.5
184800	0.5	0.49	0.49	0	0	0.5
184900	0.5	0.49	0.49	0	0	0.5
185000	0.5	0.49	0.49	0	0	0.5
185100	0.5	0.49	0.49	0	0	0.5
185200	0.5	0.49	0.49	0	0	0.5
185300	0.5	0.49	0.49	0	0	0.5
185400	0.5	0.49	0.49	0	0	0.5
185500	0.5	0.49	0.49	0	0	0.5
185600	0.5	0.5	0.5	0	0	0.5
185700	0.5	0.5	0.5	0	0	0.5
185800	0.5	0.5	0.5	0	0	0.5
185900	0.5	0.5	0.5	0	0	0.5
186000	0.5	0.5	0.5	0	0	0.5
186100	0.5	0.5	0.5	0	0	0.5
186200	0.5	0.5	0.5	0	0	0.5
186300	0.5	0.5	0.5	0	0	0.5
186400	0.5	0.5	0.5	0	0	0.5
186500	0.5	0.5	0.5	0	0	0.5
186600	0.5	0.5	0.5	0	0	0.5
186700	0.5	0.5	0.5	0	0	0.5
186800	0.5	0.5	0.5	0	0	0.5
186900	0.5	0.5	0.5	0	0	0.5
187000	0.5	0.5	0.5	0	0	0.5
187100	0.5	0.5	0.5	0	0	0.5
187200	0.5	0.5	0.5	0	0	0.5
187300	0.5	0.5	0.5	0	0	0.5
187400	0.5	0.5	0.5	0	0	0.5
187500	0.5	0.5	0.5	0	0	0.5
187600	0.5	0.5	0.5	0	0	0.5
187700	0.5	0.5	0.5	0	0	0.5
187800	0.5	0.5	0.5	0	0	0.5
187900	0.5	0.5	0.5	0	0	0.5
188000	0.5	0.5	0.5	0	0	0.5
188100	0.5	0.5	0.5	0	0	0.5
188200	0.5	0.5	0.5	0	0	0.5
188300	0.5	0.5	0.5	0	0	0.5
188400	0.5	0.5	0.5	0	0	0.5
188500	0.5	0.5	0.5	0	0	0.5
188600	0.5	0.5	0.5	0	0	0.5
188700	0.5	0.5	0.5	0	0	0.5
188800	0.5	0.5	0.5	0	0	0.5
188900	0.5	0.5	0.5	0	0	0.5
189000	0.5	0.5	0.5	0	0	0.5
189100	0.5	0.5	0.5	0	0	0.5
189200	0.5	0.5	0.5	0	0	0.5
189300	0.5	0.5	0.5	0	0	0.5
189400	0.5	0.5	0.5	0	0	0.5
189500	0.5	0.5	0.5	0	0	0.5
189600	0.5	0.5	0.5	0	0	0.5
189700	0.5	0.5	0.5	0	0	0.5
189800	0.5	0.5	0.5	0	0	0.5
189900	0.5	0.5	0.5	0	0	0.5
190000	0.5	0.5	0.5	0	0	0.5
190100	0.5	0.5	0.5	0	0	0.5
190200	0.5	0.5	0.5	0	0	0.5
190300	0.5	0.5	0.5	0	0	0.5
190400	0.5	0.5	0.5	0	0	0.5
190500	0.5	0.5	0.5	0	0	0.5
190600	0.5	0.5	0.5	0	0	0.5
190700	0.5	0.5	0.5	0	0	0.5
190800	0.5	0.5	0.5	0	0	0.5
190900	0.5	0.5	0.5	0	0	0.5
191000	0.5	0.5	0.5	0	0	0.5
191100	0.5	0.5	0.5	0	0	0.5
191200	0.5	0.5	0.5	0	0	0.5
191300	0.5	0.5	0.5	0	0	0.5
191400	0.5	0.5	0.5	0	0	0.5
191500	0.5	0.5	0.5	0	0	0.5
191600	0.5	0.5	0.5	0	0	0.5
191700	0.5	0.5	0.5	0	0	0.5
191800	0.5	0.5	0.5	0	0	0.5
191900	0.5	0.5	0.5	0	0	0.5
192000	0.5	0.5	0.5	0	0	0.5
192100	0.5	0.5	0.5	0	0	0.5
192200	0.5	0.5	0.5	0	0	0.5
192300	0.5	0.5	0.5	0	0	0.5
192400	0.5	0.5	0.5	0	0	0.5
192500	0.5	0.5	0.5	0	0	0.5
192600	0.5	0.5	0.5	0	0	0.5
192700	0.5	0.5	0.5	0	0	0.5
192800	0.5	0.5	0.5	0	0	0.5
192900	0.5	0.5	0.5	0	0	0.5
193000	0.5	0.5	0.5	0	0	0.5
193100	0.5	0.5	0.5	0	0	0.5
193200	0.5	0.5	0.5	0	0	0.5
193300	0.5	0.5	0.5	0	0	0.5
193400	0.5	0.5	0.5	0	0	0.5
193500	0.5	0.5	0.5	0	0	0.5
193600	0.5	0.5	0.5	0	0	0.5
193700	0.5	0.5	0.5	0	0	0.5
193800	0.5	0.5	0.5	0	0	0.5
193900	0.5	0.5	0.5	0	0	0.5
194000	0.5	0.5	0.5	0	0	0.5
194100	0.5	0.5	0.5	0	0	0.5
194200	0.5	0.5	0.5	0	0	0.5
194300	0.5	0.5	0.5	0	0	0.5
194400	0.5	0.5	0.5	0	0	0.5
194500	0.5	0.5	0.5	0	0	0.5
194600	0.5	0.5	0.5	0	0	0.5
194700	0.5	0.5	0.5	0	0	0.5
194800	0.5	0.5	0.5	0	0	0.5
194900	0.5	0.5	0.5	0	0	0.5
195000	0.5	0.5	0.5	0	0	0.5
195100	0.5	0.5	0.5	0	0	0.5
195200	0.5	0.49	0.49	0	0	0.5
195300	0.5	0.49	0.49	0	0	0.5
195400	0.5	0.49	0.49	0	0	0.5
195500	0.5	0.49	0.49	0	0	0.5
195600	0.5	0.49	0.49	0	0	0.5
195700	0.5	0.49	0.49	0	0	0.5
195800	0.5	0.49	0.49	0	0	0.5
195900	0.5	0.49	0.49	0	0	0.5
196000	0.5	0.49	0.49	0	0	0.5
196100	0.5	0.49	0.49	0	0	0.5
196200	0.5	0.49	0.49	0	0	0.5
196300	0.5	0.49	0.49	0	0	0.5
196400	0.5	0.49	0.49	0	0	0.5
196500	0.5	0.49	0.49	0	0	0.5
196600	0.5	0.49	0.49	0	0	0.5
196700	0.5	0.49	0.49	0	0	0.5
196800	0.5	0.49	0.49	0	0	0.5
196900	0.5	0.49	0.49	0	0	0.5
197000	0.5	0.49	0.49	0	0	0.5
197100	0.5	0.49	0.49	0	0	0.5
197200	0.5	0.49	0.49	0	0	0.5
197300	0.5	0.49	0.49	0	0	0.5
197400	0.5	0.49	0.49	0	0	0.5
197500	0.5	0.49	0.49	0	0	0.5
197600	0.5	0.49	0.49	0	0	0.5
197700	0.5	0.49	0.49	0	0	0.5
197800	0.5	0.49	0.49	0	0	0.5
197900	0.5	0.49	0.49	0	0	0.5
198000	0.5	0.49	0.49	0	0	0.5
198100	0.5	0.49	0.49	0	0	0.5
198200	0.5	0.49	0.49	0	0	0.5
198300	0.5	0.49	0.49	0	0	0.5
198400	0.5	0.49	0.49	0	0	0.5
198500	0.5	0.49	0.49	0	0	0.5
198600	0.5	0.49	0.49	0	0	0.5
198700	0.5	0.49	0.49	0	0	0.5
198800	0.5	0.49	0.49	0	0	0.5
198900	0.5	0.5	0.5	0	0	0.5
199000	0.5	0.5	0.5	0	0	0.5
199100	0.5	0.5	0.5	0	0	0.5
199200	0.5	0.5	0.5	0	0	0.5
199300	0.5	0.5	0.5	0	0	0.5
199400	0.5	0.5	0.5	0	0	0.5
199500	0.5	0.5	0.5	0	0	0.5
199600	0.5	0.5	0.5	0	0	0.5
199700	0.5	0.5	0.5	0	0	0.5
199800	0.5	0.5	0.5	0	0	0.5
199900	0.5	0.5	0.5	0	0	0.5
200000	0.5	0.5	0.5	0	0	0.5
200100	0.5	0.5	0.5	0	0	0.5
200200	0.5	0.5	0.5	0	0	0.5
200300	0.5	0.5	0.5	0	0	0.5
200400	0.5	0.5	0.5	0	0	0.5
200500	0.5	0.5	0.5	0	0	0.5
200600	0.5	0.5	0.5	0	0	0.5
200700	0.5	0.5	0.5	0	0	0.5
200800	0.5	0.5	0.5	0	0	0.5
200900	0.5	0.5	0.5	0	0	0.5
201000	0.5	0.5	0.5	0	0	0.5
201100	0.5	0.5	0.5	0	0	0.5
201200	0.5	0.5	0.5	0	0	0.5
201300	0.5	0.5	0.5	0	0	0.5
201400	0.5	0.5	0.5	0	0	0.5
201500	0.5	0.5	0.5	0	0	0.5
201600	0.5	0.5	0.5	0	0	0.5
201700	0.5	0.5	0.5	0	0	0.5
201800	0.5	0.5	0.5	0	0	0.5
201900	0.5	0.5	0.5	0	0	0.5
202000	0.5	0.5	0.5	0	0	0.5
202100	0.5	0.5	0.5	0	0	0.5
202200	0.5	0.5	0.5	0	0	0.5
202300	0.5	0.5	0.5	0	0	0.5
202400	0.5	0.5	0.5	0	0	0.5
202500	0.5	0.5	0.5	0	0	0.5
202600	0.5	0.5	0.5	0	0	0.5
202700	0.5	0.5	0.5	0	0	0.5
202800	0.5	0.5	0.5	0	0	0.5
202900	0.5	0.5	0.5	0	0	0.5
203000	0.5	0.5	0.5	0	0	0.5
203100	0.5	0.5	0.5	0	0	0.5
203200	0.5	0.5	0.5	0	0	0.5
203300	0.5	0.5	0.5	0	0	0.5
203400	0.5	0.5	0.5	0	0	0.5
203500	0.5	0.5	0.5	0	0	0.5
203600	0.5	0.5	0.5	0	0	0.5
203700	0.5	0.5	0.5	0	0	0.5
203800	0.5	0.5	0.5	0	0	0.5
203900	0.5	0.5	0.5	0	0	0.5
204000	0.5	0.5	0.5	0	0	0.5
204100	0.5	0.5	0.5	0	0	0.5
204200	0.5	0.5	0.5	0	0	0.5
204300	0.5	0.5	0.5	0	0	0.5
204400	0.5	0.5	0.5	0	0	0.5
204500	0.5	0.5	0.5	0	0	0.5
204600	0.5	0.5	0.5	0	0	0.5
204700	0.5	0.5	0.5	0	0	0.5
204800	0.5	0.5	0.5	0	0	0.5
204900	0.5	0.5	0.5	0	0	0.5
205000	0.5	0.5	0.5	0	0	0.5
205100	0.5	0.5	0.5	0	0	0.5
205200	0.5	0.5	0.5	0	0	0.5
205300	0.5	0.5	0.5	0	0	0.5
205400	0.5	0.5	0.5	0	0	0.5
205500	0.5	0.5	0.5	0	0	0.5
205600	0.5	0.5	0.5	0	0	0.5
205700	0.5	0.5	0.5	0	0	0.5
205800	0.5	0.5	0.5	0	0	0.5
205900	0.5	0.5	0.5	0	0	0.5
206000	0.5	0.5	0.5	0	0	0.5
206100	0.5	0.5	0.5	0	0	0.5
206200	0.5	0.5	0.5	0	0	0.5
206300	0.5	0.5	0.5	0	0	0.5
206400	0.5	0.5	0.5	0	0	0.5
206500	0.5	0.5	0.5	0	0	0.5
206600	0.5	0.5	0.5	0	0	0.5
206700	0.5	0.5	0.5	0	0	0.5
206800	0.5	0.5	0.5	0	0	0.5
206900	0.5	0.5	0.5	0	0	0.5
207000	0.5	0.5	0.5	0	0	0.5
207100	0.5	0.5	0.5	0	0	0.5
207200	0.5	0.5	0.5	0	0	0.5
207300	0.5	0.5	0.5	0	0	0.5
207400	0.5	0.5	0.5	0	0	0.5
207500	0.5	0.49	0.49	0	0	0.5
207600	0.5	0.49	0.49	0	0	0.5
207700	0.5	0.49	0.49	0	0	0.5
207800	0.5	0.49	0.49	0	0	0.5
207900	0.5	0.49	0.49	0	0	0.5
208000	0.5	0.49	0.49	0	0	0.5
208100	0.5	0.49	0.49	0	0	0.5
208200	0.5	0.49	0.49	0	0	0.5
208300	0.5	0.49	0.49	0	0	0.5
208400	0.5	0.49	0.49	0	0	0.5
208500	0.5	0.49	0.49	0	0	0.5
208600	0.5	0.49	0.49	0	0	0.5
208700	0.5	0.49	0.49	0	0	0.5
208800	0.5	0.49	0.49	0	0	0.5
208900	0.5	0.49	0.49	0	0	0.5
209000	0.5	0.49	0.49	0	0	0.5
209100	0.5	0.49	0.49	0	0	0.5
209200	0.5	0.49	0.49	0	0	0.5
209300	0.5	0.49	0.49	0	0	0.5
209400	0.5	0.49	0.49	0	0	0.5
209500	0.5	0.49	0.49	0	0	0.5
209600	0.5	0.49	0.49	0	0	0.5
209700	0.5	0.49	0.49	0	0	0.5
209800	0.5	0.49	0.49	0	0	0.5
209900	0.5	0.49	0.49	0	0	0.5
210000	0.5	0.49	0.49	0	0	0.5
210100	0.5	0.49	0.49	0	0	0.5
210200	0.5	0.49	0.49	0	0	0.5
210300	0.5	0.49	0.49	0	0	0.5
210400	0.5	0.49	0.49	0	0	0.5
210500	0.5	0.49	0.49	0	0	0.5
210600	0.5	0.49	0.49	0	0	0.5
210700	0.5	0.49	0.49	0	0	0.5
210800	0.5	0.49	0.49	0	0	0.5
210900	0.5	0.49	0.49	0	0	0.5
211000	0.5	0.49	0.49	0	0	0.5
211100	0.5	0.49	0.49	0	0	0.5
211200	0.5	0.49	0.49	0	0	0.5
211300	0.5	0.49	0.49	0	0	0.5
211400	0.5	0.49	0.49	0	0	0.5
211500	0.5	0.49	0.49	0	0	0.5
211600	0.5	0.49	0.49	0	0	0.5
211700	0.5	0.49	0.49	0	0	0.5
211800	0.5	0.49	0.49	0	0	0.5
211900	0.5	0.49	0.49	0	0	0.5
212000	0.5	0.48	0.48	0	0	0.5
212100	0.5	0.48	0.48	0	0	0.5
212200	0.5	0.48	0.48	0	0	0.5
212300	0.5	0.48	0.48	0	0	0.5
212400	0.5	0.48	0.48	0	0	0.5
212500	0.5	0.48	0.48	0	0	0.5
212600	0.5	0.48	0.48	0	0	0.5
212700	0.5	0.48	0.48	0	0	0.5
212800	0.5	0.48	0.48	0	0	0.5
212900	0.5	0.48	0.48	0	0	0.5
213000	0.5	0.48	0.48	0	0	0.5
213100	0.5	0.48	0.48	0	0	0.5
213200	0.5	0.48	0.48	0	0	0.5
213300	0.5	0.48	0.48	0	0	0.5
213400	0.5	0.48	0.48	0	0	0.5
213500	0.5	0.48	0.48	0	0	0.5
213600	0.5	0.48	0.48	0	0	0.5
213700	0.5	0.48	0.48	0	0	0.5
213800	0.5	0.48	0.48	0	0	0.5
213900	0.5	0.48	0.48	0	0	0.5
214000	0.5	0.48	0.48	0	0	0.5
214100	0.5	0.48	0.48	0	0	0.5
214200	0.5	0.48	0.48	0	0	0.5
214300	0.5	0.48	0.48	0	0	0.5
214400	0.5	0.48	0.48	0	0	0.5
214500	0.5	0.48	0.48	0	0	0.5
214600	0.5	0.48	0.48	0	0	0.5
214700	0.5	0.48	0.48	0	0	0.5
214800	0.5	0.48	0.48	0	0	0.5
214900	0.5	0.48	0.48	0	0	0.5
215000	0.5	0.48	0.48	0	0	0.5
215100	0.5	0.48	0.48	0	0	0.5
215200	0.5	0.48	0.48	0	0	0.5
215300	0.5	0.48	0.48	0	0	0.5
215400	0.5	0.48	0.48	0	0	0.5
215500	0.5	0.48	0.48	0	0	0.5
215600	0.5	0.48	0.48	0	0	0.5
215700	0.5	0.48	0.48	0	0	0.5
215800	0.5	0.48	0.48	0	0	0.5
215900	0.5	0.48	0.48	0	0	0.5
216000	0.5	0.48	0.48	0	0	0.5
216100	0.5	0.48	0.48	0	0	0.5
216200	0.5	0.48	0.48	0	0	0.5
216300	0.5	0.48	0.48	0	0	0.5
216400	0.5	0.48	0.48	0	0	0.5
216500	0.5	0.48	0.48	0	0	0.5
216600	0.5	0.48	0.48	0	0	0.5
216700	0.5	0.48	0.48	0	0	0.5
