100	0.02	0.08	0.08	0	0	0.02
200	0.04	0.09	0.09	0	0	0.04
300	0.05	0.13	0.13	0	0	0.05
400	0.04	0.11	0.11	0	0	0.04
500	0.05	0.08	0.08	0	0	0.05
600	0.03	0.05	0.05	0	0	0.03
700	0.03	0.03	0.03	0	0	0.03
800	0.02	0.03	0.03	0	0	0.02
900	0.02	0.05	0.05	0	0	0.02
1000	0.01	0.04	0.04	0	0	0.01
1100	0.01	0.04	0.04	0	0	0.01
1200	0.01	0.06	0.06	0	0	0.01
1300	0.02	0.05	0.05	0	0	0.02
1400	0.04	0.03	0.03	0	0	0.04
1500	0.05	0.02	0.02	0	0	0.05
1600	0.04	0.02	0.02	0	0	0.04
1700	0.06	0.03	0.03	0	0	0.06
1800	0.05	0.02	0.02	0	0	0.05
1900	0.03	0.03	0.03	0	0	0.03
2000	0.04	0.02	0.02	0	0	0.04
2100	0.03	0.03	0.03	0	0	0.03
2200	0.03	0.03	0.03	0	0	0.03
2300	0.02	0.03	0.03	0	0	0.02
2400	0.03	0.03	0.03	0	0	0.03
2500	0.01	0.03	0.03	0	0	0.01
2600	0.02	0.01	0.01	0	0	0.02
2700	0.03	0.03	0.03	0	0	0.03
2800	0.02	0.01	0.01	0	0	0.02
2900	0.04	0.02	0.02	0	0	0.04
3000	0.03	0.03	0.03	0	0	0.03
3100	0.01	0.03	0.03	0	0	0.01
3200	0.02	0.03	0.03	0	0	0.02
3300	0.02	0.04	0.04	0	0	0.02
3400	0	0.06	0.06	0	0	0
3500	0	0.06	0.06	0	0	0
3600	0.01	0.05	0.05	0	0	0.01
3700	0.02	0.06	0.06	0	0	0.02
3800	0.03	0.06	0.06	0	0	0.03
3900	0.03	0.05	0.05	0	0	0.03
4000	0.01	0.06	0.06	0	0	0.01
4100	0.01	0.08	0.08	0	0	0.01
4200	0.01	0.05	0.05	0	0	0.01
4300	0.02	0.03	0.03	0	0	0.02
4400	0.03	0	0	0	0	0.03
4500	0.03	0.02	0.02	0	0	0.03
4600	0.04	0.04	0.04	0	0	0.04
4700	0.05	0.06	0.06	0	0	0.05
4800	0.03	0.02	0.02	0	0	0.03
4900	0.03	0.03	0.03	0	0	0.03
5000	0.02	0.04	0.04	0	0	0.02
5100	0.02	0.03	0.03	0	0	0.02
5200	0.01	0.03	0.03	0	0	0.01
5300	0.01	0.03	0.03	0	0	0.01
5400	0.02	0.03	0.03	0	0	0.02
5500	0.03	0.03	0.03	0	0	0.03
5600	0.01	0.02	0.02	0	0	0.01
5700	0.01	0.03	0.03	0	0	0.01
5800	0.01	0.01	0.01	0	0	0.01
5900	0.01	0.01	0.01	0	0	0.01
6000	0.01	0	0	0	0	0.01
6100	0.01	0	0	0	0	0.01
6200	0.03	0	0	0	0	0.03
6300	0.04	0	0	0	0	0.04
6400	0.04	0.01	0.01	0	0	0.04
6500	0.02	0.02	0.02	0	0	0.02
6600	0.02	0.01	0.01	0	0	0.02
6700	0.04	0.01	0.01	0	0	0.04
6800	0.04	0.02	0.02	0	0	0.04
6900	0.03	0.03	0.03	0	0	0.03
7000	0.01	0.02	0.02	0	0	0.01
7100	0.02	0.02	0.02	0	0	0.02
7200	0.02	0.02	0.02	0	0	0.02
7300	0.02	0.02	0.02	0	0	0.02
7400	0	0	0	0	0	0
7500	0	0.01	0.01	0	0	0
7600	0	0.03	0.03	0	0	0
7700	0	0.04	0.04	0	0	0
7800	0.01	0.04	0.04	0	0	0.01
7900	0.01	0.04	0.04	0	0	0.01
8000	0.01	0.02	0.02	0	0	0.01
8100	0.02	0.03	0.03	0	0	0.02
8200	0.03	0.01	0.01	0	0	0.03
8300	0.03	0.01	0.01	0	0	0.03
8400	0.03	0.02	0.02	0	0	0.03
8500	0.03	0.01	0.01	0	0	0.03
8600	0.04	0.02	0.02	0	0	0.04
8700	0.01	0.02	0.02	0	0	0.01
8800	0.01	0.03	0.03	0	0	0.01
8900	0.03	0.03	0.03	0	0	0.03
9000	0.01	0.03	0.03	0	0	0.01
9100	0.01	0.02	0.02	0	0	0.01
9200	0.01	0.01	0.01	0	0	0.01
9300	0.01	0.01	0.01	0	0	0.01
9400	0.01	0.01	0.01	0	0	0.01
9500	0	0.01	0.01	0	0	0
9600	0.01	0.02	0.02	0	0	0.01
9700	0.01	0.02	0.02	0	0	0.01
9800	0.01	0.02	0.02	0	0	0.01
9900	0.02	0.02	0.02	0	0	0.02
10000	0.03	0.03	0.03	0	0	0.03
10100	0.04	0.03	0.03	0	0	0.04
10200	0.03	0.04	0.04	0	0	0.03
10300	0.03	0.05	0.05	0	0	0.03
10400	0.03	0.04	0.04	0	0	0.03
10500	0.02	0.03	0.03	0	0	0.02
10600	0.01	0.02	0.02	0	0	0.01
10700	0.04	0.03	0.03	0	0	0.04
10800	0.04	0.04	0.04	0	0	0.04
10900	0.04	0.03	0.03	0	0	0.04
11000	0.03	0.02	0.02	0	0	0.03
11100	0	0.02	0.02	0	0	0
11200	0	0.02	0.02	0	0	0
11300	0	0.04	0.04	0	0	0
11400	0.01	0.04	0.04	0	0	0.01
11500	0.04	0.05	0.05	0	0	0.04
11600	0.05	0.02	0.02	0	0	0.05
11700	0.05	0.04	0.04	0	0	0.05
11800	0.06	0.03	0.03	0	0	0.06
11900	0.07	0.04	0.04	0	0	0.07
12000	0.05	0.04	0.04	0	0	0.05
12100	0.04	0.05	0.05	0	0	0.04
12200	0.04	0.03	0.03	0	0	0.04
12300	0.03	0.04	0.04	0	0	0.03
12400	0.05	0.03	0.03	0	0	0.05
12500	0.05	0.02	0.02	0	0	0.05
12600	0.02	0.01	0.01	0	0	0.02
12700	0.01	0.01	0.01	0	0	0.01
12800	0.01	0.03	0.03	0	0	0.01
12900	0.01	0.03	0.03	0	0	0.01
13000	0.02	0.02	0.02	0	0	0.02
13100	0.05	0.01	0.01	0	0	0.05
13200	0.06	0	0	0	0	0.06
13300	0.04	0	0	0	0	0.04
13400	0.03	0.03	0.03	0	0	0.03
13500	0.02	0.04	0.04	0	0	0.02
13600	0.02	0.04	0.04	0	0	0.02
13700	0.02	0.02	0.02	0	0	0.02
13800	0.02	0.05	0.05	0	0	0.02
13900	0.01	0.05	0.05	0	0	0.01
14000	0.02	0.05	0.05	0	0	0.02
14100	0.01	0.05	0.05	0	0	0.01
14200	0.02	0.06	0.06	0	0	0.02
14300	0.03	0.07	0.07	0	0	0.03
14400	0.03	0.07	0.07	0	0	0.03
14500	0.02	0.06	0.06	0	0	0.02
14600	0.02	0.06	0.06	0	0	0.02
14700	0.02	0.07	0.07	0	0	0.02
14800	0.02	0.06	0.06	0	0	0.02
14900	0.03	0.02	0.02	0	0	0.03
15000	0.03	0	0	0	0	0.03
15100	0.04	0.01	0.01	0	0	0.04
15200	0.04	0.02	0.02	0	0	0.04
15300	0.02	0.01	0.01	0	0	0.02
15400	0.01	0.01	0.01	0	0	0.01
15500	0.01	0.01	0.01	0	0	0.01
15600	0.01	0.01	0.01	0	0	0.01
15700	0.02	0.02	0.02	0	0	0.02
15800	0.01	0.01	0.01	0	0	0.01
15900	0.01	0.02	0.02	0	0	0.01
16000	0.02	0.01	0.01	0	0	0.02
16100	0.01	0.02	0.02	0	0	0.01
16200	0.01	0.02	0.02	0	0	0.01
16300	0.01	0.01	0.01	0	0	0.01
16400	0.03	0.01	0.01	0	0	0.03
16500	0.04	0	0	0	0	0.04
16600	0.05	0.01	0.01	0	0	0.05
16700	0.05	0.02	0.02	0	0	0.05
16800	0.04	0.04	0.04	0	0	0.04
16900	0.03	0.05	0.05	0	0	0.03
17000	0.03	0.05	0.05	0	0	0.03
17100	0.02	0.04	0.04	0	0	0.02
17200	0.01	0.03	0.03	0	0	0.01
17300	0.01	0.03	0.03	0	0	0.01
17400	0.01	0.06	0.06	0	0	0.01
17500	0.01	0.06	0.06	0	0	0.01
17600	0.01	0.06	0.06	0	0	0.01
17700	0.02	0.07	0.07	0	0	0.02
17800	0	0.07	0.07	0	0	0
17900	0	0.07	0.07	0	0	0
18000	0	0.07	0.07	0	0	0
18100	0.01	0.04	0.04	0	0	0.01
18200	0.01	0.03	0.03	0	0	0.01
18300	0.02	0.03	0.03	0	0	0.02
18400	0.02	0.01	0.01	0	0	0.02
18500	0.02	0.01	0.01	0	0	0.02
18600	0.02	0.02	0.02	0	0	0.02
18700	0.03	0.02	0.02	0	0	0.03
18800	0.03	0.02	0.02	0	0	0.03
18900	0	0.01	0.01	0	0	0
19000	0	0.01	0.01	0	0	0
19100	0	0.01	0.01	0	0	0
19200	0.02	0.04	0.04	0	0	0.02
19300	0.02	0.03	0.03	0	0	0.02
19400	0.03	0.04	0.04	0	0	0.03
19500	0.03	0.03	0.03	0	0	0.03
19600	0.03	0.04	0.04	0	0	0.03
19700	0.04	0.04	0.04	0	0	0.04
19800	0.04	0.05	0.05	0	0	0.04
19900	0.03	0.04	0.04	0	0	0.03
20000	0.02	0.04	0.04	0	0	0.02
20100	0.01	0.05	0.05	0	0	0.01
20200	0.04	0.05	0.05	0	0	0.04
20300	0.06	0.04	0.04	0	0	0.06
20400	0.06	0.03	0.03	0	0	0.06
20500	0.06	0.04	0.04	0	0	0.06
20600	0.07	0.02	0.02	0	0	0.07
20700	0.06	0.01	0.01	0	0	0.06
20800	0.05	0.01	0.01	0	0	0.05
20900	0.04	0.04	0.04	0	0	0.04
21000	0.04	0.03	0.03	0	0	0.04
21100	0	0.04	0.04	0	0	0
21200	0.01	0.04	0.04	0	0	0.01
21300	0.02	0.04	0.04	0	0	0.02
21400	0.02	0.03	0.03	0	0	0.02
21500	0.02	0.03	0.03	0	0	0.02
21600	0.03	0.02	0.02	0	0	0.03
21700	0.05	0.01	0.01	0	0	0.05
21800	0.05	0	0	0	0	0.05
21900	0.05	0.02	0.02	0	0	0.05
22000	0.06	0.02	0.02	0	0	0.06
22100	0.04	0.02	0.02	0	0	0.04
22200	0.02	0.03	0.03	0	0	0.02
22300	0.04	0.02	0.02	0	0	0.04
22400	0.03	0	0	0	0	0.03
22500	0.01	0.01	0.01	0	0	0.01
22600	0.02	0.02	0.02	0	0	0.02
22700	0.04	0.02	0.02	0	0	0.04
22800	0.05	0.03	0.03	0	0	0.05
22900	0.03	0.03	0.03	0	0	0.03
23000	0.02	0.06	0.06	0	0	0.02
23100	0.01	0.07	0.07	0	0	0.01
23200	0.01	0.05	0.05	0	0	0.01
23300	0	0.05	0.05	0	0	0
23400	0	0.02	0.02	0	0	0
23500	0	0.01	0.01	0	0	0
23600	0.01	0.01	0.01	0	0	0.01
23700	0.03	0	0	0	0	0.03
23800	0.04	0.01	0.01	0	0	0.04
23900	0.04	0.03	0.03	0	0	0.04
24000	0.04	0.03	0.03	0	0	0.04
24100	0.04	0.02	0.02	0	0	0.04
24200	0.03	0.03	0.03	0	0	0.03
24300	0.01	0.06	0.06	0	0	0.01
24400	0.01	0.06	0.06	0	0	0.01
24500	0.02	0.07	0.07	0	0	0.02
24600	0.02	0.07	0.07	0	0	0.02
24700	0.02	0.05	0.05	0	0	0.02
24800	0.03	0.05	0.05	0	0	0.03
24900	0.02	0.05	0.05	0	0	0.02
25000	0.02	0.04	0.04	0	0	0.02
25100	0.02	0.06	0.06	0	0	0.02
25200	0.04	0.07	0.07	0	0	0.04
25300	0.04	0.06	0.06	0	0	0.04
25400	0.05	0.08	0.08	0	0	0.05
25500	0.03	0.07	0.07	0	0	0.03
25600	0.03	0.09	0.09	0	0	0.03
25700	0.03	0.1	0.1	0	0	0.03
25800	0.03	0.08	0.08	0	0	0.03
25900	0.03	0.08	0.08	0	0	0.03
26000	0.04	0.08	0.08	0	0	0.04
26100	0.02	0.09	0.09	0	0	0.02
26200	0.02	0.09	0.09	0	0	0.02
26300	0.02	0.1	0.1	0	0	0.02
26400	0	0.1	0.1	0	0	0
26500	0	0.11	0.11	0	0	0
26600	0	0.1	0.1	0	0	0
26700	0	0.1	0.1	0	0	0
26800	0.01	0.1	0.1	0	0	0.01
26900	0.01	0.12	0.12	0	0	0.01
27000	0.01	0.1	0.1	0	0	0.01
27100	0.01	0.12	0.12	0	0	0.01
27200	0	0.11	0.11	0	0	0
27300	0.01	0.12	0.12	0	0	0.01
27400	0.03	0.11	0.11	0	0	0.03
27500	0.02	0.12	0.12	0	0	0.02
27600	0.02	0.13	0.13	0	0	0.02
27700	0.02	0.13	0.13	0	0	0.02
27800	0.03	0.14	0.14	0	0	0.03
27900	0.03	0.12	0.12	0	0	0.03
28000	0.02	0.11	0.11	0	0	0.02
28100	0.01	0.11	0.11	0	0	0.01
28200	0.01	0.13	0.13	0	0	0.01
28300	0	0.12	0.12	0	0	0
28400	0.01	0.12	0.12	0	0	0.01
28500	0.01	0.14	0.14	0	0	0.01
28600	0.01	0.15	0.15	0	0	0.01
28700	0.02	0.16	0.16	0	0	0.02
28800	0.03	0.15	0.15	0	0	0.03
28900	0.03	0.15	0.15	0	0	0.03
29000	0.02	0.16	0.16	0	0	0.02
29100	0.01	0.17	0.17	0	0	0.01
29200	0.01	0.16	0.16	0	0	0.01
29300	0.03	0.16	0.16	0	0	0.03
29400	0.03	0.16	0.16	0	0	0.03
29500	0.03	0.17	0.17	0	0	0.03
29600	0.05	0.17	0.17	0	0	0.05
29700	0.06	0.18	0.18	0	0	0.06
29800	0.07	0.17	0.17	0	0	0.07
29900	0.05	0.17	0.17	0	0	0.05
30000	0.05	0.16	0.16	0	0	0.05
30100	0.03	0.15	0.15	0	0	0.03
30200	0.02	0.15	0.15	0	0	0.02
30300	0.02	0.15	0.15	0	0	0.02
30400	0.02	0.15	0.15	0	0	0.02
30500	0.02	0.15	0.15	0	0	0.02
30600	0.03	0.16	0.16	0	0	0.03
30700	0.04	0.17	0.17	0	0	0.04
30800	0.02	0.18	0.18	0	0	0.02
30900	0.02	0.18	0.18	0	0	0.02
31000	0.01	0.18	0.18	0	0	0.01
31100	0.02	0.18	0.18	0	0	0.02
31200	0.02	0.18	0.18	0	0	0.02
31300	0.01	0.17	0.17	0	0	0.01
31400	0.01	0.17	0.17	0	0	0.01
31500	0.02	0.16	0.16	0	0	0.02
31600	0.02	0.17	0.17	0	0	0.02
31700	0.04	0.17	0.17	0	0	0.04
31800	0.04	0.17	0.17	0	0	0.04
31900	0.03	0.17	0.17	0	0	0.03
32000	0.03	0.17	0.17	0	0	0.03
32100	0.02	0.17	0.17	0	0	0.02
32200	0.05	0.16	0.16	0	0	0.05
32300	0.06	0.17	0.17	0	0	0.06
32400	0.05	0.17	0.17	0	0	0.05
32500	0.04	0.17	0.17	0	0	0.04
32600	0.03	0.19	0.19	0	0	0.03
32700	0.02	0.19	0.19	0	0	0.02
32800	0.01	0.19	0.19	0	0	0.01
32900	0.01	0.19	0.19	0	0	0.01
33000	0.01	0.19	0.19	0	0	0.01
33100	0.01	0.19	0.19	0	0	0.01
33200	0.02	0.18	0.18	0	0	0.02
33300	0.03	0.19	0.19	0	0	0.03
33400	0.05	0.22	0.22	0	0	0.05
33500	0.04	0.23	0.23	0	0	0.04
33600	0.03	0.22	0.22	0	0	0.03
33700	0.02	0.22	0.22	0	0	0.02
33800	0.01	0.22	0.22	0	0	0.01
33900	0	0.22	0.22	0	0	0
34000	0.01	0.22	0.22	0	0	0.01
34100	0	0.22	0.22	0	0	0
34200	0	0.23	0.23	0	0	0
34300	0	0.23	0.23	0	0	0
34400	0.01	0.25	0.25	0	0	0.01
34500	0.02	0.26	0.26	0	0	0.02
34600	0.02	0.24	0.24	0	0	0.02
34700	0.04	0.23	0.23	0	0	0.04
34800	0.04	0.23	0.23	0	0	0.04
34900	0.01	0.23	0.23	0	0	0.01
35000	0.02	0.23	0.23	0	0	0.02
35100	0.02	0.23	0.23	0	0	0.02
35200	0.01	0.23	0.23	0	0	0.01
35300	0.01	0.22	0.22	0	0	0.01
35400	0	0.23	0.23	0	0	0
35500	0.01	0.22	0.22	0	0	0.01
35600	0.01	0.23	0.23	0	0	0.01
35700	0.02	0.23	0.23	0	0	0.02
35800	0.03	0.22	0.22	0	0	0.03
35900	0.04	0.22	0.22	0	0	0.04
36000	0.03	0.22	0.22	0	0	0.03
36100	0.03	0.22	0.22	0	0	0.03
36200	0.02	0.23	0.23	0	0	0.02
36300	0.03	0.23	0.23	0	0	0.03
36400	0.02	0.23	0.23	0	0	0.02
36500	0.03	0.23	0.23	0	0	0.03
36600	0.02	0.23	0.23	0	0	0.02
36700	0.05	0.23	0.23	0	0	0.05
36800	0.06	0.24	0.24	0	0	0.06
36900	0.07	0.24	0.24	0	0	0.07
37000	0.06	0.24	0.24	0	0	0.06
37100	0.05	0.25	0.25	0	0	0.05
37200	0.05	0.25	0.25	0	0	0.05
37300	0.05	0.25	0.25	0	0	0.05
37400	0.05	0.25	0.25	0	0	0.05
37500	0.07	0.25	0.25	0	0	0.07
37600	0.07	0.25	0.25	0	0	0.07
37700	0.07	0.26	0.26	0	0	0.07
37800	0.09	0.26	0.26	0	0	0.09
37900	0.08	0.26	0.26	0	0	0.08
38000	0.08	0.26	0.26	0	0	0.08
38100	0.08	0.26	0.26	0	0	0.08
38200	0.07	0.26	0.26	0	0	0.07
38300	0.08	0.26	0.26	0	0	0.08
38400	0.06	0.26	0.26	0	0	0.06
38500	0.06	0.27	0.27	0	0	0.06
38600	0.06	0.27	0.27	0	0	0.06
38700	0.02	0.26	0.26	0	0	0.02
38800	0.02	0.26	0.26	0	0	0.02
38900	0.03	0.26	0.26	0	0	0.03
39000	0.03	0.26	0.26	0	0	0.03
39100	0.02	0.26	0.26	0	0	0.02
39200	0.02	0.26	0.26	0	0	0.02
39300	0.02	0.26	0.26	0	0	0.02
39400	0.03	0.26	0.26	0	0	0.03
39500	0.03	0.26	0.26	0	0	0.03
39600	0.05	0.25	0.25	0	0	0.05
39700	0.05	0.25	0.25	0	0	0.05
39800	0.03	0.25	0.25	0	0	0.03
39900	0.03	0.25	0.25	0	0	0.03
40000	0.03	0.25	0.25	0	0	0.03
40100	0.04	0.26	0.26	0	0	0.04
40200	0.04	0.27	0.27	0	0	0.04
40300	0.03	0.27	0.27	0	0	0.03
40400	0.03	0.27	0.27	0	0	0.03
40500	0.02	0.27	0.27	0	0	0.02
40600	0.03	0.27	0.27	0	0	0.03
40700	0.04	0.29	0.29	0	0	0.04
40800	0.03	0.29	0.29	0	0	0.03
40900	0.02	0.29	0.29	0	0	0.02
41000	0.03	0.29	0.29	0	0	0.03
41100	0.03	0.28	0.28	0	0	0.03
41200	0.03	0.28	0.28	0	0	0.03
41300	0.04	0.28	0.28	0	0	0.04
41400	0.05	0.28	0.28	0	0	0.05
41500	0.07	0.28	0.28	0	0	0.07
41600	0.05	0.28	0.28	0	0	0.05
41700	0.05	0.28	0.28	0	0	0.05
41800	0.03	0.28	0.28	0	0	0.03
41900	0.02	0.29	0.29	0	0	0.02
42000	0.03	0.29	0.29	0	0	0.03
42100	0.03	0.29	0.29	0	0	0.03
42200	0.01	0.29	0.29	0	0	0.01
42300	0.01	0.29	0.29	0	0	0.01
42400	0.02	0.29	0.29	0	0	0.02
42500	0.02	0.29	0.29	0	0	0.02
42600	0.02	0.29	0.29	0	0	0.02
42700	0.01	0.29	0.29	0	0	0.01
42800	0.02	0.29	0.29	0	0	0.02
42900	0.02	0.29	0.29	0	0	0.02
43000	0.01	0.3	0.3	0	0	0.01
43100	0.01	0.29	0.29	0	0	0.01
43200	0.01	0.29	0.29	0	0	0.01
43300	0.02	0.3	0.3	0	0	0.02
43400	0.03	0.3	0.3	0	0	0.03
43500	0.04	0.3	0.3	0	0	0.04
43600	0.05	0.3	0.3	0	0	0.05
43700	0.05	0.3	0.3	0	0	0.05
43800	0.05	0.3	0.3	0	0	0.05
43900	0.05	0.3	0.3	0	0	0.05
44000	0.04	0.29	0.29	0	0	0.04
44100	0.01	0.29	0.29	0	0	0.01
44200	0.01	0.29	0.29	0	0	0.01
44300	0.01	0.29	0.29	0	0	0.01
44400	0.01	0.29	0.29	0	0	0.01
44500	0.01	0.3	0.3	0	0	0.01
44600	0.01	0.31	0.31	0	0	0.01
44700	0.03	0.31	0.31	0	0	0.03
44800	0.03	0.31	0.31	0	0	0.03
44900	0.01	0.31	0.31	0	0	0.01
45000	0.02	0.31	0.31	0	0	0.02
45100	0.03	0.3	0.3	0	0	0.03
45200	0.04	0.3	0.3	0	0	0.04
45300	0.03	0.31	0.31	0	0	0.03
45400	0.04	0.31	0.31	0	0	0.04
45500	0.04	0.31	0.31	0	0	0.04
45600	0.05	0.31	0.31	0	0	0.05
45700	0.06	0.31	0.31	0	0	0.06
45800	0.06	0.31	0.31	0	0	0.06
45900	0.07	0.31	0.31	0	0	0.07
46000	0.07	0.31	0.31	0	0	0.07
46100	0.07	0.31	0.31	0	0	0.07
46200	0.09	0.31	0.31	0	0	0.09
46300	0.08	0.31	0.31	0	0	0.08
46400	0.07	0.33	0.33	0	0	0.07
46500	0.08	0.33	0.33	0	0	0.08
46600	0.07	0.33	0.33	0	0	0.07
46700	0.06	0.33	0.33	0	0	0.06
46800	0.07	0.33	0.33	0	0	0.07
46900	0.06	0.33	0.33	0	0	0.06
47000	0.07	0.33	0.33	0	0	0.07
47100	0.06	0.33	0.33	0	0	0.06
47200	0.08	0.33	0.33	0	0	0.08
47300	0.06	0.33	0.33	0	0	0.06
47400	0.06	0.33	0.33	0	0	0.06
47500	0.08	0.32	0.32	0	0	0.08
47600	0.08	0.32	0.32	0	0	0.08
47700	0.07	0.33	0.33	0	0	0.07
47800	0.08	0.33	0.33	0	0	0.08
47900	0.08	0.33	0.33	0	0	0.08
48000	0.06	0.33	0.33	0	0	0.06
48100	0.05	0.33	0.33	0	0	0.05
48200	0.06	0.32	0.32	0	0	0.06
48300	0.06	0.32	0.32	0	0	0.06
48400	0.07	0.32	0.32	0	0	0.07
48500	0.08	0.33	0.33	0	0	0.08
48600	0.08	0.34	0.34	0	0	0.08
48700	0.06	0.34	0.34	0	0	0.06
48800	0.06	0.33	0.33	0	0	0.06
48900	0.06	0.33	0.33	0	0	0.06
49000	0.08	0.34	0.34	0	0	0.08
49100	0.08	0.34	0.34	0	0	0.08
49200	0.09	0.34	0.34	0	0	0.09
49300	0.09	0.34	0.34	0	0	0.09
49400	0.09	0.34	0.34	0	0	0.09
49500	0.1	0.34	0.34	0	0	0.1
49600	0.1	0.34	0.34	0	0	0.1
49700	0.1	0.34	0.34	0	0	0.1
49800	0.1	0.34	0.34	0	0	0.1
49900	0.1	0.34	0.34	0	0	0.1
50000	0.11	0.34	0.34	0	0	0.11
50100	0.12	0.35	0.35	0	0	0.12
50200	0.13	0.34	0.34	0	0	0.13
50300	0.13	0.34	0.34	0	0	0.13
50400	0.12	0.34	0.34	0	0	0.12
50500	0.11	0.34	0.34	0	0	0.11
50600	0.12	0.35	0.35	0	0	0.12
50700	0.12	0.35	0.35	0	0	0.12
50800	0.12	0.35	0.35	0	0	0.12
50900	0.12	0.35	0.35	0	0	0.12
51000	0.12	0.34	0.34	0	0	0.12
51100	0.13	0.33	0.33	0	0	0.13
51200	0.14	0.35	0.35	0	0	0.14
51300	0.14	0.35	0.35	0	0	0.14
51400	0.14	0.35	0.35	0	0	0.14
51500	0.14	0.35	0.35	0	0	0.14
51600	0.15	0.35	0.35	0	0	0.15
51700	0.15	0.35	0.35	0	0	0.15
51800	0.15	0.35	0.35	0	0	0.15
51900	0.15	0.35	0.35	0	0	0.15
52000	0.15	0.36	0.36	0	0	0.15
52100	0.15	0.36	0.36	0	0	0.15
52200	0.14	0.37	0.37	0	0	0.14
52300	0.15	0.37	0.37	0	0	0.15
52400	0.15	0.37	0.37	0	0	0.15
52500	0.15	0.37	0.37	0	0	0.15
52600	0.15	0.37	0.37	0	0	0.15
52700	0.15	0.37	0.37	0	0	0.15
52800	0.16	0.36	0.36	0	0	0.16
52900	0.17	0.36	0.36	0	0	0.17
53000	0.18	0.36	0.36	0	0	0.18
53100	0.18	0.36	0.36	0	0	0.18
53200	0.18	0.36	0.36	0	0	0.18
53300	0.17	0.36	0.36	0	0	0.17
53400	0.17	0.37	0.37	0	0	0.17
53500	0.17	0.37	0.37	0	0	0.17
53600	0.16	0.36	0.36	0	0	0.16
53700	0.16	0.36	0.36	0	0	0.16
53800	0.16	0.36	0.36	0	0	0.16
53900	0.16	0.36	0.36	0	0	0.16
54000	0.16	0.36	0.36	0	0	0.16
54100	0.16	0.36	0.36	0	0	0.16
54200	0.16	0.36	0.36	0	0	0.16
54300	0.17	0.36	0.36	0	0	0.17
54400	0.17	0.36	0.36	0	0	0.17
54500	0.18	0.36	0.36	0	0	0.18
54600	0.18	0.36	0.36	0	0	0.18
54700	0.2	0.36	0.36	0	0	0.2
54800	0.21	0.36	0.36	0	0	0.21
54900	0.21	0.37	0.37	0	0	0.21
55000	0.18	0.37	0.37	0	0	0.18
55100	0.18	0.37	0.37	0	0	0.18
55200	0.18	0.37	0.37	0	0	0.18
55300	0.18	0.37	0.37	0	0	0.18
55400	0.18	0.37	0.37	0	0	0.18
55500	0.18	0.37	0.37	0	0	0.18
55600	0.18	0.37	0.37	0	0	0.18
55700	0.18	0.37	0.37	0	0	0.18
55800	0.19	0.37	0.37	0	0	0.19
55900	0.18	0.37	0.37	0	0	0.18
56000	0.18	0.38	0.38	0	0	0.18
56100	0.19	0.38	0.38	0	0	0.19
56200	0.2	0.38	0.38	0	0	0.2
56300	0.17	0.4	0.4	0	0	0.17
56400	0.17	0.4	0.4	0	0	0.17
56500	0.17	0.4	0.4	0	0	0.17
56600	0.17	0.41	0.41	0	0	0.17
56700	0.18	0.4	0.4	0	0	0.18
56800	0.2	0.4	0.4	0	0	0.2
56900	0.2	0.4	0.4	0	0	0.2
57000	0.2	0.4	0.4	0	0	0.2
57100	0.2	0.4	0.4	0	0	0.2
57200	0.2	0.41	0.41	0	0	0.2
57300	0.2	0.41	0.41	0	0	0.2
57400	0.2	0.41	0.41	0	0	0.2
57500	0.21	0.41	0.41	0	0	0.21
57600	0.21	0.41	0.41	0	0	0.21
57700	0.21	0.41	0.41	0	0	0.21
57800	0.21	0.42	0.42	0	0	0.21
57900	0.21	0.42	0.42	0	0	0.21
58000	0.21	0.42	0.42	0	0	0.21
58100	0.2	0.42	0.42	0	0	0.2
58200	0.21	0.42	0.42	0	0	0.21
58300	0.21	0.42	0.42	0	0	0.21
58400	0.2	0.43	0.43	0	0	0.2
58500	0.2	0.44	0.44	0	0	0.2
58600	0.21	0.44	0.44	0	0	0.21
58700	0.21	0.42	0.42	0	0	0.21
58800	0.21	0.43	0.43	0	0	0.21
58900	0.22	0.43	0.43	0	0	0.22
59000	0.21	0.43	0.43	0	0	0.21
59100	0.23	0.42	0.42	0	0	0.23
59200	0.23	0.42	0.42	0	0	0.23
59300	0.24	0.42	0.42	0	0	0.24
59400	0.22	0.43	0.43	0	0	0.22
59500	0.22	0.42	0.42	0	0	0.22
59600	0.22	0.42	0.42	0	0	0.22
59700	0.22	0.42	0.42	0	0	0.22
59800	0.22	0.42	0.42	0	0	0.22
59900	0.22	0.42	0.42	0	0	0.22
60000	0.22	0.42	0.42	0	0	0.22
60100	0.23	0.42	0.42	0	0	0.23
60200	0.23	0.42	0.42	0	0	0.23
60300	0.24	0.42	0.42	0	0	0.24
60400	0.24	0.42	0.42	0	0	0.24
60500	0.24	0.42	0.42	0	0	0.24
60600	0.24	0.42	0.42	0	0	0.24
60700	0.26	0.42	0.42	0	0	0.26
60800	0.29	0.41	0.41	0	0	0.29
60900	0.28	0.41	0.41	0	0	0.28
61000	0.28	0.41	0.41	0	0	0.28
61100	0.28	0.41	0.41	0	0	0.28
61200	0.26	0.41	0.41	0	0	0.26
61300	0.26	0.42	0.42	0	0	0.26
61400	0.26	0.43	0.43	0	0	0.26
61500	0.26	0.42	0.42	0	0	0.26
61600	0.26	0.43	0.43	0	0	0.26
61700	0.26	0.43	0.43	0	0	0.26
61800	0.26	0.43	0.43	0	0	0.26
61900	0.27	0.44	0.44	0	0	0.27
62000	0.27	0.44	0.44	0	0	0.27
62100	0.28	0.44	0.44	0	0	0.28
62200	0.28	0.44	0.44	0	0	0.28
62300	0.29	0.44	0.44	0	0	0.29
62400	0.29	0.45	0.45	0	0	0.29
62500	0.29	0.46	0.46	0	0	0.29
62600	0.3	0.44	0.44	0	0	0.3
62700	0.29	0.44	0.44	0	0	0.29
62800	0.29	0.44	0.44	0	0	0.29
62900	0.29	0.44	0.44	0	0	0.29
63000	0.3	0.45	0.45	0	0	0.3
63100	0.32	0.45	0.45	0	0	0.32
63200	0.32	0.45	0.45	0	0	0.32
63300	0.32	0.45	0.45	0	0	0.32
63400	0.32	0.45	0.45	0	0	0.32
63500	0.32	0.45	0.45	0	0	0.32
63600	0.32	0.45	0.45	0	0	0.32
63700	0.31	0.45	0.45	0	0	0.31
63800	0.31	0.46	0.46	0	0	0.31
63900	0.32	0.46	0.46	0	0	0.32
64000	0.32	0.46	0.46	0	0	0.32
64100	0.32	0.46	0.46	0	0	0.32
64200	0.32	0.47	0.47	0	0	0.32
64300	0.31	0.47	0.47	0	0	0.31
64400	0.31	0.47	0.47	0	0	0.31
64500	0.31	0.47	0.47	0	0	0.31
64600	0.32	0.47	0.47	0	0	0.32
64700	0.32	0.48	0.48	0	0	0.32
64800	0.33	0.48	0.48	0	0	0.33
64900	0.33	0.48	0.48	0	0	0.33
65000	0.31	0.48	0.48	0	0	0.31
65100	0.31	0.48	0.48	0	0	0.31
65200	0.32	0.47	0.47	0	0	0.32
65300	0.32	0.47	0.47	0	0	0.32
65400	0.32	0.47	0.47	0	0	0.32
65500	0.34	0.48	0.48	0	0	0.34
65600	0.33	0.48	0.48	0	0	0.33
65700	0.33	0.48	0.48	0	0	0.33
65800	0.34	0.48	0.48	0	0	0.34
65900	0.34	0.48	0.48	0	0	0.34
66000	0.34	0.48	0.48	0	0	0.34
66100	0.34	0.48	0.48	0	0	0.34
66200	0.34	0.48	0.48	0	0	0.34
66300	0.34	0.48	0.48	0	0	0.34
66400	0.34	0.48	0.48	0	0	0.34
66500	0.34	0.48	0.48	0	0	0.34
66600	0.34	0.48	0.48	0	0	0.34
66700	0.34	0.48	0.48	0	0	0.34
66800	0.35	0.48	0.48	0	0	0.35
66900	0.35	0.48	0.48	0	0	0.35
67000	0.35	0.47	0.47	0	0	0.35
67100	0.34	0.47	0.47	0	0	0.34
67200	0.34	0.47	0.47	0	0	0.34
67300	0.33	0.47	0.47	0	0	0.33
67400	0.33	0.47	0.47	0	0	0.33
67500	0.34	0.47	0.47	0	0	0.34
67600	0.32	0.47	0.47	0	0	0.32
67700	0.32	0.47	0.47	0	0	0.32
67800	0.32	0.47	0.47	0	0	0.32
67900	0.32	0.47	0.47	0	0	0.32
68000	0.32	0.47	0.47	0	0	0.32
68100	0.32	0.46	0.46	0	0	0.32
68200	0.32	0.46	0.46	0	0	0.32
68300	0.33	0.46	0.46	0	0	0.33
68400	0.36	0.46	0.46	0	0	0.36
68500	0.36	0.46	0.46	0	0	0.36
68600	0.36	0.47	0.47	0	0	0.36
68700	0.36	0.47	0.47	0	0	0.36
68800	0.37	0.47	0.47	0	0	0.37
68900	0.35	0.47	0.47	0	0	0.35
69000	0.35	0.47	0.47	0	0	0.35
69100	0.35	0.47	0.47	0	0	0.35
69200	0.35	0.47	0.47	0	0	0.35
69300	0.36	0.47	0.47	0	0	0.36
69400	0.36	0.47	0.47	0	0	0.36
69500	0.36	0.47	0.47	0	0	0.36
69600	0.35	0.47	0.47	0	0	0.35
69700	0.35	0.47	0.47	0	0	0.35
69800	0.35	0.47	0.47	0	0	0.35
69900	0.35	0.47	0.47	0	0	0.35
70000	0.35	0.47	0.47	0	0	0.35
70100	0.35	0.47	0.47	0	0	0.35
70200	0.35	0.47	0.47	0	0	0.35
70300	0.35	0.47	0.47	0	0	0.35
70400	0.34	0.47	0.47	0	0	0.34
70500	0.34	0.47	0.47	0	0	0.34
70600	0.34	0.47	0.47	0	0	0.34
70700	0.34	0.47	0.47	0	0	0.34
70800	0.33	0.47	0.47	0	0	0.33
70900	0.33	0.48	0.48	0	0	0.33
71000	0.33	0.48	0.48	0	0	0.33
71100	0.33	0.48	0.48	0	0	0.33
71200	0.33	0.49	0.49	0	0	0.33
71300	0.32	0.49	0.49	0	0	0.32
71400	0.32	0.49	0.49	0	0	0.32
71500	0.32	0.49	0.49	0	0	0.32
71600	0.32	0.49	0.49	0	0	0.32
71700	0.32	0.49	0.49	0	0	0.32
71800	0.32	0.48	0.48	0	0	0.32
71900	0.31	0.48	0.48	0	0	0.31
72000	0.31	0.48	0.48	0	0	0.31
72100	0.31	0.48	0.48	0	0	0.31
72200	0.31	0.48	0.48	0	0	0.31
72300	0.31	0.48	0.48	0	0	0.31
72400	0.3	0.48	0.48	0	0	0.3
72500	0.3	0.48	0.48	0	0	0.3
72600	0.31	0.48	0.48	0	0	0.31
72700	0.31	0.49	0.49	0	0	0.31
72800	0.31	0.49	0.49	0	0	0.31
72900	0.32	0.49	0.49	0	0	0.32
73000	0.32	0.49	0.49	0	0	0.32
73100	0.32	0.49	0.49	0	0	0.32
73200	0.32	0.49	0.49	0	0	0.32
73300	0.32	0.49	0.49	0	0	0.32
73400	0.32	0.49	0.49	0	0	0.32
73500	0.32	0.49	0.49	0	0	0.32
73600	0.32	0.48	0.48	0	0	0.32
73700	0.32	0.48	0.48	0	0	0.32
73800	0.32	0.48	0.48	0	0	0.32
73900	0.32	0.48	0.48	0	0	0.32
74000	0.32	0.48	0.48	0	0	0.32
74100	0.32	0.48	0.48	0	0	0.32
74200	0.32	0.48	0.48	0	0	0.32
74300	0.32	0.48	0.48	0	0	0.32
74400	0.32	0.48	0.48	0	0	0.32
74500	0.33	0.48	0.48	0	0	0.33
74600	0.33	0.48	0.48	0	0	0.33
74700	0.33	0.47	0.47	0	0	0.33
74800	0.33	0.47	0.47	0	0	0.33
74900	0.32	0.47	0.47	0	0	0.32
75000	0.32	0.47	0.47	0	0	0.32
75100	0.33	0.47	0.47	0	0	0.33
75200	0.33	0.47	0.47	0	0	0.33
75300	0.33	0.47	0.47	0	0	0.33
75400	0.33	0.47	0.47	0	0	0.33
75500	0.33	0.47	0.47	0	0	0.33
75600	0.32	0.47	0.47	0	0	0.32
75700	0.32	0.47	0.47	0	0	0.32
75800	0.32	0.47	0.47	0	0	0.32
75900	0.32	0.47	0.47	0	0	0.32
76000	0.32	0.47	0.47	0	0	0.32
76100	0.32	0.47	0.47	0	0	0.32
76200	0.31	0.48	0.48	0	0	0.31
76300	0.31	0.48	0.48	0	0	0.31
76400	0.32	0.48	0.48	0	0	0.32
76500	0.33	0.48	0.48	0	0	0.33
76600	0.34	0.47	0.47	0	0	0.34
76700	0.33	0.47	0.47	0	0	0.33
76800	0.33	0.47	0.47	0	0	0.33
76900	0.33	0.47	0.47	0	0	0.33
77000	0.33	0.47	0.47	0	0	0.33
77100	0.32	0.47	0.47	0	0	0.32
77200	0.33	0.47	0.47	0	0	0.33
77300	0.33	0.47	0.47	0	0	0.33
77400	0.33	0.48	0.48	0	0	0.33
77500	0.33	0.48	0.48	0	0	0.33
77600	0.34	0.48	0.48	0	0	0.34
77700	0.33	0.48	0.48	0	0	0.33
77800	0.33	0.48	0.48	0	0	0.33
77900	0.34	0.48	0.48	0	0	0.34
78000	0.34	0.48	0.48	0	0	0.34
78100	0.35	0.48	0.48	0	0	0.35
78200	0.35	0.48	0.48	0	0	0.35
78300	0.35	0.48	0.48	0	0	0.35
78400	0.35	0.48	0.48	0	0	0.35
78500	0.34	0.48	0.48	0	0	0.34
78600	0.34	0.48	0.48	0	0	0.34
78700	0.34	0.48	0.48	0	0	0.34
78800	0.35	0.48	0.48	0	0	0.35
78900	0.35	0.48	0.48	0	0	0.35
79000	0.35	0.48	0.48	0	0	0.35
79100	0.35	0.48	0.48	0	0	0.35
79200	0.35	0.48	0.48	0	0	0.35
79300	0.36	0.48	0.48	0	0	0.36
79400	0.36	0.48	0.48	0	0	0.36
79500	0.35	0.48	0.48	0	0	0.35
79600	0.35	0.48	0.48	0	0	0.35
79700	0.34	0.48	0.48	0	0	0.34
79800	0.34	0.48	0.48	0	0	0.34
79900	0.34	0.48	0.48	0	0	0.34
80000	0.35	0.48	0.48	0	0	0.35
80100	0.36	0.48	0.48	0	0	0.36
80200	0.36	0.48	0.48	0	0	0.36
80300	0.36	0.48	0.48	0	0	0.36
80400	0.36	0.48	0.48	0	0	0.36
80500	0.36	0.48	0.48	0	0	0.36
80600	0.36	0.48	0.48	0	0	0.36
80700	0.36	0.48	0.48	0	0	0.36
80800	0.36	0.48	0.48	0	0	0.36
80900	0.36	0.48	0.48	0	0	0.36
81000	0.36	0.48	0.48	0	0	0.36
81100	0.37	0.48	0.48	0	0	0.37
81200	0.37	0.48	0.48	0	0	0.37
81300	0.37	0.48	0.48	0	0	0.37
81400	0.37	0.48	0.48	0	0	0.37
81500	0.37	0.48	0.48	0	0	0.37
81600	0.36	0.48	0.48	0	0	0.36
81700	0.36	0.48	0.48	0	0	0.36
81800	0.36	0.48	0.48	0	0	0.36
81900	0.36	0.48	0.48	0	0	0.36
82000	0.36	0.48	0.48	0	0	0.36
82100	0.36	0.48	0.48	0	0	0.36
82200	0.36	0.48	0.48	0	0	0.36
82300	0.36	0.48	0.48	0	0	0.36
82400	0.36	0.48	0.48	0	0	0.36
82500	0.39	0.48	0.48	0	0	0.39
82600	0.39	0.48	0.48	0	0	0.39
82700	0.39	0.48	0.48	0	0	0.39
82800	0.39	0.48	0.48	0	0	0.39
82900	0.39	0.48	0.48	0	0	0.39
83000	0.39	0.48	0.48	0	0	0.39
83100	0.4	0.48	0.48	0	0	0.4
83200	0.4	0.48	0.48	0	0	0.4
83300	0.4	0.48	0.48	0	0	0.4
83400	0.4	0.48	0.48	0	0	0.4
83500	0.4	0.48	0.48	0	0	0.4
83600	0.39	0.48	0.48	0	0	0.39
83700	0.39	0.48	0.48	0	0	0.39
83800	0.39	0.48	0.48	0	0	0.39
83900	0.4	0.48	0.48	0	0	0.4
84000	0.4	0.48	0.48	0	0	0.4
84100	0.4	0.49	0.49	0	0	0.4
84200	0.4	0.49	0.49	0	0	0.4
84300	0.4	0.49	0.49	0	0	0.4
84400	0.39	0.49	0.49	0	0	0.39
84500	0.39	0.49	0.49	0	0	0.39
84600	0.39	0.48	0.48	0	0	0.39
84700	0.39	0.48	0.48	0	0	0.39
84800	0.39	0.48	0.48	0	0	0.39
84900	0.4	0.48	0.48	0	0	0.4
85000	0.4	0.48	0.48	0	0	0.4
85100	0.4	0.48	0.48	0	0	0.4
85200	0.4	0.48	0.48	0	0	0.4
85300	0.4	0.48	0.48	0	0	0.4
85400	0.4	0.48	0.48	0	0	0.4
85500	0.4	0.48	0.48	0	0	0.4
85600	0.41	0.48	0.48	0	0	0.41
85700	0.42	0.48	0.48	0	0	0.42
85800	0.4	0.48	0.48	0	0	0.4
85900	0.4	0.48	0.48	0	0	0.4
86000	0.4	0.48	0.48	0	0	0.4
86100	0.39	0.48	0.48	0	0	0.39
86200	0.39	0.48	0.48	0	0	0.39
86300	0.39	0.48	0.48	0	0	0.39
86400	0.39	0.48	0.48	0	0	0.39
86500	0.4	0.48	0.48	0	0	0.4
86600	0.39	0.48	0.48	0	0	0.39
86700	0.39	0.48	0.48	0	0	0.39
86800	0.39	0.48	0.48	0	0	0.39
86900	0.39	0.48	0.48	0	0	0.39
87000	0.4	0.48	0.48	0	0	0.4
87100	0.4	0.48	0.48	0	0	0.4
87200	0.4	0.48	0.48	0	0	0.4
87300	0.4	0.48	0.48	0	0	0.4
87400	0.41	0.49	0.49	0	0	0.41
87500	0.41	0.49	0.49	0	0	0.41
87600	0.42	0.49	0.49	0	0	0.42
87700	0.42	0.48	0.48	0	0	0.42
87800	0.42	0.48	0.48	0	0	0.42
87900	0.41	0.48	0.48	0	0	0.41
88000	0.41	0.48	0.48	0	0	0.41
88100	0.43	0.48	0.48	0	0	0.43
88200	0.44	0.48	0.48	0	0	0.44
88300	0.43	0.48	0.48	0	0	0.43
88400	0.43	0.48	0.48	0	0	0.43
88500	0.43	0.48	0.48	0	0	0.43
88600	0.43	0.48	0.48	0	0	0.43
88700	0.43	0.49	0.49	0	0	0.43
88800	0.43	0.49	0.49	0	0	0.43
88900	0.44	0.49	0.49	0	0	0.44
89000	0.43	0.48	0.48	0	0	0.43
89100	0.43	0.48	0.48	0	0	0.43
89200	0.44	0.48	0.48	0	0	0.44
89300	0.44	0.48	0.48	0	0	0.44
89400	0.44	0.48	0.48	0	0	0.44
89500	0.44	0.48	0.48	0	0	0.44
89600	0.44	0.48	0.48	0	0	0.44
89700	0.44	0.48	0.48	0	0	0.44
89800	0.43	0.48	0.48	0	0	0.43
89900	0.43	0.48	0.48	0	0	0.43
90000	0.43	0.48	0.48	0	0	0.43
90100	0.43	0.48	0.48	0	0	0.43
90200	0.43	0.48	0.48	0	0	0.43
90300	0.43	0.48	0.48	0	0	0.43
90400	0.43	0.48	0.48	0	0	0.43
90500	0.43	0.48	0.48	0	0	0.43
90600	0.43	0.48	0.48	0	0	0.43
90700	0.43	0.48	0.48	0	0	0.43
90800	0.43	0.48	0.48	0	0	0.43
90900	0.43	0.49	0.49	0	0	0.43
91000	0.44	0.49	0.49	0	0	0.44
91100	0.43	0.49	0.49	0	0	0.43
91200	0.43	0.49	0.49	0	0	0.43
91300	0.43	0.49	0.49	0	0	0.43
91400	0.43	0.49	0.49	0	0	0.43
91500	0.43	0.49	0.49	0	0	0.43
91600	0.43	0.49	0.49	0	0	0.43
91700	0.44	0.49	0.49	0	0	0.44
91800	0.44	0.49	0.49	0	0	0.44
91900	0.43	0.49	0.49	0	0	0.43
92000	0.43	0.49	0.49	0	0	0.43
92100	0.43	0.49	0.49	0	0	0.43
92200	0.43	0.49	0.49	0	0	0.43
92300	0.43	0.49	0.49	0	0	0.43
92400	0.44	0.49	0.49	0	0	0.44
92500	0.44	0.49	0.49	0	0	0.44
92600	0.44	0.5	0.5	0	0	0.44
92700	0.44	0.5	0.5	0	0	0.44
92800	0.44	0.5	0.5	0	0	0.44
92900	0.44	0.5	0.5	0	0	0.44
93000	0.45	0.5	0.5	0	0	0.45
93100	0.45	0.5	0.5	0	0	0.45
93200	0.45	0.5	0.5	0	0	0.45
93300	0.45	0.5	0.5	0	0	0.45
93400	0.45	0.5	0.5	0	0	0.45
93500	0.45	0.5	0.5	0	0	0.45
93600	0.45	0.5	0.5	0	0	0.45
93700	0.45	0.5	0.5	0	0	0.45
93800	0.45	0.5	0.5	0	0	0.45
93900	0.45	0.5	0.5	0	0	0.45
94000	0.45	0.5	0.5	0	0	0.45
94100	0.45	0.5	0.5	0	0	0.45
94200	0.45	0.5	0.5	0	0	0.45
94300	0.45	0.5	0.5	0	0	0.45
94400	0.45	0.5	0.5	0	0	0.45
94500	0.46	0.5	0.5	0	0	0.46
94600	0.46	0.5	0.5	0	0	0.46
94700	0.46	0.5	0.5	0	0	0.46
94800	0.46	0.5	0.5	0	0	0.46
94900	0.46	0.5	0.5	0	0	0.46
95000	0.45	0.5	0.5	0	0	0.45
95100	0.45	0.5	0.5	0	0	0.45
95200	0.45	0.5	0.5	0	0	0.45
95300	0.45	0.5	0.5	0	0	0.45
95400	0.45	0.5	0.5	0	0	0.45
95500	0.45	0.5	0.5	0	0	0.45
95600	0.45	0.5	0.5	0	0	0.45
95700	0.45	0.5	0.5	0	0	0.45
95800	0.45	0.5	0.5	0	0	0.45
95900	0.45	0.5	0.5	0	0	0.45
96000	0.45	0.5	0.5	0	0	0.45
96100	0.45	0.5	0.5	0	0	0.45
96200	0.45	0.5	0.5	0	0	0.45
96300	0.45	0.5	0.5	0	0	0.45
96400	0.45	0.49	0.49	0	0	0.45
96500	0.45	0.49	0.49	0	0	0.45
96600	0.45	0.49	0.49	0	0	0.45
96700	0.45	0.49	0.49	0	0	0.45
96800	0.45	0.49	0.49	0	0	0.45
96900	0.45	0.5	0.5	0	0	0.45
97000	0.45	0.5	0.5	0	0	0.45
97100	0.45	0.5	0.5	0	0	0.45
97200	0.45	0.5	0.5	0	0	0.45
97300	0.45	0.49	0.49	0	0	0.45
97400	0.45	0.49	0.49	0	0	0.45
97500	0.45	0.49	0.49	0	0	0.45
97600	0.45	0.5	0.5	0	0	0.45
97700	0.45	0.5	0.5	0	0	0.45
97800	0.45	0.5	0.5	0	0	0.45
97900	0.45	0.5	0.5	0	0	0.45
98000	0.45	0.5	0.5	0	0	0.45
98100	0.45	0.5	0.5	0	0	0.45
98200	0.45	0.5	0.5	0	0	0.45
98300	0.46	0.5	0.5	0	0	0.46
98400	0.46	0.5	0.5	0	0	0.46
98500	0.46	0.5	0.5	0	0	0.46
98600	0.46	0.5	0.5	0	0	0.46
98700	0.46	0.5	0.5	0	0	0.46
98800	0.46	0.5	0.5	0	0	0.46
98900	0.46	0.5	0.5	0	0	0.46
99000	0.46	0.5	0.5	0	0	0.46
99100	0.46	0.5	0.5	0	0	0.46
99200	0.46	0.5	0.5	0	0	0.46
99300	0.46	0.5	0.5	0	0	0.46
99400	0.46	0.5	0.5	0	0	0.46
99500	0.46	0.5	0.5	0	0	0.46
99600	0.46	0.5	0.5	0	0	0.46
99700	0.46	0.5	0.5	0	0	0.46
99800	0.46	0.5	0.5	0	0	0.46
99900	0.47	0.5	0.5	0	0	0.47
100000	0.47	0.5	0.5	0	0	0.47
100100	0.47	0.5	0.5	0	0	0.47
100200	0.47	0.5	0.5	0	0	0.47
100300	0.48	0.5	0.5	0	0	0.48
100400	0.48	0.5	0.5	0	0	0.48
100500	0.47	0.5	0.5	0	0	0.47
100600	0.47	0.5	0.5	0	0	0.47
100700	0.47	0.5	0.5	0	0	0.47
100800	0.47	0.5	0.5	0	0	0.47
100900	0.47	0.5	0.5	0	0	0.47
101000	0.47	0.5	0.5	0	0	0.47
101100	0.47	0.5	0.5	0	0	0.47
101200	0.47	0.5	0.5	0	0	0.47
101300	0.47	0.5	0.5	0	0	0.47
101400	0.47	0.5	0.5	0	0	0.47
101500	0.47	0.5	0.5	0	0	0.47
101600	0.47	0.5	0.5	0	0	0.47
101700	0.47	0.5	0.5	0	0	0.47
101800	0.47	0.5	0.5	0	0	0.47
101900	0.47	0.5	0.5	0	0	0.47
102000	0.47	0.5	0.5	0	0	0.47
102100	0.47	0.5	0.5	0	0	0.47
102200	0.47	0.5	0.5	0	0	0.47
102300	0.47	0.5	0.5	0	0	0.47
102400	0.47	0.5	0.5	0	0	0.47
102500	0.47	0.5	0.5	0	0	0.47
102600	0.47	0.5	0.5	0	0	0.47
102700	0.47	0.5	0.5	0	0	0.47
102800	0.47	0.5	0.5	0	0	0.47
102900	0.47	0.5	0.5	0	0	0.47
103000	0.47	0.49	0.49	0	0	0.47
103100	0.48	0.49	0.49	0	0	0.48
103200	0.47	0.49	0.49	0	0	0.47
103300	0.47	0.49	0.49	0	0	0.47
103400	0.47	0.49	0.49	0	0	0.47
103500	0.47	0.49	0.49	0	0	0.47
103600	0.47	0.49	0.49	0	0	0.47
103700	0.47	0.5	0.5	0	0	0.47
103800	0.47	0.49	0.49	0	0	0.47
103900	0.47	0.49	0.49	0	0	0.47
104000	0.47	0.49	0.49	0	0	0.47
104100	0.47	0.49	0.49	0	0	0.47
104200	0.47	0.49	0.49	0	0	0.47
104300	0.47	0.49	0.49	0	0	0.47
104400	0.47	0.5	0.5	0	0	0.47
104500	0.47	0.5	0.5	0	0	0.47
104600	0.47	0.5	0.5	0	0	0.47
104700	0.47	0.5	0.5	0	0	0.47
104800	0.47	0.5	0.5	0	0	0.47
104900	0.47	0.5	0.5	0	0	0.47
105000	0.47	0.5	0.5	0	0	0.47
105100	0.47	0.5	0.5	0	0	0.47
105200	0.47	0.5	0.5	0	0	0.47
105300	0.47	0.5	0.5	0	0	0.47
105400	0.47	0.5	0.5	0	0	0.47
105500	0.47	0.5	0.5	0	0	0.47
105600	0.47	0.5	0.5	0	0	0.47
105700	0.47	0.5	0.5	0	0	0.47
105800	0.47	0.5	0.5	0	0	0.47
105900	0.47	0.5	0.5	0	0	0.47
106000	0.47	0.5	0.5	0	0	0.47
106100	0.48	0.5	0.5	0	0	0.48
106200	0.48	0.5	0.5	0	0	0.48
106300	0.48	0.5	0.5	0	0	0.48
106400	0.48	0.5	0.5	0	0	0.48
106500	0.48	0.5	0.5	0	0	0.48
106600	0.48	0.5	0.5	0	0	0.48
106700	0.48	0.5	0.5	0	0	0.48
106800	0.48	0.5	0.5	0	0	0.48
106900	0.48	0.5	0.5	0	0	0.48
107000	0.48	0.5	0.5	0	0	0.48
107100	0.48	0.5	0.5	0	0	0.48
107200	0.48	0.5	0.5	0	0	0.48
107300	0.48	0.5	0.5	0	0	0.48
107400	0.48	0.5	0.5	0	0	0.48
107500	0.48	0.5	0.5	0	0	0.48
107600	0.48	0.5	0.5	0	0	0.48
107700	0.48	0.5	0.5	0	0	0.48
107800	0.48	0.5	0.5	0	0	0.48
107900	0.48	0.5	0.5	0	0	0.48
108000	0.48	0.5	0.5	0	0	0.48
108100	0.48	0.5	0.5	0	0	0.48
108200	0.48	0.5	0.5	0	0	0.48
108300	0.48	0.5	0.5	0	0	0.48
108400	0.48	0.5	0.5	0	0	0.48
108500	0.48	0.5	0.5	0	0	0.48
108600	0.48	0.5	0.5	0	0	0.48
108700	0.48	0.5	0.5	0	0	0.48
108800	0.48	0.5	0.5	0	0	0.48
108900	0.48	0.5	0.5	0	0	0.48
109000	0.48	0.5	0.5	0	0	0.48
109100	0.48	0.5	0.5	0	0	0.48
109200	0.48	0.5	0.5	0	0	0.48
109300	0.48	0.5	0.5	0	0	0.48
109400	0.48	0.5	0.5	0	0	0.48
109500	0.48	0.5	0.5	0	0	0.48
109600	0.48	0.5	0.5	0	0	0.48
109700	0.48	0.5	0.5	0	0	0.48
109800	0.48	0.5	0.5	0	0	0.48
109900	0.48	0.5	0.5	0	0	0.48
110000	0.48	0.5	0.5	0	0	0.48
110100	0.48	0.5	0.5	0	0	0.48
110200	0.48	0.5	0.5	0	0	0.48
110300	0.48	0.5	0.5	0	0	0.48
110400	0.48	0.5	0.5	0	0	0.48
110500	0.48	0.5	0.5	0	0	0.48
110600	0.48	0.5	0.5	0	0	0.48
110700	0.48	0.5	0.5	0	0	0.48
110800	0.48	0.5	0.5	0	0	0.48
110900	0.48	0.5	0.5	0	0	0.48
111000	0.48	0.5	0.5	0	0	0.48
111100	0.48	0.5	0.5	0	0	0.48
111200	0.48	0.5	0.5	0	0	0.48
111300	0.48	0.5	0.5	0	0	0.48
111400	0.48	0.5	0.5	0	0	0.48
111500	0.48	0.5	0.5	0	0	0.48
111600	0.48	0.5	0.5	0	0	0.48
111700	0.48	0.5	0.5	0	0	0.48
111800	0.48	0.5	0.5	0	0	0.48
111900	0.48	0.5	0.5	0	0	0.48
112000	0.48	0.5	0.5	0	0	0.48
112100	0.48	0.5	0.5	0	0	0.48
112200	0.48	0.5	0.5	0	0	0.48
112300	0.48	0.5	0.5	0	0	0.48
112400	0.48	0.5	0.5	0	0	0.48
112500	0.48	0.5	0.5	0	0	0.48
112600	0.48	0.5	0.5	0	0	0.48
112700	0.48	0.5	0.5	0	0	0.48
112800	0.48	0.5	0.5	0	0	0.48
112900	0.48	0.5	0.5	0	0	0.48
113000	0.48	0.5	0.5	0	0	0.48
113100	0.48	0.5	0.5	0	0	0.48
113200	0.48	0.5	0.5	0	0	0.48
113300	0.48	0.5	0.5	0	0	0.48
113400	0.48	0.5	0.5	0	0	0.48
113500	0.48	0.5	0.5	0	0	0.48
113600	0.48	0.5	0.5	0	0	0.48
113700	0.48	0.5	0.5	0	0	0.48
113800	0.48	0.5	0.5	0	0	0.48
113900	0.48	0.5	0.5	0	0	0.48
114000	0.48	0.49	0.49	0	0	0.48
114100	0.48	0.49	0.49	0	0	0.48
114200	0.48	0.49	0.49	0	0	0.48
114300	0.48	0.49	0.49	0	0	0.48
114400	0.48	0.49	0.49	0	0	0.48
114500	0.48	0.49	0.49	0	0	0.48
114600	0.48	0.49	0.49	0	0	0.48
114700	0.48	0.49	0.49	0	0	0.48
114800	0.48	0.49	0.49	0	0	0.48
114900	0.48	0.49	0.49	0	0	0.48
115000	0.48	0.49	0.49	0	0	0.48
115100	0.48	0.49	0.49	0	0	0.48
115200	0.48	0.49	0.49	0	0	0.48
115300	0.48	0.49	0.49	0	0	0.48
115400	0.48	0.49	0.49	0	0	0.48
115500	0.48	0.49	0.49	0	0	0.48
115600	0.48	0.5	0.5	0	0	0.48
115700	0.48	0.5	0.5	0	0	0.48
115800	0.48	0.5	0.5	0	0	0.48
115900	0.49	0.5	0.5	0	0	0.49
116000	0.48	0.5	0.5	0	0	0.48
116100	0.48	0.5	0.5	0	0	0.48
116200	0.48	0.5	0.5	0	0	0.48
116300	0.48	0.5	0.5	0	0	0.48
116400	0.48	0.5	0.5	0	0	0.48
116500	0.48	0.49	0.49	0	0	0.48
116600	0.48	0.49	0.49	0	0	0.48
116700	0.48	0.49	0.49	0	0	0.48
116800	0.48	0.49	0.49	0	0	0.48
116900	0.49	0.49	0.49	0	0	0.49
117000	0.49	0.49	0.49	0	0	0.49
117100	0.49	0.49	0.49	0	0	0.49
117200	0.49	0.49	0.49	0	0	0.49
117300	0.49	0.49	0.49	0	0	0.49
117400	0.49	0.49	0.49	0	0	0.49
117500	0.49	0.49	0.49	0	0	0.49
117600	0.49	0.49	0.49	0	0	0.49
117700	0.49	0.49	0.49	0	0	0.49
117800	0.49	0.49	0.49	0	0	0.49
117900	0.49	0.49	0.49	0	0	0.49
118000	0.49	0.49	0.49	0	0	0.49
118100	0.49	0.49	0.49	0	0	0.49
118200	0.49	0.49	0.49	0	0	0.49
118300	0.49	0.49	0.49	0	0	0.49
118400	0.49	0.49	0.49	0	0	0.49
118500	0.49	0.49	0.49	0	0	0.49
118600	0.49	0.49	0.49	0	0	0.49
118700	0.49	0.49	0.49	0	0	0.49
118800	0.49	0.49	0.49	0	0	0.49
118900	0.49	0.49	0.49	0	0	0.49
119000	0.49	0.49	0.49	0	0	0.49
119100	0.49	0.49	0.49	0	0	0.49
119200	0.49	0.49	0.49	0	0	0.49
119300	0.49	0.49	0.49	0	0	0.49
119400	0.49	0.49	0.49	0	0	0.49
119500	0.49	0.49	0.49	0	0	0.49
119600	0.49	0.49	0.49	0	0	0.49
119700	0.49	0.49	0.49	0	0	0.49
119800	0.49	0.49	0.49	0	0	0.49
119900	0.49	0.49	0.49	0	0	0.49
120000	0.49	0.49	0.49	0	0	0.49
120100	0.49	0.49	0.49	0	0	0.49
120200	0.49	0.49	0.49	0	0	0.49
120300	0.49	0.49	0.49	0	0	0.49
120400	0.49	0.49	0.49	0	0	0.49
120500	0.49	0.49	0.49	0	0	0.49
120600	0.49	0.49	0.49	0	0	0.49
120700	0.49	0.48	0.48	0	0	0.49
120800	0.49	0.48	0.48	0	0	0.49
120900	0.49	0.48	0.48	0	0	0.49
121000	0.49	0.48	0.48	0	0	0.49
121100	0.49	0.48	0.48	0	0	0.49
121200	0.49	0.48	0.48	0	0	0.49
121300	0.49	0.48	0.48	0	0	0.49
121400	0.49	0.48	0.48	0	0	0.49
121500	0.49	0.48	0.48	0	0	0.49
121600	0.49	0.48	0.48	0	0	0.49
121700	0.49	0.48	0.48	0	0	0.49
121800	0.49	0.48	0.48	0	0	0.49
121900	0.49	0.48	0.48	0	0	0.49
122000	0.49	0.48	0.48	0	0	0.49
122100	0.49	0.48	0.48	0	0	0.49
122200	0.49	0.48	0.48	0	0	0.49
122300	0.5	0.48	0.48	0	0	0.5
122400	0.5	0.48	0.48	0	0	0.5
122500	0.5	0.48	0.48	0	0	0.5
122600	0.49	0.48	0.48	0	0	0.49
122700	0.49	0.48	0.48	0	0	0.49
122800	0.49	0.48	0.48	0	0	0.49
122900	0.49	0.48	0.48	0	0	0.49
123000	0.49	0.48	0.48	0	0	0.49
123100	0.49	0.48	0.48	0	0	0.49
123200	0.49	0.48	0.48	0	0	0.49
123300	0.49	0.48	0.48	0	0	0.49
123400	0.49	0.48	0.48	0	0	0.49
123500	0.49	0.48	0.48	0	0	0.49
123600	0.49	0.48	0.48	0	0	0.49
123700	0.49	0.48	0.48	0	0	0.49
123800	0.49	0.48	0.48	0	0	0.49
123900	0.49	0.48	0.48	0	0	0.49
124000	0.49	0.48	0.48	0	0	0.49
124100	0.49	0.48	0.48	0	0	0.49
124200	0.49	0.48	0.48	0	0	0.49
124300	0.49	0.48	0.48	0	0	0.49
124400	0.49	0.48	0.48	0	0	0.49
124500	0.49	0.48	0.48	0	0	0.49
124600	0.49	0.48	0.48	0	0	0.49
124700	0.49	0.48	0.48	0	0	0.49
124800	0.49	0.48	0.48	0	0	0.49
124900	0.49	0.48	0.48	0	0	0.49
125000	0.49	0.48	0.48	0	0	0.49
125100	0.49	0.48	0.48	0	0	0.49
125200	0.49	0.48	0.48	0	0	0.49
125300	0.49	0.48	0.48	0	0	0.49
125400	0.5	0.48	0.48	0	0	0.5
125500	0.5	0.48	0.48	0	0	0.5
125600	0.49	0.48	0.48	0	0	0.49
125700	0.49	0.48	0.48	0	0	0.49
125800	0.49	0.48	0.48	0	0	0.49
125900	0.49	0.48	0.48	0	0	0.49
126000	0.49	0.48	0.48	0	0	0.49
126100	0.49	0.48	0.48	0	0	0.49
126200	0.49	0.48	0.48	0	0	0.49
126300	0.49	0.48	0.48	0	0	0.49
126400	0.49	0.48	0.48	0	0	0.49
126500	0.49	0.48	0.48	0	0	0.49
126600	0.49	0.48	0.48	0	0	0.49
126700	0.5	0.48	0.48	0	0	0.5
126800	0.5	0.49	0.49	0	0	0.5
126900	0.5	0.49	0.49	0	0	0.5
127000	0.5	0.49	0.49	0	0	0.5
127100	0.5	0.49	0.49	0	0	0.5
127200	0.5	0.49	0.49	0	0	0.5
127300	0.5	0.49	0.49	0	0	0.5
127400	0.5	0.49	0.49	0	0	0.5
127500	0.5	0.49	0.49	0	0	0.5
127600	0.5	0.49	0.49	0	0	0.5
127700	0.5	0.49	0.49	0	0	0.5
127800	0.5	0.49	0.49	0	0	0.5
127900	0.5	0.49	0.49	0	0	0.5
128000	0.5	0.49	0.49	0	0	0.5
128100	0.5	0.49	0.49	0	0	0.5
128200	0.5	0.49	0.49	0	0	0.5
128300	0.5	0.49	0.49	0	0	0.5
128400	0.5	0.49	0.49	0	0	0.5
128500	0.5	0.49	0.49	0	0	0.5
128600	0.5	0.49	0.49	0	0	0.5
128700	0.5	0.49	0.49	0	0	0.5
128800	0.5	0.49	0.49	0	0	0.5
128900	0.5	0.49	0.49	0	0	0.5
129000	0.5	0.49	0.49	0	0	0.5
129100	0.5	0.49	0.49	0	0	0.5
129200	0.5	0.49	0.49	0	0	0.5
129300	0.5	0.49	0.49	0	0	0.5
129400	0.5	0.49	0.49	0	0	0.5
129500	0.5	0.49	0.49	0	0	0.5
129600	0.5	0.49	0.49	0	0	0.5
129700	0.5	0.49	0.49	0	0	0.5
129800	0.5	0.49	0.49	0	0	0.5
129900	0.5	0.49	0.49	0	0	0.5
130000	0.5	0.49	0.49	0	0	0.5
130100	0.5	0.49	0.49	0	0	0.5
130200	0.5	0.49	0.49	0	0	0.5
130300	0.5	0.49	0.49	0	0	0.5
130400	0.5	0.49	0.49	0	0	0.5
130500	0.5	0.49	0.49	0	0	0.5
130600	0.5	0.49	0.49	0	0	0.5
130700	0.5	0.49	0.49	0	0	0.5
130800	0.5	0.49	0.49	0	0	0.5
130900	0.5	0.49	0.49	0	0	0.5
131000	0.5	0.49	0.49	0	0	0.5
131100	0.5	0.49	0.49	0	0	0.5
131200	0.5	0.49	0.49	0	0	0.5
131300	0.5	0.49	0.49	0	0	0.5
131400	0.5	0.49	0.49	0	0	0.5
131500	0.5	0.49	0.49	0	0	0.5
131600	0.5	0.49	0.49	0	0	0.5
131700	0.5	0.49	0.49	0	0	0.5
131800	0.5	0.49	0.49	0	0	0.5
131900	0.5	0.49	0.49	0	0	0.5
132000	0.5	0.49	0.49	0	0	0.5
132100	0.5	0.49	0.49	0	0	0.5
132200	0.5	0.49	0.49	0	0	0.5
132300	0.5	0.49	0.49	0	0	0.5
132400	0.5	0.49	0.49	0	0	0.5
132500	0.5	0.49	0.49	0	0	0.5
132600	0.5	0.49	0.49	0	0	0.5
132700	0.5	0.49	0.49	0	0	0.5
132800	0.5	0.49	0.49	0	0	0.5
132900	0.5	0.49	0.49	0	0	0.5
133000	0.5	0.49	0.49	0	0	0.5
133100	0.5	0.49	0.49	0	0	0.5
133200	0.5	0.49	0.49	0	0	0.5
133300	0.5	0.49	0.49	0	0	0.5
133400	0.5	0.5	0.5	0	0	0.5
133500	0.5	0.5	0.5	0	0	0.5
133600	0.5	0.5	0.5	0	0	0.5
133700	0.5	0.5	0.5	0	0	0.5
133800	0.5	0.5	0.5	0	0	0.5
133900	0.5	0.5	0.5	0	0	0.5
134000	0.5	0.5	0.5	0	0	0.5
134100	0.5	0.5	0.5	0	0	0.5
134200	0.5	0.5	0.5	0	0	0.5
134300	0.5	0.5	0.5	0	0	0.5
134400	0.5	0.5	0.5	0	0	0.5
134500	0.5	0.5	0.5	0	0	0.5
134600	0.5	0.5	0.5	0	0	0.5
134700	0.5	0.5	0.5	0	0	0.5
134800	0.5	0.5	0.5	0	0	0.5
134900	0.5	0.5	0.5	0	0	0.5
135000	0.5	0.5	0.5	0	0	0.5
135100	0.5	0.5	0.5	0	0	0.5
135200	0.5	0.5	0.5	0	0	0.5
135300	0.5	0.5	0.5	0	0	0.5
135400	0.5	0.5	0.5	0	0	0.5
135500	0.5	0.5	0.5	0	0	0.5
135600	0.5	0.5	0.5	0	0	0.5
135700	0.5	0.5	0.5	0	0	0.5
135800	0.5	0.5	0.5	0	0	0.5
135900	0.5	0.5	0.5	0	0	0.5
136000	0.5	0.5	0.5	0	0	0.5
136100	0.5	0.5	0.5	0	0	0.5
136200	0.5	0.5	0.5	0	0	0.5
136300	0.5	0.5	0.5	0	0	0.5
136400	0.5	0.5	0.5	0	0	0.5
136500	0.5	0.5	0.5	0	0	0.5
136600	0.5	0.5	0.5	0	0	0.5
