100	0.02	0.08	0.08	0	0	0.02
200	0.03	0.07	0.07	0	0	0.03
300	0.03	0.05	0.05	0	0	0.03
400	0.02	0.06	0.06	0	0	0.02
500	0.03	0.06	0.06	0	0	0.03
600	0.02	0.06	0.06	0	0	0.02
700	0.02	0.06	0.06	0	0	0.02
800	0.03	0.08	0.08	0	0	0.03
900	0.03	0.09	0.09	0	0	0.03
1000	0.03	0.1	0.1	0	0	0.03
1100	0.02	0.08	0.08	0	0	0.02
1200	0.02	0.09	0.09	0	0	0.02
1300	0.01	0.1	0.1	0	0	0.01
1400	0.01	0.12	0.12	0	0	0.01
1500	0.01	0.11	0.11	0	0	0.01
1600	0.01	0.11	0.11	0	0	0.01
1700	0.02	0.13	0.13	0	0	0.02
1800	0.02	0.12	0.12	0	0	0.02
1900	0.03	0.12	0.12	0	0	0.03
2000	0.03	0.13	0.13	0	0	0.03
2100	0.05	0.14	0.14	0	0	0.05
2200	0.05	0.14	0.14	0	0	0.05
2300	0.05	0.15	0.15	0	0	0.05
2400	0.05	0.17	0.17	0	0	0.05
2500	0.03	0.16	0.16	0	0	0.03
2600	0.04	0.16	0.16	0	0	0.04
2700	0.04	0.21	0.21	0	0	0.04
2800	0.04	0.22	0.22	0	0	0.04
2900	0.05	0.21	0.21	0	0	0.05
3000	0.06	0.2	0.2	0	0	0.06
3100	0.06	0.18	0.18	0	0	0.06
3200	0.06	0.2	0.2	0	0	0.06
3300	0.06	0.21	0.21	0	0	0.06
3400	0.06	0.2	0.2	0	0	0.06
3500	0.06	0.2	0.2	0	0	0.06
3600	0.08	0.2	0.2	0	0	0.08
3700	0.09	0.2	0.2	0	0	0.09
3800	0.07	0.2	0.2	0	0	0.07
3900	0.07	0.2	0.2	0	0	0.07
4000	0.07	0.21	0.21	0	0	0.07
4100	0.07	0.24	0.24	0	0	0.07
4200	0.07	0.25	0.25	0	0	0.07
4300	0.07	0.27	0.27	0	0	0.07
4400	0.08	0.25	0.25	0	0	0.08
4500	0.08	0.24	0.24	0	0	0.08
4600	0.07	0.23	0.23	0	0	0.07
4700	0.07	0.23	0.23	0	0	0.07
4800	0.07	0.23	0.23	0	0	0.07
4900	0.07	0.23	0.23	0	0	0.07
5000	0.07	0.22	0.22	0	0	0.07
5100	0.09	0.22	0.22	0	0	0.09
5200	0.09	0.22	0.22	0	0	0.09
5300	0.08	0.22	0.22	0	0	0.08
5400	0.08	0.22	0.22	0	0	0.08
5500	0.1	0.22	0.22	0	0	0.1
5600	0.1	0.22	0.22	0	0	0.1
5700	0.09	0.24	0.24	0	0	0.09
5800	0.09	0.24	0.24	0	0	0.09
5900	0.08	0.25	0.25	0	0	0.08
6000	0.08	0.25	0.25	0	0	0.08
6100	0.09	0.28	0.28	0	0	0.09
6200	0.09	0.29	0.29	0	0	0.09
6300	0.09	0.31	0.31	0	0	0.09
6400	0.09	0.31	0.31	0	0	0.09
6500	0.09	0.32	0.32	0	0	0.09
6600	0.09	0.32	0.32	0	0	0.09
6700	0.09	0.32	0.32	0	0	0.09
6800	0.1	0.32	0.32	0	0	0.1
6900	0.1	0.32	0.32	0	0	0.1
7000	0.1	0.32	0.32	0	0	0.1
7100	0.1	0.32	0.32	0	0	0.1
7200	0.1	0.32	0.32	0	0	0.1
7300	0.1	0.33	0.33	0	0	0.1
7400	0.1	0.33	0.33	0	0	0.1
7500	0.1	0.34	0.34	0	0	0.1
7600	0.1	0.34	0.34	0	0	0.1
7700	0.11	0.34	0.34	0	0	0.11
7800	0.13	0.35	0.35	0	0	0.13
7900	0.13	0.35	0.35	0	0	0.13
8000	0.15	0.33	0.33	0	0	0.15
8100	0.17	0.31	0.31	0	0	0.17
8200	0.17	0.29	0.29	0	0	0.17
8300	0.16	0.29	0.29	0	0	0.16
8400	0.16	0.3	0.3	0	0	0.16
8500	0.14	0.29	0.29	0	0	0.14
8600	0.14	0.3	0.3	0	0	0.14
8700	0.16	0.3	0.3	0	0	0.16
8800	0.15	0.3	0.3	0	0	0.15
8900	0.13	0.29	0.29	0	0	0.13
9000	0.12	0.29	0.29	0	0	0.12
9100	0.12	0.3	0.3	0	0	0.12
9200	0.12	0.31	0.31	0	0	0.12
9300	0.12	0.3	0.3	0	0	0.12
9400	0.12	0.31	0.31	0	0	0.12
9500	0.13	0.3	0.3	0	0	0.13
9600	0.13	0.29	0.29	0	0	0.13
9700	0.13	0.29	0.29	0	0	0.13
9800	0.13	0.29	0.29	0	0	0.13
9900	0.14	0.29	0.29	0	0	0.14
10000	0.13	0.29	0.29	0	0	0.13
10100	0.14	0.3	0.3	0	0	0.14
10200	0.16	0.3	0.3	0	0	0.16
10300	0.16	0.31	0.31	0	0	0.16
10400	0.16	0.33	0.33	0	0	0.16
10500	0.16	0.32	0.32	0	0	0.16
10600	0.16	0.33	0.33	0	0	0.16
10700	0.17	0.32	0.32	0	0	0.17
10800	0.17	0.33	0.33	0	0	0.17
10900	0.16	0.33	0.33	0	0	0.16
11000	0.16	0.33	0.33	0	0	0.16
11100	0.17	0.33	0.33	0	0	0.17
11200	0.17	0.33	0.33	0	0	0.17
11300	0.17	0.31	0.31	0	0	0.17
11400	0.17	0.31	0.31	0	0	0.17
11500	0.17	0.32	0.32	0	0	0.17
11600	0.17	0.32	0.32	0	0	0.17
11700	0.17	0.32	0.32	0	0	0.17
11800	0.17	0.33	0.33	0	0	0.17
11900	0.17	0.34	0.34	0	0	0.17
12000	0.17	0.35	0.35	0	0	0.17
12100	0.18	0.35	0.35	0	0	0.18
12200	0.18	0.35	0.35	0	0	0.18
12300	0.18	0.35	0.35	0	0	0.18
12400	0.19	0.34	0.34	0	0	0.19
12500	0.19	0.34	0.34	0	0	0.19
12600	0.18	0.35	0.35	0	0	0.18
12700	0.16	0.35	0.35	0	0	0.16
12800	0.14	0.35	0.35	0	0	0.14
12900	0.14	0.36	0.36	0	0	0.14
13000	0.14	0.35	0.35	0	0	0.14
13100	0.14	0.35	0.35	0	0	0.14
13200	0.16	0.35	0.35	0	0	0.16
13300	0.15	0.36	0.36	0	0	0.15
13400	0.16	0.36	0.36	0	0	0.16
13500	0.16	0.35	0.35	0	0	0.16
13600	0.15	0.35	0.35	0	0	0.15
13700	0.15	0.36	0.36	0	0	0.15
13800	0.14	0.37	0.37	0	0	0.14
13900	0.14	0.38	0.38	0	0	0.14
14000	0.15	0.37	0.37	0	0	0.15
14100	0.15	0.37	0.37	0	0	0.15
14200	0.15	0.37	0.37	0	0	0.15
14300	0.16	0.37	0.37	0	0	0.16
14400	0.17	0.37	0.37	0	0	0.17
14500	0.18	0.38	0.38	0	0	0.18
14600	0.18	0.38	0.38	0	0	0.18
14700	0.17	0.38	0.38	0	0	0.17
14800	0.16	0.38	0.38	0	0	0.16
14900	0.15	0.39	0.39	0	0	0.15
15000	0.15	0.39	0.39	0	0	0.15
15100	0.16	0.39	0.39	0	0	0.16
15200	0.18	0.38	0.38	0	0	0.18
15300	0.18	0.37	0.37	0	0	0.18
15400	0.18	0.37	0.37	0	0	0.18
15500	0.18	0.37	0.37	0	0	0.18
15600	0.18	0.37	0.37	0	0	0.18
15700	0.18	0.37	0.37	0	0	0.18
15800	0.18	0.38	0.38	0	0	0.18
15900	0.18	0.38	0.38	0	0	0.18
16000	0.18	0.38	0.38	0	0	0.18
16100	0.18	0.38	0.38	0	0	0.18
16200	0.18	0.38	0.38	0	0	0.18
16300	0.18	0.37	0.37	0	0	0.18
16400	0.16	0.36	0.36	0	0	0.16
16500	0.16	0.36	0.36	0	0	0.16
16600	0.16	0.36	0.36	0	0	0.16
16700	0.16	0.37	0.37	0	0	0.16
16800	0.16	0.37	0.37	0	0	0.16
16900	0.18	0.37	0.37	0	0	0.18
17000	0.18	0.38	0.38	0	0	0.18
17100	0.17	0.39	0.39	0	0	0.17
17200	0.17	0.38	0.38	0	0	0.17
17300	0.16	0.39	0.39	0	0	0.16
17400	0.16	0.38	0.38	0	0	0.16
17500	0.16	0.39	0.39	0	0	0.16
17600	0.17	0.39	0.39	0	0	0.17
17700	0.19	0.39	0.39	0	0	0.19
17800	0.19	0.38	0.38	0	0	0.19
17900	0.19	0.39	0.39	0	0	0.19
18000	0.19	0.39	0.39	0	0	0.19
18100	0.19	0.39	0.39	0	0	0.19
18200	0.2	0.39	0.39	0	0	0.2
18300	0.19	0.39	0.39	0	0	0.19
18400	0.2	0.38	0.38	0	0	0.2
18500	0.2	0.38	0.38	0	0	0.2
18600	0.21	0.37	0.37	0	0	0.21
18700	0.22	0.4	0.4	0	0	0.22
18800	0.21	0.4	0.4	0	0	0.21
18900	0.2	0.39	0.39	0	0	0.2
19000	0.2	0.39	0.39	0	0	0.2
19100	0.21	0.39	0.39	0	0	0.21
19200	0.2	0.39	0.39	0	0	0.2
19300	0.21	0.4	0.4	0	0	0.21
19400	0.2	0.4	0.4	0	0	0.2
19500	0.2	0.4	0.4	0	0	0.2
19600	0.18	0.4	0.4	0	0	0.18
19700	0.18	0.4	0.4	0	0	0.18
19800	0.18	0.41	0.41	0	0	0.18
19900	0.18	0.4	0.4	0	0	0.18
20000	0.19	0.4	0.4	0	0	0.19
20100	0.18	0.4	0.4	0	0	0.18
20200	0.18	0.4	0.4	0	0	0.18
20300	0.18	0.41	0.41	0	0	0.18
20400	0.18	0.41	0.41	0	0	0.18
20500	0.18	0.41	0.41	0	0	0.18
20600	0.19	0.41	0.41	0	0	0.19
20700	0.2	0.43	0.43	0	0	0.2
20800	0.19	0.43	0.43	0	0	0.19
20900	0.2	0.43	0.43	0	0	0.2
21000	0.2	0.43	0.43	0	0	0.2
21100	0.2	0.43	0.43	0	0	0.2
21200	0.2	0.44	0.44	0	0	0.2
21300	0.2	0.43	0.43	0	0	0.2
21400	0.2	0.44	0.44	0	0	0.2
21500	0.2	0.44	0.44	0	0	0.2
21600	0.2	0.43	0.43	0	0	0.2
21700	0.2	0.43	0.43	0	0	0.2
21800	0.21	0.43	0.43	0	0	0.21
21900	0.21	0.43	0.43	0	0	0.21
22000	0.21	0.43	0.43	0	0	0.21
22100	0.2	0.43	0.43	0	0	0.2
22200	0.2	0.43	0.43	0	0	0.2
22300	0.2	0.43	0.43	0	0	0.2
22400	0.2	0.43	0.43	0	0	0.2
22500	0.2	0.44	0.44	0	0	0.2
22600	0.19	0.44	0.44	0	0	0.19
22700	0.19	0.44	0.44	0	0	0.19
22800	0.19	0.44	0.44	0	0	0.19
22900	0.19	0.44	0.44	0	0	0.19
23000	0.19	0.45	0.45	0	0	0.19
23100	0.19	0.46	0.46	0	0	0.19
23200	0.19	0.46	0.46	0	0	0.19
23300	0.2	0.47	0.47	0	0	0.2
23400	0.19	0.47	0.47	0	0	0.19
23500	0.19	0.47	0.47	0	0	0.19
23600	0.19	0.48	0.48	0	0	0.19
23700	0.19	0.48	0.48	0	0	0.19
23800	0.19	0.48	0.48	0	0	0.19
23900	0.19	0.48	0.48	0	0	0.19
24000	0.19	0.48	0.48	0	0	0.19
24100	0.21	0.48	0.48	0	0	0.21
24200	0.21	0.49	0.49	0	0	0.21
24300	0.22	0.5	0.5	0	0	0.22
24400	0.22	0.5	0.5	0	0	0.22
24500	0.22	0.49	0.49	0	0	0.22
24600	0.22	0.49	0.49	0	0	0.22
24700	0.22	0.49	0.49	0	0	0.22
24800	0.21	0.49	0.49	0	0	0.21
24900	0.21	0.49	0.49	0	0	0.21
25000	0.21	0.49	0.49	0	0	0.21
25100	0.22	0.49	0.49	0	0	0.22
25200	0.22	0.49	0.49	0	0	0.22
25300	0.22	0.49	0.49	0	0	0.22
25400	0.22	0.49	0.49	0	0	0.22
25500	0.22	0.49	0.49	0	0	0.22
25600	0.22	0.49	0.49	0	0	0.22
25700	0.22	0.5	0.5	0	0	0.22
25800	0.22	0.5	0.5	0	0	0.22
25900	0.21	0.5	0.5	0	0	0.21
26000	0.21	0.49	0.49	0	0	0.21
26100	0.21	0.49	0.49	0	0	0.21
26200	0.21	0.48	0.48	0	0	0.21
26300	0.21	0.47	0.47	0	0	0.21
26400	0.21	0.47	0.47	0	0	0.21
26500	0.21	0.47	0.47	0	0	0.21
26600	0.22	0.47	0.47	0	0	0.22
26700	0.22	0.47	0.47	0	0	0.22
26800	0.22	0.47	0.47	0	0	0.22
26900	0.21	0.47	0.47	0	0	0.21
27000	0.21	0.47	0.47	0	0	0.21
27100	0.2	0.47	0.47	0	0	0.2
27200	0.19	0.47	0.47	0	0	0.19
27300	0.19	0.46	0.46	0	0	0.19
27400	0.19	0.45	0.45	0	0	0.19
27500	0.19	0.46	0.46	0	0	0.19
27600	0.19	0.46	0.46	0	0	0.19
27700	0.19	0.46	0.46	0	0	0.19
27800	0.19	0.46	0.46	0	0	0.19
27900	0.21	0.46	0.46	0	0	0.21
28000	0.2	0.46	0.46	0	0	0.2
28100	0.22	0.46	0.46	0	0	0.22
28200	0.22	0.47	0.47	0	0	0.22
28300	0.22	0.46	0.46	0	0	0.22
28400	0.22	0.46	0.46	0	0	0.22
28500	0.22	0.46	0.46	0	0	0.22
28600	0.21	0.46	0.46	0	0	0.21
28700	0.21	0.46	0.46	0	0	0.21
28800	0.21	0.46	0.46	0	0	0.21
28900	0.21	0.46	0.46	0	0	0.21
29000	0.2	0.46	0.46	0	0	0.2
29100	0.2	0.46	0.46	0	0	0.2
29200	0.2	0.46	0.46	0	0	0.2
29300	0.2	0.47	0.47	0	0	0.2
29400	0.2	0.47	0.47	0	0	0.2
29500	0.22	0.47	0.47	0	0	0.22
29600	0.2	0.48	0.48	0	0	0.2
29700	0.2	0.48	0.48	0	0	0.2
29800	0.2	0.48	0.48	0	0	0.2
29900	0.2	0.49	0.49	0	0	0.2
30000	0.19	0.49	0.49	0	0	0.19
30100	0.19	0.49	0.49	0	0	0.19
30200	0.19	0.48	0.48	0	0	0.19
30300	0.19	0.48	0.48	0	0	0.19
30400	0.19	0.48	0.48	0	0	0.19
30500	0.21	0.48	0.48	0	0	0.21
30600	0.21	0.48	0.48	0	0	0.21
30700	0.22	0.48	0.48	0	0	0.22
30800	0.23	0.48	0.48	0	0	0.23
30900	0.23	0.48	0.48	0	0	0.23
31000	0.24	0.49	0.49	0	0	0.24
31100	0.22	0.49	0.49	0	0	0.22
31200	0.22	0.49	0.49	0	0	0.22
31300	0.22	0.49	0.49	0	0	0.22
31400	0.22	0.49	0.49	0	0	0.22
31500	0.23	0.49	0.49	0	0	0.23
31600	0.23	0.48	0.48	0	0	0.23
31700	0.23	0.48	0.48	0	0	0.23
31800	0.23	0.48	0.48	0	0	0.23
31900	0.23	0.48	0.48	0	0	0.23
32000	0.23	0.49	0.49	0	0	0.23
32100	0.21	0.49	0.49	0	0	0.21
32200	0.21	0.49	0.49	0	0	0.21
32300	0.21	0.49	0.49	0	0	0.21
32400	0.21	0.49	0.49	0	0	0.21
32500	0.21	0.49	0.49	0	0	0.21
32600	0.21	0.49	0.49	0	0	0.21
32700	0.21	0.49	0.49	0	0	0.21
32800	0.2	0.49	0.49	0	0	0.2
32900	0.21	0.49	0.49	0	0	0.21
33000	0.21	0.49	0.49	0	0	0.21
33100	0.21	0.49	0.49	0	0	0.21
33200	0.22	0.48	0.48	0	0	0.22
33300	0.22	0.47	0.47	0	0	0.22
33400	0.22	0.47	0.47	0	0	0.22
33500	0.23	0.47	0.47	0	0	0.23
33600	0.21	0.47	0.47	0	0	0.21
33700	0.21	0.47	0.47	0	0	0.21
33800	0.21	0.47	0.47	0	0	0.21
33900	0.22	0.47	0.47	0	0	0.22
34000	0.23	0.47	0.47	0	0	0.23
34100	0.23	0.47	0.47	0	0	0.23
34200	0.22	0.47	0.47	0	0	0.22
34300	0.22	0.48	0.48	0	0	0.22
34400	0.22	0.48	0.48	0	0	0.22
34500	0.22	0.46	0.46	0	0	0.22
34600	0.22	0.46	0.46	0	0	0.22
34700	0.22	0.47	0.47	0	0	0.22
34800	0.22	0.46	0.46	0	0	0.22
34900	0.22	0.46	0.46	0	0	0.22
35000	0.23	0.46	0.46	0	0	0.23
35100	0.22	0.46	0.46	0	0	0.22
35200	0.23	0.47	0.47	0	0	0.23
35300	0.24	0.47	0.47	0	0	0.24
35400	0.24	0.48	0.48	0	0	0.24
35500	0.24	0.47	0.47	0	0	0.24
35600	0.24	0.47	0.47	0	0	0.24
35700	0.23	0.47	0.47	0	0	0.23
35800	0.23	0.48	0.48	0	0	0.23
35900	0.24	0.48	0.48	0	0	0.24
36000	0.24	0.48	0.48	0	0	0.24
36100	0.23	0.48	0.48	0	0	0.23
36200	0.23	0.48	0.48	0	0	0.23
36300	0.23	0.5	0.5	0	0	0.23
36400	0.22	0.5	0.5	0	0	0.22
36500	0.22	0.5	0.5	0	0	0.22
36600	0.22	0.5	0.5	0	0	0.22
36700	0.22	0.5	0.5	0	0	0.22
36800	0.22	0.5	0.5	0	0	0.22
36900	0.22	0.51	0.51	0	0	0.22
37000	0.22	0.51	0.51	0	0	0.22
37100	0.22	0.5	0.5	0	0	0.22
37200	0.22	0.5	0.5	0	0	0.22
37300	0.21	0.5	0.5	0	0	0.21
37400	0.21	0.5	0.5	0	0	0.21
37500	0.21	0.5	0.5	0	0	0.21
37600	0.21	0.5	0.5	0	0	0.21
37700	0.21	0.5	0.5	0	0	0.21
37800	0.21	0.51	0.51	0	0	0.21
37900	0.21	0.51	0.51	0	0	0.21
38000	0.22	0.51	0.51	0	0	0.22
38100	0.22	0.51	0.51	0	0	0.22
38200	0.22	0.51	0.51	0	0	0.22
38300	0.22	0.51	0.51	0	0	0.22
38400	0.22	0.51	0.51	0	0	0.22
38500	0.22	0.51	0.51	0	0	0.22
38600	0.22	0.51	0.51	0	0	0.22
38700	0.22	0.51	0.51	0	0	0.22
38800	0.2	0.51	0.51	0	0	0.2
38900	0.19	0.51	0.51	0	0	0.19
39000	0.19	0.5	0.5	0	0	0.19
39100	0.19	0.51	0.51	0	0	0.19
39200	0.21	0.51	0.51	0	0	0.21
39300	0.21	0.5	0.5	0	0	0.21
39400	0.22	0.5	0.5	0	0	0.22
39500	0.21	0.5	0.5	0	0	0.21
39600	0.21	0.49	0.49	0	0	0.21
39700	0.19	0.49	0.49	0	0	0.19
39800	0.19	0.49	0.49	0	0	0.19
39900	0.19	0.49	0.49	0	0	0.19
40000	0.19	0.49	0.49	0	0	0.19
40100	0.19	0.49	0.49	0	0	0.19
40200	0.19	0.49	0.49	0	0	0.19
40300	0.2	0.49	0.49	0	0	0.2
40400	0.19	0.5	0.5	0	0	0.19
40500	0.18	0.5	0.5	0	0	0.18
40600	0.18	0.5	0.5	0	0	0.18
40700	0.18	0.5	0.5	0	0	0.18
40800	0.18	0.5	0.5	0	0	0.18
40900	0.17	0.5	0.5	0	0	0.17
41000	0.17	0.51	0.51	0	0	0.17
41100	0.18	0.52	0.52	0	0	0.18
41200	0.17	0.52	0.52	0	0	0.17
41300	0.17	0.52	0.52	0	0	0.17
41400	0.17	0.5	0.5	0	0	0.17
41500	0.17	0.51	0.51	0	0	0.17
41600	0.17	0.5	0.5	0	0	0.17
41700	0.17	0.5	0.5	0	0	0.17
41800	0.17	0.5	0.5	0	0	0.17
41900	0.17	0.5	0.5	0	0	0.17
42000	0.17	0.5	0.5	0	0	0.17
42100	0.17	0.5	0.5	0	0	0.17
42200	0.17	0.51	0.51	0	0	0.17
42300	0.19	0.51	0.51	0	0	0.19
42400	0.19	0.52	0.52	0	0	0.19
42500	0.19	0.51	0.51	0	0	0.19
42600	0.18	0.52	0.52	0	0	0.18
42700	0.18	0.53	0.53	0	0	0.18
42800	0.18	0.53	0.53	0	0	0.18
42900	0.18	0.53	0.53	0	0	0.18
43000	0.18	0.53	0.53	0	0	0.18
43100	0.17	0.54	0.54	0	0	0.17
43200	0.17	0.54	0.54	0	0	0.17
43300	0.17	0.54	0.54	0	0	0.17
43400	0.17	0.54	0.54	0	0	0.17
43500	0.17	0.54	0.54	0	0	0.17
43600	0.17	0.53	0.53	0	0	0.17
43700	0.17	0.53	0.53	0	0	0.17
43800	0.17	0.53	0.53	0	0	0.17
43900	0.17	0.54	0.54	0	0	0.17
44000	0.17	0.54	0.54	0	0	0.17
44100	0.17	0.54	0.54	0	0	0.17
44200	0.17	0.54	0.54	0	0	0.17
44300	0.17	0.54	0.54	0	0	0.17
44400	0.17	0.54	0.54	0	0	0.17
44500	0.17	0.54	0.54	0	0	0.17
44600	0.18	0.54	0.54	0	0	0.18
44700	0.19	0.54	0.54	0	0	0.19
44800	0.17	0.54	0.54	0	0	0.17
44900	0.17	0.55	0.55	0	0	0.17
45000	0.17	0.56	0.56	0	0	0.17
45100	0.17	0.57	0.57	0	0	0.17
45200	0.17	0.58	0.58	0	0	0.17
45300	0.17	0.58	0.58	0	0	0.17
45400	0.17	0.58	0.58	0	0	0.17
45500	0.17	0.58	0.58	0	0	0.17
45600	0.18	0.58	0.58	0	0	0.18
45700	0.19	0.58	0.58	0	0	0.19
45800	0.19	0.58	0.58	0	0	0.19
45900	0.2	0.57	0.57	0	0	0.2
46000	0.2	0.57	0.57	0	0	0.2
46100	0.21	0.57	0.57	0	0	0.21
46200	0.21	0.58	0.58	0	0	0.21
46300	0.2	0.57	0.57	0	0	0.2
46400	0.2	0.57	0.57	0	0	0.2
46500	0.2	0.57	0.57	0	0	0.2
46600	0.2	0.57	0.57	0	0	0.2
46700	0.21	0.57	0.57	0	0	0.21
46800	0.21	0.57	0.57	0	0	0.21
46900	0.21	0.58	0.58	0	0	0.21
47000	0.21	0.58	0.58	0	0	0.21
47100	0.2	0.58	0.58	0	0	0.2
47200	0.2	0.59	0.59	0	0	0.2
47300	0.2	0.59	0.59	0	0	0.2
47400	0.2	0.58	0.58	0	0	0.2
47500	0.2	0.57	0.57	0	0	0.2
47600	0.2	0.57	0.57	0	0	0.2
47700	0.2	0.57	0.57	0	0	0.2
47800	0.19	0.57	0.57	0	0	0.19
47900	0.19	0.57	0.57	0	0	0.19
48000	0.2	0.57	0.57	0	0	0.2
48100	0.2	0.57	0.57	0	0	0.2
48200	0.19	0.56	0.56	0	0	0.19
48300	0.2	0.56	0.56	0	0	0.2
48400	0.2	0.56	0.56	0	0	0.2
48500	0.2	0.56	0.56	0	0	0.2
48600	0.2	0.56	0.56	0	0	0.2
48700	0.21	0.56	0.56	0	0	0.21
48800	0.22	0.56	0.56	0	0	0.22
48900	0.23	0.56	0.56	0	0	0.23
49000	0.23	0.56	0.56	0	0	0.23
49100	0.22	0.56	0.56	0	0	0.22
49200	0.21	0.56	0.56	0	0	0.21
49300	0.2	0.56	0.56	0	0	0.2
49400	0.2	0.56	0.56	0	0	0.2
49500	0.2	0.56	0.56	0	0	0.2
49600	0.2	0.56	0.56	0	0	0.2
49700	0.2	0.56	0.56	0	0	0.2
49800	0.19	0.56	0.56	0	0	0.19
49900	0.2	0.56	0.56	0	0	0.2
50000	0.21	0.56	0.56	0	0	0.21
50100	0.21	0.56	0.56	0	0	0.21
50200	0.21	0.56	0.56	0	0	0.21
50300	0.21	0.57	0.57	0	0	0.21
50400	0.21	0.58	0.58	0	0	0.21
50500	0.21	0.58	0.58	0	0	0.21
50600	0.22	0.58	0.58	0	0	0.22
50700	0.22	0.58	0.58	0	0	0.22
50800	0.21	0.57	0.57	0	0	0.21
50900	0.21	0.57	0.57	0	0	0.21
51000	0.21	0.57	0.57	0	0	0.21
51100	0.21	0.58	0.58	0	0	0.21
51200	0.22	0.58	0.58	0	0	0.22
51300	0.22	0.58	0.58	0	0	0.22
51400	0.22	0.58	0.58	0	0	0.22
51500	0.22	0.57	0.57	0	0	0.22
51600	0.22	0.57	0.57	0	0	0.22
51700	0.23	0.57	0.57	0	0	0.23
51800	0.24	0.57	0.57	0	0	0.24
51900	0.23	0.57	0.57	0	0	0.23
52000	0.21	0.57	0.57	0	0	0.21
52100	0.21	0.56	0.56	0	0	0.21
52200	0.21	0.56	0.56	0	0	0.21
52300	0.21	0.56	0.56	0	0	0.21
52400	0.21	0.56	0.56	0	0	0.21
52500	0.21	0.56	0.56	0	0	0.21
52600	0.21	0.56	0.56	0	0	0.21
52700	0.22	0.56	0.56	0	0	0.22
52800	0.22	0.56	0.56	0	0	0.22
52900	0.21	0.56	0.56	0	0	0.21
53000	0.21	0.56	0.56	0	0	0.21
53100	0.21	0.56	0.56	0	0	0.21
53200	0.21	0.56	0.56	0	0	0.21
53300	0.22	0.56	0.56	0	0	0.22
53400	0.21	0.56	0.56	0	0	0.21
53500	0.21	0.56	0.56	0	0	0.21
53600	0.22	0.56	0.56	0	0	0.22
53700	0.22	0.57	0.57	0	0	0.22
53800	0.22	0.58	0.58	0	0	0.22
53900	0.22	0.58	0.58	0	0	0.22
54000	0.22	0.59	0.59	0	0	0.22
54100	0.22	0.59	0.59	0	0	0.22
54200	0.22	0.59	0.59	0	0	0.22
54300	0.23	0.6	0.6	0	0	0.23
54400	0.23	0.6	0.6	0	0	0.23
54500	0.24	0.6	0.6	0	0	0.24
54600	0.24	0.6	0.6	0	0	0.24
54700	0.23	0.6	0.6	0	0	0.23
54800	0.22	0.61	0.61	0	0	0.22
54900	0.23	0.61	0.61	0	0	0.23
55000	0.23	0.6	0.6	0	0	0.23
55100	0.24	0.6	0.6	0	0	0.24
55200	0.23	0.6	0.6	0	0	0.23
55300	0.23	0.6	0.6	0	0	0.23
55400	0.24	0.6	0.6	0	0	0.24
55500	0.25	0.6	0.6	0	0	0.25
55600	0.25	0.6	0.6	0	0	0.25
55700	0.25	0.59	0.59	0	0	0.25
55800	0.25	0.59	0.59	0	0	0.25
55900	0.25	0.59	0.59	0	0	0.25
56000	0.24	0.59	0.59	0	0	0.24
56100	0.24	0.59	0.59	0	0	0.24
56200	0.23	0.59	0.59	0	0	0.23
56300	0.23	0.59	0.59	0	0	0.23
56400	0.23	0.59	0.59	0	0	0.23
56500	0.23	0.59	0.59	0	0	0.23
56600	0.23	0.59	0.59	0	0	0.23
56700	0.23	0.59	0.59	0	0	0.23
56800	0.23	0.59	0.59	0	0	0.23
56900	0.22	0.59	0.59	0	0	0.22
57000	0.21	0.59	0.59	0	0	0.21
57100	0.21	0.59	0.59	0	0	0.21
57200	0.21	0.59	0.59	0	0	0.21
57300	0.21	0.59	0.59	0	0	0.21
57400	0.21	0.59	0.59	0	0	0.21
57500	0.22	0.59	0.59	0	0	0.22
57600	0.22	0.6	0.6	0	0	0.22
57700	0.22	0.6	0.6	0	0	0.22
57800	0.22	0.6	0.6	0	0	0.22
57900	0.22	0.6	0.6	0	0	0.22
58000	0.22	0.6	0.6	0	0	0.22
58100	0.23	0.6	0.6	0	0	0.23
58200	0.23	0.6	0.6	0	0	0.23
58300	0.23	0.6	0.6	0	0	0.23
58400	0.23	0.6	0.6	0	0	0.23
58500	0.23	0.6	0.6	0	0	0.23
58600	0.23	0.6	0.6	0	0	0.23
58700	0.23	0.6	0.6	0	0	0.23
58800	0.25	0.6	0.6	0	0	0.25
58900	0.25	0.6	0.6	0	0	0.25
59000	0.26	0.6	0.6	0	0	0.26
59100	0.25	0.6	0.6	0	0	0.25
59200	0.25	0.6	0.6	0	0	0.25
59300	0.25	0.6	0.6	0	0	0.25
59400	0.25	0.6	0.6	0	0	0.25
59500	0.26	0.6	0.6	0	0	0.26
59600	0.26	0.6	0.6	0	0	0.26
59700	0.28	0.6	0.6	0	0	0.28
59800	0.28	0.6	0.6	0	0	0.28
59900	0.27	0.6	0.6	0	0	0.27
60000	0.28	0.6	0.6	0	0	0.28
60100	0.28	0.6	0.6	0	0	0.28
60200	0.29	0.6	0.6	0	0	0.29
60300	0.29	0.61	0.61	0	0	0.29
60400	0.28	0.61	0.61	0	0	0.28
60500	0.28	0.61	0.61	0	0	0.28
60600	0.28	0.62	0.62	0	0	0.28
60700	0.28	0.61	0.61	0	0	0.28
60800	0.28	0.61	0.61	0	0	0.28
60900	0.29	0.61	0.61	0	0	0.29
61000	0.29	0.61	0.61	0	0	0.29
61100	0.29	0.61	0.61	0	0	0.29
61200	0.29	0.61	0.61	0	0	0.29
61300	0.28	0.62	0.62	0	0	0.28
61400	0.28	0.61	0.61	0	0	0.28
61500	0.29	0.61	0.61	0	0	0.29
61600	0.29	0.61	0.61	0	0	0.29
61700	0.28	0.61	0.61	0	0	0.28
61800	0.26	0.62	0.62	0	0	0.26
61900	0.25	0.62	0.62	0	0	0.25
62000	0.26	0.61	0.61	0	0	0.26
62100	0.26	0.61	0.61	0	0	0.26
62200	0.26	0.61	0.61	0	0	0.26
62300	0.26	0.61	0.61	0	0	0.26
62400	0.26	0.61	0.61	0	0	0.26
62500	0.26	0.61	0.61	0	0	0.26
62600	0.26	0.61	0.61	0	0	0.26
62700	0.26	0.61	0.61	0	0	0.26
62800	0.26	0.61	0.61	0	0	0.26
62900	0.25	0.61	0.61	0	0	0.25
63000	0.24	0.61	0.61	0	0	0.24
63100	0.25	0.61	0.61	0	0	0.25
63200	0.25	0.61	0.61	0	0	0.25
63300	0.25	0.61	0.61	0	0	0.25
63400	0.25	0.61	0.61	0	0	0.25
63500	0.25	0.61	0.61	0	0	0.25
63600	0.25	0.61	0.61	0	0	0.25
63700	0.25	0.61	0.61	0	0	0.25
63800	0.25	0.61	0.61	0	0	0.25
63900	0.25	0.61	0.61	0	0	0.25
64000	0.25	0.6	0.6	0	0	0.25
64100	0.25	0.6	0.6	0	0	0.25
64200	0.26	0.6	0.6	0	0	0.26
64300	0.26	0.6	0.6	0	0	0.26
64400	0.26	0.6	0.6	0	0	0.26
64500	0.26	0.6	0.6	0	0	0.26
64600	0.26	0.6	0.6	0	0	0.26
64700	0.26	0.6	0.6	0	0	0.26
64800	0.26	0.61	0.61	0	0	0.26
64900	0.26	0.61	0.61	0	0	0.26
65000	0.26	0.61	0.61	0	0	0.26
65100	0.25	0.6	0.6	0	0	0.25
65200	0.26	0.6	0.6	0	0	0.26
65300	0.25	0.6	0.6	0	0	0.25
65400	0.25	0.6	0.6	0	0	0.25
65500	0.25	0.6	0.6	0	0	0.25
65600	0.27	0.61	0.61	0	0	0.27
65700	0.27	0.61	0.61	0	0	0.27
65800	0.27	0.61	0.61	0	0	0.27
65900	0.27	0.62	0.62	0	0	0.27
66000	0.27	0.62	0.62	0	0	0.27
66100	0.27	0.62	0.62	0	0	0.27
66200	0.27	0.6	0.6	0	0	0.27
66300	0.27	0.6	0.6	0	0	0.27
66400	0.26	0.6	0.6	0	0	0.26
66500	0.26	0.6	0.6	0	0	0.26
66600	0.26	0.61	0.61	0	0	0.26
66700	0.25	0.61	0.61	0	0	0.25
66800	0.25	0.61	0.61	0	0	0.25
66900	0.25	0.61	0.61	0	0	0.25
67000	0.25	0.61	0.61	0	0	0.25
67100	0.25	0.61	0.61	0	0	0.25
67200	0.25	0.61	0.61	0	0	0.25
67300	0.25	0.61	0.61	0	0	0.25
67400	0.25	0.61	0.61	0	0	0.25
67500	0.25	0.6	0.6	0	0	0.25
67600	0.25	0.6	0.6	0	0	0.25
67700	0.25	0.6	0.6	0	0	0.25
67800	0.25	0.6	0.6	0	0	0.25
67900	0.25	0.6	0.6	0	0	0.25
68000	0.25	0.6	0.6	0	0	0.25
68100	0.25	0.6	0.6	0	0	0.25
68200	0.25	0.59	0.59	0	0	0.25
68300	0.25	0.59	0.59	0	0	0.25
68400	0.25	0.6	0.6	0	0	0.25
68500	0.25	0.6	0.6	0	0	0.25
68600	0.25	0.6	0.6	0	0	0.25
68700	0.26	0.6	0.6	0	0	0.26
68800	0.26	0.6	0.6	0	0	0.26
68900	0.26	0.6	0.6	0	0	0.26
69000	0.26	0.6	0.6	0	0	0.26
69100	0.26	0.61	0.61	0	0	0.26
69200	0.27	0.61	0.61	0	0	0.27
69300	0.27	0.61	0.61	0	0	0.27
69400	0.27	0.61	0.61	0	0	0.27
69500	0.27	0.61	0.61	0	0	0.27
69600	0.27	0.61	0.61	0	0	0.27
69700	0.27	0.61	0.61	0	0	0.27
69800	0.27	0.61	0.61	0	0	0.27
69900	0.27	0.61	0.61	0	0	0.27
70000	0.27	0.61	0.61	0	0	0.27
70100	0.27	0.61	0.61	0	0	0.27
70200	0.27	0.61	0.61	0	0	0.27
70300	0.27	0.61	0.61	0	0	0.27
70400	0.27	0.6	0.6	0	0	0.27
70500	0.27	0.6	0.6	0	0	0.27
70600	0.28	0.6	0.6	0	0	0.28
70700	0.28	0.6	0.6	0	0	0.28
70800	0.29	0.6	0.6	0	0	0.29
70900	0.29	0.6	0.6	0	0	0.29
71000	0.29	0.6	0.6	0	0	0.29
71100	0.29	0.6	0.6	0	0	0.29
71200	0.29	0.6	0.6	0	0	0.29
71300	0.29	0.6	0.6	0	0	0.29
71400	0.29	0.6	0.6	0	0	0.29
71500	0.29	0.6	0.6	0	0	0.29
71600	0.29	0.6	0.6	0	0	0.29
71700	0.29	0.6	0.6	0	0	0.29
71800	0.29	0.6	0.6	0	0	0.29
71900	0.29	0.6	0.6	0	0	0.29
72000	0.29	0.61	0.61	0	0	0.29
72100	0.29	0.6	0.6	0	0	0.29
72200	0.28	0.6	0.6	0	0	0.28
72300	0.28	0.6	0.6	0	0	0.28
72400	0.28	0.6	0.6	0	0	0.28
72500	0.28	0.6	0.6	0	0	0.28
72600	0.28	0.6	0.6	0	0	0.28
72700	0.28	0.6	0.6	0	0	0.28
72800	0.28	0.6	0.6	0	0	0.28
72900	0.28	0.6	0.6	0	0	0.28
73000	0.28	0.6	0.6	0	0	0.28
73100	0.28	0.6	0.6	0	0	0.28
73200	0.28	0.6	0.6	0	0	0.28
73300	0.28	0.6	0.6	0	0	0.28
73400	0.28	0.6	0.6	0	0	0.28
73500	0.28	0.6	0.6	0	0	0.28
73600	0.28	0.6	0.6	0	0	0.28
73700	0.28	0.6	0.6	0	0	0.28
73800	0.27	0.6	0.6	0	0	0.27
73900	0.27	0.59	0.59	0	0	0.27
74000	0.28	0.59	0.59	0	0	0.28
74100	0.27	0.59	0.59	0	0	0.27
74200	0.27	0.59	0.59	0	0	0.27
74300	0.27	0.59	0.59	0	0	0.27
74400	0.27	0.59	0.59	0	0	0.27
74500	0.27	0.6	0.6	0	0	0.27
74600	0.27	0.6	0.6	0	0	0.27
74700	0.27	0.6	0.6	0	0	0.27
74800	0.27	0.6	0.6	0	0	0.27
74900	0.27	0.6	0.6	0	0	0.27
75000	0.28	0.6	0.6	0	0	0.28
75100	0.28	0.6	0.6	0	0	0.28
75200	0.29	0.6	0.6	0	0	0.29
75300	0.29	0.6	0.6	0	0	0.29
75400	0.28	0.6	0.6	0	0	0.28
75500	0.28	0.6	0.6	0	0	0.28
75600	0.29	0.6	0.6	0	0	0.29
75700	0.29	0.6	0.6	0	0	0.29
75800	0.28	0.6	0.6	0	0	0.28
75900	0.29	0.6	0.6	0	0	0.29
76000	0.29	0.6	0.6	0	0	0.29
76100	0.29	0.6	0.6	0	0	0.29
76200	0.29	0.61	0.61	0	0	0.29
76300	0.29	0.61	0.61	0	0	0.29
76400	0.3	0.61	0.61	0	0	0.3
76500	0.3	0.61	0.61	0	0	0.3
76600	0.3	0.61	0.61	0	0	0.3
76700	0.3	0.61	0.61	0	0	0.3
76800	0.31	0.61	0.61	0	0	0.31
76900	0.3	0.61	0.61	0	0	0.3
77000	0.3	0.61	0.61	0	0	0.3
77100	0.29	0.61	0.61	0	0	0.29
77200	0.29	0.61	0.61	0	0	0.29
77300	0.29	0.61	0.61	0	0	0.29
77400	0.29	0.61	0.61	0	0	0.29
77500	0.3	0.6	0.6	0	0	0.3
77600	0.28	0.6	0.6	0	0	0.28
77700	0.28	0.6	0.6	0	0	0.28
77800	0.29	0.6	0.6	0	0	0.29
77900	0.29	0.6	0.6	0	0	0.29
78000	0.29	0.6	0.6	0	0	0.29
78100	0.29	0.6	0.6	0	0	0.29
78200	0.29	0.6	0.6	0	0	0.29
78300	0.29	0.6	0.6	0	0	0.29
78400	0.29	0.6	0.6	0	0	0.29
78500	0.29	0.6	0.6	0	0	0.29
78600	0.29	0.6	0.6	0	0	0.29
78700	0.29	0.59	0.59	0	0	0.29
78800	0.29	0.59	0.59	0	0	0.29
78900	0.29	0.59	0.59	0	0	0.29
79000	0.29	0.59	0.59	0	0	0.29
79100	0.29	0.59	0.59	0	0	0.29
79200	0.29	0.59	0.59	0	0	0.29
79300	0.29	0.59	0.59	0	0	0.29
79400	0.29	0.59	0.59	0	0	0.29
79500	0.29	0.59	0.59	0	0	0.29
79600	0.29	0.59	0.59	0	0	0.29
79700	0.29	0.59	0.59	0	0	0.29
79800	0.29	0.59	0.59	0	0	0.29
79900	0.29	0.59	0.59	0	0	0.29
80000	0.3	0.6	0.6	0	0	0.3
80100	0.3	0.6	0.6	0	0	0.3
80200	0.3	0.6	0.6	0	0	0.3
80300	0.29	0.61	0.61	0	0	0.29
80400	0.29	0.61	0.61	0	0	0.29
80500	0.29	0.61	0.61	0	0	0.29
80600	0.29	0.61	0.61	0	0	0.29
80700	0.29	0.61	0.61	0	0	0.29
80800	0.29	0.61	0.61	0	0	0.29
80900	0.29	0.61	0.61	0	0	0.29
81000	0.29	0.61	0.61	0	0	0.29
81100	0.29	0.61	0.61	0	0	0.29
81200	0.29	0.61	0.61	0	0	0.29
81300	0.29	0.61	0.61	0	0	0.29
81400	0.29	0.6	0.6	0	0	0.29
81500	0.29	0.6	0.6	0	0	0.29
81600	0.3	0.6	0.6	0	0	0.3
81700	0.3	0.6	0.6	0	0	0.3
81800	0.3	0.6	0.6	0	0	0.3
81900	0.29	0.6	0.6	0	0	0.29
82000	0.29	0.6	0.6	0	0	0.29
82100	0.29	0.6	0.6	0	0	0.29
82200	0.29	0.6	0.6	0	0	0.29
82300	0.29	0.6	0.6	0	0	0.29
82400	0.29	0.6	0.6	0	0	0.29
82500	0.29	0.6	0.6	0	0	0.29
82600	0.29	0.6	0.6	0	0	0.29
82700	0.29	0.6	0.6	0	0	0.29
82800	0.29	0.6	0.6	0	0	0.29
82900	0.29	0.6	0.6	0	0	0.29
83000	0.29	0.6	0.6	0	0	0.29
83100	0.29	0.6	0.6	0	0	0.29
83200	0.29	0.6	0.6	0	0	0.29
83300	0.29	0.6	0.6	0	0	0.29
83400	0.29	0.6	0.6	0	0	0.29
83500	0.29	0.6	0.6	0	0	0.29
83600	0.29	0.6	0.6	0	0	0.29
83700	0.29	0.6	0.6	0	0	0.29
83800	0.29	0.6	0.6	0	0	0.29
83900	0.29	0.6	0.6	0	0	0.29
84000	0.29	0.6	0.6	0	0	0.29
84100	0.29	0.6	0.6	0	0	0.29
84200	0.3	0.6	0.6	0	0	0.3
84300	0.3	0.6	0.6	0	0	0.3
84400	0.3	0.6	0.6	0	0	0.3
84500	0.3	0.6	0.6	0	0	0.3
84600	0.3	0.6	0.6	0	0	0.3
84700	0.3	0.6	0.6	0	0	0.3
84800	0.3	0.6	0.6	0	0	0.3
84900	0.3	0.6	0.6	0	0	0.3
85000	0.3	0.6	0.6	0	0	0.3
85100	0.3	0.6	0.6	0	0	0.3
85200	0.3	0.6	0.6	0	0	0.3
85300	0.3	0.6	0.6	0	0	0.3
85400	0.3	0.6	0.6	0	0	0.3
85500	0.3	0.6	0.6	0	0	0.3
85600	0.31	0.6	0.6	0	0	0.31
85700	0.31	0.6	0.6	0	0	0.31
85800	0.31	0.6	0.6	0	0	0.31
85900	0.29	0.6	0.6	0	0	0.29
86000	0.29	0.61	0.61	0	0	0.29
86100	0.28	0.61	0.61	0	0	0.28
86200	0.29	0.61	0.61	0	0	0.29
86300	0.3	0.61	0.61	0	0	0.3
86400	0.3	0.61	0.61	0	0	0.3
86500	0.3	0.61	0.61	0	0	0.3
86600	0.3	0.61	0.61	0	0	0.3
86700	0.3	0.61	0.61	0	0	0.3
86800	0.3	0.61	0.61	0	0	0.3
86900	0.29	0.6	0.6	0	0	0.29
87000	0.29	0.6	0.6	0	0	0.29
87100	0.29	0.6	0.6	0	0	0.29
87200	0.3	0.6	0.6	0	0	0.3
87300	0.29	0.6	0.6	0	0	0.29
87400	0.3	0.6	0.6	0	0	0.3
87500	0.3	0.6	0.6	0	0	0.3
87600	0.3	0.6	0.6	0	0	0.3
87700	0.3	0.6	0.6	0	0	0.3
87800	0.3	0.6	0.6	0	0	0.3
87900	0.29	0.6	0.6	0	0	0.29
88000	0.29	0.6	0.6	0	0	0.29
88100	0.3	0.6	0.6	0	0	0.3
88200	0.29	0.6	0.6	0	0	0.29
88300	0.29	0.6	0.6	0	0	0.29
88400	0.29	0.6	0.6	0	0	0.29
88500	0.29	0.6	0.6	0	0	0.29
88600	0.29	0.6	0.6	0	0	0.29
88700	0.29	0.6	0.6	0	0	0.29
88800	0.29	0.6	0.6	0	0	0.29
88900	0.3	0.6	0.6	0	0	0.3
89000	0.3	0.6	0.6	0	0	0.3
89100	0.3	0.61	0.61	0	0	0.3
89200	0.29	0.61	0.61	0	0	0.29
89300	0.29	0.62	0.62	0	0	0.29
89400	0.29	0.62	0.62	0	0	0.29
89500	0.29	0.61	0.61	0	0	0.29
89600	0.29	0.61	0.61	0	0	0.29
89700	0.29	0.61	0.61	0	0	0.29
89800	0.29	0.61	0.61	0	0	0.29
89900	0.29	0.61	0.61	0	0	0.29
90000	0.29	0.61	0.61	0	0	0.29
90100	0.29	0.61	0.61	0	0	0.29
90200	0.3	0.61	0.61	0	0	0.3
90300	0.3	0.61	0.61	0	0	0.3
90400	0.3	0.62	0.62	0	0	0.3
90500	0.3	0.62	0.62	0	0	0.3
90600	0.3	0.62	0.62	0	0	0.3
90700	0.3	0.62	0.62	0	0	0.3
90800	0.3	0.62	0.62	0	0	0.3
90900	0.3	0.62	0.62	0	0	0.3
91000	0.3	0.62	0.62	0	0	0.3
91100	0.31	0.62	0.62	0	0	0.31
91200	0.31	0.62	0.62	0	0	0.31
91300	0.32	0.62	0.62	0	0	0.32
91400	0.32	0.62	0.62	0	0	0.32
91500	0.32	0.62	0.62	0	0	0.32
91600	0.32	0.63	0.63	0	0	0.32
91700	0.3	0.62	0.62	0	0	0.3
91800	0.29	0.61	0.61	0	0	0.29
91900	0.29	0.61	0.61	0	0	0.29
92000	0.29	0.61	0.61	0	0	0.29
92100	0.29	0.61	0.61	0	0	0.29
92200	0.29	0.61	0.61	0	0	0.29
92300	0.29	0.61	0.61	0	0	0.29
92400	0.29	0.61	0.61	0	0	0.29
92500	0.29	0.61	0.61	0	0	0.29
92600	0.29	0.61	0.61	0	0	0.29
92700	0.3	0.61	0.61	0	0	0.3
92800	0.3	0.61	0.61	0	0	0.3
92900	0.3	0.61	0.61	0	0	0.3
93000	0.3	0.61	0.61	0	0	0.3
93100	0.3	0.61	0.61	0	0	0.3
93200	0.3	0.61	0.61	0	0	0.3
93300	0.3	0.61	0.61	0	0	0.3
93400	0.29	0.61	0.61	0	0	0.29
93500	0.29	0.62	0.62	0	0	0.29
93600	0.29	0.62	0.62	0	0	0.29
93700	0.29	0.62	0.62	0	0	0.29
93800	0.28	0.62	0.62	0	0	0.28
93900	0.28	0.62	0.62	0	0	0.28
94000	0.28	0.62	0.62	0	0	0.28
94100	0.27	0.62	0.62	0	0	0.27
94200	0.27	0.62	0.62	0	0	0.27
94300	0.27	0.62	0.62	0	0	0.27
94400	0.27	0.62	0.62	0	0	0.27
94500	0.27	0.62	0.62	0	0	0.27
94600	0.28	0.62	0.62	0	0	0.28
94700	0.28	0.62	0.62	0	0	0.28
94800	0.28	0.62	0.62	0	0	0.28
94900	0.28	0.62	0.62	0	0	0.28
95000	0.28	0.62	0.62	0	0	0.28
95100	0.28	0.62	0.62	0	0	0.28
95200	0.28	0.62	0.62	0	0	0.28
95300	0.28	0.62	0.62	0	0	0.28
95400	0.28	0.63	0.63	0	0	0.28
95500	0.28	0.63	0.63	0	0	0.28
95600	0.28	0.63	0.63	0	0	0.28
95700	0.28	0.63	0.63	0	0	0.28
95800	0.28	0.63	0.63	0	0	0.28
95900	0.27	0.63	0.63	0	0	0.27
96000	0.27	0.63	0.63	0	0	0.27
96100	0.27	0.63	0.63	0	0	0.27
96200	0.27	0.63	0.63	0	0	0.27
96300	0.27	0.64	0.64	0	0	0.27
96400	0.27	0.63	0.63	0	0	0.27
96500	0.27	0.63	0.63	0	0	0.27
96600	0.27	0.63	0.63	0	0	0.27
96700	0.28	0.63	0.63	0	0	0.28
96800	0.28	0.63	0.63	0	0	0.28
96900	0.28	0.63	0.63	0	0	0.28
97000	0.28	0.63	0.63	0	0	0.28
97100	0.28	0.63	0.63	0	0	0.28
97200	0.28	0.63	0.63	0	0	0.28
97300	0.28	0.63	0.63	0	0	0.28
97400	0.28	0.63	0.63	0	0	0.28
97500	0.28	0.63	0.63	0	0	0.28
97600	0.28	0.63	0.63	0	0	0.28
97700	0.28	0.63	0.63	0	0	0.28
97800	0.28	0.63	0.63	0	0	0.28
97900	0.29	0.63	0.63	0	0	0.29
98000	0.28	0.63	0.63	0	0	0.28
98100	0.29	0.63	0.63	0	0	0.29
98200	0.29	0.63	0.63	0	0	0.29
98300	0.29	0.63	0.63	0	0	0.29
98400	0.29	0.63	0.63	0	0	0.29
98500	0.29	0.63	0.63	0	0	0.29
98600	0.29	0.63	0.63	0	0	0.29
98700	0.3	0.63	0.63	0	0	0.3
98800	0.29	0.63	0.63	0	0	0.29
98900	0.29	0.64	0.64	0	0	0.29
99000	0.29	0.64	0.64	0	0	0.29
99100	0.29	0.64	0.64	0	0	0.29
99200	0.28	0.64	0.64	0	0	0.28
99300	0.28	0.64	0.64	0	0	0.28
99400	0.27	0.64	0.64	0	0	0.27
99500	0.27	0.64	0.64	0	0	0.27
99600	0.27	0.64	0.64	0	0	0.27
99700	0.27	0.64	0.64	0	0	0.27
99800	0.27	0.64	0.64	0	0	0.27
99900	0.27	0.64	0.64	0	0	0.27
100000	0.27	0.64	0.64	0	0	0.27
100100	0.27	0.64	0.64	0	0	0.27
100200	0.27	0.64	0.64	0	0	0.27
100300	0.27	0.64	0.64	0	0	0.27
100400	0.27	0.64	0.64	0	0	0.27
100500	0.27	0.64	0.64	0	0	0.27
100600	0.27	0.64	0.64	0	0	0.27
100700	0.27	0.64	0.64	0	0	0.27
100800	0.27	0.64	0.64	0	0	0.27
100900	0.27	0.64	0.64	0	0	0.27
101000	0.27	0.64	0.64	0	0	0.27
101100	0.27	0.64	0.64	0	0	0.27
101200	0.27	0.64	0.64	0	0	0.27
101300	0.27	0.64	0.64	0	0	0.27
101400	0.28	0.64	0.64	0	0	0.28
101500	0.28	0.64	0.64	0	0	0.28
101600	0.28	0.64	0.64	0	0	0.28
101700	0.28	0.64	0.64	0	0	0.28
101800	0.28	0.64	0.64	0	0	0.28
101900	0.28	0.64	0.64	0	0	0.28
102000	0.28	0.64	0.64	0	0	0.28
102100	0.28	0.64	0.64	0	0	0.28
102200	0.28	0.64	0.64	0	0	0.28
102300	0.28	0.64	0.64	0	0	0.28
102400	0.28	0.64	0.64	0	0	0.28
102500	0.28	0.64	0.64	0	0	0.28
102600	0.28	0.64	0.64	0	0	0.28
102700	0.28	0.65	0.65	0	0	0.28
102800	0.28	0.65	0.65	0	0	0.28
102900	0.28	0.65	0.65	0	0	0.28
103000	0.28	0.65	0.65	0	0	0.28
103100	0.29	0.65	0.65	0	0	0.29
103200	0.29	0.65	0.65	0	0	0.29
103300	0.29	0.65	0.65	0	0	0.29
103400	0.28	0.64	0.64	0	0	0.28
103500	0.28	0.64	0.64	0	0	0.28
103600	0.28	0.64	0.64	0	0	0.28
103700	0.29	0.63	0.63	0	0	0.29
103800	0.29	0.63	0.63	0	0	0.29
103900	0.29	0.63	0.63	0	0	0.29
104000	0.29	0.63	0.63	0	0	0.29
104100	0.29	0.63	0.63	0	0	0.29
104200	0.28	0.63	0.63	0	0	0.28
104300	0.28	0.63	0.63	0	0	0.28
104400	0.28	0.63	0.63	0	0	0.28
104500	0.28	0.62	0.62	0	0	0.28
104600	0.28	0.62	0.62	0	0	0.28
104700	0.28	0.62	0.62	0	0	0.28
104800	0.28	0.63	0.63	0	0	0.28
104900	0.28	0.63	0.63	0	0	0.28
105000	0.28	0.63	0.63	0	0	0.28
105100	0.28	0.62	0.62	0	0	0.28
105200	0.28	0.62	0.62	0	0	0.28
105300	0.29	0.62	0.62	0	0	0.29
105400	0.29	0.62	0.62	0	0	0.29
105500	0.29	0.62	0.62	0	0	0.29
105600	0.29	0.62	0.62	0	0	0.29
105700	0.29	0.63	0.63	0	0	0.29
105800	0.29	0.63	0.63	0	0	0.29
105900	0.29	0.63	0.63	0	0	0.29
106000	0.29	0.63	0.63	0	0	0.29
106100	0.29	0.63	0.63	0	0	0.29
106200	0.29	0.63	0.63	0	0	0.29
106300	0.29	0.63	0.63	0	0	0.29
106400	0.29	0.63	0.63	0	0	0.29
106500	0.29	0.63	0.63	0	0	0.29
106600	0.29	0.64	0.64	0	0	0.29
106700	0.29	0.64	0.64	0	0	0.29
106800	0.29	0.64	0.64	0	0	0.29
106900	0.29	0.64	0.64	0	0	0.29
107000	0.29	0.64	0.64	0	0	0.29
107100	0.29	0.64	0.64	0	0	0.29
107200	0.29	0.64	0.64	0	0	0.29
107300	0.28	0.64	0.64	0	0	0.28
107400	0.28	0.65	0.65	0	0	0.28
107500	0.28	0.63	0.63	0	0	0.28
107600	0.28	0.63	0.63	0	0	0.28
107700	0.28	0.63	0.63	0	0	0.28
107800	0.28	0.63	0.63	0	0	0.28
107900	0.28	0.63	0.63	0	0	0.28
108000	0.28	0.63	0.63	0	0	0.28
108100	0.28	0.63	0.63	0	0	0.28
108200	0.28	0.63	0.63	0	0	0.28
108300	0.28	0.63	0.63	0	0	0.28
108400	0.28	0.63	0.63	0	0	0.28
108500	0.28	0.63	0.63	0	0	0.28
108600	0.28	0.63	0.63	0	0	0.28
108700	0.28	0.63	0.63	0	0	0.28
108800	0.28	0.62	0.62	0	0	0.28
108900	0.28	0.62	0.62	0	0	0.28
109000	0.28	0.62	0.62	0	0	0.28
109100	0.28	0.62	0.62	0	0	0.28
109200	0.28	0.62	0.62	0	0	0.28
109300	0.28	0.61	0.61	0	0	0.28
109400	0.28	0.61	0.61	0	0	0.28
109500	0.28	0.61	0.61	0	0	0.28
109600	0.28	0.61	0.61	0	0	0.28
109700	0.28	0.61	0.61	0	0	0.28
109800	0.28	0.61	0.61	0	0	0.28
109900	0.28	0.61	0.61	0	0	0.28
110000	0.28	0.61	0.61	0	0	0.28
110100	0.28	0.61	0.61	0	0	0.28
110200	0.28	0.61	0.61	0	0	0.28
110300	0.28	0.61	0.61	0	0	0.28
110400	0.29	0.61	0.61	0	0	0.29
110500	0.29	0.61	0.61	0	0	0.29
110600	0.29	0.61	0.61	0	0	0.29
110700	0.29	0.61	0.61	0	0	0.29
110800	0.29	0.61	0.61	0	0	0.29
110900	0.29	0.61	0.61	0	0	0.29
111000	0.29	0.61	0.61	0	0	0.29
111100	0.29	0.61	0.61	0	0	0.29
111200	0.29	0.61	0.61	0	0	0.29
111300	0.29	0.61	0.61	0	0	0.29
111400	0.29	0.61	0.61	0	0	0.29
111500	0.29	0.61	0.61	0	0	0.29
111600	0.29	0.61	0.61	0	0	0.29
111700	0.29	0.61	0.61	0	0	0.29
111800	0.29	0.61	0.61	0	0	0.29
111900	0.29	0.61	0.61	0	0	0.29
112000	0.29	0.61	0.61	0	0	0.29
112100	0.3	0.61	0.61	0	0	0.3
112200	0.31	0.61	0.61	0	0	0.31
112300	0.31	0.61	0.61	0	0	0.31
112400	0.3	0.61	0.61	0	0	0.3
112500	0.31	0.61	0.61	0	0	0.31
112600	0.31	0.61	0.61	0	0	0.31
112700	0.3	0.61	0.61	0	0	0.3
112800	0.3	0.61	0.61	0	0	0.3
112900	0.3	0.61	0.61	0	0	0.3
113000	0.3	0.61	0.61	0	0	0.3
113100	0.3	0.61	0.61	0	0	0.3
113200	0.3	0.61	0.61	0	0	0.3
113300	0.3	0.61	0.61	0	0	0.3
113400	0.31	0.61	0.61	0	0	0.31
113500	0.31	0.61	0.61	0	0	0.31
113600	0.31	0.61	0.61	0	0	0.31
113700	0.31	0.61	0.61	0	0	0.31
113800	0.31	0.61	0.61	0	0	0.31
113900	0.31	0.61	0.61	0	0	0.31
114000	0.31	0.61	0.61	0	0	0.31
114100	0.31	0.61	0.61	0	0	0.31
114200	0.31	0.61	0.61	0	0	0.31
114300	0.3	0.6	0.6	0	0	0.3
114400	0.31	0.6	0.6	0	0	0.31
114500	0.31	0.6	0.6	0	0	0.31
114600	0.31	0.6	0.6	0	0	0.31
114700	0.31	0.6	0.6	0	0	0.31
114800	0.31	0.6	0.6	0	0	0.31
114900	0.31	0.6	0.6	0	0	0.31
115000	0.3	0.6	0.6	0	0	0.3
115100	0.3	0.6	0.6	0	0	0.3
115200	0.3	0.6	0.6	0	0	0.3
115300	0.3	0.6	0.6	0	0	0.3
115400	0.3	0.6	0.6	0	0	0.3
115500	0.31	0.6	0.6	0	0	0.31
115600	0.31	0.6	0.6	0	0	0.31
115700	0.3	0.6	0.6	0	0	0.3
115800	0.3	0.6	0.6	0	0	0.3
115900	0.3	0.59	0.59	0	0	0.3
116000	0.3	0.59	0.59	0	0	0.3
116100	0.3	0.59	0.59	0	0	0.3
116200	0.31	0.6	0.6	0	0	0.31
116300	0.31	0.6	0.6	0	0	0.31
116400	0.3	0.6	0.6	0	0	0.3
116500	0.3	0.6	0.6	0	0	0.3
116600	0.3	0.6	0.6	0	0	0.3
116700	0.3	0.6	0.6	0	0	0.3
116800	0.3	0.6	0.6	0	0	0.3
116900	0.3	0.6	0.6	0	0	0.3
117000	0.3	0.6	0.6	0	0	0.3
117100	0.3	0.6	0.6	0	0	0.3
117200	0.3	0.6	0.6	0	0	0.3
117300	0.3	0.61	0.61	0	0	0.3
117400	0.3	0.61	0.61	0	0	0.3
117500	0.3	0.61	0.61	0	0	0.3
117600	0.3	0.6	0.6	0	0	0.3
117700	0.3	0.6	0.6	0	0	0.3
117800	0.3	0.6	0.6	0	0	0.3
117900	0.3	0.59	0.59	0	0	0.3
118000	0.3	0.58	0.58	0	0	0.3
118100	0.3	0.58	0.58	0	0	0.3
118200	0.3	0.58	0.58	0	0	0.3
118300	0.3	0.58	0.58	0	0	0.3
118400	0.3	0.58	0.58	0	0	0.3
118500	0.3	0.58	0.58	0	0	0.3
118600	0.3	0.58	0.58	0	0	0.3
118700	0.3	0.58	0.58	0	0	0.3
118800	0.3	0.58	0.58	0	0	0.3
118900	0.3	0.59	0.59	0	0	0.3
119000	0.3	0.59	0.59	0	0	0.3
119100	0.3	0.6	0.6	0	0	0.3
119200	0.3	0.59	0.59	0	0	0.3
119300	0.3	0.59	0.59	0	0	0.3
119400	0.3	0.59	0.59	0	0	0.3
119500	0.3	0.6	0.6	0	0	0.3
119600	0.3	0.59	0.59	0	0	0.3
119700	0.3	0.59	0.59	0	0	0.3
119800	0.31	0.59	0.59	0	0	0.31
119900	0.31	0.59	0.59	0	0	0.31
120000	0.31	0.59	0.59	0	0	0.31
120100	0.31	0.59	0.59	0	0	0.31
120200	0.31	0.6	0.6	0	0	0.31
120300	0.31	0.6	0.6	0	0	0.31
120400	0.31	0.59	0.59	0	0	0.31
120500	0.3	0.59	0.59	0	0	0.3
120600	0.3	0.59	0.59	0	0	0.3
120700	0.3	0.59	0.59	0	0	0.3
120800	0.3	0.59	0.59	0	0	0.3
120900	0.3	0.59	0.59	0	0	0.3
121000	0.3	0.59	0.59	0	0	0.3
121100	0.3	0.59	0.59	0	0	0.3
121200	0.3	0.59	0.59	0	0	0.3
121300	0.3	0.59	0.59	0	0	0.3
121400	0.3	0.59	0.59	0	0	0.3
121500	0.3	0.59	0.59	0	0	0.3
121600	0.3	0.59	0.59	0	0	0.3
121700	0.32	0.59	0.59	0	0	0.32
121800	0.32	0.6	0.6	0	0	0.32
121900	0.32	0.59	0.59	0	0	0.32
122000	0.32	0.59	0.59	0	0	0.32
122100	0.32	0.59	0.59	0	0	0.32
122200	0.32	0.59	0.59	0	0	0.32
122300	0.32	0.6	0.6	0	0	0.32
122400	0.32	0.59	0.59	0	0	0.32
122500	0.31	0.59	0.59	0	0	0.31
122600	0.31	0.59	0.59	0	0	0.31
122700	0.31	0.59	0.59	0	0	0.31
122800	0.3	0.59	0.59	0	0	0.3
122900	0.31	0.59	0.59	0	0	0.31
123000	0.3	0.59	0.59	0	0	0.3
123100	0.3	0.59	0.59	0	0	0.3
123200	0.29	0.59	0.59	0	0	0.29
123300	0.29	0.59	0.59	0	0	0.29
123400	0.29	0.59	0.59	0	0	0.29
123500	0.29	0.59	0.59	0	0	0.29
123600	0.29	0.59	0.59	0	0	0.29
123700	0.29	0.59	0.59	0	0	0.29
123800	0.29	0.6	0.6	0	0	0.29
123900	0.29	0.59	0.59	0	0	0.29
124000	0.3	0.59	0.59	0	0	0.3
124100	0.3	0.59	0.59	0	0	0.3
124200	0.31	0.59	0.59	0	0	0.31
124300	0.31	0.59	0.59	0	0	0.31
124400	0.31	0.59	0.59	0	0	0.31
124500	0.31	0.59	0.59	0	0	0.31
124600	0.31	0.59	0.59	0	0	0.31
124700	0.31	0.59	0.59	0	0	0.31
124800	0.31	0.59	0.59	0	0	0.31
124900	0.31	0.6	0.6	0	0	0.31
125000	0.32	0.59	0.59	0	0	0.32
125100	0.32	0.59	0.59	0	0	0.32
125200	0.32	0.59	0.59	0	0	0.32
125300	0.32	0.59	0.59	0	0	0.32
125400	0.32	0.59	0.59	0	0	0.32
125500	0.32	0.59	0.59	0	0	0.32
125600	0.32	0.6	0.6	0	0	0.32
125700	0.32	0.6	0.6	0	0	0.32
125800	0.32	0.6	0.6	0	0	0.32
125900	0.32	0.6	0.6	0	0	0.32
126000	0.32	0.6	0.6	0	0	0.32
126100	0.32	0.6	0.6	0	0	0.32
126200	0.32	0.6	0.6	0	0	0.32
126300	0.32	0.6	0.6	0	0	0.32
126400	0.32	0.6	0.6	0	0	0.32
126500	0.32	0.6	0.6	0	0	0.32
126600	0.32	0.6	0.6	0	0	0.32
126700	0.32	0.6	0.6	0	0	0.32
126800	0.32	0.6	0.6	0	0	0.32
126900	0.32	0.6	0.6	0	0	0.32
127000	0.32	0.6	0.6	0	0	0.32
127100	0.32	0.6	0.6	0	0	0.32
127200	0.32	0.6	0.6	0	0	0.32
127300	0.32	0.6	0.6	0	0	0.32
127400	0.32	0.6	0.6	0	0	0.32
127500	0.32	0.6	0.6	0	0	0.32
127600	0.32	0.6	0.6	0	0	0.32
127700	0.32	0.6	0.6	0	0	0.32
127800	0.32	0.6	0.6	0	0	0.32
127900	0.32	0.6	0.6	0	0	0.32
128000	0.32	0.6	0.6	0	0	0.32
128100	0.32	0.6	0.6	0	0	0.32
128200	0.32	0.6	0.6	0	0	0.32
128300	0.33	0.6	0.6	0	0	0.33
128400	0.33	0.6	0.6	0	0	0.33
128500	0.33	0.6	0.6	0	0	0.33
128600	0.33	0.6	0.6	0	0	0.33
128700	0.33	0.6	0.6	0	0	0.33
128800	0.33	0.6	0.6	0	0	0.33
128900	0.33	0.6	0.6	0	0	0.33
129000	0.33	0.6	0.6	0	0	0.33
129100	0.33	0.6	0.6	0	0	0.33
129200	0.33	0.6	0.6	0	0	0.33
129300	0.32	0.6	0.6	0	0	0.32
129400	0.31	0.6	0.6	0	0	0.31
129500	0.31	0.6	0.6	0	0	0.31
129600	0.31	0.6	0.6	0	0	0.31
129700	0.31	0.6	0.6	0	0	0.31
129800	0.31	0.6	0.6	0	0	0.31
129900	0.31	0.6	0.6	0	0	0.31
130000	0.32	0.6	0.6	0	0	0.32
130100	0.32	0.6	0.6	0	0	0.32
130200	0.32	0.6	0.6	0	0	0.32
130300	0.32	0.6	0.6	0	0	0.32
130400	0.32	0.6	0.6	0	0	0.32
130500	0.32	0.6	0.6	0	0	0.32
130600	0.32	0.6	0.6	0	0	0.32
130700	0.32	0.6	0.6	0	0	0.32
130800	0.32	0.6	0.6	0	0	0.32
130900	0.32	0.6	0.6	0	0	0.32
131000	0.32	0.61	0.61	0	0	0.32
131100	0.32	0.61	0.61	0	0	0.32
131200	0.32	0.61	0.61	0	0	0.32
131300	0.32	0.61	0.61	0	0	0.32
131400	0.32	0.61	0.61	0	0	0.32
131500	0.32	0.61	0.61	0	0	0.32
131600	0.32	0.61	0.61	0	0	0.32
131700	0.32	0.61	0.61	0	0	0.32
131800	0.32	0.61	0.61	0	0	0.32
131900	0.32	0.62	0.62	0	0	0.32
132000	0.32	0.63	0.63	0	0	0.32
132100	0.32	0.63	0.63	0	0	0.32
132200	0.32	0.63	0.63	0	0	0.32
132300	0.32	0.63	0.63	0	0	0.32
132400	0.32	0.63	0.63	0	0	0.32
132500	0.32	0.63	0.63	0	0	0.32
132600	0.32	0.62	0.62	0	0	0.32
132700	0.32	0.62	0.62	0	0	0.32
132800	0.32	0.62	0.62	0	0	0.32
132900	0.32	0.62	0.62	0	0	0.32
133000	0.32	0.62	0.62	0	0	0.32
133100	0.32	0.62	0.62	0	0	0.32
133200	0.32	0.62	0.62	0	0	0.32
133300	0.32	0.62	0.62	0	0	0.32
133400	0.32	0.62	0.62	0	0	0.32
133500	0.32	0.62	0.62	0	0	0.32
133600	0.32	0.62	0.62	0	0	0.32
133700	0.32	0.62	0.62	0	0	0.32
133800	0.32	0.62	0.62	0	0	0.32
133900	0.32	0.62	0.62	0	0	0.32
134000	0.31	0.62	0.62	0	0	0.31
134100	0.32	0.62	0.62	0	0	0.32
134200	0.32	0.62	0.62	0	0	0.32
134300	0.32	0.62	0.62	0	0	0.32
134400	0.32	0.62	0.62	0	0	0.32
134500	0.32	0.62	0.62	0	0	0.32
134600	0.32	0.62	0.62	0	0	0.32
134700	0.32	0.62	0.62	0	0	0.32
134800	0.32	0.62	0.62	0	0	0.32
134900	0.32	0.62	0.62	0	0	0.32
135000	0.33	0.62	0.62	0	0	0.33
135100	0.33	0.62	0.62	0	0	0.33
135200	0.33	0.62	0.62	0	0	0.33
135300	0.33	0.62	0.62	0	0	0.33
135400	0.33	0.62	0.62	0	0	0.33
135500	0.33	0.62	0.62	0	0	0.33
135600	0.33	0.62	0.62	0	0	0.33
135700	0.33	0.62	0.62	0	0	0.33
135800	0.33	0.62	0.62	0	0	0.33
135900	0.33	0.62	0.62	0	0	0.33
136000	0.33	0.62	0.62	0	0	0.33
136100	0.33	0.62	0.62	0	0	0.33
136200	0.33	0.62	0.62	0	0	0.33
136300	0.33	0.62	0.62	0	0	0.33
136400	0.33	0.62	0.62	0	0	0.33
136500	0.33	0.62	0.62	0	0	0.33
136600	0.33	0.62	0.62	0	0	0.33
136700	0.33	0.63	0.63	0	0	0.33
136800	0.33	0.63	0.63	0	0	0.33
136900	0.33	0.63	0.63	0	0	0.33
137000	0.33	0.63	0.63	0	0	0.33
137100	0.33	0.63	0.63	0	0	0.33
137200	0.33	0.63	0.63	0	0	0.33
137300	0.33	0.63	0.63	0	0	0.33
137400	0.33	0.63	0.63	0	0	0.33
137500	0.33	0.63	0.63	0	0	0.33
137600	0.33	0.63	0.63	0	0	0.33
137700	0.33	0.63	0.63	0	0	0.33
137800	0.33	0.63	0.63	0	0	0.33
137900	0.33	0.63	0.63	0	0	0.33
138000	0.32	0.63	0.63	0	0	0.32
138100	0.32	0.63	0.63	0	0	0.32
138200	0.32	0.63	0.63	0	0	0.32
138300	0.33	0.63	0.63	0	0	0.33
138400	0.33	0.63	0.63	0	0	0.33
138500	0.33	0.63	0.63	0	0	0.33
138600	0.33	0.63	0.63	0	0	0.33
138700	0.33	0.63	0.63	0	0	0.33
138800	0.33	0.63	0.63	0	0	0.33
138900	0.33	0.63	0.63	0	0	0.33
139000	0.33	0.63	0.63	0	0	0.33
139100	0.33	0.63	0.63	0	0	0.33
139200	0.33	0.63	0.63	0	0	0.33
139300	0.33	0.63	0.63	0	0	0.33
139400	0.33	0.63	0.63	0	0	0.33
139500	0.33	0.63	0.63	0	0	0.33
139600	0.33	0.63	0.63	0	0	0.33
139700	0.33	0.63	0.63	0	0	0.33
139800	0.33	0.63	0.63	0	0	0.33
139900	0.33	0.63	0.63	0	0	0.33
140000	0.33	0.63	0.63	0	0	0.33
140100	0.33	0.63	0.63	0	0	0.33
140200	0.33	0.63	0.63	0	0	0.33
140300	0.33	0.63	0.63	0	0	0.33
140400	0.33	0.63	0.63	0	0	0.33
140500	0.33	0.62	0.62	0	0	0.33
140600	0.33	0.62	0.62	0	0	0.33
140700	0.33	0.62	0.62	0	0	0.33
140800	0.33	0.62	0.62	0	0	0.33
140900	0.33	0.62	0.62	0	0	0.33
141000	0.33	0.62	0.62	0	0	0.33
141100	0.33	0.62	0.62	0	0	0.33
141200	0.33	0.62	0.62	0	0	0.33
141300	0.33	0.62	0.62	0	0	0.33
141400	0.34	0.62	0.62	0	0	0.34
141500	0.34	0.62	0.62	0	0	0.34
141600	0.34	0.62	0.62	0	0	0.34
141700	0.34	0.62	0.62	0	0	0.34
141800	0.34	0.62	0.62	0	0	0.34
141900	0.34	0.62	0.62	0	0	0.34
142000	0.34	0.62	0.62	0	0	0.34
142100	0.34	0.62	0.62	0	0	0.34
142200	0.34	0.62	0.62	0	0	0.34
142300	0.34	0.62	0.62	0	0	0.34
142400	0.34	0.62	0.62	0	0	0.34
142500	0.34	0.62	0.62	0	0	0.34
142600	0.34	0.62	0.62	0	0	0.34
142700	0.34	0.62	0.62	0	0	0.34
142800	0.34	0.62	0.62	0	0	0.34
142900	0.34	0.62	0.62	0	0	0.34
143000	0.35	0.62	0.62	0	0	0.35
143100	0.35	0.62	0.62	0	0	0.35
143200	0.35	0.62	0.62	0	0	0.35
143300	0.35	0.62	0.62	0	0	0.35
143400	0.35	0.62	0.62	0	0	0.35
143500	0.35	0.63	0.63	0	0	0.35
143600	0.35	0.63	0.63	0	0	0.35
143700	0.35	0.63	0.63	0	0	0.35
143800	0.35	0.63	0.63	0	0	0.35
143900	0.35	0.63	0.63	0	0	0.35
144000	0.35	0.63	0.63	0	0	0.35
144100	0.35	0.63	0.63	0	0	0.35
144200	0.35	0.63	0.63	0	0	0.35
144300	0.35	0.63	0.63	0	0	0.35
144400	0.35	0.63	0.63	0	0	0.35
144500	0.35	0.63	0.63	0	0	0.35
144600	0.35	0.63	0.63	0	0	0.35
144700	0.35	0.63	0.63	0	0	0.35
144800	0.35	0.63	0.63	0	0	0.35
144900	0.35	0.63	0.63	0	0	0.35
145000	0.35	0.63	0.63	0	0	0.35
145100	0.34	0.63	0.63	0	0	0.34
145200	0.34	0.63	0.63	0	0	0.34
145300	0.34	0.63	0.63	0	0	0.34
145400	0.34	0.63	0.63	0	0	0.34
145500	0.34	0.63	0.63	0	0	0.34
145600	0.34	0.63	0.63	0	0	0.34
145700	0.34	0.63	0.63	0	0	0.34
145800	0.34	0.63	0.63	0	0	0.34
145900	0.34	0.63	0.63	0	0	0.34
146000	0.34	0.63	0.63	0	0	0.34
146100	0.34	0.63	0.63	0	0	0.34
146200	0.34	0.63	0.63	0	0	0.34
146300	0.34	0.63	0.63	0	0	0.34
146400	0.34	0.63	0.63	0	0	0.34
146500	0.33	0.63	0.63	0	0	0.33
146600	0.33	0.62	0.62	0	0	0.33
146700	0.33	0.62	0.62	0	0	0.33
146800	0.33	0.62	0.62	0	0	0.33
146900	0.33	0.62	0.62	0	0	0.33
147000	0.33	0.62	0.62	0	0	0.33
147100	0.33	0.62	0.62	0	0	0.33
147200	0.33	0.62	0.62	0	0	0.33
147300	0.33	0.62	0.62	0	0	0.33
147400	0.33	0.62	0.62	0	0	0.33
147500	0.33	0.62	0.62	0	0	0.33
147600	0.33	0.62	0.62	0	0	0.33
147700	0.33	0.62	0.62	0	0	0.33
147800	0.33	0.62	0.62	0	0	0.33
147900	0.33	0.62	0.62	0	0	0.33
148000	0.33	0.62	0.62	0	0	0.33
148100	0.33	0.62	0.62	0	0	0.33
148200	0.34	0.62	0.62	0	0	0.34
148300	0.34	0.62	0.62	0	0	0.34
148400	0.34	0.62	0.62	0	0	0.34
148500	0.34	0.62	0.62	0	0	0.34
148600	0.34	0.62	0.62	0	0	0.34
148700	0.34	0.62	0.62	0	0	0.34
148800	0.35	0.62	0.62	0	0	0.35
148900	0.35	0.62	0.62	0	0	0.35
149000	0.35	0.62	0.62	0	0	0.35
149100	0.35	0.62	0.62	0	0	0.35
149200	0.35	0.62	0.62	0	0	0.35
149300	0.35	0.62	0.62	0	0	0.35
149400	0.35	0.62	0.62	0	0	0.35
149500	0.35	0.62	0.62	0	0	0.35
149600	0.35	0.62	0.62	0	0	0.35
149700	0.35	0.62	0.62	0	0	0.35
149800	0.35	0.62	0.62	0	0	0.35
149900	0.35	0.62	0.62	0	0	0.35
150000	0.35	0.62	0.62	0	0	0.35
150100	0.35	0.62	0.62	0	0	0.35
150200	0.35	0.62	0.62	0	0	0.35
150300	0.35	0.62	0.62	0	0	0.35
150400	0.35	0.62	0.62	0	0	0.35
150500	0.35	0.62	0.62	0	0	0.35
150600	0.35	0.62	0.62	0	0	0.35
150700	0.35	0.62	0.62	0	0	0.35
150800	0.35	0.62	0.62	0	0	0.35
150900	0.35	0.62	0.62	0	0	0.35
151000	0.35	0.62	0.62	0	0	0.35
151100	0.35	0.62	0.62	0	0	0.35
151200	0.35	0.62	0.62	0	0	0.35
151300	0.35	0.62	0.62	0	0	0.35
151400	0.35	0.62	0.62	0	0	0.35
151500	0.35	0.62	0.62	0	0	0.35
151600	0.35	0.62	0.62	0	0	0.35
151700	0.35	0.62	0.62	0	0	0.35
151800	0.35	0.62	0.62	0	0	0.35
151900	0.35	0.62	0.62	0	0	0.35
152000	0.35	0.62	0.62	0	0	0.35
152100	0.35	0.62	0.62	0	0	0.35
152200	0.35	0.62	0.62	0	0	0.35
152300	0.35	0.62	0.62	0	0	0.35
152400	0.35	0.62	0.62	0	0	0.35
152500	0.35	0.62	0.62	0	0	0.35
152600	0.35	0.62	0.62	0	0	0.35
152700	0.35	0.63	0.63	0	0	0.35
152800	0.35	0.63	0.63	0	0	0.35
152900	0.35	0.63	0.63	0	0	0.35
153000	0.35	0.63	0.63	0	0	0.35
153100	0.35	0.63	0.63	0	0	0.35
153200	0.35	0.63	0.63	0	0	0.35
153300	0.35	0.63	0.63	0	0	0.35
153400	0.35	0.63	0.63	0	0	0.35
153500	0.35	0.63	0.63	0	0	0.35
153600	0.35	0.63	0.63	0	0	0.35
153700	0.35	0.63	0.63	0	0	0.35
153800	0.35	0.63	0.63	0	0	0.35
153900	0.35	0.63	0.63	0	0	0.35
154000	0.35	0.63	0.63	0	0	0.35
154100	0.35	0.63	0.63	0	0	0.35
154200	0.35	0.63	0.63	0	0	0.35
154300	0.35	0.63	0.63	0	0	0.35
154400	0.35	0.63	0.63	0	0	0.35
154500	0.35	0.63	0.63	0	0	0.35
154600	0.35	0.63	0.63	0	0	0.35
154700	0.36	0.63	0.63	0	0	0.36
154800	0.36	0.63	0.63	0	0	0.36
154900	0.36	0.63	0.63	0	0	0.36
155000	0.36	0.63	0.63	0	0	0.36
155100	0.36	0.63	0.63	0	0	0.36
155200	0.36	0.62	0.62	0	0	0.36
155300	0.36	0.62	0.62	0	0	0.36
155400	0.36	0.62	0.62	0	0	0.36
155500	0.36	0.62	0.62	0	0	0.36
155600	0.36	0.62	0.62	0	0	0.36
155700	0.36	0.62	0.62	0	0	0.36
155800	0.36	0.62	0.62	0	0	0.36
155900	0.36	0.62	0.62	0	0	0.36
156000	0.36	0.62	0.62	0	0	0.36
156100	0.36	0.62	0.62	0	0	0.36
156200	0.36	0.62	0.62	0	0	0.36
156300	0.36	0.62	0.62	0	0	0.36
156400	0.36	0.62	0.62	0	0	0.36
156500	0.36	0.62	0.62	0	0	0.36
156600	0.36	0.62	0.62	0	0	0.36
156700	0.36	0.62	0.62	0	0	0.36
156800	0.36	0.62	0.62	0	0	0.36
156900	0.36	0.62	0.62	0	0	0.36
157000	0.36	0.62	0.62	0	0	0.36
157100	0.36	0.62	0.62	0	0	0.36
157200	0.36	0.62	0.62	0	0	0.36
157300	0.36	0.62	0.62	0	0	0.36
157400	0.36	0.62	0.62	0	0	0.36
157500	0.36	0.62	0.62	0	0	0.36
157600	0.36	0.62	0.62	0	0	0.36
157700	0.36	0.62	0.62	0	0	0.36
157800	0.36	0.62	0.62	0	0	0.36
157900	0.36	0.62	0.62	0	0	0.36
158000	0.36	0.62	0.62	0	0	0.36
158100	0.36	0.62	0.62	0	0	0.36
158200	0.36	0.62	0.62	0	0	0.36
158300	0.36	0.62	0.62	0	0	0.36
158400	0.36	0.62	0.62	0	0	0.36
158500	0.36	0.62	0.62	0	0	0.36
158600	0.36	0.62	0.62	0	0	0.36
158700	0.36	0.62	0.62	0	0	0.36
158800	0.36	0.62	0.62	0	0	0.36
158900	0.36	0.62	0.62	0	0	0.36
159000	0.36	0.62	0.62	0	0	0.36
159100	0.36	0.62	0.62	0	0	0.36
159200	0.36	0.62	0.62	0	0	0.36
159300	0.36	0.62	0.62	0	0	0.36
159400	0.36	0.62	0.62	0	0	0.36
159500	0.36	0.62	0.62	0	0	0.36
159600	0.36	0.62	0.62	0	0	0.36
159700	0.36	0.62	0.62	0	0	0.36
159800	0.36	0.62	0.62	0	0	0.36
159900	0.36	0.62	0.62	0	0	0.36
160000	0.36	0.62	0.62	0	0	0.36
160100	0.36	0.62	0.62	0	0	0.36
160200	0.36	0.62	0.62	0	0	0.36
160300	0.36	0.62	0.62	0	0	0.36
160400	0.36	0.62	0.62	0	0	0.36
160500	0.36	0.62	0.62	0	0	0.36
160600	0.36	0.62	0.62	0	0	0.36
160700	0.36	0.62	0.62	0	0	0.36
160800	0.36	0.62	0.62	0	0	0.36
160900	0.36	0.62	0.62	0	0	0.36
161000	0.36	0.62	0.62	0	0	0.36
161100	0.36	0.62	0.62	0	0	0.36
161200	0.36	0.62	0.62	0	0	0.36
161300	0.36	0.62	0.62	0	0	0.36
161400	0.36	0.62	0.62	0	0	0.36
161500	0.36	0.62	0.62	0	0	0.36
161600	0.36	0.62	0.62	0	0	0.36
161700	0.36	0.62	0.62	0	0	0.36
161800	0.36	0.62	0.62	0	0	0.36
161900	0.36	0.62	0.62	0	0	0.36
162000	0.36	0.62	0.62	0	0	0.36
162100	0.36	0.62	0.62	0	0	0.36
162200	0.36	0.62	0.62	0	0	0.36
162300	0.36	0.62	0.62	0	0	0.36
162400	0.36	0.62	0.62	0	0	0.36
162500	0.36	0.62	0.62	0	0	0.36
162600	0.36	0.62	0.62	0	0	0.36
162700	0.36	0.62	0.62	0	0	0.36
162800	0.36	0.62	0.62	0	0	0.36
162900	0.36	0.62	0.62	0	0	0.36
163000	0.36	0.61	0.61	0	0	0.36
163100	0.36	0.61	0.61	0	0	0.36
163200	0.36	0.61	0.61	0	0	0.36
163300	0.36	0.61	0.61	0	0	0.36
163400	0.36	0.61	0.61	0	0	0.36
163500	0.36	0.61	0.61	0	0	0.36
163600	0.36	0.61	0.61	0	0	0.36
163700	0.36	0.61	0.61	0	0	0.36
163800	0.36	0.61	0.61	0	0	0.36
163900	0.36	0.61	0.61	0	0	0.36
164000	0.36	0.61	0.61	0	0	0.36
164100	0.36	0.61	0.61	0	0	0.36
164200	0.36	0.61	0.61	0	0	0.36
164300	0.36	0.61	0.61	0	0	0.36
164400	0.36	0.61	0.61	0	0	0.36
164500	0.36	0.61	0.61	0	0	0.36
164600	0.36	0.61	0.61	0	0	0.36
164700	0.36	0.61	0.61	0	0	0.36
164800	0.36	0.61	0.61	0	0	0.36
164900	0.36	0.61	0.61	0	0	0.36
165000	0.36	0.61	0.61	0	0	0.36
165100	0.36	0.61	0.61	0	0	0.36
165200	0.36	0.61	0.61	0	0	0.36
165300	0.36	0.61	0.61	0	0	0.36
165400	0.36	0.61	0.61	0	0	0.36
165500	0.36	0.61	0.61	0	0	0.36
165600	0.36	0.61	0.61	0	0	0.36
165700	0.36	0.61	0.61	0	0	0.36
165800	0.36	0.61	0.61	0	0	0.36
165900	0.36	0.61	0.61	0	0	0.36
166000	0.36	0.61	0.61	0	0	0.36
166100	0.36	0.61	0.61	0	0	0.36
166200	0.36	0.61	0.61	0	0	0.36
166300	0.36	0.61	0.61	0	0	0.36
166400	0.36	0.61	0.61	0	0	0.36
166500	0.36	0.61	0.61	0	0	0.36
166600	0.36	0.61	0.61	0	0	0.36
166700	0.36	0.61	0.61	0	0	0.36
166800	0.36	0.61	0.61	0	0	0.36
166900	0.36	0.61	0.61	0	0	0.36
167000	0.36	0.61	0.61	0	0	0.36
167100	0.36	0.61	0.61	0	0	0.36
167200	0.36	0.61	0.61	0	0	0.36
167300	0.36	0.61	0.61	0	0	0.36
167400	0.36	0.61	0.61	0	0	0.36
167500	0.36	0.61	0.61	0	0	0.36
167600	0.36	0.61	0.61	0	0	0.36
167700	0.36	0.61	0.61	0	0	0.36
167800	0.36	0.61	0.61	0	0	0.36
167900	0.36	0.61	0.61	0	0	0.36
168000	0.36	0.61	0.61	0	0	0.36
168100	0.36	0.61	0.61	0	0	0.36
168200	0.35	0.61	0.61	0	0	0.35
168300	0.35	0.61	0.61	0	0	0.35
168400	0.35	0.61	0.61	0	0	0.35
168500	0.35	0.61	0.61	0	0	0.35
168600	0.35	0.61	0.61	0	0	0.35
168700	0.35	0.61	0.61	0	0	0.35
168800	0.35	0.61	0.61	0	0	0.35
168900	0.35	0.61	0.61	0	0	0.35
169000	0.35	0.61	0.61	0	0	0.35
169100	0.35	0.61	0.61	0	0	0.35
169200	0.35	0.61	0.61	0	0	0.35
169300	0.35	0.61	0.61	0	0	0.35
169400	0.35	0.61	0.61	0	0	0.35
169500	0.35	0.61	0.61	0	0	0.35
169600	0.35	0.61	0.61	0	0	0.35
169700	0.35	0.61	0.61	0	0	0.35
169800	0.35	0.61	0.61	0	0	0.35
169900	0.35	0.61	0.61	0	0	0.35
170000	0.35	0.61	0.61	0	0	0.35
170100	0.35	0.61	0.61	0	0	0.35
170200	0.35	0.61	0.61	0	0	0.35
170300	0.35	0.61	0.61	0	0	0.35
170400	0.35	0.61	0.61	0	0	0.35
170500	0.35	0.61	0.61	0	0	0.35
170600	0.35	0.61	0.61	0	0	0.35
170700	0.35	0.61	0.61	0	0	0.35
170800	0.35	0.61	0.61	0	0	0.35
170900	0.35	0.61	0.61	0	0	0.35
171000	0.35	0.61	0.61	0	0	0.35
171100	0.35	0.61	0.61	0	0	0.35
171200	0.35	0.61	0.61	0	0	0.35
171300	0.35	0.61	0.61	0	0	0.35
171400	0.35	0.61	0.61	0	0	0.35
171500	0.35	0.61	0.61	0	0	0.35
171600	0.35	0.61	0.61	0	0	0.35
171700	0.35	0.61	0.61	0	0	0.35
171800	0.34	0.61	0.61	0	0	0.34
171900	0.34	0.61	0.61	0	0	0.34
172000	0.34	0.61	0.61	0	0	0.34
172100	0.34	0.61	0.61	0	0	0.34
172200	0.34	0.61	0.61	0	0	0.34
172300	0.34	0.61	0.61	0	0	0.34
172400	0.34	0.61	0.61	0	0	0.34
172500	0.34	0.61	0.61	0	0	0.34
172600	0.34	0.61	0.61	0	0	0.34
172700	0.34	0.61	0.61	0	0	0.34
172800	0.34	0.61	0.61	0	0	0.34
172900	0.34	0.61	0.61	0	0	0.34
173000	0.34	0.62	0.62	0	0	0.34
173100	0.34	0.62	0.62	0	0	0.34
173200	0.34	0.62	0.62	0	0	0.34
173300	0.34	0.62	0.62	0	0	0.34
173400	0.34	0.62	0.62	0	0	0.34
173500	0.34	0.62	0.62	0	0	0.34
173600	0.34	0.62	0.62	0	0	0.34
173700	0.34	0.62	0.62	0	0	0.34
173800	0.34	0.62	0.62	0	0	0.34
173900	0.34	0.62	0.62	0	0	0.34
174000	0.34	0.62	0.62	0	0	0.34
174100	0.34	0.62	0.62	0	0	0.34
174200	0.34	0.62	0.62	0	0	0.34
174300	0.34	0.62	0.62	0	0	0.34
174400	0.34	0.62	0.62	0	0	0.34
174500	0.34	0.62	0.62	0	0	0.34
174600	0.34	0.62	0.62	0	0	0.34
174700	0.34	0.62	0.62	0	0	0.34
174800	0.34	0.62	0.62	0	0	0.34
174900	0.35	0.62	0.62	0	0	0.35
175000	0.35	0.62	0.62	0	0	0.35
175100	0.35	0.62	0.62	0	0	0.35
175200	0.35	0.62	0.62	0	0	0.35
175300	0.35	0.62	0.62	0	0	0.35
175400	0.35	0.62	0.62	0	0	0.35
175500	0.35	0.62	0.62	0	0	0.35
175600	0.35	0.62	0.62	0	0	0.35
175700	0.35	0.62	0.62	0	0	0.35
175800	0.35	0.62	0.62	0	0	0.35
175900	0.35	0.62	0.62	0	0	0.35
176000	0.35	0.62	0.62	0	0	0.35
176100	0.35	0.62	0.62	0	0	0.35
176200	0.35	0.62	0.62	0	0	0.35
176300	0.35	0.62	0.62	0	0	0.35
176400	0.35	0.62	0.62	0	0	0.35
176500	0.35	0.62	0.62	0	0	0.35
176600	0.35	0.62	0.62	0	0	0.35
176700	0.35	0.62	0.62	0	0	0.35
176800	0.35	0.62	0.62	0	0	0.35
176900	0.35	0.62	0.62	0	0	0.35
177000	0.35	0.62	0.62	0	0	0.35
177100	0.35	0.62	0.62	0	0	0.35
177200	0.35	0.62	0.62	0	0	0.35
177300	0.35	0.62	0.62	0	0	0.35
177400	0.35	0.62	0.62	0	0	0.35
177500	0.35	0.62	0.62	0	0	0.35
177600	0.35	0.62	0.62	0	0	0.35
177700	0.35	0.62	0.62	0	0	0.35
177800	0.35	0.62	0.62	0	0	0.35
177900	0.35	0.62	0.62	0	0	0.35
178000	0.35	0.62	0.62	0	0	0.35
178100	0.35	0.62	0.62	0	0	0.35
178200	0.35	0.62	0.62	0	0	0.35
178300	0.35	0.62	0.62	0	0	0.35
178400	0.35	0.62	0.62	0	0	0.35
178500	0.35	0.62	0.62	0	0	0.35
178600	0.35	0.62	0.62	0	0	0.35
178700	0.34	0.62	0.62	0	0	0.34
178800	0.34	0.62	0.62	0	0	0.34
178900	0.34	0.62	0.62	0	0	0.34
179000	0.34	0.62	0.62	0	0	0.34
179100	0.34	0.62	0.62	0	0	0.34
179200	0.34	0.62	0.62	0	0	0.34
179300	0.34	0.62	0.62	0	0	0.34
179400	0.34	0.62	0.62	0	0	0.34
179500	0.34	0.62	0.62	0	0	0.34
179600	0.34	0.62	0.62	0	0	0.34
179700	0.34	0.62	0.62	0	0	0.34
179800	0.34	0.62	0.62	0	0	0.34
179900	0.34	0.61	0.61	0	0	0.34
180000	0.34	0.61	0.61	0	0	0.34
180100	0.34	0.61	0.61	0	0	0.34
180200	0.34	0.61	0.61	0	0	0.34
180300	0.34	0.61	0.61	0	0	0.34
180400	0.34	0.61	0.61	0	0	0.34
180500	0.34	0.61	0.61	0	0	0.34
180600	0.34	0.61	0.61	0	0	0.34
180700	0.34	0.61	0.61	0	0	0.34
180800	0.34	0.62	0.62	0	0	0.34
180900	0.34	0.62	0.62	0	0	0.34
181000	0.34	0.62	0.62	0	0	0.34
181100	0.34	0.62	0.62	0	0	0.34
181200	0.34	0.62	0.62	0	0	0.34
181300	0.34	0.62	0.62	0	0	0.34
181400	0.34	0.62	0.62	0	0	0.34
181500	0.34	0.62	0.62	0	0	0.34
181600	0.34	0.62	0.62	0	0	0.34
181700	0.34	0.63	0.63	0	0	0.34
181800	0.34	0.63	0.63	0	0	0.34
181900	0.34	0.63	0.63	0	0	0.34
182000	0.34	0.62	0.62	0	0	0.34
182100	0.34	0.62	0.62	0	0	0.34
182200	0.34	0.62	0.62	0	0	0.34
182300	0.34	0.62	0.62	0	0	0.34
182400	0.34	0.62	0.62	0	0	0.34
182500	0.34	0.62	0.62	0	0	0.34
182600	0.34	0.62	0.62	0	0	0.34
182700	0.34	0.62	0.62	0	0	0.34
182800	0.34	0.62	0.62	0	0	0.34
182900	0.34	0.62	0.62	0	0	0.34
183000	0.34	0.62	0.62	0	0	0.34
183100	0.34	0.62	0.62	0	0	0.34
183200	0.34	0.62	0.62	0	0	0.34
183300	0.34	0.62	0.62	0	0	0.34
183400	0.34	0.62	0.62	0	0	0.34
183500	0.34	0.62	0.62	0	0	0.34
183600	0.34	0.62	0.62	0	0	0.34
183700	0.34	0.62	0.62	0	0	0.34
183800	0.34	0.62	0.62	0	0	0.34
183900	0.34	0.62	0.62	0	0	0.34
184000	0.34	0.62	0.62	0	0	0.34
184100	0.34	0.62	0.62	0	0	0.34
184200	0.34	0.62	0.62	0	0	0.34
184300	0.34	0.62	0.62	0	0	0.34
184400	0.34	0.62	0.62	0	0	0.34
184500	0.34	0.62	0.62	0	0	0.34
184600	0.34	0.62	0.62	0	0	0.34
184700	0.34	0.62	0.62	0	0	0.34
184800	0.34	0.62	0.62	0	0	0.34
184900	0.34	0.63	0.63	0	0	0.34
185000	0.34	0.63	0.63	0	0	0.34
185100	0.34	0.63	0.63	0	0	0.34
185200	0.35	0.63	0.63	0	0	0.35
185300	0.35	0.63	0.63	0	0	0.35
185400	0.35	0.63	0.63	0	0	0.35
185500	0.35	0.63	0.63	0	0	0.35
185600	0.35	0.63	0.63	0	0	0.35
185700	0.35	0.63	0.63	0	0	0.35
185800	0.35	0.63	0.63	0	0	0.35
185900	0.35	0.63	0.63	0	0	0.35
186000	0.35	0.63	0.63	0	0	0.35
186100	0.35	0.63	0.63	0	0	0.35
186200	0.35	0.63	0.63	0	0	0.35
186300	0.35	0.63	0.63	0	0	0.35
186400	0.35	0.63	0.63	0	0	0.35
186500	0.35	0.63	0.63	0	0	0.35
186600	0.35	0.63	0.63	0	0	0.35
186700	0.35	0.63	0.63	0	0	0.35
186800	0.35	0.63	0.63	0	0	0.35
186900	0.35	0.63	0.63	0	0	0.35
187000	0.35	0.63	0.63	0	0	0.35
187100	0.35	0.63	0.63	0	0	0.35
187200	0.35	0.63	0.63	0	0	0.35
187300	0.35	0.63	0.63	0	0	0.35
187400	0.35	0.63	0.63	0	0	0.35
187500	0.35	0.63	0.63	0	0	0.35
187600	0.35	0.63	0.63	0	0	0.35
187700	0.35	0.63	0.63	0	0	0.35
187800	0.35	0.63	0.63	0	0	0.35
187900	0.35	0.63	0.63	0	0	0.35
188000	0.35	0.63	0.63	0	0	0.35
188100	0.35	0.63	0.63	0	0	0.35
188200	0.35	0.62	0.62	0	0	0.35
188300	0.35	0.62	0.62	0	0	0.35
188400	0.35	0.62	0.62	0	0	0.35
188500	0.35	0.62	0.62	0	0	0.35
188600	0.35	0.62	0.62	0	0	0.35
188700	0.35	0.62	0.62	0	0	0.35
188800	0.35	0.62	0.62	0	0	0.35
188900	0.35	0.62	0.62	0	0	0.35
189000	0.35	0.62	0.62	0	0	0.35
189100	0.35	0.62	0.62	0	0	0.35
189200	0.34	0.62	0.62	0	0	0.34
189300	0.34	0.62	0.62	0	0	0.34
189400	0.34	0.62	0.62	0	0	0.34
189500	0.34	0.62	0.62	0	0	0.34
189600	0.34	0.62	0.62	0	0	0.34
189700	0.34	0.62	0.62	0	0	0.34
189800	0.34	0.62	0.62	0	0	0.34
189900	0.34	0.62	0.62	0	0	0.34
190000	0.34	0.62	0.62	0	0	0.34
190100	0.34	0.62	0.62	0	0	0.34
190200	0.34	0.62	0.62	0	0	0.34
190300	0.34	0.62	0.62	0	0	0.34
190400	0.34	0.62	0.62	0	0	0.34
190500	0.34	0.62	0.62	0	0	0.34
190600	0.34	0.62	0.62	0	0	0.34
190700	0.34	0.62	0.62	0	0	0.34
190800	0.34	0.62	0.62	0	0	0.34
190900	0.34	0.62	0.62	0	0	0.34
191000	0.34	0.62	0.62	0	0	0.34
191100	0.34	0.62	0.62	0	0	0.34
191200	0.34	0.62	0.62	0	0	0.34
191300	0.34	0.63	0.63	0	0	0.34
191400	0.34	0.63	0.63	0	0	0.34
191500	0.34	0.62	0.62	0	0	0.34
191600	0.34	0.62	0.62	0	0	0.34
191700	0.34	0.62	0.62	0	0	0.34
191800	0.34	0.62	0.62	0	0	0.34
191900	0.34	0.62	0.62	0	0	0.34
192000	0.34	0.62	0.62	0	0	0.34
192100	0.34	0.61	0.61	0	0	0.34
192200	0.34	0.61	0.61	0	0	0.34
192300	0.34	0.61	0.61	0	0	0.34
192400	0.34	0.61	0.61	0	0	0.34
192500	0.34	0.61	0.61	0	0	0.34
192600	0.34	0.61	0.61	0	0	0.34
192700	0.34	0.61	0.61	0	0	0.34
192800	0.34	0.61	0.61	0	0	0.34
192900	0.34	0.61	0.61	0	0	0.34
193000	0.34	0.61	0.61	0	0	0.34
193100	0.34	0.61	0.61	0	0	0.34
193200	0.34	0.61	0.61	0	0	0.34
193300	0.34	0.61	0.61	0	0	0.34
193400	0.34	0.61	0.61	0	0	0.34
193500	0.34	0.61	0.61	0	0	0.34
193600	0.34	0.61	0.61	0	0	0.34
193700	0.34	0.61	0.61	0	0	0.34
193800	0.33	0.61	0.61	0	0	0.33
193900	0.33	0.61	0.61	0	0	0.33
194000	0.33	0.62	0.62	0	0	0.33
194100	0.33	0.62	0.62	0	0	0.33
194200	0.33	0.62	0.62	0	0	0.33
194300	0.33	0.62	0.62	0	0	0.33
194400	0.33	0.62	0.62	0	0	0.33
194500	0.33	0.62	0.62	0	0	0.33
194600	0.33	0.62	0.62	0	0	0.33
194700	0.33	0.62	0.62	0	0	0.33
194800	0.33	0.62	0.62	0	0	0.33
194900	0.33	0.62	0.62	0	0	0.33
195000	0.33	0.62	0.62	0	0	0.33
195100	0.32	0.62	0.62	0	0	0.32
195200	0.32	0.62	0.62	0	0	0.32
195300	0.32	0.62	0.62	0	0	0.32
195400	0.32	0.62	0.62	0	0	0.32
195500	0.32	0.62	0.62	0	0	0.32
195600	0.32	0.62	0.62	0	0	0.32
195700	0.32	0.62	0.62	0	0	0.32
195800	0.32	0.62	0.62	0	0	0.32
195900	0.32	0.62	0.62	0	0	0.32
196000	0.32	0.62	0.62	0	0	0.32
196100	0.32	0.62	0.62	0	0	0.32
196200	0.32	0.62	0.62	0	0	0.32
196300	0.32	0.62	0.62	0	0	0.32
196400	0.32	0.62	0.62	0	0	0.32
196500	0.32	0.62	0.62	0	0	0.32
196600	0.32	0.62	0.62	0	0	0.32
196700	0.32	0.62	0.62	0	0	0.32
196800	0.32	0.62	0.62	0	0	0.32
196900	0.32	0.62	0.62	0	0	0.32
197000	0.32	0.62	0.62	0	0	0.32
197100	0.32	0.62	0.62	0	0	0.32
197200	0.32	0.62	0.62	0	0	0.32
197300	0.32	0.62	0.62	0	0	0.32
197400	0.32	0.62	0.62	0	0	0.32
197500	0.32	0.62	0.62	0	0	0.32
197600	0.32	0.62	0.62	0	0	0.32
197700	0.32	0.62	0.62	0	0	0.32
197800	0.32	0.63	0.63	0	0	0.32
197900	0.32	0.62	0.62	0	0	0.32
198000	0.32	0.62	0.62	0	0	0.32
198100	0.32	0.62	0.62	0	0	0.32
198200	0.32	0.62	0.62	0	0	0.32
198300	0.32	0.62	0.62	0	0	0.32
198400	0.32	0.61	0.61	0	0	0.32
198500	0.32	0.61	0.61	0	0	0.32
198600	0.32	0.61	0.61	0	0	0.32
198700	0.32	0.61	0.61	0	0	0.32
198800	0.32	0.61	0.61	0	0	0.32
198900	0.32	0.61	0.61	0	0	0.32
199000	0.32	0.61	0.61	0	0	0.32
199100	0.32	0.61	0.61	0	0	0.32
199200	0.32	0.61	0.61	0	0	0.32
199300	0.32	0.61	0.61	0	0	0.32
199400	0.32	0.61	0.61	0	0	0.32
199500	0.32	0.61	0.61	0	0	0.32
199600	0.32	0.61	0.61	0	0	0.32
199700	0.32	0.61	0.61	0	0	0.32
199800	0.32	0.61	0.61	0	0	0.32
199900	0.32	0.61	0.61	0	0	0.32
200000	0.32	0.61	0.61	0	0	0.32
200100	0.32	0.61	0.61	0	0	0.32
200200	0.32	0.61	0.61	0	0	0.32
200300	0.32	0.61	0.61	0	0	0.32
200400	0.33	0.61	0.61	0	0	0.33
200500	0.33	0.61	0.61	0	0	0.33
200600	0.33	0.61	0.61	0	0	0.33
200700	0.32	0.61	0.61	0	0	0.32
200800	0.32	0.61	0.61	0	0	0.32
200900	0.32	0.61	0.61	0	0	0.32
201000	0.32	0.61	0.61	0	0	0.32
201100	0.32	0.61	0.61	0	0	0.32
201200	0.32	0.61	0.61	0	0	0.32
201300	0.32	0.61	0.61	0	0	0.32
201400	0.32	0.61	0.61	0	0	0.32
201500	0.32	0.61	0.61	0	0	0.32
201600	0.32	0.61	0.61	0	0	0.32
201700	0.32	0.61	0.61	0	0	0.32
201800	0.32	0.61	0.61	0	0	0.32
201900	0.32	0.61	0.61	0	0	0.32
202000	0.32	0.61	0.61	0	0	0.32
202100	0.32	0.61	0.61	0	0	0.32
202200	0.32	0.61	0.61	0	0	0.32
202300	0.32	0.61	0.61	0	0	0.32
202400	0.32	0.61	0.61	0	0	0.32
202500	0.32	0.61	0.61	0	0	0.32
202600	0.32	0.61	0.61	0	0	0.32
202700	0.32	0.61	0.61	0	0	0.32
202800	0.32	0.6	0.6	0	0	0.32
202900	0.32	0.6	0.6	0	0	0.32
203000	0.32	0.6	0.6	0	0	0.32
203100	0.33	0.6	0.6	0	0	0.33
203200	0.33	0.6	0.6	0	0	0.33
203300	0.32	0.61	0.61	0	0	0.32
203400	0.32	0.61	0.61	0	0	0.32
203500	0.32	0.61	0.61	0	0	0.32
203600	0.32	0.6	0.6	0	0	0.32
203700	0.32	0.6	0.6	0	0	0.32
203800	0.32	0.61	0.61	0	0	0.32
203900	0.32	0.61	0.61	0	0	0.32
204000	0.32	0.61	0.61	0	0	0.32
204100	0.32	0.61	0.61	0	0	0.32
204200	0.32	0.61	0.61	0	0	0.32
204300	0.32	0.61	0.61	0	0	0.32
204400	0.32	0.62	0.62	0	0	0.32
204500	0.32	0.62	0.62	0	0	0.32
204600	0.32	0.62	0.62	0	0	0.32
204700	0.32	0.61	0.61	0	0	0.32
204800	0.32	0.61	0.61	0	0	0.32
204900	0.32	0.61	0.61	0	0	0.32
205000	0.32	0.61	0.61	0	0	0.32
205100	0.32	0.61	0.61	0	0	0.32
205200	0.32	0.61	0.61	0	0	0.32
205300	0.32	0.61	0.61	0	0	0.32
205400	0.32	0.61	0.61	0	0	0.32
205500	0.32	0.61	0.61	0	0	0.32
205600	0.32	0.61	0.61	0	0	0.32
205700	0.32	0.61	0.61	0	0	0.32
205800	0.33	0.61	0.61	0	0	0.33
205900	0.33	0.61	0.61	0	0	0.33
206000	0.33	0.61	0.61	0	0	0.33
206100	0.33	0.61	0.61	0	0	0.33
206200	0.33	0.61	0.61	0	0	0.33
206300	0.33	0.61	0.61	0	0	0.33
206400	0.33	0.61	0.61	0	0	0.33
206500	0.33	0.61	0.61	0	0	0.33
206600	0.33	0.61	0.61	0	0	0.33
206700	0.33	0.61	0.61	0	0	0.33
206800	0.32	0.61	0.61	0	0	0.32
206900	0.32	0.61	0.61	0	0	0.32
207000	0.32	0.61	0.61	0	0	0.32
207100	0.32	0.61	0.61	0	0	0.32
207200	0.33	0.61	0.61	0	0	0.33
207300	0.33	0.61	0.61	0	0	0.33
207400	0.33	0.61	0.61	0	0	0.33
207500	0.33	0.61	0.61	0	0	0.33
207600	0.33	0.61	0.61	0	0	0.33
207700	0.33	0.61	0.61	0	0	0.33
207800	0.33	0.61	0.61	0	0	0.33
207900	0.33	0.61	0.61	0	0	0.33
208000	0.33	0.61	0.61	0	0	0.33
208100	0.33	0.61	0.61	0	0	0.33
208200	0.33	0.61	0.61	0	0	0.33
208300	0.33	0.61	0.61	0	0	0.33
208400	0.33	0.61	0.61	0	0	0.33
208500	0.33	0.61	0.61	0	0	0.33
208600	0.33	0.61	0.61	0	0	0.33
208700	0.33	0.61	0.61	0	0	0.33
208800	0.33	0.61	0.61	0	0	0.33
208900	0.33	0.61	0.61	0	0	0.33
209000	0.33	0.61	0.61	0	0	0.33
209100	0.33	0.61	0.61	0	0	0.33
209200	0.33	0.61	0.61	0	0	0.33
209300	0.33	0.62	0.62	0	0	0.33
209400	0.33	0.62	0.62	0	0	0.33
209500	0.33	0.62	0.62	0	0	0.33
209600	0.33	0.62	0.62	0	0	0.33
209700	0.33	0.62	0.62	0	0	0.33
209800	0.33	0.62	0.62	0	0	0.33
209900	0.33	0.62	0.62	0	0	0.33
210000	0.33	0.62	0.62	0	0	0.33
210100	0.33	0.62	0.62	0	0	0.33
210200	0.33	0.62	0.62	0	0	0.33
210300	0.33	0.62	0.62	0	0	0.33
210400	0.33	0.62	0.62	0	0	0.33
210500	0.33	0.62	0.62	0	0	0.33
210600	0.33	0.62	0.62	0	0	0.33
210700	0.33	0.62	0.62	0	0	0.33
210800	0.33	0.62	0.62	0	0	0.33
210900	0.33	0.62	0.62	0	0	0.33
211000	0.33	0.62	0.62	0	0	0.33
211100	0.33	0.62	0.62	0	0	0.33
211200	0.33	0.61	0.61	0	0	0.33
211300	0.33	0.61	0.61	0	0	0.33
211400	0.33	0.61	0.61	0	0	0.33
211500	0.33	0.61	0.61	0	0	0.33
211600	0.33	0.61	0.61	0	0	0.33
211700	0.33	0.61	0.61	0	0	0.33
211800	0.33	0.61	0.61	0	0	0.33
211900	0.33	0.61	0.61	0	0	0.33
212000	0.33	0.61	0.61	0	0	0.33
212100	0.33	0.61	0.61	0	0	0.33
212200	0.33	0.61	0.61	0	0	0.33
212300	0.33	0.61	0.61	0	0	0.33
212400	0.33	0.61	0.61	0	0	0.33
212500	0.33	0.61	0.61	0	0	0.33
212600	0.33	0.61	0.61	0	0	0.33
212700	0.33	0.61	0.61	0	0	0.33
212800	0.33	0.61	0.61	0	0	0.33
212900	0.33	0.61	0.61	0	0	0.33
213000	0.33	0.61	0.61	0	0	0.33
213100	0.33	0.61	0.61	0	0	0.33
213200	0.33	0.61	0.61	0	0	0.33
213300	0.33	0.61	0.61	0	0	0.33
213400	0.33	0.61	0.61	0	0	0.33
213500	0.33	0.61	0.61	0	0	0.33
213600	0.34	0.61	0.61	0	0	0.34
213700	0.35	0.61	0.61	0	0	0.35
213800	0.35	0.61	0.61	0	0	0.35
213900	0.35	0.61	0.61	0	0	0.35
214000	0.35	0.61	0.61	0	0	0.35
214100	0.35	0.61	0.61	0	0	0.35
214200	0.35	0.61	0.61	0	0	0.35
214300	0.35	0.61	0.61	0	0	0.35
214400	0.35	0.61	0.61	0	0	0.35
214500	0.34	0.61	0.61	0	0	0.34
214600	0.33	0.61	0.61	0	0	0.33
214700	0.32	0.61	0.61	0	0	0.32
214800	0.32	0.61	0.61	0	0	0.32
214900	0.32	0.61	0.61	0	0	0.32
215000	0.32	0.61	0.61	0	0	0.32
215100	0.32	0.62	0.62	0	0	0.32
215200	0.32	0.62	0.62	0	0	0.32
215300	0.32	0.62	0.62	0	0	0.32
215400	0.32	0.61	0.61	0	0	0.32
215500	0.32	0.61	0.61	0	0	0.32
215600	0.32	0.61	0.61	0	0	0.32
215700	0.32	0.61	0.61	0	0	0.32
215800	0.32	0.61	0.61	0	0	0.32
215900	0.32	0.61	0.61	0	0	0.32
216000	0.32	0.61	0.61	0	0	0.32
216100	0.32	0.61	0.61	0	0	0.32
216200	0.32	0.61	0.61	0	0	0.32
216300	0.32	0.61	0.61	0	0	0.32
216400	0.32	0.61	0.61	0	0	0.32
216500	0.32	0.61	0.61	0	0	0.32
216600	0.32	0.61	0.61	0	0	0.32
216700	0.32	0.61	0.61	0	0	0.32
216800	0.32	0.61	0.61	0	0	0.32
216900	0.32	0.61	0.61	0	0	0.32
217000	0.32	0.61	0.61	0	0	0.32
217100	0.32	0.61	0.61	0	0	0.32
217200	0.32	0.61	0.61	0	0	0.32
217300	0.32	0.61	0.61	0	0	0.32
217400	0.32	0.61	0.61	0	0	0.32
217500	0.32	0.61	0.61	0	0	0.32
217600	0.32	0.6	0.6	0	0	0.32
217700	0.32	0.6	0.6	0	0	0.32
217800	0.32	0.6	0.6	0	0	0.32
217900	0.32	0.6	0.6	0	0	0.32
218000	0.32	0.6	0.6	0	0	0.32
218100	0.32	0.6	0.6	0	0	0.32
218200	0.32	0.6	0.6	0	0	0.32
218300	0.32	0.6	0.6	0	0	0.32
218400	0.32	0.6	0.6	0	0	0.32
218500	0.32	0.6	0.6	0	0	0.32
218600	0.32	0.6	0.6	0	0	0.32
218700	0.32	0.6	0.6	0	0	0.32
218800	0.32	0.6	0.6	0	0	0.32
218900	0.32	0.6	0.6	0	0	0.32
219000	0.32	0.6	0.6	0	0	0.32
219100	0.33	0.6	0.6	0	0	0.33
219200	0.33	0.6	0.6	0	0	0.33
219300	0.33	0.6	0.6	0	0	0.33
219400	0.33	0.6	0.6	0	0	0.33
219500	0.33	0.6	0.6	0	0	0.33
219600	0.32	0.6	0.6	0	0	0.32
219700	0.32	0.6	0.6	0	0	0.32
219800	0.32	0.6	0.6	0	0	0.32
219900	0.32	0.6	0.6	0	0	0.32
220000	0.32	0.6	0.6	0	0	0.32
220100	0.32	0.6	0.6	0	0	0.32
220200	0.32	0.6	0.6	0	0	0.32
220300	0.32	0.62	0.62	0	0	0.32
220400	0.32	0.61	0.61	0	0	0.32
220500	0.32	0.61	0.61	0	0	0.32
220600	0.32	0.61	0.61	0	0	0.32
220700	0.32	0.61	0.61	0	0	0.32
220800	0.32	0.61	0.61	0	0	0.32
220900	0.32	0.61	0.61	0	0	0.32
221000	0.32	0.61	0.61	0	0	0.32
221100	0.32	0.61	0.61	0	0	0.32
221200	0.31	0.61	0.61	0	0	0.31
221300	0.31	0.61	0.61	0	0	0.31
221400	0.31	0.61	0.61	0	0	0.31
221500	0.31	0.61	0.61	0	0	0.31
221600	0.31	0.61	0.61	0	0	0.31
221700	0.31	0.61	0.61	0	0	0.31
221800	0.31	0.61	0.61	0	0	0.31
221900	0.3	0.61	0.61	0	0	0.3
222000	0.3	0.61	0.61	0	0	0.3
222100	0.3	0.61	0.61	0	0	0.3
222200	0.3	0.61	0.61	0	0	0.3
222300	0.31	0.61	0.61	0	0	0.31
222400	0.31	0.61	0.61	0	0	0.31
222500	0.32	0.61	0.61	0	0	0.32
222600	0.31	0.61	0.61	0	0	0.31
222700	0.31	0.62	0.62	0	0	0.31
222800	0.31	0.62	0.62	0	0	0.31
222900	0.31	0.62	0.62	0	0	0.31
223000	0.3	0.62	0.62	0	0	0.3
223100	0.3	0.62	0.62	0	0	0.3
223200	0.31	0.62	0.62	0	0	0.31
223300	0.31	0.62	0.62	0	0	0.31
223400	0.31	0.62	0.62	0	0	0.31
223500	0.31	0.63	0.63	0	0	0.31
223600	0.3	0.62	0.62	0	0	0.3
223700	0.3	0.62	0.62	0	0	0.3
223800	0.3	0.62	0.62	0	0	0.3
223900	0.3	0.62	0.62	0	0	0.3
224000	0.3	0.62	0.62	0	0	0.3
224100	0.3	0.62	0.62	0	0	0.3
224200	0.3	0.62	0.62	0	0	0.3
224300	0.31	0.62	0.62	0	0	0.31
224400	0.3	0.62	0.62	0	0	0.3
224500	0.3	0.62	0.62	0	0	0.3
224600	0.3	0.62	0.62	0	0	0.3
224700	0.31	0.62	0.62	0	0	0.31
224800	0.31	0.62	0.62	0	0	0.31
224900	0.31	0.62	0.62	0	0	0.31
225000	0.31	0.62	0.62	0	0	0.31
225100	0.31	0.62	0.62	0	0	0.31
225200	0.31	0.62	0.62	0	0	0.31
225300	0.31	0.62	0.62	0	0	0.31
225400	0.31	0.62	0.62	0	0	0.31
225500	0.31	0.62	0.62	0	0	0.31
225600	0.3	0.63	0.63	0	0	0.3
225700	0.3	0.63	0.63	0	0	0.3
225800	0.3	0.63	0.63	0	0	0.3
225900	0.3	0.63	0.63	0	0	0.3
226000	0.3	0.63	0.63	0	0	0.3
226100	0.3	0.63	0.63	0	0	0.3
226200	0.3	0.64	0.64	0	0	0.3
226300	0.3	0.63	0.63	0	0	0.3
226400	0.29	0.63	0.63	0	0	0.29
226500	0.29	0.63	0.63	0	0	0.29
226600	0.29	0.63	0.63	0	0	0.29
226700	0.29	0.63	0.63	0	0	0.29
226800	0.29	0.63	0.63	0	0	0.29
226900	0.29	0.63	0.63	0	0	0.29
227000	0.29	0.63	0.63	0	0	0.29
227100	0.29	0.63	0.63	0	0	0.29
227200	0.29	0.63	0.63	0	0	0.29
227300	0.29	0.63	0.63	0	0	0.29
227400	0.29	0.63	0.63	0	0	0.29
227500	0.29	0.63	0.63	0	0	0.29
227600	0.29	0.64	0.64	0	0	0.29
227700	0.29	0.63	0.63	0	0	0.29
227800	0.29	0.62	0.62	0	0	0.29
227900	0.29	0.62	0.62	0	0	0.29
228000	0.3	0.62	0.62	0	0	0.3
228100	0.29	0.62	0.62	0	0	0.29
228200	0.29	0.62	0.62	0	0	0.29
228300	0.29	0.62	0.62	0	0	0.29
228400	0.29	0.62	0.62	0	0	0.29
228500	0.3	0.62	0.62	0	0	0.3
228600	0.3	0.62	0.62	0	0	0.3
228700	0.3	0.62	0.62	0	0	0.3
228800	0.3	0.63	0.63	0	0	0.3
228900	0.3	0.63	0.63	0	0	0.3
229000	0.3	0.63	0.63	0	0	0.3
229100	0.3	0.63	0.63	0	0	0.3
229200	0.3	0.63	0.63	0	0	0.3
229300	0.3	0.63	0.63	0	0	0.3
229400	0.3	0.63	0.63	0	0	0.3
229500	0.3	0.63	0.63	0	0	0.3
229600	0.3	0.63	0.63	0	0	0.3
229700	0.3	0.63	0.63	0	0	0.3
229800	0.3	0.63	0.63	0	0	0.3
229900	0.29	0.63	0.63	0	0	0.29
230000	0.29	0.63	0.63	0	0	0.29
230100	0.29	0.63	0.63	0	0	0.29
230200	0.3	0.63	0.63	0	0	0.3
230300	0.3	0.63	0.63	0	0	0.3
230400	0.3	0.63	0.63	0	0	0.3
230500	0.3	0.63	0.63	0	0	0.3
230600	0.29	0.63	0.63	0	0	0.29
230700	0.29	0.63	0.63	0	0	0.29
230800	0.29	0.63	0.63	0	0	0.29
230900	0.29	0.63	0.63	0	0	0.29
231000	0.29	0.63	0.63	0	0	0.29
231100	0.29	0.63	0.63	0	0	0.29
231200	0.29	0.63	0.63	0	0	0.29
231300	0.29	0.63	0.63	0	0	0.29
231400	0.29	0.63	0.63	0	0	0.29
231500	0.3	0.63	0.63	0	0	0.3
231600	0.3	0.63	0.63	0	0	0.3
231700	0.3	0.63	0.63	0	0	0.3
231800	0.3	0.63	0.63	0	0	0.3
231900	0.3	0.63	0.63	0	0	0.3
232000	0.3	0.63	0.63	0	0	0.3
232100	0.3	0.63	0.63	0	0	0.3
232200	0.3	0.63	0.63	0	0	0.3
232300	0.3	0.63	0.63	0	0	0.3
232400	0.3	0.63	0.63	0	0	0.3
232500	0.31	0.63	0.63	0	0	0.31
232600	0.32	0.63	0.63	0	0	0.32
232700	0.32	0.63	0.63	0	0	0.32
232800	0.32	0.63	0.63	0	0	0.32
232900	0.33	0.63	0.63	0	0	0.33
233000	0.32	0.63	0.63	0	0	0.32
233100	0.32	0.63	0.63	0	0	0.32
233200	0.32	0.63	0.63	0	0	0.32
233300	0.31	0.63	0.63	0	0	0.31
233400	0.31	0.63	0.63	0	0	0.31
233500	0.31	0.63	0.63	0	0	0.31
233600	0.31	0.63	0.63	0	0	0.31
233700	0.31	0.63	0.63	0	0	0.31
233800	0.31	0.63	0.63	0	0	0.31
233900	0.31	0.63	0.63	0	0	0.31
234000	0.31	0.63	0.63	0	0	0.31
234100	0.31	0.63	0.63	0	0	0.31
234200	0.31	0.63	0.63	0	0	0.31
234300	0.31	0.63	0.63	0	0	0.31
234400	0.31	0.63	0.63	0	0	0.31
234500	0.31	0.63	0.63	0	0	0.31
234600	0.31	0.63	0.63	0	0	0.31
234700	0.31	0.63	0.63	0	0	0.31
234800	0.31	0.63	0.63	0	0	0.31
234900	0.31	0.63	0.63	0	0	0.31
235000	0.31	0.63	0.63	0	0	0.31
235100	0.31	0.63	0.63	0	0	0.31
235200	0.31	0.63	0.63	0	0	0.31
235300	0.31	0.63	0.63	0	0	0.31
235400	0.31	0.63	0.63	0	0	0.31
235500	0.31	0.63	0.63	0	0	0.31
235600	0.31	0.63	0.63	0	0	0.31
235700	0.31	0.63	0.63	0	0	0.31
235800	0.31	0.63	0.63	0	0	0.31
235900	0.31	0.63	0.63	0	0	0.31
236000	0.31	0.63	0.63	0	0	0.31
236100	0.31	0.63	0.63	0	0	0.31
236200	0.31	0.63	0.63	0	0	0.31
236300	0.31	0.63	0.63	0	0	0.31
236400	0.31	0.63	0.63	0	0	0.31
236500	0.31	0.63	0.63	0	0	0.31
236600	0.31	0.63	0.63	0	0	0.31
236700	0.31	0.63	0.63	0	0	0.31
236800	0.31	0.63	0.63	0	0	0.31
236900	0.31	0.63	0.63	0	0	0.31
237000	0.31	0.63	0.63	0	0	0.31
237100	0.31	0.63	0.63	0	0	0.31
237200	0.31	0.63	0.63	0	0	0.31
237300	0.31	0.63	0.63	0	0	0.31
237400	0.31	0.63	0.63	0	0	0.31
237500	0.31	0.63	0.63	0	0	0.31
237600	0.31	0.63	0.63	0	0	0.31
237700	0.32	0.63	0.63	0	0	0.32
237800	0.31	0.63	0.63	0	0	0.31
237900	0.31	0.63	0.63	0	0	0.31
238000	0.31	0.63	0.63	0	0	0.31
238100	0.31	0.63	0.63	0	0	0.31
238200	0.31	0.63	0.63	0	0	0.31
238300	0.31	0.63	0.63	0	0	0.31
238400	0.31	0.63	0.63	0	0	0.31
238500	0.31	0.63	0.63	0	0	0.31
238600	0.31	0.63	0.63	0	0	0.31
238700	0.31	0.63	0.63	0	0	0.31
238800	0.31	0.63	0.63	0	0	0.31
238900	0.31	0.63	0.63	0	0	0.31
239000	0.31	0.63	0.63	0	0	0.31
239100	0.31	0.63	0.63	0	0	0.31
239200	0.31	0.63	0.63	0	0	0.31
239300	0.31	0.63	0.63	0	0	0.31
239400	0.31	0.63	0.63	0	0	0.31
239500	0.31	0.63	0.63	0	0	0.31
239600	0.31	0.63	0.63	0	0	0.31
239700	0.31	0.63	0.63	0	0	0.31
239800	0.31	0.63	0.63	0	0	0.31
239900	0.31	0.63	0.63	0	0	0.31
240000	0.31	0.63	0.63	0	0	0.31
240100	0.31	0.64	0.64	0	0	0.31
240200	0.31	0.64	0.64	0	0	0.31
240300	0.31	0.64	0.64	0	0	0.31
240400	0.31	0.63	0.63	0	0	0.31
240500	0.31	0.63	0.63	0	0	0.31
240600	0.31	0.63	0.63	0	0	0.31
240700	0.31	0.63	0.63	0	0	0.31
240800	0.31	0.63	0.63	0	0	0.31
240900	0.31	0.63	0.63	0	0	0.31
241000	0.31	0.63	0.63	0	0	0.31
241100	0.31	0.63	0.63	0	0	0.31
241200	0.31	0.63	0.63	0	0	0.31
241300	0.31	0.63	0.63	0	0	0.31
241400	0.31	0.63	0.63	0	0	0.31
241500	0.31	0.63	0.63	0	0	0.31
241600	0.31	0.63	0.63	0	0	0.31
241700	0.31	0.63	0.63	0	0	0.31
241800	0.31	0.63	0.63	0	0	0.31
241900	0.31	0.63	0.63	0	0	0.31
242000	0.31	0.63	0.63	0	0	0.31
242100	0.31	0.63	0.63	0	0	0.31
242200	0.31	0.63	0.63	0	0	0.31
242300	0.32	0.63	0.63	0	0	0.32
242400	0.32	0.63	0.63	0	0	0.32
242500	0.32	0.63	0.63	0	0	0.32
242600	0.32	0.63	0.63	0	0	0.32
242700	0.32	0.63	0.63	0	0	0.32
242800	0.32	0.63	0.63	0	0	0.32
242900	0.32	0.63	0.63	0	0	0.32
243000	0.32	0.63	0.63	0	0	0.32
243100	0.32	0.63	0.63	0	0	0.32
243200	0.32	0.63	0.63	0	0	0.32
243300	0.32	0.63	0.63	0	0	0.32
243400	0.32	0.63	0.63	0	0	0.32
243500	0.32	0.63	0.63	0	0	0.32
243600	0.32	0.63	0.63	0	0	0.32
243700	0.32	0.63	0.63	0	0	0.32
243800	0.33	0.63	0.63	0	0	0.33
243900	0.32	0.63	0.63	0	0	0.32
244000	0.32	0.63	0.63	0	0	0.32
244100	0.32	0.63	0.63	0	0	0.32
244200	0.32	0.63	0.63	0	0	0.32
244300	0.32	0.63	0.63	0	0	0.32
244400	0.31	0.63	0.63	0	0	0.31
244500	0.31	0.63	0.63	0	0	0.31
244600	0.31	0.63	0.63	0	0	0.31
244700	0.31	0.63	0.63	0	0	0.31
244800	0.31	0.63	0.63	0	0	0.31
244900	0.31	0.63	0.63	0	0	0.31
245000	0.31	0.63	0.63	0	0	0.31
245100	0.31	0.63	0.63	0	0	0.31
245200	0.31	0.63	0.63	0	0	0.31
245300	0.31	0.63	0.63	0	0	0.31
245400	0.31	0.63	0.63	0	0	0.31
245500	0.31	0.63	0.63	0	0	0.31
245600	0.31	0.63	0.63	0	0	0.31
245700	0.31	0.63	0.63	0	0	0.31
245800	0.31	0.63	0.63	0	0	0.31
245900	0.31	0.63	0.63	0	0	0.31
246000	0.31	0.63	0.63	0	0	0.31
246100	0.31	0.63	0.63	0	0	0.31
246200	0.31	0.63	0.63	0	0	0.31
246300	0.31	0.63	0.63	0	0	0.31
246400	0.31	0.63	0.63	0	0	0.31
246500	0.31	0.63	0.63	0	0	0.31
246600	0.31	0.63	0.63	0	0	0.31
246700	0.31	0.63	0.63	0	0	0.31
246800	0.31	0.63	0.63	0	0	0.31
246900	0.32	0.63	0.63	0	0	0.32
247000	0.32	0.63	0.63	0	0	0.32
247100	0.32	0.63	0.63	0	0	0.32
247200	0.32	0.63	0.63	0	0	0.32
247300	0.32	0.64	0.64	0	0	0.32
247400	0.32	0.64	0.64	0	0	0.32
247500	0.32	0.64	0.64	0	0	0.32
247600	0.32	0.64	0.64	0	0	0.32
247700	0.32	0.64	0.64	0	0	0.32
247800	0.32	0.64	0.64	0	0	0.32
247900	0.32	0.64	0.64	0	0	0.32
248000	0.32	0.64	0.64	0	0	0.32
248100	0.32	0.64	0.64	0	0	0.32
248200	0.32	0.64	0.64	0	0	0.32
248300	0.32	0.64	0.64	0	0	0.32
248400	0.32	0.64	0.64	0	0	0.32
248500	0.32	0.64	0.64	0	0	0.32
248600	0.32	0.64	0.64	0	0	0.32
248700	0.33	0.64	0.64	0	0	0.33
248800	0.33	0.64	0.64	0	0	0.33
248900	0.33	0.64	0.64	0	0	0.33
249000	0.33	0.64	0.64	0	0	0.33
249100	0.32	0.64	0.64	0	0	0.32
249200	0.32	0.64	0.64	0	0	0.32
249300	0.32	0.64	0.64	0	0	0.32
249400	0.32	0.64	0.64	0	0	0.32
249500	0.32	0.64	0.64	0	0	0.32
249600	0.32	0.64	0.64	0	0	0.32
249700	0.32	0.65	0.65	0	0	0.32
249800	0.32	0.63	0.63	0	0	0.32
249900	0.32	0.63	0.63	0	0	0.32
250000	0.32	0.63	0.63	0	0	0.32
250100	0.32	0.63	0.63	0	0	0.32
250200	0.32	0.63	0.63	0	0	0.32
250300	0.32	0.63	0.63	0	0	0.32
250400	0.32	0.63	0.63	0	0	0.32
250500	0.32	0.63	0.63	0	0	0.32
250600	0.32	0.63	0.63	0	0	0.32
250700	0.32	0.63	0.63	0	0	0.32
250800	0.32	0.63	0.63	0	0	0.32
250900	0.32	0.63	0.63	0	0	0.32
251000	0.32	0.63	0.63	0	0	0.32
251100	0.32	0.63	0.63	0	0	0.32
251200	0.32	0.63	0.63	0	0	0.32
251300	0.32	0.63	0.63	0	0	0.32
251400	0.32	0.63	0.63	0	0	0.32
251500	0.32	0.63	0.63	0	0	0.32
251600	0.33	0.63	0.63	0	0	0.33
251700	0.33	0.63	0.63	0	0	0.33
251800	0.33	0.63	0.63	0	0	0.33
251900	0.33	0.63	0.63	0	0	0.33
252000	0.33	0.63	0.63	0	0	0.33
252100	0.33	0.63	0.63	0	0	0.33
252200	0.33	0.63	0.63	0	0	0.33
252300	0.33	0.63	0.63	0	0	0.33
252400	0.33	0.63	0.63	0	0	0.33
252500	0.33	0.63	0.63	0	0	0.33
252600	0.33	0.63	0.63	0	0	0.33
252700	0.33	0.63	0.63	0	0	0.33
252800	0.33	0.63	0.63	0	0	0.33
252900	0.33	0.63	0.63	0	0	0.33
253000	0.33	0.63	0.63	0	0	0.33
253100	0.33	0.63	0.63	0	0	0.33
253200	0.33	0.63	0.63	0	0	0.33
253300	0.33	0.63	0.63	0	0	0.33
253400	0.33	0.63	0.63	0	0	0.33
253500	0.33	0.63	0.63	0	0	0.33
253600	0.33	0.63	0.63	0	0	0.33
253700	0.33	0.63	0.63	0	0	0.33
253800	0.33	0.63	0.63	0	0	0.33
253900	0.32	0.63	0.63	0	0	0.32
254000	0.31	0.63	0.63	0	0	0.31
254100	0.31	0.63	0.63	0	0	0.31
254200	0.31	0.63	0.63	0	0	0.31
254300	0.32	0.63	0.63	0	0	0.32
254400	0.32	0.63	0.63	0	0	0.32
254500	0.32	0.63	0.63	0	0	0.32
254600	0.33	0.63	0.63	0	0	0.33
254700	0.33	0.63	0.63	0	0	0.33
254800	0.32	0.63	0.63	0	0	0.32
254900	0.32	0.63	0.63	0	0	0.32
255000	0.32	0.63	0.63	0	0	0.32
255100	0.32	0.63	0.63	0	0	0.32
255200	0.32	0.63	0.63	0	0	0.32
255300	0.32	0.63	0.63	0	0	0.32
255400	0.32	0.63	0.63	0	0	0.32
255500	0.32	0.63	0.63	0	0	0.32
255600	0.32	0.63	0.63	0	0	0.32
255700	0.32	0.63	0.63	0	0	0.32
255800	0.32	0.63	0.63	0	0	0.32
255900	0.32	0.63	0.63	0	0	0.32
256000	0.31	0.63	0.63	0	0	0.31
256100	0.31	0.63	0.63	0	0	0.31
256200	0.31	0.63	0.63	0	0	0.31
256300	0.31	0.63	0.63	0	0	0.31
256400	0.31	0.64	0.64	0	0	0.31
256500	0.31	0.64	0.64	0	0	0.31
256600	0.31	0.65	0.65	0	0	0.31
256700	0.31	0.65	0.65	0	0	0.31
256800	0.31	0.65	0.65	0	0	0.31
256900	0.31	0.65	0.65	0	0	0.31
257000	0.31	0.65	0.65	0	0	0.31
257100	0.31	0.65	0.65	0	0	0.31
257200	0.31	0.66	0.66	0	0	0.31
257300	0.31	0.66	0.66	0	0	0.31
257400	0.31	0.66	0.66	0	0	0.31
257500	0.31	0.66	0.66	0	0	0.31
257600	0.31	0.66	0.66	0	0	0.31
257700	0.31	0.66	0.66	0	0	0.31
257800	0.31	0.66	0.66	0	0	0.31
257900	0.31	0.66	0.66	0	0	0.31
258000	0.31	0.66	0.66	0	0	0.31
258100	0.31	0.66	0.66	0	0	0.31
258200	0.31	0.66	0.66	0	0	0.31
258300	0.31	0.66	0.66	0	0	0.31
258400	0.31	0.66	0.66	0	0	0.31
258500	0.31	0.66	0.66	0	0	0.31
258600	0.31	0.66	0.66	0	0	0.31
258700	0.31	0.66	0.66	0	0	0.31
258800	0.31	0.66	0.66	0	0	0.31
258900	0.31	0.66	0.66	0	0	0.31
259000	0.31	0.66	0.66	0	0	0.31
259100	0.31	0.66	0.66	0	0	0.31
259200	0.32	0.66	0.66	0	0	0.32
259300	0.32	0.66	0.66	0	0	0.32
259400	0.32	0.66	0.66	0	0	0.32
259500	0.32	0.66	0.66	0	0	0.32
259600	0.32	0.66	0.66	0	0	0.32
259700	0.32	0.66	0.66	0	0	0.32
259800	0.32	0.66	0.66	0	0	0.32
259900	0.32	0.66	0.66	0	0	0.32
260000	0.32	0.66	0.66	0	0	0.32
260100	0.33	0.66	0.66	0	0	0.33
260200	0.33	0.66	0.66	0	0	0.33
260300	0.33	0.66	0.66	0	0	0.33
260400	0.33	0.65	0.65	0	0	0.33
260500	0.32	0.65	0.65	0	0	0.32
260600	0.32	0.65	0.65	0	0	0.32
260700	0.32	0.65	0.65	0	0	0.32
260800	0.32	0.65	0.65	0	0	0.32
260900	0.32	0.65	0.65	0	0	0.32
261000	0.32	0.65	0.65	0	0	0.32
261100	0.32	0.65	0.65	0	0	0.32
261200	0.31	0.65	0.65	0	0	0.31
261300	0.31	0.65	0.65	0	0	0.31
261400	0.31	0.65	0.65	0	0	0.31
261500	0.31	0.65	0.65	0	0	0.31
261600	0.3	0.65	0.65	0	0	0.3
261700	0.3	0.65	0.65	0	0	0.3
261800	0.3	0.65	0.65	0	0	0.3
261900	0.3	0.65	0.65	0	0	0.3
262000	0.3	0.65	0.65	0	0	0.3
262100	0.3	0.65	0.65	0	0	0.3
262200	0.3	0.65	0.65	0	0	0.3
262300	0.3	0.65	0.65	0	0	0.3
262400	0.3	0.65	0.65	0	0	0.3
262500	0.3	0.65	0.65	0	0	0.3
262600	0.3	0.65	0.65	0	0	0.3
262700	0.3	0.65	0.65	0	0	0.3
262800	0.31	0.65	0.65	0	0	0.31
262900	0.31	0.65	0.65	0	0	0.31
263000	0.31	0.65	0.65	0	0	0.31
263100	0.31	0.65	0.65	0	0	0.31
263200	0.31	0.65	0.65	0	0	0.31
263300	0.31	0.65	0.65	0	0	0.31
263400	0.31	0.65	0.65	0	0	0.31
263500	0.31	0.65	0.65	0	0	0.31
263600	0.31	0.65	0.65	0	0	0.31
263700	0.31	0.65	0.65	0	0	0.31
263800	0.31	0.65	0.65	0	0	0.31
263900	0.31	0.65	0.65	0	0	0.31
264000	0.31	0.65	0.65	0	0	0.31
264100	0.32	0.65	0.65	0	0	0.32
264200	0.32	0.65	0.65	0	0	0.32
264300	0.32	0.65	0.65	0	0	0.32
264400	0.32	0.65	0.65	0	0	0.32
264500	0.32	0.65	0.65	0	0	0.32
264600	0.33	0.65	0.65	0	0	0.33
264700	0.32	0.65	0.65	0	0	0.32
264800	0.32	0.65	0.65	0	0	0.32
264900	0.32	0.65	0.65	0	0	0.32
265000	0.32	0.65	0.65	0	0	0.32
265100	0.32	0.65	0.65	0	0	0.32
265200	0.32	0.65	0.65	0	0	0.32
265300	0.32	0.65	0.65	0	0	0.32
265400	0.32	0.65	0.65	0	0	0.32
265500	0.32	0.65	0.65	0	0	0.32
265600	0.32	0.65	0.65	0	0	0.32
265700	0.32	0.65	0.65	0	0	0.32
265800	0.32	0.65	0.65	0	0	0.32
265900	0.32	0.65	0.65	0	0	0.32
266000	0.32	0.65	0.65	0	0	0.32
266100	0.32	0.65	0.65	0	0	0.32
266200	0.32	0.65	0.65	0	0	0.32
266300	0.32	0.65	0.65	0	0	0.32
266400	0.32	0.65	0.65	0	0	0.32
266500	0.32	0.65	0.65	0	0	0.32
266600	0.32	0.65	0.65	0	0	0.32
266700	0.32	0.65	0.65	0	0	0.32
266800	0.32	0.65	0.65	0	0	0.32
266900	0.32	0.65	0.65	0	0	0.32
267000	0.31	0.65	0.65	0	0	0.31
267100	0.31	0.65	0.65	0	0	0.31
267200	0.31	0.65	0.65	0	0	0.31
267300	0.31	0.65	0.65	0	0	0.31
267400	0.31	0.65	0.65	0	0	0.31
267500	0.31	0.65	0.65	0	0	0.31
267600	0.3	0.66	0.66	0	0	0.3
267700	0.3	0.66	0.66	0	0	0.3
267800	0.3	0.65	0.65	0	0	0.3
267900	0.3	0.65	0.65	0	0	0.3
268000	0.3	0.65	0.65	0	0	0.3
268100	0.3	0.65	0.65	0	0	0.3
268200	0.3	0.65	0.65	0	0	0.3
268300	0.3	0.65	0.65	0	0	0.3
268400	0.3	0.65	0.65	0	0	0.3
268500	0.3	0.65	0.65	0	0	0.3
268600	0.31	0.65	0.65	0	0	0.31
268700	0.31	0.65	0.65	0	0	0.31
268800	0.31	0.65	0.65	0	0	0.31
268900	0.31	0.65	0.65	0	0	0.31
269000	0.31	0.65	0.65	0	0	0.31
269100	0.31	0.65	0.65	0	0	0.31
269200	0.31	0.65	0.65	0	0	0.31
269300	0.31	0.66	0.66	0	0	0.31
269400	0.31	0.66	0.66	0	0	0.31
269500	0.31	0.66	0.66	0	0	0.31
269600	0.31	0.65	0.65	0	0	0.31
269700	0.31	0.65	0.65	0	0	0.31
269800	0.31	0.65	0.65	0	0	0.31
269900	0.31	0.65	0.65	0	0	0.31
270000	0.31	0.65	0.65	0	0	0.31
270100	0.31	0.65	0.65	0	0	0.31
270200	0.31	0.65	0.65	0	0	0.31
270300	0.31	0.65	0.65	0	0	0.31
270400	0.31	0.65	0.65	0	0	0.31
270500	0.31	0.65	0.65	0	0	0.31
270600	0.31	0.65	0.65	0	0	0.31
270700	0.31	0.65	0.65	0	0	0.31
270800	0.31	0.65	0.65	0	0	0.31
270900	0.31	0.65	0.65	0	0	0.31
271000	0.31	0.65	0.65	0	0	0.31
271100	0.31	0.65	0.65	0	0	0.31
271200	0.31	0.65	0.65	0	0	0.31
271300	0.31	0.65	0.65	0	0	0.31
271400	0.31	0.65	0.65	0	0	0.31
271500	0.31	0.65	0.65	0	0	0.31
271600	0.31	0.65	0.65	0	0	0.31
271700	0.31	0.65	0.65	0	0	0.31
271800	0.31	0.65	0.65	0	0	0.31
271900	0.31	0.65	0.65	0	0	0.31
272000	0.31	0.65	0.65	0	0	0.31
272100	0.31	0.65	0.65	0	0	0.31
272200	0.31	0.65	0.65	0	0	0.31
272300	0.31	0.65	0.65	0	0	0.31
272400	0.31	0.65	0.65	0	0	0.31
272500	0.31	0.65	0.65	0	0	0.31
272600	0.31	0.65	0.65	0	0	0.31
272700	0.31	0.65	0.65	0	0	0.31
272800	0.31	0.65	0.65	0	0	0.31
272900	0.31	0.65	0.65	0	0	0.31
273000	0.31	0.65	0.65	0	0	0.31
273100	0.31	0.65	0.65	0	0	0.31
273200	0.31	0.66	0.66	0	0	0.31
273300	0.31	0.65	0.65	0	0	0.31
273400	0.31	0.65	0.65	0	0	0.31
273500	0.31	0.65	0.65	0	0	0.31
273600	0.31	0.65	0.65	0	0	0.31
273700	0.31	0.65	0.65	0	0	0.31
273800	0.31	0.65	0.65	0	0	0.31
273900	0.31	0.65	0.65	0	0	0.31
274000	0.31	0.65	0.65	0	0	0.31
274100	0.31	0.66	0.66	0	0	0.31
274200	0.31	0.66	0.66	0	0	0.31
274300	0.31	0.66	0.66	0	0	0.31
274400	0.31	0.66	0.66	0	0	0.31
274500	0.31	0.66	0.66	0	0	0.31
274600	0.31	0.66	0.66	0	0	0.31
274700	0.31	0.66	0.66	0	0	0.31
274800	0.31	0.66	0.66	0	0	0.31
274900	0.31	0.66	0.66	0	0	0.31
275000	0.31	0.66	0.66	0	0	0.31
275100	0.31	0.66	0.66	0	0	0.31
275200	0.31	0.66	0.66	0	0	0.31
275300	0.31	0.66	0.66	0	0	0.31
275400	0.31	0.66	0.66	0	0	0.31
275500	0.31	0.66	0.66	0	0	0.31
275600	0.31	0.66	0.66	0	0	0.31
275700	0.31	0.66	0.66	0	0	0.31
275800	0.31	0.66	0.66	0	0	0.31
275900	0.31	0.66	0.66	0	0	0.31
