100	0.06	0.08	0.08	0	0	0.06
200	0.06	0.1	0.1	0	0	0.06
300	0.09	0.1	0.1	0	0	0.09
400	0.11	0.12	0.12	0	0	0.11
500	0.11	0.13	0.13	0	0	0.11
600	0.13	0.13	0.13	0	0	0.13
700	0.14	0.14	0.14	0	0	0.14
800	0.14	0.14	0.14	0	0	0.14
900	0.14	0.14	0.14	0	0	0.14
1000	0.14	0.13	0.13	0	0	0.14
1100	0.15	0.13	0.13	0	0	0.15
1200	0.16	0.14	0.14	0	0	0.16
1300	0.16	0.14	0.14	0	0	0.16
1400	0.16	0.14	0.14	0	0	0.16
1500	0.17	0.15	0.15	0	0	0.17
1600	0.18	0.16	0.16	0	0	0.18
1700	0.18	0.16	0.16	0	0	0.18
1800	0.18	0.14	0.14	0	0	0.18
1900	0.17	0.17	0.17	0	0	0.17
2000	0.17	0.17	0.17	0	0	0.17
2100	0.19	0.17	0.17	0	0	0.19
2200	0.19	0.18	0.18	0	0	0.19
2300	0.22	0.18	0.18	0	0	0.22
2400	0.2	0.18	0.18	0	0	0.2
2500	0.2	0.18	0.18	0	0	0.2
2600	0.21	0.18	0.18	0	0	0.21
2700	0.23	0.19	0.19	0	0	0.23
2800	0.23	0.19	0.19	0	0	0.23
2900	0.26	0.22	0.22	0	0	0.26
3000	0.24	0.22	0.22	0	0	0.24
3100	0.25	0.21	0.21	0	0	0.25
3200	0.23	0.18	0.18	0	0	0.23
3300	0.22	0.18	0.18	0	0	0.22
3400	0.23	0.18	0.18	0	0	0.23
3500	0.21	0.19	0.19	0	0	0.21
3600	0.21	0.18	0.18	0	0	0.21
3700	0.23	0.16	0.16	0	0	0.23
3800	0.24	0.16	0.16	0	0	0.24
3900	0.24	0.17	0.17	0	0	0.24
4000	0.23	0.17	0.17	0	0	0.23
4100	0.23	0.17	0.17	0	0	0.23
4200	0.23	0.18	0.18	0	0	0.23
4300	0.22	0.18	0.18	0	0	0.22
4400	0.22	0.17	0.17	0	0	0.22
4500	0.22	0.18	0.18	0	0	0.22
4600	0.22	0.19	0.19	0	0	0.22
4700	0.21	0.2	0.2	0	0	0.21
4800	0.23	0.2	0.2	0	0	0.23
4900	0.22	0.2	0.2	0	0	0.22
5000	0.21	0.2	0.2	0	0	0.21
5100	0.21	0.21	0.21	0	0	0.21
5200	0.21	0.23	0.23	0	0	0.21
5300	0.21	0.23	0.23	0	0	0.21
5400	0.21	0.23	0.23	0	0	0.21
5500	0.21	0.24	0.24	0	0	0.21
5600	0.23	0.25	0.25	0	0	0.23
5700	0.24	0.25	0.25	0	0	0.24
5800	0.25	0.26	0.26	0	0	0.25
5900	0.25	0.26	0.26	0	0	0.25
6000	0.25	0.26	0.26	0	0	0.25
6100	0.27	0.29	0.29	0	0	0.27
6200	0.28	0.29	0.29	0	0	0.28
6300	0.28	0.29	0.29	0	0	0.28
6400	0.28	0.29	0.29	0	0	0.28
6500	0.28	0.32	0.32	0	0	0.28
6600	0.28	0.29	0.29	0	0	0.28
6700	0.28	0.28	0.28	0	0	0.28
6800	0.28	0.28	0.28	0	0	0.28
6900	0.28	0.26	0.26	0	0	0.28
7000	0.28	0.27	0.27	0	0	0.28
7100	0.29	0.27	0.27	0	0	0.29
7200	0.28	0.27	0.27	0	0	0.28
7300	0.28	0.28	0.28	0	0	0.28
7400	0.29	0.27	0.27	0	0	0.29
7500	0.31	0.28	0.28	0	0	0.31
7600	0.31	0.29	0.29	0	0	0.31
7700	0.31	0.3	0.3	0	0	0.31
7800	0.31	0.28	0.28	0	0	0.31
7900	0.31	0.27	0.27	0	0	0.31
8000	0.31	0.27	0.27	0	0	0.31
8100	0.34	0.27	0.27	0	0	0.34
8200	0.33	0.27	0.27	0	0	0.33
8300	0.32	0.27	0.27	0	0	0.32
8400	0.33	0.27	0.27	0	0	0.33
8500	0.33	0.27	0.27	0	0	0.33
8600	0.33	0.27	0.27	0	0	0.33
8700	0.33	0.27	0.27	0	0	0.33
8800	0.33	0.23	0.23	0	0	0.33
8900	0.32	0.23	0.23	0	0	0.32
9000	0.31	0.23	0.23	0	0	0.31
9100	0.32	0.23	0.23	0	0	0.32
9200	0.31	0.23	0.23	0	0	0.31
9300	0.31	0.24	0.24	0	0	0.31
9400	0.31	0.24	0.24	0	0	0.31
9500	0.31	0.25	0.25	0	0	0.31
9600	0.31	0.25	0.25	0	0	0.31
9700	0.32	0.25	0.25	0	0	0.32
9800	0.32	0.25	0.25	0	0	0.32
9900	0.33	0.25	0.25	0	0	0.33
10000	0.33	0.26	0.26	0	0	0.33
10100	0.33	0.24	0.24	0	0	0.33
10200	0.32	0.25	0.25	0	0	0.32
10300	0.33	0.25	0.25	0	0	0.33
10400	0.32	0.27	0.27	0	0	0.32
10500	0.32	0.27	0.27	0	0	0.32
10600	0.31	0.27	0.27	0	0	0.31
10700	0.31	0.27	0.27	0	0	0.31
10800	0.31	0.28	0.28	0	0	0.31
10900	0.31	0.28	0.28	0	0	0.31
11000	0.31	0.28	0.28	0	0	0.31
11100	0.32	0.29	0.29	0	0	0.32
11200	0.32	0.29	0.29	0	0	0.32
11300	0.32	0.29	0.29	0	0	0.32
11400	0.31	0.29	0.29	0	0	0.31
11500	0.31	0.3	0.3	0	0	0.31
11600	0.31	0.3	0.3	0	0	0.31
11700	0.31	0.3	0.3	0	0	0.31
11800	0.3	0.3	0.3	0	0	0.3
11900	0.31	0.3	0.3	0	0	0.31
12000	0.32	0.3	0.3	0	0	0.32
12100	0.3	0.31	0.31	0	0	0.3
12200	0.34	0.3	0.3	0	0	0.34
12300	0.32	0.28	0.28	0	0	0.32
12400	0.31	0.28	0.28	0	0	0.31
12500	0.31	0.29	0.29	0	0	0.31
12600	0.31	0.29	0.29	0	0	0.31
12700	0.31	0.29	0.29	0	0	0.31
12800	0.32	0.29	0.29	0	0	0.32
12900	0.31	0.3	0.3	0	0	0.31
13000	0.31	0.3	0.3	0	0	0.31
13100	0.32	0.3	0.3	0	0	0.32
13200	0.32	0.3	0.3	0	0	0.32
13300	0.33	0.29	0.29	0	0	0.33
13400	0.33	0.29	0.29	0	0	0.33
13500	0.33	0.29	0.29	0	0	0.33
13600	0.33	0.29	0.29	0	0	0.33
13700	0.33	0.29	0.29	0	0	0.33
13800	0.32	0.29	0.29	0	0	0.32
13900	0.32	0.29	0.29	0	0	0.32
14000	0.31	0.3	0.3	0	0	0.31
14100	0.32	0.29	0.29	0	0	0.32
14200	0.33	0.29	0.29	0	0	0.33
14300	0.32	0.3	0.3	0	0	0.32
14400	0.32	0.3	0.3	0	0	0.32
14500	0.32	0.31	0.31	0	0	0.32
14600	0.33	0.31	0.31	0	0	0.33
14700	0.33	0.31	0.31	0	0	0.33
14800	0.33	0.31	0.31	0	0	0.33
14900	0.33	0.31	0.31	0	0	0.33
15000	0.33	0.32	0.32	0	0	0.33
15100	0.33	0.32	0.32	0	0	0.33
15200	0.33	0.32	0.32	0	0	0.33
15300	0.33	0.32	0.32	0	0	0.33
15400	0.33	0.32	0.32	0	0	0.33
15500	0.33	0.32	0.32	0	0	0.33
15600	0.33	0.32	0.32	0	0	0.33
15700	0.33	0.32	0.32	0	0	0.33
15800	0.33	0.33	0.33	0	0	0.33
15900	0.33	0.32	0.32	0	0	0.33
16000	0.33	0.33	0.33	0	0	0.33
16100	0.33	0.33	0.33	0	0	0.33
16200	0.33	0.33	0.33	0	0	0.33
16300	0.33	0.34	0.34	0	0	0.33
16400	0.34	0.34	0.34	0	0	0.34
16500	0.33	0.33	0.33	0	0	0.33
16600	0.33	0.34	0.34	0	0	0.33
16700	0.33	0.34	0.34	0	0	0.33
16800	0.33	0.35	0.35	0	0	0.33
16900	0.34	0.35	0.35	0	0	0.34
17000	0.35	0.35	0.35	0	0	0.35
17100	0.34	0.36	0.36	0	0	0.34
17200	0.34	0.35	0.35	0	0	0.34
17300	0.34	0.36	0.36	0	0	0.34
17400	0.34	0.36	0.36	0	0	0.34
17500	0.34	0.37	0.37	0	0	0.34
17600	0.35	0.37	0.37	0	0	0.35
17700	0.34	0.37	0.37	0	0	0.34
17800	0.34	0.37	0.37	0	0	0.34
17900	0.34	0.36	0.36	0	0	0.34
18000	0.34	0.36	0.36	0	0	0.34
18100	0.34	0.37	0.37	0	0	0.34
18200	0.34	0.38	0.38	0	0	0.34
18300	0.33	0.38	0.38	0	0	0.33
18400	0.32	0.37	0.37	0	0	0.32
18500	0.32	0.36	0.36	0	0	0.32
18600	0.31	0.34	0.34	0	0	0.31
18700	0.32	0.34	0.34	0	0	0.32
18800	0.33	0.35	0.35	0	0	0.33
18900	0.32	0.34	0.34	0	0	0.32
19000	0.33	0.32	0.32	0	0	0.33
19100	0.34	0.31	0.31	0	0	0.34
19200	0.34	0.31	0.31	0	0	0.34
19300	0.34	0.3	0.3	0	0	0.34
19400	0.35	0.31	0.31	0	0	0.35
19500	0.35	0.31	0.31	0	0	0.35
19600	0.35	0.31	0.31	0	0	0.35
19700	0.35	0.31	0.31	0	0	0.35
19800	0.35	0.31	0.31	0	0	0.35
19900	0.35	0.32	0.32	0	0	0.35
20000	0.35	0.33	0.33	0	0	0.35
20100	0.35	0.34	0.34	0	0	0.35
20200	0.35	0.34	0.34	0	0	0.35
20300	0.35	0.34	0.34	0	0	0.35
20400	0.36	0.34	0.34	0	0	0.36
20500	0.36	0.32	0.32	0	0	0.36
20600	0.37	0.31	0.31	0	0	0.37
20700	0.37	0.32	0.32	0	0	0.37
20800	0.38	0.32	0.32	0	0	0.38
20900	0.37	0.32	0.32	0	0	0.37
21000	0.36	0.33	0.33	0	0	0.36
21100	0.36	0.33	0.33	0	0	0.36
21200	0.36	0.33	0.33	0	0	0.36
21300	0.36	0.34	0.34	0	0	0.36
21400	0.38	0.32	0.32	0	0	0.38
21500	0.37	0.32	0.32	0	0	0.37
21600	0.37	0.33	0.33	0	0	0.37
21700	0.37	0.32	0.32	0	0	0.37
21800	0.36	0.32	0.32	0	0	0.36
21900	0.36	0.32	0.32	0	0	0.36
22000	0.36	0.32	0.32	0	0	0.36
22100	0.36	0.32	0.32	0	0	0.36
22200	0.37	0.32	0.32	0	0	0.37
22300	0.37	0.32	0.32	0	0	0.37
22400	0.37	0.32	0.32	0	0	0.37
22500	0.37	0.32	0.32	0	0	0.37
22600	0.38	0.33	0.33	0	0	0.38
22700	0.38	0.33	0.33	0	0	0.38
22800	0.38	0.33	0.33	0	0	0.38
22900	0.39	0.32	0.32	0	0	0.39
23000	0.4	0.32	0.32	0	0	0.4
23100	0.4	0.32	0.32	0	0	0.4
23200	0.39	0.32	0.32	0	0	0.39
23300	0.39	0.32	0.32	0	0	0.39
23400	0.39	0.32	0.32	0	0	0.39
23500	0.4	0.32	0.32	0	0	0.4
23600	0.4	0.32	0.32	0	0	0.4
23700	0.4	0.33	0.33	0	0	0.4
23800	0.39	0.32	0.32	0	0	0.39
23900	0.39	0.32	0.32	0	0	0.39
24000	0.39	0.31	0.31	0	0	0.39
24100	0.39	0.31	0.31	0	0	0.39
24200	0.4	0.31	0.31	0	0	0.4
24300	0.4	0.32	0.32	0	0	0.4
24400	0.41	0.31	0.31	0	0	0.41
24500	0.42	0.32	0.32	0	0	0.42
24600	0.43	0.33	0.33	0	0	0.43
24700	0.44	0.32	0.32	0	0	0.44
24800	0.44	0.31	0.31	0	0	0.44
24900	0.44	0.32	0.32	0	0	0.44
25000	0.44	0.31	0.31	0	0	0.44
25100	0.43	0.32	0.32	0	0	0.43
25200	0.43	0.31	0.31	0	0	0.43
25300	0.43	0.3	0.3	0	0	0.43
25400	0.43	0.29	0.29	0	0	0.43
25500	0.43	0.29	0.29	0	0	0.43
25600	0.43	0.29	0.29	0	0	0.43
25700	0.43	0.29	0.29	0	0	0.43
25800	0.43	0.29	0.29	0	0	0.43
25900	0.43	0.29	0.29	0	0	0.43
26000	0.43	0.29	0.29	0	0	0.43
