100	0.06	0.09	0.09	0	0	0.06
200	0.07	0.06	0.06	0	0	0.07
300	0.08	0.06	0.06	0	0	0.08
400	0.08	0.06	0.06	0	0	0.08
500	0.09	0.06	0.06	0	0	0.09
600	0.08	0.06	0.06	0	0	0.08
700	0.09	0.05	0.05	0	0	0.09
800	0.1	0.05	0.05	0	0	0.1
900	0.1	0.06	0.06	0	0	0.1
1000	0.11	0.06	0.06	0	0	0.11
1100	0.11	0.05	0.05	0	0	0.11
1200	0.11	0.07	0.07	0	0	0.11
1300	0.1	0.05	0.05	0	0	0.1
1400	0.1	0.06	0.06	0	0	0.1
1500	0.09	0.08	0.08	0	0	0.09
1600	0.09	0.08	0.08	0	0	0.09
1700	0.09	0.09	0.09	0	0	0.09
1800	0.09	0.11	0.11	0	0	0.09
1900	0.1	0.12	0.12	0	0	0.1
2000	0.1	0.12	0.12	0	0	0.1
2100	0.11	0.11	0.11	0	0	0.11
2200	0.11	0.11	0.11	0	0	0.11
2300	0.12	0.09	0.09	0	0	0.12
2400	0.13	0.1	0.1	0	0	0.13
2500	0.12	0.11	0.11	0	0	0.12
2600	0.11	0.12	0.12	0	0	0.11
2700	0.11	0.12	0.12	0	0	0.11
2800	0.12	0.12	0.12	0	0	0.12
2900	0.12	0.13	0.13	0	0	0.12
3000	0.14	0.13	0.13	0	0	0.14
3100	0.13	0.14	0.14	0	0	0.13
3200	0.12	0.14	0.14	0	0	0.12
3300	0.12	0.15	0.15	0	0	0.12
3400	0.14	0.15	0.15	0	0	0.14
3500	0.13	0.15	0.15	0	0	0.13
3600	0.13	0.15	0.15	0	0	0.13
3700	0.12	0.16	0.16	0	0	0.12
3800	0.12	0.16	0.16	0	0	0.12
3900	0.12	0.16	0.16	0	0	0.12
4000	0.12	0.16	0.16	0	0	0.12
4100	0.11	0.16	0.16	0	0	0.11
4200	0.12	0.15	0.15	0	0	0.12
4300	0.13	0.15	0.15	0	0	0.13
4400	0.11	0.14	0.14	0	0	0.11
4500	0.11	0.14	0.14	0	0	0.11
4600	0.11	0.15	0.15	0	0	0.11
4700	0.11	0.15	0.15	0	0	0.11
4800	0.11	0.15	0.15	0	0	0.11
4900	0.11	0.15	0.15	0	0	0.11
5000	0.13	0.15	0.15	0	0	0.13
5100	0.13	0.16	0.16	0	0	0.13
5200	0.12	0.17	0.17	0	0	0.12
5300	0.13	0.17	0.17	0	0	0.13
5400	0.13	0.17	0.17	0	0	0.13
5500	0.13	0.18	0.18	0	0	0.13
5600	0.14	0.17	0.17	0	0	0.14
5700	0.14	0.15	0.15	0	0	0.14
5800	0.14	0.14	0.14	0	0	0.14
5900	0.14	0.15	0.15	0	0	0.14
6000	0.14	0.15	0.15	0	0	0.14
6100	0.15	0.14	0.14	0	0	0.15
6200	0.16	0.14	0.14	0	0	0.16
6300	0.14	0.14	0.14	0	0	0.14
6400	0.15	0.14	0.14	0	0	0.15
6500	0.15	0.14	0.14	0	0	0.15
6600	0.16	0.15	0.15	0	0	0.16
6700	0.18	0.17	0.17	0	0	0.18
6800	0.18	0.19	0.19	0	0	0.18
6900	0.18	0.22	0.22	0	0	0.18
7000	0.18	0.22	0.22	0	0	0.18
7100	0.19	0.22	0.22	0	0	0.19
7200	0.18	0.22	0.22	0	0	0.18
7300	0.17	0.21	0.21	0	0	0.17
7400	0.15	0.21	0.21	0	0	0.15
7500	0.16	0.2	0.2	0	0	0.16
7600	0.17	0.2	0.2	0	0	0.17
7700	0.18	0.2	0.2	0	0	0.18
7800	0.17	0.19	0.19	0	0	0.17
7900	0.16	0.2	0.2	0	0	0.16
8000	0.17	0.2	0.2	0	0	0.17
8100	0.17	0.21	0.21	0	0	0.17
8200	0.17	0.21	0.21	0	0	0.17
8300	0.16	0.2	0.2	0	0	0.16
8400	0.17	0.19	0.19	0	0	0.17
8500	0.17	0.19	0.19	0	0	0.17
8600	0.18	0.2	0.2	0	0	0.18
8700	0.18	0.19	0.19	0	0	0.18
8800	0.2	0.19	0.19	0	0	0.2
8900	0.21	0.2	0.2	0	0	0.21
9000	0.22	0.21	0.21	0	0	0.22
9100	0.21	0.21	0.21	0	0	0.21
9200	0.21	0.21	0.21	0	0	0.21
9300	0.2	0.21	0.21	0	0	0.2
9400	0.2	0.21	0.21	0	0	0.2
9500	0.2	0.2	0.2	0	0	0.2
9600	0.2	0.21	0.21	0	0	0.2
9700	0.2	0.22	0.22	0	0	0.2
9800	0.2	0.21	0.21	0	0	0.2
9900	0.2	0.21	0.21	0	0	0.2
10000	0.2	0.21	0.21	0	0	0.2
10100	0.19	0.2	0.2	0	0	0.19
10200	0.2	0.2	0.2	0	0	0.2
10300	0.2	0.19	0.19	0	0	0.2
10400	0.2	0.19	0.19	0	0	0.2
10500	0.21	0.19	0.19	0	0	0.21
10600	0.21	0.19	0.19	0	0	0.21
10700	0.2	0.19	0.19	0	0	0.2
10800	0.18	0.19	0.19	0	0	0.18
10900	0.19	0.2	0.2	0	0	0.19
11000	0.18	0.2	0.2	0	0	0.18
11100	0.19	0.21	0.21	0	0	0.19
11200	0.18	0.2	0.2	0	0	0.18
11300	0.19	0.2	0.2	0	0	0.19
11400	0.2	0.2	0.2	0	0	0.2
11500	0.19	0.2	0.2	0	0	0.19
11600	0.18	0.2	0.2	0	0	0.18
11700	0.18	0.2	0.2	0	0	0.18
11800	0.18	0.21	0.21	0	0	0.18
11900	0.17	0.2	0.2	0	0	0.17
12000	0.17	0.19	0.19	0	0	0.17
12100	0.17	0.19	0.19	0	0	0.17
12200	0.17	0.19	0.19	0	0	0.17
12300	0.17	0.19	0.19	0	0	0.17
12400	0.17	0.19	0.19	0	0	0.17
12500	0.18	0.2	0.2	0	0	0.18
12600	0.18	0.19	0.19	0	0	0.18
12700	0.18	0.21	0.21	0	0	0.18
12800	0.18	0.2	0.2	0	0	0.18
12900	0.18	0.21	0.21	0	0	0.18
13000	0.18	0.21	0.21	0	0	0.18
13100	0.18	0.21	0.21	0	0	0.18
13200	0.2	0.22	0.22	0	0	0.2
13300	0.2	0.21	0.21	0	0	0.2
13400	0.2	0.21	0.21	0	0	0.2
13500	0.2	0.21	0.21	0	0	0.2
13600	0.2	0.2	0.2	0	0	0.2
13700	0.2	0.2	0.2	0	0	0.2
13800	0.19	0.2	0.2	0	0	0.19
13900	0.2	0.21	0.21	0	0	0.2
14000	0.2	0.21	0.21	0	0	0.2
14100	0.2	0.21	0.21	0	0	0.2
14200	0.18	0.2	0.2	0	0	0.18
14300	0.19	0.21	0.21	0	0	0.19
14400	0.19	0.2	0.2	0	0	0.19
14500	0.21	0.21	0.21	0	0	0.21
14600	0.2	0.2	0.2	0	0	0.2
14700	0.19	0.21	0.21	0	0	0.19
14800	0.2	0.22	0.22	0	0	0.2
14900	0.22	0.22	0.22	0	0	0.22
15000	0.21	0.24	0.24	0	0	0.21
15100	0.21	0.25	0.25	0	0	0.21
15200	0.21	0.25	0.25	0	0	0.21
15300	0.21	0.19	0.19	0	0	0.21
15400	0.2	0.2	0.2	0	0	0.2
15500	0.21	0.19	0.19	0	0	0.21
15600	0.21	0.21	0.21	0	0	0.21
15700	0.23	0.2	0.2	0	0	0.23
15800	0.24	0.19	0.19	0	0	0.24
15900	0.24	0.2	0.2	0	0	0.24
16000	0.25	0.19	0.19	0	0	0.25
16100	0.24	0.19	0.19	0	0	0.24
16200	0.21	0.21	0.21	0	0	0.21
16300	0.22	0.21	0.21	0	0	0.22
16400	0.22	0.21	0.21	0	0	0.22
16500	0.21	0.21	0.21	0	0	0.21
16600	0.21	0.24	0.24	0	0	0.21
16700	0.22	0.24	0.24	0	0	0.22
16800	0.2	0.25	0.25	0	0	0.2
16900	0.2	0.24	0.24	0	0	0.2
17000	0.2	0.24	0.24	0	0	0.2
17100	0.2	0.23	0.23	0	0	0.2
17200	0.2	0.24	0.24	0	0	0.2
17300	0.2	0.22	0.22	0	0	0.2
17400	0.2	0.21	0.21	0	0	0.2
17500	0.21	0.21	0.21	0	0	0.21
17600	0.22	0.21	0.21	0	0	0.22
17700	0.22	0.22	0.22	0	0	0.22
17800	0.24	0.22	0.22	0	0	0.24
17900	0.23	0.22	0.22	0	0	0.23
18000	0.22	0.22	0.22	0	0	0.22
18100	0.22	0.23	0.23	0	0	0.22
18200	0.22	0.25	0.25	0	0	0.22
18300	0.22	0.26	0.26	0	0	0.22
18400	0.23	0.26	0.26	0	0	0.23
18500	0.23	0.27	0.27	0	0	0.23
18600	0.23	0.28	0.28	0	0	0.23
18700	0.23	0.29	0.29	0	0	0.23
18800	0.22	0.28	0.28	0	0	0.22
18900	0.22	0.27	0.27	0	0	0.22
19000	0.21	0.27	0.27	0	0	0.21
19100	0.21	0.27	0.27	0	0	0.21
19200	0.21	0.28	0.28	0	0	0.21
19300	0.2	0.28	0.28	0	0	0.2
19400	0.21	0.28	0.28	0	0	0.21
19500	0.21	0.27	0.27	0	0	0.21
19600	0.22	0.28	0.28	0	0	0.22
19700	0.23	0.28	0.28	0	0	0.23
19800	0.22	0.29	0.29	0	0	0.22
19900	0.24	0.29	0.29	0	0	0.24
20000	0.23	0.29	0.29	0	0	0.23
20100	0.23	0.3	0.3	0	0	0.23
20200	0.23	0.29	0.29	0	0	0.23
20300	0.22	0.29	0.29	0	0	0.22
20400	0.22	0.3	0.3	0	0	0.22
20500	0.22	0.3	0.3	0	0	0.22
20600	0.24	0.3	0.3	0	0	0.24
20700	0.24	0.29	0.29	0	0	0.24
20800	0.23	0.28	0.28	0	0	0.23
20900	0.23	0.28	0.28	0	0	0.23
21000	0.23	0.28	0.28	0	0	0.23
21100	0.23	0.29	0.29	0	0	0.23
21200	0.23	0.29	0.29	0	0	0.23
21300	0.23	0.29	0.29	0	0	0.23
21400	0.24	0.3	0.3	0	0	0.24
21500	0.26	0.3	0.3	0	0	0.26
21600	0.26	0.3	0.3	0	0	0.26
21700	0.26	0.3	0.3	0	0	0.26
21800	0.26	0.31	0.31	0	0	0.26
21900	0.26	0.31	0.31	0	0	0.26
22000	0.27	0.33	0.33	0	0	0.27
22100	0.28	0.33	0.33	0	0	0.28
22200	0.27	0.33	0.33	0	0	0.27
22300	0.28	0.33	0.33	0	0	0.28
22400	0.29	0.33	0.33	0	0	0.29
22500	0.28	0.32	0.32	0	0	0.28
22600	0.28	0.32	0.32	0	0	0.28
22700	0.28	0.32	0.32	0	0	0.28
22800	0.28	0.31	0.31	0	0	0.28
22900	0.28	0.31	0.31	0	0	0.28
23000	0.28	0.31	0.31	0	0	0.28
23100	0.28	0.32	0.32	0	0	0.28
23200	0.31	0.32	0.32	0	0	0.31
23300	0.32	0.31	0.31	0	0	0.32
23400	0.31	0.32	0.32	0	0	0.31
23500	0.31	0.32	0.32	0	0	0.31
23600	0.31	0.32	0.32	0	0	0.31
23700	0.31	0.31	0.31	0	0	0.31
23800	0.31	0.31	0.31	0	0	0.31
23900	0.31	0.31	0.31	0	0	0.31
24000	0.29	0.31	0.31	0	0	0.29
24100	0.29	0.31	0.31	0	0	0.29
24200	0.28	0.31	0.31	0	0	0.28
24300	0.28	0.32	0.32	0	0	0.28
24400	0.27	0.33	0.33	0	0	0.27
24500	0.27	0.32	0.32	0	0	0.27
24600	0.27	0.32	0.32	0	0	0.27
24700	0.27	0.33	0.33	0	0	0.27
24800	0.27	0.32	0.32	0	0	0.27
24900	0.27	0.33	0.33	0	0	0.27
25000	0.27	0.32	0.32	0	0	0.27
25100	0.27	0.32	0.32	0	0	0.27
25200	0.27	0.33	0.33	0	0	0.27
25300	0.27	0.33	0.33	0	0	0.27
25400	0.27	0.33	0.33	0	0	0.27
25500	0.27	0.33	0.33	0	0	0.27
25600	0.27	0.33	0.33	0	0	0.27
25700	0.27	0.34	0.34	0	0	0.27
25800	0.28	0.36	0.36	0	0	0.28
25900	0.28	0.36	0.36	0	0	0.28
26000	0.27	0.35	0.35	0	0	0.27
26100	0.26	0.35	0.35	0	0	0.26
26200	0.26	0.35	0.35	0	0	0.26
26300	0.26	0.34	0.34	0	0	0.26
26400	0.26	0.34	0.34	0	0	0.26
26500	0.27	0.34	0.34	0	0	0.27
26600	0.26	0.35	0.35	0	0	0.26
26700	0.27	0.35	0.35	0	0	0.27
26800	0.28	0.35	0.35	0	0	0.28
26900	0.28	0.35	0.35	0	0	0.28
27000	0.27	0.36	0.36	0	0	0.27
27100	0.27	0.36	0.36	0	0	0.27
27200	0.27	0.35	0.35	0	0	0.27
27300	0.26	0.35	0.35	0	0	0.26
27400	0.26	0.35	0.35	0	0	0.26
27500	0.26	0.34	0.34	0	0	0.26
27600	0.27	0.34	0.34	0	0	0.27
27700	0.28	0.34	0.34	0	0	0.28
27800	0.28	0.34	0.34	0	0	0.28
27900	0.28	0.34	0.34	0	0	0.28
28000	0.28	0.33	0.33	0	0	0.28
28100	0.28	0.33	0.33	0	0	0.28
28200	0.28	0.32	0.32	0	0	0.28
28300	0.29	0.33	0.33	0	0	0.29
28400	0.29	0.32	0.32	0	0	0.29
28500	0.3	0.32	0.32	0	0	0.3
28600	0.31	0.32	0.32	0	0	0.31
28700	0.31	0.33	0.33	0	0	0.31
28800	0.31	0.33	0.33	0	0	0.31
28900	0.31	0.33	0.33	0	0	0.31
29000	0.32	0.33	0.33	0	0	0.32
29100	0.32	0.33	0.33	0	0	0.32
29200	0.32	0.33	0.33	0	0	0.32
29300	0.32	0.33	0.33	0	0	0.32
29400	0.33	0.33	0.33	0	0	0.33
29500	0.33	0.33	0.33	0	0	0.33
29600	0.33	0.33	0.33	0	0	0.33
29700	0.33	0.33	0.33	0	0	0.33
29800	0.35	0.33	0.33	0	0	0.35
29900	0.35	0.34	0.34	0	0	0.35
30000	0.35	0.34	0.34	0	0	0.35
30100	0.35	0.34	0.34	0	0	0.35
30200	0.34	0.34	0.34	0	0	0.34
30300	0.35	0.34	0.34	0	0	0.35
30400	0.35	0.33	0.33	0	0	0.35
30500	0.36	0.34	0.34	0	0	0.36
30600	0.35	0.35	0.35	0	0	0.35
30700	0.35	0.36	0.36	0	0	0.35
30800	0.34	0.35	0.35	0	0	0.34
30900	0.34	0.35	0.35	0	0	0.34
31000	0.35	0.35	0.35	0	0	0.35
31100	0.35	0.35	0.35	0	0	0.35
31200	0.35	0.36	0.36	0	0	0.35
31300	0.35	0.36	0.36	0	0	0.35
31400	0.35	0.35	0.35	0	0	0.35
31500	0.35	0.35	0.35	0	0	0.35
31600	0.34	0.35	0.35	0	0	0.34
31700	0.37	0.35	0.35	0	0	0.37
31800	0.37	0.35	0.35	0	0	0.37
31900	0.37	0.35	0.35	0	0	0.37
32000	0.37	0.36	0.36	0	0	0.37
32100	0.38	0.36	0.36	0	0	0.38
32200	0.38	0.36	0.36	0	0	0.38
32300	0.38	0.36	0.36	0	0	0.38
32400	0.38	0.35	0.35	0	0	0.38
32500	0.38	0.35	0.35	0	0	0.38
32600	0.39	0.35	0.35	0	0	0.39
32700	0.39	0.35	0.35	0	0	0.39
32800	0.39	0.35	0.35	0	0	0.39
32900	0.4	0.35	0.35	0	0	0.4
33000	0.39	0.36	0.36	0	0	0.39
33100	0.39	0.37	0.37	0	0	0.39
33200	0.39	0.37	0.37	0	0	0.39
33300	0.39	0.37	0.37	0	0	0.39
33400	0.38	0.37	0.37	0	0	0.38
33500	0.38	0.36	0.36	0	0	0.38
33600	0.39	0.36	0.36	0	0	0.39
33700	0.39	0.37	0.37	0	0	0.39
33800	0.38	0.37	0.37	0	0	0.38
33900	0.38	0.37	0.37	0	0	0.38
34000	0.38	0.37	0.37	0	0	0.38
34100	0.38	0.37	0.37	0	0	0.38
34200	0.4	0.37	0.37	0	0	0.4
34300	0.41	0.37	0.37	0	0	0.41
34400	0.41	0.37	0.37	0	0	0.41
34500	0.4	0.37	0.37	0	0	0.4
34600	0.4	0.38	0.38	0	0	0.4
34700	0.4	0.38	0.38	0	0	0.4
34800	0.4	0.38	0.38	0	0	0.4
34900	0.4	0.38	0.38	0	0	0.4
35000	0.41	0.39	0.39	0	0	0.41
35100	0.41	0.39	0.39	0	0	0.41
35200	0.41	0.39	0.39	0	0	0.41
35300	0.42	0.38	0.38	0	0	0.42
35400	0.42	0.38	0.38	0	0	0.42
35500	0.41	0.38	0.38	0	0	0.41
35600	0.42	0.38	0.38	0	0	0.42
35700	0.41	0.38	0.38	0	0	0.41
35800	0.41	0.38	0.38	0	0	0.41
35900	0.4	0.38	0.38	0	0	0.4
36000	0.4	0.38	0.38	0	0	0.4
36100	0.4	0.38	0.38	0	0	0.4
36200	0.4	0.39	0.39	0	0	0.4
36300	0.4	0.39	0.39	0	0	0.4
36400	0.4	0.39	0.39	0	0	0.4
36500	0.41	0.39	0.39	0	0	0.41
36600	0.41	0.39	0.39	0	0	0.41
36700	0.41	0.39	0.39	0	0	0.41
36800	0.4	0.39	0.39	0	0	0.4
36900	0.41	0.39	0.39	0	0	0.41
37000	0.41	0.39	0.39	0	0	0.41
37100	0.41	0.4	0.4	0	0	0.41
37200	0.41	0.4	0.4	0	0	0.41
37300	0.41	0.4	0.4	0	0	0.41
37400	0.41	0.4	0.4	0	0	0.41
37500	0.42	0.4	0.4	0	0	0.42
37600	0.42	0.4	0.4	0	0	0.42
37700	0.42	0.4	0.4	0	0	0.42
37800	0.43	0.4	0.4	0	0	0.43
37900	0.43	0.42	0.42	0	0	0.43
38000	0.43	0.4	0.4	0	0	0.43
38100	0.43	0.41	0.41	0	0	0.43
38200	0.43	0.41	0.41	0	0	0.43
38300	0.43	0.41	0.41	0	0	0.43
38400	0.43	0.41	0.41	0	0	0.43
38500	0.43	0.41	0.41	0	0	0.43
38600	0.42	0.41	0.41	0	0	0.42
38700	0.42	0.41	0.41	0	0	0.42
38800	0.42	0.41	0.41	0	0	0.42
38900	0.42	0.41	0.41	0	0	0.42
39000	0.42	0.42	0.42	0	0	0.42
39100	0.41	0.4	0.4	0	0	0.41
39200	0.41	0.4	0.4	0	0	0.41
39300	0.41	0.39	0.39	0	0	0.41
39400	0.41	0.4	0.4	0	0	0.41
39500	0.4	0.4	0.4	0	0	0.4
39600	0.4	0.4	0.4	0	0	0.4
39700	0.4	0.4	0.4	0	0	0.4
39800	0.4	0.4	0.4	0	0	0.4
39900	0.4	0.4	0.4	0	0	0.4
40000	0.4	0.41	0.41	0	0	0.4
40100	0.4	0.42	0.42	0	0	0.4
40200	0.4	0.42	0.42	0	0	0.4
40300	0.4	0.42	0.42	0	0	0.4
40400	0.4	0.42	0.42	0	0	0.4
40500	0.41	0.42	0.42	0	0	0.41
40600	0.42	0.41	0.41	0	0	0.42
40700	0.42	0.41	0.41	0	0	0.42
40800	0.42	0.41	0.41	0	0	0.42
40900	0.42	0.42	0.42	0	0	0.42
41000	0.43	0.42	0.42	0	0	0.43
41100	0.43	0.42	0.42	0	0	0.43
41200	0.43	0.42	0.42	0	0	0.43
41300	0.43	0.42	0.42	0	0	0.43
41400	0.44	0.42	0.42	0	0	0.44
41500	0.43	0.41	0.41	0	0	0.43
41600	0.43	0.41	0.41	0	0	0.43
41700	0.42	0.4	0.4	0	0	0.42
41800	0.43	0.39	0.39	0	0	0.43
41900	0.43	0.39	0.39	0	0	0.43
42000	0.43	0.39	0.39	0	0	0.43
42100	0.43	0.39	0.39	0	0	0.43
42200	0.43	0.4	0.4	0	0	0.43
42300	0.43	0.4	0.4	0	0	0.43
42400	0.43	0.4	0.4	0	0	0.43
42500	0.42	0.4	0.4	0	0	0.42
42600	0.42	0.4	0.4	0	0	0.42
42700	0.43	0.4	0.4	0	0	0.43
42800	0.43	0.4	0.4	0	0	0.43
42900	0.43	0.41	0.41	0	0	0.43
43000	0.43	0.41	0.41	0	0	0.43
43100	0.43	0.41	0.41	0	0	0.43
43200	0.43	0.41	0.41	0	0	0.43
43300	0.43	0.41	0.41	0	0	0.43
43400	0.43	0.42	0.42	0	0	0.43
43500	0.44	0.42	0.42	0	0	0.44
43600	0.44	0.42	0.42	0	0	0.44
43700	0.44	0.43	0.43	0	0	0.44
43800	0.44	0.42	0.42	0	0	0.44
43900	0.44	0.41	0.41	0	0	0.44
44000	0.45	0.42	0.42	0	0	0.45
44100	0.45	0.42	0.42	0	0	0.45
44200	0.45	0.42	0.42	0	0	0.45
44300	0.44	0.42	0.42	0	0	0.44
44400	0.44	0.42	0.42	0	0	0.44
44500	0.44	0.42	0.42	0	0	0.44
44600	0.43	0.42	0.42	0	0	0.43
44700	0.43	0.42	0.42	0	0	0.43
44800	0.43	0.42	0.42	0	0	0.43
44900	0.43	0.42	0.42	0	0	0.43
45000	0.43	0.43	0.43	0	0	0.43
45100	0.43	0.43	0.43	0	0	0.43
45200	0.43	0.43	0.43	0	0	0.43
45300	0.43	0.43	0.43	0	0	0.43
45400	0.43	0.43	0.43	0	0	0.43
45500	0.43	0.43	0.43	0	0	0.43
45600	0.43	0.43	0.43	0	0	0.43
45700	0.43	0.43	0.43	0	0	0.43
45800	0.43	0.43	0.43	0	0	0.43
45900	0.43	0.43	0.43	0	0	0.43
46000	0.44	0.43	0.43	0	0	0.44
46100	0.44	0.43	0.43	0	0	0.44
46200	0.44	0.43	0.43	0	0	0.44
46300	0.44	0.43	0.43	0	0	0.44
46400	0.44	0.43	0.43	0	0	0.44
46500	0.43	0.43	0.43	0	0	0.43
46600	0.42	0.43	0.43	0	0	0.42
46700	0.42	0.43	0.43	0	0	0.42
46800	0.42	0.43	0.43	0	0	0.42
46900	0.42	0.43	0.43	0	0	0.42
47000	0.42	0.43	0.43	0	0	0.42
47100	0.42	0.43	0.43	0	0	0.42
47200	0.42	0.43	0.43	0	0	0.42
47300	0.43	0.43	0.43	0	0	0.43
47400	0.43	0.44	0.44	0	0	0.43
47500	0.43	0.44	0.44	0	0	0.43
47600	0.43	0.44	0.44	0	0	0.43
47700	0.43	0.44	0.44	0	0	0.43
47800	0.43	0.44	0.44	0	0	0.43
47900	0.44	0.44	0.44	0	0	0.44
48000	0.43	0.44	0.44	0	0	0.43
48100	0.43	0.44	0.44	0	0	0.43
48200	0.43	0.44	0.44	0	0	0.43
48300	0.43	0.43	0.43	0	0	0.43
48400	0.43	0.44	0.44	0	0	0.43
48500	0.43	0.44	0.44	0	0	0.43
48600	0.42	0.44	0.44	0	0	0.42
48700	0.42	0.43	0.43	0	0	0.42
48800	0.42	0.43	0.43	0	0	0.42
48900	0.41	0.43	0.43	0	0	0.41
49000	0.41	0.43	0.43	0	0	0.41
49100	0.41	0.43	0.43	0	0	0.41
49200	0.41	0.43	0.43	0	0	0.41
49300	0.41	0.43	0.43	0	0	0.41
49400	0.41	0.43	0.43	0	0	0.41
49500	0.41	0.43	0.43	0	0	0.41
49600	0.41	0.44	0.44	0	0	0.41
49700	0.41	0.44	0.44	0	0	0.41
49800	0.41	0.44	0.44	0	0	0.41
49900	0.4	0.44	0.44	0	0	0.4
50000	0.4	0.44	0.44	0	0	0.4
50100	0.4	0.44	0.44	0	0	0.4
50200	0.4	0.44	0.44	0	0	0.4
50300	0.41	0.44	0.44	0	0	0.41
50400	0.41	0.44	0.44	0	0	0.41
50500	0.41	0.44	0.44	0	0	0.41
50600	0.41	0.44	0.44	0	0	0.41
50700	0.41	0.44	0.44	0	0	0.41
50800	0.41	0.44	0.44	0	0	0.41
50900	0.4	0.44	0.44	0	0	0.4
51000	0.4	0.44	0.44	0	0	0.4
51100	0.4	0.44	0.44	0	0	0.4
51200	0.4	0.44	0.44	0	0	0.4
51300	0.4	0.44	0.44	0	0	0.4
51400	0.4	0.44	0.44	0	0	0.4
51500	0.4	0.44	0.44	0	0	0.4
51600	0.4	0.45	0.45	0	0	0.4
51700	0.4	0.45	0.45	0	0	0.4
51800	0.4	0.45	0.45	0	0	0.4
51900	0.4	0.45	0.45	0	0	0.4
52000	0.4	0.45	0.45	0	0	0.4
52100	0.41	0.45	0.45	0	0	0.41
52200	0.4	0.45	0.45	0	0	0.4
52300	0.4	0.45	0.45	0	0	0.4
52400	0.41	0.45	0.45	0	0	0.41
52500	0.4	0.45	0.45	0	0	0.4
52600	0.4	0.45	0.45	0	0	0.4
52700	0.4	0.45	0.45	0	0	0.4
52800	0.4	0.45	0.45	0	0	0.4
52900	0.4	0.45	0.45	0	0	0.4
53000	0.4	0.45	0.45	0	0	0.4
53100	0.4	0.45	0.45	0	0	0.4
53200	0.4	0.44	0.44	0	0	0.4
53300	0.4	0.44	0.44	0	0	0.4
53400	0.4	0.45	0.45	0	0	0.4
53500	0.4	0.46	0.46	0	0	0.4
53600	0.4	0.46	0.46	0	0	0.4
53700	0.4	0.46	0.46	0	0	0.4
53800	0.4	0.46	0.46	0	0	0.4
53900	0.41	0.46	0.46	0	0	0.41
54000	0.41	0.46	0.46	0	0	0.41
54100	0.41	0.46	0.46	0	0	0.41
54200	0.4	0.45	0.45	0	0	0.4
54300	0.41	0.45	0.45	0	0	0.41
54400	0.41	0.45	0.45	0	0	0.41
54500	0.41	0.45	0.45	0	0	0.41
54600	0.41	0.45	0.45	0	0	0.41
54700	0.41	0.46	0.46	0	0	0.41
54800	0.41	0.46	0.46	0	0	0.41
54900	0.42	0.46	0.46	0	0	0.42
55000	0.42	0.47	0.47	0	0	0.42
55100	0.42	0.47	0.47	0	0	0.42
55200	0.41	0.47	0.47	0	0	0.41
55300	0.41	0.47	0.47	0	0	0.41
55400	0.41	0.47	0.47	0	0	0.41
55500	0.41	0.47	0.47	0	0	0.41
55600	0.41	0.47	0.47	0	0	0.41
55700	0.41	0.47	0.47	0	0	0.41
55800	0.41	0.47	0.47	0	0	0.41
55900	0.42	0.47	0.47	0	0	0.42
56000	0.42	0.47	0.47	0	0	0.42
56100	0.41	0.47	0.47	0	0	0.41
56200	0.41	0.47	0.47	0	0	0.41
56300	0.41	0.47	0.47	0	0	0.41
56400	0.41	0.48	0.48	0	0	0.41
56500	0.41	0.49	0.49	0	0	0.41
56600	0.41	0.48	0.48	0	0	0.41
56700	0.41	0.48	0.48	0	0	0.41
56800	0.41	0.47	0.47	0	0	0.41
56900	0.4	0.47	0.47	0	0	0.4
57000	0.41	0.47	0.47	0	0	0.41
57100	0.41	0.47	0.47	0	0	0.41
57200	0.41	0.47	0.47	0	0	0.41
57300	0.42	0.47	0.47	0	0	0.42
57400	0.42	0.47	0.47	0	0	0.42
57500	0.42	0.46	0.46	0	0	0.42
57600	0.42	0.46	0.46	0	0	0.42
57700	0.42	0.46	0.46	0	0	0.42
57800	0.42	0.46	0.46	0	0	0.42
57900	0.42	0.46	0.46	0	0	0.42
58000	0.42	0.46	0.46	0	0	0.42
58100	0.42	0.46	0.46	0	0	0.42
58200	0.42	0.46	0.46	0	0	0.42
58300	0.42	0.46	0.46	0	0	0.42
58400	0.43	0.45	0.45	0	0	0.43
58500	0.42	0.45	0.45	0	0	0.42
58600	0.42	0.45	0.45	0	0	0.42
58700	0.42	0.45	0.45	0	0	0.42
58800	0.42	0.45	0.45	0	0	0.42
58900	0.42	0.45	0.45	0	0	0.42
59000	0.42	0.45	0.45	0	0	0.42
59100	0.42	0.45	0.45	0	0	0.42
59200	0.42	0.45	0.45	0	0	0.42
59300	0.42	0.45	0.45	0	0	0.42
59400	0.42	0.45	0.45	0	0	0.42
59500	0.42	0.45	0.45	0	0	0.42
59600	0.42	0.45	0.45	0	0	0.42
59700	0.42	0.45	0.45	0	0	0.42
59800	0.42	0.45	0.45	0	0	0.42
59900	0.42	0.45	0.45	0	0	0.42
60000	0.42	0.45	0.45	0	0	0.42
60100	0.42	0.45	0.45	0	0	0.42
60200	0.42	0.45	0.45	0	0	0.42
60300	0.42	0.44	0.44	0	0	0.42
60400	0.42	0.44	0.44	0	0	0.42
60500	0.42	0.44	0.44	0	0	0.42
60600	0.42	0.44	0.44	0	0	0.42
60700	0.42	0.44	0.44	0	0	0.42
60800	0.42	0.44	0.44	0	0	0.42
60900	0.42	0.44	0.44	0	0	0.42
61000	0.42	0.44	0.44	0	0	0.42
61100	0.43	0.44	0.44	0	0	0.43
61200	0.43	0.44	0.44	0	0	0.43
61300	0.43	0.44	0.44	0	0	0.43
61400	0.43	0.44	0.44	0	0	0.43
61500	0.44	0.44	0.44	0	0	0.44
61600	0.43	0.44	0.44	0	0	0.43
61700	0.43	0.44	0.44	0	0	0.43
61800	0.43	0.44	0.44	0	0	0.43
61900	0.43	0.45	0.45	0	0	0.43
62000	0.43	0.45	0.45	0	0	0.43
62100	0.43	0.45	0.45	0	0	0.43
62200	0.43	0.45	0.45	0	0	0.43
62300	0.43	0.45	0.45	0	0	0.43
62400	0.42	0.45	0.45	0	0	0.42
62500	0.42	0.45	0.45	0	0	0.42
62600	0.42	0.45	0.45	0	0	0.42
62700	0.42	0.45	0.45	0	0	0.42
62800	0.42	0.45	0.45	0	0	0.42
62900	0.42	0.45	0.45	0	0	0.42
63000	0.42	0.45	0.45	0	0	0.42
63100	0.42	0.45	0.45	0	0	0.42
63200	0.42	0.45	0.45	0	0	0.42
63300	0.41	0.45	0.45	0	0	0.41
63400	0.41	0.45	0.45	0	0	0.41
63500	0.41	0.45	0.45	0	0	0.41
63600	0.4	0.45	0.45	0	0	0.4
63700	0.4	0.45	0.45	0	0	0.4
63800	0.4	0.45	0.45	0	0	0.4
63900	0.4	0.45	0.45	0	0	0.4
64000	0.39	0.45	0.45	0	0	0.39
64100	0.39	0.45	0.45	0	0	0.39
64200	0.39	0.45	0.45	0	0	0.39
64300	0.39	0.45	0.45	0	0	0.39
64400	0.38	0.45	0.45	0	0	0.38
64500	0.38	0.45	0.45	0	0	0.38
64600	0.39	0.45	0.45	0	0	0.39
64700	0.38	0.45	0.45	0	0	0.38
64800	0.38	0.45	0.45	0	0	0.38
64900	0.39	0.45	0.45	0	0	0.39
65000	0.38	0.45	0.45	0	0	0.38
65100	0.38	0.45	0.45	0	0	0.38
65200	0.37	0.45	0.45	0	0	0.37
65300	0.37	0.45	0.45	0	0	0.37
65400	0.38	0.45	0.45	0	0	0.38
65500	0.38	0.45	0.45	0	0	0.38
65600	0.38	0.45	0.45	0	0	0.38
65700	0.38	0.46	0.46	0	0	0.38
65800	0.39	0.46	0.46	0	0	0.39
65900	0.39	0.46	0.46	0	0	0.39
66000	0.39	0.46	0.46	0	0	0.39
66100	0.39	0.46	0.46	0	0	0.39
66200	0.39	0.46	0.46	0	0	0.39
66300	0.39	0.45	0.45	0	0	0.39
66400	0.39	0.45	0.45	0	0	0.39
66500	0.38	0.44	0.44	0	0	0.38
66600	0.38	0.45	0.45	0	0	0.38
66700	0.38	0.45	0.45	0	0	0.38
66800	0.38	0.45	0.45	0	0	0.38
66900	0.38	0.45	0.45	0	0	0.38
67000	0.38	0.45	0.45	0	0	0.38
67100	0.37	0.45	0.45	0	0	0.37
67200	0.37	0.45	0.45	0	0	0.37
67300	0.38	0.44	0.44	0	0	0.38
67400	0.38	0.44	0.44	0	0	0.38
67500	0.38	0.44	0.44	0	0	0.38
67600	0.38	0.44	0.44	0	0	0.38
67700	0.38	0.44	0.44	0	0	0.38
67800	0.38	0.44	0.44	0	0	0.38
67900	0.38	0.44	0.44	0	0	0.38
68000	0.38	0.45	0.45	0	0	0.38
68100	0.39	0.45	0.45	0	0	0.39
68200	0.38	0.45	0.45	0	0	0.38
68300	0.38	0.45	0.45	0	0	0.38
68400	0.38	0.45	0.45	0	0	0.38
68500	0.38	0.45	0.45	0	0	0.38
68600	0.38	0.45	0.45	0	0	0.38
68700	0.37	0.45	0.45	0	0	0.37
68800	0.37	0.46	0.46	0	0	0.37
68900	0.38	0.46	0.46	0	0	0.38
69000	0.38	0.46	0.46	0	0	0.38
69100	0.39	0.46	0.46	0	0	0.39
69200	0.39	0.47	0.47	0	0	0.39
69300	0.39	0.47	0.47	0	0	0.39
69400	0.39	0.47	0.47	0	0	0.39
69500	0.39	0.48	0.48	0	0	0.39
69600	0.38	0.48	0.48	0	0	0.38
69700	0.38	0.48	0.48	0	0	0.38
69800	0.38	0.48	0.48	0	0	0.38
69900	0.38	0.48	0.48	0	0	0.38
70000	0.38	0.48	0.48	0	0	0.38
70100	0.39	0.48	0.48	0	0	0.39
70200	0.39	0.48	0.48	0	0	0.39
70300	0.38	0.48	0.48	0	0	0.38
70400	0.38	0.48	0.48	0	0	0.38
70500	0.38	0.48	0.48	0	0	0.38
70600	0.4	0.48	0.48	0	0	0.4
70700	0.4	0.48	0.48	0	0	0.4
70800	0.4	0.48	0.48	0	0	0.4
70900	0.4	0.48	0.48	0	0	0.4
71000	0.39	0.48	0.48	0	0	0.39
71100	0.39	0.48	0.48	0	0	0.39
71200	0.39	0.48	0.48	0	0	0.39
71300	0.39	0.48	0.48	0	0	0.39
71400	0.4	0.48	0.48	0	0	0.4
71500	0.4	0.48	0.48	0	0	0.4
71600	0.4	0.48	0.48	0	0	0.4
71700	0.4	0.48	0.48	0	0	0.4
71800	0.4	0.48	0.48	0	0	0.4
71900	0.4	0.48	0.48	0	0	0.4
72000	0.4	0.49	0.49	0	0	0.4
72100	0.4	0.48	0.48	0	0	0.4
72200	0.4	0.48	0.48	0	0	0.4
72300	0.4	0.49	0.49	0	0	0.4
72400	0.4	0.49	0.49	0	0	0.4
72500	0.4	0.49	0.49	0	0	0.4
72600	0.4	0.49	0.49	0	0	0.4
72700	0.4	0.49	0.49	0	0	0.4
72800	0.4	0.49	0.49	0	0	0.4
72900	0.4	0.49	0.49	0	0	0.4
73000	0.4	0.49	0.49	0	0	0.4
73100	0.4	0.49	0.49	0	0	0.4
73200	0.4	0.49	0.49	0	0	0.4
73300	0.4	0.49	0.49	0	0	0.4
73400	0.4	0.49	0.49	0	0	0.4
73500	0.4	0.49	0.49	0	0	0.4
73600	0.4	0.5	0.5	0	0	0.4
73700	0.4	0.5	0.5	0	0	0.4
73800	0.41	0.5	0.5	0	0	0.41
73900	0.4	0.5	0.5	0	0	0.4
74000	0.4	0.49	0.49	0	0	0.4
74100	0.39	0.48	0.48	0	0	0.39
74200	0.38	0.48	0.48	0	0	0.38
74300	0.39	0.48	0.48	0	0	0.39
74400	0.38	0.48	0.48	0	0	0.38
74500	0.38	0.48	0.48	0	0	0.38
74600	0.37	0.48	0.48	0	0	0.37
74700	0.37	0.48	0.48	0	0	0.37
74800	0.37	0.48	0.48	0	0	0.37
74900	0.37	0.48	0.48	0	0	0.37
75000	0.37	0.48	0.48	0	0	0.37
75100	0.37	0.48	0.48	0	0	0.37
75200	0.38	0.48	0.48	0	0	0.38
75300	0.38	0.48	0.48	0	0	0.38
75400	0.37	0.48	0.48	0	0	0.37
75500	0.37	0.48	0.48	0	0	0.37
75600	0.37	0.47	0.47	0	0	0.37
75700	0.38	0.47	0.47	0	0	0.38
75800	0.38	0.47	0.47	0	0	0.38
75900	0.39	0.47	0.47	0	0	0.39
76000	0.39	0.47	0.47	0	0	0.39
76100	0.39	0.47	0.47	0	0	0.39
76200	0.39	0.47	0.47	0	0	0.39
76300	0.39	0.47	0.47	0	0	0.39
76400	0.38	0.47	0.47	0	0	0.38
76500	0.38	0.47	0.47	0	0	0.38
76600	0.38	0.48	0.48	0	0	0.38
76700	0.37	0.48	0.48	0	0	0.37
76800	0.38	0.48	0.48	0	0	0.38
76900	0.38	0.48	0.48	0	0	0.38
77000	0.38	0.48	0.48	0	0	0.38
77100	0.37	0.48	0.48	0	0	0.37
77200	0.36	0.48	0.48	0	0	0.36
77300	0.36	0.48	0.48	0	0	0.36
77400	0.36	0.48	0.48	0	0	0.36
77500	0.36	0.48	0.48	0	0	0.36
77600	0.36	0.48	0.48	0	0	0.36
77700	0.36	0.49	0.49	0	0	0.36
77800	0.36	0.49	0.49	0	0	0.36
77900	0.38	0.48	0.48	0	0	0.38
78000	0.39	0.48	0.48	0	0	0.39
78100	0.37	0.48	0.48	0	0	0.37
78200	0.37	0.47	0.47	0	0	0.37
78300	0.37	0.47	0.47	0	0	0.37
78400	0.37	0.47	0.47	0	0	0.37
78500	0.37	0.47	0.47	0	0	0.37
78600	0.37	0.47	0.47	0	0	0.37
78700	0.37	0.47	0.47	0	0	0.37
78800	0.37	0.47	0.47	0	0	0.37
78900	0.37	0.47	0.47	0	0	0.37
79000	0.36	0.47	0.47	0	0	0.36
79100	0.35	0.48	0.48	0	0	0.35
79200	0.35	0.48	0.48	0	0	0.35
79300	0.35	0.47	0.47	0	0	0.35
79400	0.35	0.47	0.47	0	0	0.35
79500	0.35	0.47	0.47	0	0	0.35
79600	0.34	0.47	0.47	0	0	0.34
79700	0.33	0.47	0.47	0	0	0.33
79800	0.35	0.47	0.47	0	0	0.35
79900	0.35	0.47	0.47	0	0	0.35
80000	0.35	0.47	0.47	0	0	0.35
80100	0.35	0.47	0.47	0	0	0.35
80200	0.35	0.47	0.47	0	0	0.35
80300	0.35	0.47	0.47	0	0	0.35
80400	0.37	0.47	0.47	0	0	0.37
80500	0.36	0.47	0.47	0	0	0.36
80600	0.36	0.48	0.48	0	0	0.36
80700	0.36	0.48	0.48	0	0	0.36
80800	0.36	0.48	0.48	0	0	0.36
80900	0.36	0.48	0.48	0	0	0.36
81000	0.36	0.47	0.47	0	0	0.36
81100	0.36	0.47	0.47	0	0	0.36
81200	0.35	0.47	0.47	0	0	0.35
81300	0.35	0.47	0.47	0	0	0.35
81400	0.35	0.47	0.47	0	0	0.35
81500	0.35	0.47	0.47	0	0	0.35
81600	0.35	0.47	0.47	0	0	0.35
81700	0.35	0.47	0.47	0	0	0.35
81800	0.35	0.48	0.48	0	0	0.35
81900	0.35	0.48	0.48	0	0	0.35
82000	0.34	0.48	0.48	0	0	0.34
82100	0.34	0.48	0.48	0	0	0.34
82200	0.34	0.48	0.48	0	0	0.34
82300	0.34	0.48	0.48	0	0	0.34
82400	0.34	0.48	0.48	0	0	0.34
82500	0.34	0.48	0.48	0	0	0.34
82600	0.34	0.48	0.48	0	0	0.34
82700	0.34	0.48	0.48	0	0	0.34
82800	0.34	0.48	0.48	0	0	0.34
82900	0.35	0.49	0.49	0	0	0.35
83000	0.35	0.49	0.49	0	0	0.35
83100	0.35	0.49	0.49	0	0	0.35
83200	0.34	0.49	0.49	0	0	0.34
83300	0.34	0.49	0.49	0	0	0.34
83400	0.34	0.49	0.49	0	0	0.34
83500	0.34	0.49	0.49	0	0	0.34
83600	0.34	0.49	0.49	0	0	0.34
83700	0.34	0.49	0.49	0	0	0.34
83800	0.34	0.49	0.49	0	0	0.34
83900	0.34	0.49	0.49	0	0	0.34
84000	0.34	0.49	0.49	0	0	0.34
84100	0.35	0.49	0.49	0	0	0.35
84200	0.36	0.49	0.49	0	0	0.36
84300	0.35	0.49	0.49	0	0	0.35
84400	0.35	0.49	0.49	0	0	0.35
84500	0.35	0.49	0.49	0	0	0.35
84600	0.35	0.49	0.49	0	0	0.35
84700	0.35	0.49	0.49	0	0	0.35
84800	0.35	0.49	0.49	0	0	0.35
84900	0.35	0.49	0.49	0	0	0.35
85000	0.35	0.49	0.49	0	0	0.35
85100	0.35	0.49	0.49	0	0	0.35
85200	0.35	0.49	0.49	0	0	0.35
85300	0.35	0.49	0.49	0	0	0.35
85400	0.36	0.49	0.49	0	0	0.36
85500	0.35	0.49	0.49	0	0	0.35
85600	0.35	0.49	0.49	0	0	0.35
85700	0.35	0.49	0.49	0	0	0.35
85800	0.35	0.49	0.49	0	0	0.35
85900	0.35	0.49	0.49	0	0	0.35
86000	0.35	0.49	0.49	0	0	0.35
86100	0.35	0.49	0.49	0	0	0.35
86200	0.35	0.49	0.49	0	0	0.35
86300	0.35	0.49	0.49	0	0	0.35
86400	0.35	0.49	0.49	0	0	0.35
86500	0.35	0.49	0.49	0	0	0.35
86600	0.35	0.49	0.49	0	0	0.35
86700	0.35	0.49	0.49	0	0	0.35
86800	0.35	0.49	0.49	0	0	0.35
86900	0.35	0.49	0.49	0	0	0.35
87000	0.35	0.49	0.49	0	0	0.35
87100	0.35	0.49	0.49	0	0	0.35
87200	0.35	0.49	0.49	0	0	0.35
87300	0.35	0.49	0.49	0	0	0.35
87400	0.35	0.49	0.49	0	0	0.35
87500	0.35	0.49	0.49	0	0	0.35
87600	0.34	0.49	0.49	0	0	0.34
87700	0.34	0.49	0.49	0	0	0.34
87800	0.34	0.49	0.49	0	0	0.34
87900	0.34	0.49	0.49	0	0	0.34
88000	0.34	0.49	0.49	0	0	0.34
88100	0.34	0.49	0.49	0	0	0.34
88200	0.34	0.49	0.49	0	0	0.34
88300	0.34	0.49	0.49	0	0	0.34
88400	0.34	0.49	0.49	0	0	0.34
88500	0.35	0.49	0.49	0	0	0.35
88600	0.35	0.49	0.49	0	0	0.35
88700	0.35	0.49	0.49	0	0	0.35
88800	0.35	0.49	0.49	0	0	0.35
88900	0.35	0.49	0.49	0	0	0.35
89000	0.35	0.49	0.49	0	0	0.35
89100	0.35	0.49	0.49	0	0	0.35
89200	0.35	0.49	0.49	0	0	0.35
89300	0.35	0.49	0.49	0	0	0.35
89400	0.35	0.49	0.49	0	0	0.35
89500	0.35	0.49	0.49	0	0	0.35
89600	0.35	0.49	0.49	0	0	0.35
89700	0.35	0.49	0.49	0	0	0.35
89800	0.35	0.49	0.49	0	0	0.35
89900	0.35	0.49	0.49	0	0	0.35
90000	0.35	0.49	0.49	0	0	0.35
90100	0.35	0.49	0.49	0	0	0.35
90200	0.36	0.49	0.49	0	0	0.36
90300	0.35	0.49	0.49	0	0	0.35
90400	0.35	0.49	0.49	0	0	0.35
90500	0.34	0.49	0.49	0	0	0.34
90600	0.34	0.49	0.49	0	0	0.34
90700	0.35	0.49	0.49	0	0	0.35
90800	0.33	0.5	0.5	0	0	0.33
90900	0.34	0.5	0.5	0	0	0.34
91000	0.34	0.5	0.5	0	0	0.34
91100	0.34	0.5	0.5	0	0	0.34
91200	0.34	0.5	0.5	0	0	0.34
91300	0.34	0.49	0.49	0	0	0.34
91400	0.34	0.49	0.49	0	0	0.34
91500	0.33	0.49	0.49	0	0	0.33
91600	0.33	0.49	0.49	0	0	0.33
91700	0.33	0.49	0.49	0	0	0.33
91800	0.33	0.49	0.49	0	0	0.33
91900	0.33	0.49	0.49	0	0	0.33
92000	0.33	0.49	0.49	0	0	0.33
92100	0.33	0.49	0.49	0	0	0.33
92200	0.33	0.49	0.49	0	0	0.33
92300	0.33	0.49	0.49	0	0	0.33
92400	0.33	0.49	0.49	0	0	0.33
92500	0.32	0.49	0.49	0	0	0.32
92600	0.32	0.49	0.49	0	0	0.32
92700	0.32	0.49	0.49	0	0	0.32
92800	0.32	0.48	0.48	0	0	0.32
92900	0.33	0.49	0.49	0	0	0.33
93000	0.34	0.49	0.49	0	0	0.34
93100	0.34	0.48	0.48	0	0	0.34
93200	0.34	0.48	0.48	0	0	0.34
93300	0.33	0.48	0.48	0	0	0.33
93400	0.33	0.48	0.48	0	0	0.33
93500	0.33	0.48	0.48	0	0	0.33
93600	0.33	0.48	0.48	0	0	0.33
93700	0.33	0.48	0.48	0	0	0.33
93800	0.33	0.48	0.48	0	0	0.33
93900	0.34	0.48	0.48	0	0	0.34
94000	0.33	0.48	0.48	0	0	0.33
94100	0.33	0.48	0.48	0	0	0.33
94200	0.33	0.48	0.48	0	0	0.33
94300	0.33	0.48	0.48	0	0	0.33
94400	0.33	0.49	0.49	0	0	0.33
94500	0.34	0.49	0.49	0	0	0.34
94600	0.34	0.48	0.48	0	0	0.34
94700	0.34	0.48	0.48	0	0	0.34
94800	0.34	0.48	0.48	0	0	0.34
94900	0.35	0.48	0.48	0	0	0.35
95000	0.34	0.48	0.48	0	0	0.34
95100	0.34	0.49	0.49	0	0	0.34
95200	0.33	0.49	0.49	0	0	0.33
95300	0.33	0.49	0.49	0	0	0.33
95400	0.33	0.49	0.49	0	0	0.33
95500	0.33	0.49	0.49	0	0	0.33
95600	0.33	0.49	0.49	0	0	0.33
95700	0.33	0.49	0.49	0	0	0.33
95800	0.35	0.49	0.49	0	0	0.35
95900	0.33	0.49	0.49	0	0	0.33
96000	0.33	0.49	0.49	0	0	0.33
96100	0.33	0.49	0.49	0	0	0.33
96200	0.33	0.49	0.49	0	0	0.33
96300	0.33	0.49	0.49	0	0	0.33
96400	0.32	0.49	0.49	0	0	0.32
96500	0.32	0.49	0.49	0	0	0.32
96600	0.32	0.49	0.49	0	0	0.32
96700	0.33	0.49	0.49	0	0	0.33
96800	0.33	0.49	0.49	0	0	0.33
96900	0.33	0.49	0.49	0	0	0.33
97000	0.34	0.49	0.49	0	0	0.34
97100	0.34	0.49	0.49	0	0	0.34
97200	0.34	0.49	0.49	0	0	0.34
97300	0.33	0.49	0.49	0	0	0.33
97400	0.33	0.49	0.49	0	0	0.33
97500	0.33	0.49	0.49	0	0	0.33
97600	0.32	0.49	0.49	0	0	0.32
97700	0.32	0.49	0.49	0	0	0.32
97800	0.32	0.49	0.49	0	0	0.32
97900	0.32	0.49	0.49	0	0	0.32
98000	0.32	0.49	0.49	0	0	0.32
98100	0.32	0.49	0.49	0	0	0.32
98200	0.31	0.49	0.49	0	0	0.31
98300	0.31	0.49	0.49	0	0	0.31
98400	0.31	0.5	0.5	0	0	0.31
98500	0.31	0.5	0.5	0	0	0.31
98600	0.29	0.5	0.5	0	0	0.29
98700	0.29	0.49	0.49	0	0	0.29
98800	0.29	0.49	0.49	0	0	0.29
98900	0.29	0.49	0.49	0	0	0.29
99000	0.29	0.49	0.49	0	0	0.29
99100	0.3	0.49	0.49	0	0	0.3
99200	0.31	0.49	0.49	0	0	0.31
99300	0.31	0.49	0.49	0	0	0.31
99400	0.31	0.49	0.49	0	0	0.31
99500	0.31	0.49	0.49	0	0	0.31
99600	0.31	0.49	0.49	0	0	0.31
99700	0.31	0.49	0.49	0	0	0.31
99800	0.31	0.49	0.49	0	0	0.31
99900	0.32	0.49	0.49	0	0	0.32
100000	0.32	0.49	0.49	0	0	0.32
100100	0.31	0.49	0.49	0	0	0.31
100200	0.32	0.49	0.49	0	0	0.32
100300	0.32	0.49	0.49	0	0	0.32
100400	0.32	0.49	0.49	0	0	0.32
100500	0.32	0.49	0.49	0	0	0.32
100600	0.32	0.49	0.49	0	0	0.32
100700	0.32	0.49	0.49	0	0	0.32
100800	0.32	0.49	0.49	0	0	0.32
100900	0.34	0.49	0.49	0	0	0.34
101000	0.35	0.49	0.49	0	0	0.35
101100	0.34	0.49	0.49	0	0	0.34
101200	0.34	0.5	0.5	0	0	0.34
101300	0.35	0.51	0.51	0	0	0.35
101400	0.34	0.51	0.51	0	0	0.34
101500	0.34	0.5	0.5	0	0	0.34
101600	0.34	0.5	0.5	0	0	0.34
101700	0.34	0.5	0.5	0	0	0.34
101800	0.34	0.5	0.5	0	0	0.34
101900	0.34	0.5	0.5	0	0	0.34
102000	0.35	0.5	0.5	0	0	0.35
102100	0.36	0.5	0.5	0	0	0.36
102200	0.36	0.5	0.5	0	0	0.36
102300	0.36	0.5	0.5	0	0	0.36
102400	0.36	0.5	0.5	0	0	0.36
102500	0.36	0.5	0.5	0	0	0.36
102600	0.36	0.5	0.5	0	0	0.36
102700	0.36	0.5	0.5	0	0	0.36
102800	0.37	0.49	0.49	0	0	0.37
102900	0.37	0.49	0.49	0	0	0.37
103000	0.36	0.49	0.49	0	0	0.36
103100	0.37	0.49	0.49	0	0	0.37
103200	0.36	0.49	0.49	0	0	0.36
103300	0.35	0.49	0.49	0	0	0.35
103400	0.35	0.49	0.49	0	0	0.35
103500	0.35	0.49	0.49	0	0	0.35
103600	0.35	0.49	0.49	0	0	0.35
103700	0.35	0.49	0.49	0	0	0.35
103800	0.35	0.49	0.49	0	0	0.35
103900	0.35	0.49	0.49	0	0	0.35
104000	0.35	0.49	0.49	0	0	0.35
104100	0.35	0.49	0.49	0	0	0.35
104200	0.35	0.49	0.49	0	0	0.35
104300	0.35	0.49	0.49	0	0	0.35
104400	0.34	0.49	0.49	0	0	0.34
104500	0.34	0.49	0.49	0	0	0.34
104600	0.34	0.49	0.49	0	0	0.34
104700	0.34	0.49	0.49	0	0	0.34
104800	0.34	0.49	0.49	0	0	0.34
104900	0.34	0.49	0.49	0	0	0.34
105000	0.34	0.49	0.49	0	0	0.34
105100	0.33	0.49	0.49	0	0	0.33
105200	0.33	0.49	0.49	0	0	0.33
105300	0.33	0.49	0.49	0	0	0.33
105400	0.33	0.49	0.49	0	0	0.33
105500	0.33	0.49	0.49	0	0	0.33
105600	0.33	0.49	0.49	0	0	0.33
105700	0.33	0.49	0.49	0	0	0.33
105800	0.33	0.49	0.49	0	0	0.33
105900	0.33	0.49	0.49	0	0	0.33
106000	0.33	0.49	0.49	0	0	0.33
106100	0.33	0.49	0.49	0	0	0.33
106200	0.33	0.49	0.49	0	0	0.33
106300	0.33	0.49	0.49	0	0	0.33
106400	0.33	0.49	0.49	0	0	0.33
106500	0.33	0.49	0.49	0	0	0.33
106600	0.33	0.49	0.49	0	0	0.33
106700	0.33	0.49	0.49	0	0	0.33
106800	0.33	0.49	0.49	0	0	0.33
106900	0.33	0.49	0.49	0	0	0.33
107000	0.33	0.49	0.49	0	0	0.33
107100	0.33	0.49	0.49	0	0	0.33
107200	0.33	0.5	0.5	0	0	0.33
107300	0.33	0.5	0.5	0	0	0.33
107400	0.33	0.5	0.5	0	0	0.33
107500	0.33	0.49	0.49	0	0	0.33
107600	0.33	0.49	0.49	0	0	0.33
107700	0.33	0.49	0.49	0	0	0.33
107800	0.33	0.49	0.49	0	0	0.33
107900	0.33	0.49	0.49	0	0	0.33
108000	0.33	0.49	0.49	0	0	0.33
108100	0.34	0.49	0.49	0	0	0.34
108200	0.34	0.48	0.48	0	0	0.34
108300	0.33	0.48	0.48	0	0	0.33
108400	0.33	0.48	0.48	0	0	0.33
108500	0.33	0.48	0.48	0	0	0.33
108600	0.33	0.48	0.48	0	0	0.33
108700	0.33	0.48	0.48	0	0	0.33
108800	0.34	0.48	0.48	0	0	0.34
108900	0.34	0.48	0.48	0	0	0.34
109000	0.34	0.48	0.48	0	0	0.34
109100	0.35	0.48	0.48	0	0	0.35
109200	0.35	0.48	0.48	0	0	0.35
109300	0.35	0.48	0.48	0	0	0.35
109400	0.34	0.49	0.49	0	0	0.34
109500	0.33	0.49	0.49	0	0	0.33
109600	0.34	0.49	0.49	0	0	0.34
109700	0.34	0.49	0.49	0	0	0.34
109800	0.34	0.49	0.49	0	0	0.34
109900	0.34	0.49	0.49	0	0	0.34
110000	0.34	0.49	0.49	0	0	0.34
110100	0.33	0.49	0.49	0	0	0.33
110200	0.33	0.49	0.49	0	0	0.33
110300	0.33	0.49	0.49	0	0	0.33
110400	0.33	0.49	0.49	0	0	0.33
110500	0.33	0.49	0.49	0	0	0.33
110600	0.33	0.49	0.49	0	0	0.33
110700	0.33	0.49	0.49	0	0	0.33
110800	0.34	0.49	0.49	0	0	0.34
110900	0.33	0.49	0.49	0	0	0.33
111000	0.33	0.49	0.49	0	0	0.33
111100	0.34	0.49	0.49	0	0	0.34
111200	0.34	0.49	0.49	0	0	0.34
111300	0.34	0.49	0.49	0	0	0.34
111400	0.34	0.49	0.49	0	0	0.34
111500	0.34	0.49	0.49	0	0	0.34
111600	0.34	0.49	0.49	0	0	0.34
111700	0.34	0.49	0.49	0	0	0.34
111800	0.34	0.49	0.49	0	0	0.34
111900	0.34	0.49	0.49	0	0	0.34
112000	0.34	0.49	0.49	0	0	0.34
112100	0.34	0.49	0.49	0	0	0.34
112200	0.34	0.49	0.49	0	0	0.34
112300	0.34	0.49	0.49	0	0	0.34
112400	0.34	0.49	0.49	0	0	0.34
112500	0.34	0.49	0.49	0	0	0.34
112600	0.34	0.49	0.49	0	0	0.34
112700	0.34	0.49	0.49	0	0	0.34
112800	0.34	0.49	0.49	0	0	0.34
112900	0.36	0.5	0.5	0	0	0.36
113000	0.37	0.5	0.5	0	0	0.37
113100	0.37	0.5	0.5	0	0	0.37
113200	0.36	0.5	0.5	0	0	0.36
113300	0.36	0.5	0.5	0	0	0.36
113400	0.36	0.5	0.5	0	0	0.36
113500	0.35	0.5	0.5	0	0	0.35
113600	0.35	0.5	0.5	0	0	0.35
113700	0.35	0.5	0.5	0	0	0.35
113800	0.35	0.5	0.5	0	0	0.35
113900	0.35	0.5	0.5	0	0	0.35
114000	0.35	0.5	0.5	0	0	0.35
114100	0.35	0.5	0.5	0	0	0.35
114200	0.35	0.5	0.5	0	0	0.35
114300	0.35	0.5	0.5	0	0	0.35
114400	0.35	0.5	0.5	0	0	0.35
114500	0.35	0.5	0.5	0	0	0.35
114600	0.35	0.5	0.5	0	0	0.35
114700	0.35	0.5	0.5	0	0	0.35
114800	0.36	0.5	0.5	0	0	0.36
114900	0.35	0.5	0.5	0	0	0.35
115000	0.36	0.49	0.49	0	0	0.36
115100	0.36	0.49	0.49	0	0	0.36
115200	0.37	0.49	0.49	0	0	0.37
115300	0.37	0.49	0.49	0	0	0.37
115400	0.37	0.49	0.49	0	0	0.37
115500	0.37	0.49	0.49	0	0	0.37
115600	0.37	0.49	0.49	0	0	0.37
115700	0.37	0.49	0.49	0	0	0.37
115800	0.38	0.49	0.49	0	0	0.38
115900	0.38	0.49	0.49	0	0	0.38
116000	0.38	0.49	0.49	0	0	0.38
116100	0.38	0.49	0.49	0	0	0.38
116200	0.39	0.49	0.49	0	0	0.39
116300	0.39	0.49	0.49	0	0	0.39
116400	0.38	0.49	0.49	0	0	0.38
116500	0.38	0.49	0.49	0	0	0.38
116600	0.38	0.49	0.49	0	0	0.38
116700	0.38	0.49	0.49	0	0	0.38
116800	0.38	0.5	0.5	0	0	0.38
116900	0.38	0.5	0.5	0	0	0.38
117000	0.38	0.5	0.5	0	0	0.38
117100	0.38	0.5	0.5	0	0	0.38
117200	0.39	0.5	0.5	0	0	0.39
117300	0.39	0.5	0.5	0	0	0.39
117400	0.39	0.5	0.5	0	0	0.39
117500	0.38	0.5	0.5	0	0	0.38
117600	0.38	0.5	0.5	0	0	0.38
117700	0.38	0.5	0.5	0	0	0.38
117800	0.38	0.5	0.5	0	0	0.38
117900	0.38	0.5	0.5	0	0	0.38
118000	0.38	0.5	0.5	0	0	0.38
118100	0.4	0.5	0.5	0	0	0.4
118200	0.39	0.5	0.5	0	0	0.39
118300	0.39	0.5	0.5	0	0	0.39
118400	0.39	0.5	0.5	0	0	0.39
118500	0.39	0.5	0.5	0	0	0.39
118600	0.39	0.5	0.5	0	0	0.39
118700	0.39	0.5	0.5	0	0	0.39
118800	0.39	0.5	0.5	0	0	0.39
118900	0.39	0.5	0.5	0	0	0.39
119000	0.39	0.5	0.5	0	0	0.39
119100	0.39	0.5	0.5	0	0	0.39
119200	0.39	0.5	0.5	0	0	0.39
119300	0.39	0.5	0.5	0	0	0.39
119400	0.4	0.5	0.5	0	0	0.4
119500	0.39	0.5	0.5	0	0	0.39
119600	0.39	0.5	0.5	0	0	0.39
119700	0.39	0.5	0.5	0	0	0.39
119800	0.39	0.5	0.5	0	0	0.39
119900	0.38	0.5	0.5	0	0	0.38
120000	0.38	0.5	0.5	0	0	0.38
120100	0.39	0.5	0.5	0	0	0.39
120200	0.39	0.5	0.5	0	0	0.39
120300	0.39	0.5	0.5	0	0	0.39
120400	0.39	0.5	0.5	0	0	0.39
120500	0.39	0.51	0.51	0	0	0.39
120600	0.39	0.51	0.51	0	0	0.39
120700	0.39	0.51	0.51	0	0	0.39
120800	0.39	0.5	0.5	0	0	0.39
120900	0.39	0.5	0.5	0	0	0.39
121000	0.39	0.5	0.5	0	0	0.39
121100	0.39	0.5	0.5	0	0	0.39
121200	0.39	0.5	0.5	0	0	0.39
121300	0.39	0.5	0.5	0	0	0.39
121400	0.39	0.5	0.5	0	0	0.39
121500	0.4	0.5	0.5	0	0	0.4
121600	0.4	0.5	0.5	0	0	0.4
121700	0.39	0.5	0.5	0	0	0.39
121800	0.39	0.49	0.49	0	0	0.39
121900	0.39	0.49	0.49	0	0	0.39
122000	0.39	0.49	0.49	0	0	0.39
122100	0.39	0.49	0.49	0	0	0.39
122200	0.4	0.5	0.5	0	0	0.4
122300	0.4	0.5	0.5	0	0	0.4
122400	0.4	0.5	0.5	0	0	0.4
122500	0.4	0.5	0.5	0	0	0.4
122600	0.4	0.5	0.5	0	0	0.4
122700	0.4	0.5	0.5	0	0	0.4
122800	0.39	0.5	0.5	0	0	0.39
122900	0.39	0.49	0.49	0	0	0.39
123000	0.39	0.49	0.49	0	0	0.39
123100	0.39	0.49	0.49	0	0	0.39
123200	0.39	0.49	0.49	0	0	0.39
123300	0.39	0.49	0.49	0	0	0.39
123400	0.39	0.49	0.49	0	0	0.39
123500	0.39	0.49	0.49	0	0	0.39
123600	0.39	0.49	0.49	0	0	0.39
123700	0.39	0.49	0.49	0	0	0.39
123800	0.39	0.49	0.49	0	0	0.39
123900	0.39	0.49	0.49	0	0	0.39
124000	0.39	0.49	0.49	0	0	0.39
124100	0.39	0.49	0.49	0	0	0.39
124200	0.39	0.49	0.49	0	0	0.39
124300	0.39	0.49	0.49	0	0	0.39
124400	0.39	0.49	0.49	0	0	0.39
124500	0.4	0.49	0.49	0	0	0.4
124600	0.4	0.49	0.49	0	0	0.4
124700	0.4	0.49	0.49	0	0	0.4
124800	0.4	0.49	0.49	0	0	0.4
124900	0.4	0.49	0.49	0	0	0.4
125000	0.4	0.49	0.49	0	0	0.4
125100	0.41	0.49	0.49	0	0	0.41
125200	0.4	0.49	0.49	0	0	0.4
125300	0.4	0.49	0.49	0	0	0.4
125400	0.4	0.49	0.49	0	0	0.4
125500	0.4	0.49	0.49	0	0	0.4
125600	0.4	0.49	0.49	0	0	0.4
125700	0.4	0.49	0.49	0	0	0.4
125800	0.4	0.49	0.49	0	0	0.4
125900	0.4	0.49	0.49	0	0	0.4
126000	0.4	0.49	0.49	0	0	0.4
126100	0.4	0.5	0.5	0	0	0.4
126200	0.4	0.5	0.5	0	0	0.4
126300	0.4	0.5	0.5	0	0	0.4
126400	0.39	0.5	0.5	0	0	0.39
126500	0.39	0.5	0.5	0	0	0.39
126600	0.39	0.5	0.5	0	0	0.39
126700	0.39	0.5	0.5	0	0	0.39
126800	0.39	0.51	0.51	0	0	0.39
126900	0.39	0.51	0.51	0	0	0.39
127000	0.39	0.51	0.51	0	0	0.39
127100	0.39	0.51	0.51	0	0	0.39
127200	0.39	0.51	0.51	0	0	0.39
127300	0.39	0.51	0.51	0	0	0.39
127400	0.39	0.51	0.51	0	0	0.39
127500	0.39	0.51	0.51	0	0	0.39
127600	0.4	0.52	0.52	0	0	0.4
127700	0.41	0.52	0.52	0	0	0.41
127800	0.41	0.52	0.52	0	0	0.41
127900	0.41	0.52	0.52	0	0	0.41
128000	0.41	0.52	0.52	0	0	0.41
128100	0.4	0.52	0.52	0	0	0.4
128200	0.4	0.52	0.52	0	0	0.4
128300	0.4	0.51	0.51	0	0	0.4
128400	0.4	0.51	0.51	0	0	0.4
128500	0.39	0.5	0.5	0	0	0.39
128600	0.39	0.5	0.5	0	0	0.39
128700	0.39	0.5	0.5	0	0	0.39
128800	0.39	0.5	0.5	0	0	0.39
128900	0.4	0.5	0.5	0	0	0.4
129000	0.4	0.5	0.5	0	0	0.4
129100	0.4	0.5	0.5	0	0	0.4
129200	0.4	0.5	0.5	0	0	0.4
129300	0.4	0.5	0.5	0	0	0.4
129400	0.4	0.5	0.5	0	0	0.4
129500	0.4	0.5	0.5	0	0	0.4
129600	0.4	0.5	0.5	0	0	0.4
129700	0.41	0.51	0.51	0	0	0.41
129800	0.41	0.5	0.5	0	0	0.41
129900	0.41	0.5	0.5	0	0	0.41
130000	0.41	0.5	0.5	0	0	0.41
130100	0.41	0.5	0.5	0	0	0.41
130200	0.41	0.5	0.5	0	0	0.41
130300	0.4	0.5	0.5	0	0	0.4
130400	0.4	0.5	0.5	0	0	0.4
130500	0.4	0.5	0.5	0	0	0.4
130600	0.4	0.5	0.5	0	0	0.4
130700	0.4	0.51	0.51	0	0	0.4
130800	0.4	0.5	0.5	0	0	0.4
130900	0.4	0.5	0.5	0	0	0.4
131000	0.4	0.49	0.49	0	0	0.4
131100	0.4	0.49	0.49	0	0	0.4
131200	0.4	0.49	0.49	0	0	0.4
131300	0.4	0.49	0.49	0	0	0.4
131400	0.4	0.49	0.49	0	0	0.4
131500	0.4	0.49	0.49	0	0	0.4
131600	0.4	0.49	0.49	0	0	0.4
131700	0.41	0.49	0.49	0	0	0.41
131800	0.41	0.49	0.49	0	0	0.41
131900	0.42	0.49	0.49	0	0	0.42
132000	0.42	0.49	0.49	0	0	0.42
132100	0.42	0.49	0.49	0	0	0.42
132200	0.42	0.49	0.49	0	0	0.42
132300	0.42	0.49	0.49	0	0	0.42
132400	0.42	0.5	0.5	0	0	0.42
132500	0.41	0.5	0.5	0	0	0.41
132600	0.41	0.5	0.5	0	0	0.41
132700	0.41	0.5	0.5	0	0	0.41
132800	0.41	0.51	0.51	0	0	0.41
132900	0.41	0.51	0.51	0	0	0.41
133000	0.41	0.51	0.51	0	0	0.41
133100	0.41	0.51	0.51	0	0	0.41
133200	0.41	0.51	0.51	0	0	0.41
133300	0.41	0.51	0.51	0	0	0.41
133400	0.4	0.5	0.5	0	0	0.4
133500	0.39	0.5	0.5	0	0	0.39
133600	0.39	0.5	0.5	0	0	0.39
133700	0.39	0.5	0.5	0	0	0.39
133800	0.39	0.5	0.5	0	0	0.39
133900	0.39	0.5	0.5	0	0	0.39
134000	0.39	0.5	0.5	0	0	0.39
134100	0.39	0.5	0.5	0	0	0.39
134200	0.39	0.5	0.5	0	0	0.39
134300	0.39	0.5	0.5	0	0	0.39
134400	0.39	0.5	0.5	0	0	0.39
134500	0.39	0.5	0.5	0	0	0.39
134600	0.39	0.5	0.5	0	0	0.39
134700	0.39	0.5	0.5	0	0	0.39
134800	0.39	0.5	0.5	0	0	0.39
134900	0.39	0.5	0.5	0	0	0.39
135000	0.4	0.5	0.5	0	0	0.4
135100	0.4	0.5	0.5	0	0	0.4
135200	0.4	0.5	0.5	0	0	0.4
135300	0.4	0.5	0.5	0	0	0.4
135400	0.41	0.5	0.5	0	0	0.41
135500	0.41	0.5	0.5	0	0	0.41
135600	0.41	0.5	0.5	0	0	0.41
135700	0.41	0.5	0.5	0	0	0.41
135800	0.41	0.5	0.5	0	0	0.41
135900	0.41	0.5	0.5	0	0	0.41
136000	0.41	0.5	0.5	0	0	0.41
136100	0.41	0.5	0.5	0	0	0.41
136200	0.42	0.5	0.5	0	0	0.42
136300	0.42	0.5	0.5	0	0	0.42
136400	0.41	0.5	0.5	0	0	0.41
136500	0.41	0.5	0.5	0	0	0.41
136600	0.41	0.5	0.5	0	0	0.41
136700	0.41	0.5	0.5	0	0	0.41
136800	0.41	0.5	0.5	0	0	0.41
136900	0.41	0.5	0.5	0	0	0.41
137000	0.41	0.5	0.5	0	0	0.41
137100	0.41	0.5	0.5	0	0	0.41
137200	0.41	0.5	0.5	0	0	0.41
137300	0.41	0.49	0.49	0	0	0.41
137400	0.41	0.49	0.49	0	0	0.41
137500	0.41	0.49	0.49	0	0	0.41
137600	0.41	0.49	0.49	0	0	0.41
137700	0.41	0.49	0.49	0	0	0.41
137800	0.41	0.49	0.49	0	0	0.41
137900	0.41	0.49	0.49	0	0	0.41
138000	0.42	0.49	0.49	0	0	0.42
138100	0.42	0.49	0.49	0	0	0.42
138200	0.41	0.49	0.49	0	0	0.41
138300	0.41	0.49	0.49	0	0	0.41
138400	0.41	0.49	0.49	0	0	0.41
138500	0.41	0.49	0.49	0	0	0.41
138600	0.41	0.49	0.49	0	0	0.41
138700	0.42	0.49	0.49	0	0	0.42
138800	0.42	0.49	0.49	0	0	0.42
138900	0.42	0.49	0.49	0	0	0.42
139000	0.43	0.49	0.49	0	0	0.43
139100	0.43	0.49	0.49	0	0	0.43
139200	0.43	0.49	0.49	0	0	0.43
139300	0.43	0.49	0.49	0	0	0.43
139400	0.43	0.49	0.49	0	0	0.43
139500	0.43	0.49	0.49	0	0	0.43
139600	0.43	0.49	0.49	0	0	0.43
139700	0.43	0.49	0.49	0	0	0.43
139800	0.43	0.5	0.5	0	0	0.43
139900	0.43	0.5	0.5	0	0	0.43
140000	0.43	0.5	0.5	0	0	0.43
140100	0.42	0.5	0.5	0	0	0.42
140200	0.42	0.5	0.5	0	0	0.42
140300	0.42	0.5	0.5	0	0	0.42
140400	0.42	0.5	0.5	0	0	0.42
140500	0.42	0.5	0.5	0	0	0.42
140600	0.42	0.5	0.5	0	0	0.42
140700	0.42	0.5	0.5	0	0	0.42
140800	0.42	0.5	0.5	0	0	0.42
140900	0.42	0.5	0.5	0	0	0.42
141000	0.42	0.5	0.5	0	0	0.42
141100	0.42	0.49	0.49	0	0	0.42
141200	0.42	0.49	0.49	0	0	0.42
141300	0.42	0.49	0.49	0	0	0.42
141400	0.42	0.49	0.49	0	0	0.42
141500	0.42	0.49	0.49	0	0	0.42
141600	0.42	0.5	0.5	0	0	0.42
141700	0.42	0.5	0.5	0	0	0.42
141800	0.42	0.5	0.5	0	0	0.42
141900	0.42	0.5	0.5	0	0	0.42
142000	0.42	0.5	0.5	0	0	0.42
142100	0.42	0.5	0.5	0	0	0.42
142200	0.42	0.5	0.5	0	0	0.42
142300	0.42	0.5	0.5	0	0	0.42
142400	0.42	0.5	0.5	0	0	0.42
142500	0.42	0.5	0.5	0	0	0.42
142600	0.42	0.5	0.5	0	0	0.42
142700	0.42	0.49	0.49	0	0	0.42
142800	0.42	0.49	0.49	0	0	0.42
142900	0.42	0.49	0.49	0	0	0.42
143000	0.42	0.5	0.5	0	0	0.42
143100	0.42	0.5	0.5	0	0	0.42
143200	0.42	0.5	0.5	0	0	0.42
143300	0.42	0.5	0.5	0	0	0.42
143400	0.42	0.5	0.5	0	0	0.42
143500	0.43	0.5	0.5	0	0	0.43
143600	0.43	0.51	0.51	0	0	0.43
143700	0.43	0.51	0.51	0	0	0.43
143800	0.43	0.51	0.51	0	0	0.43
143900	0.42	0.51	0.51	0	0	0.42
144000	0.42	0.52	0.52	0	0	0.42
144100	0.42	0.52	0.52	0	0	0.42
144200	0.42	0.52	0.52	0	0	0.42
144300	0.42	0.52	0.52	0	0	0.42
144400	0.42	0.51	0.51	0	0	0.42
144500	0.42	0.51	0.51	0	0	0.42
144600	0.42	0.51	0.51	0	0	0.42
144700	0.43	0.51	0.51	0	0	0.43
144800	0.44	0.51	0.51	0	0	0.44
144900	0.43	0.51	0.51	0	0	0.43
145000	0.43	0.51	0.51	0	0	0.43
145100	0.44	0.51	0.51	0	0	0.44
145200	0.44	0.51	0.51	0	0	0.44
145300	0.44	0.51	0.51	0	0	0.44
145400	0.44	0.51	0.51	0	0	0.44
145500	0.44	0.5	0.5	0	0	0.44
145600	0.44	0.5	0.5	0	0	0.44
145700	0.44	0.5	0.5	0	0	0.44
145800	0.44	0.5	0.5	0	0	0.44
145900	0.44	0.5	0.5	0	0	0.44
146000	0.44	0.5	0.5	0	0	0.44
146100	0.44	0.5	0.5	0	0	0.44
146200	0.45	0.5	0.5	0	0	0.45
146300	0.45	0.5	0.5	0	0	0.45
146400	0.45	0.5	0.5	0	0	0.45
146500	0.45	0.5	0.5	0	0	0.45
146600	0.45	0.5	0.5	0	0	0.45
146700	0.45	0.5	0.5	0	0	0.45
146800	0.45	0.5	0.5	0	0	0.45
146900	0.45	0.5	0.5	0	0	0.45
147000	0.45	0.5	0.5	0	0	0.45
147100	0.45	0.5	0.5	0	0	0.45
147200	0.45	0.5	0.5	0	0	0.45
147300	0.45	0.5	0.5	0	0	0.45
147400	0.45	0.5	0.5	0	0	0.45
147500	0.45	0.5	0.5	0	0	0.45
147600	0.45	0.5	0.5	0	0	0.45
147700	0.45	0.5	0.5	0	0	0.45
147800	0.45	0.5	0.5	0	0	0.45
147900	0.45	0.5	0.5	0	0	0.45
148000	0.45	0.5	0.5	0	0	0.45
148100	0.45	0.5	0.5	0	0	0.45
148200	0.45	0.5	0.5	0	0	0.45
148300	0.45	0.5	0.5	0	0	0.45
148400	0.45	0.5	0.5	0	0	0.45
148500	0.45	0.5	0.5	0	0	0.45
148600	0.45	0.5	0.5	0	0	0.45
148700	0.45	0.5	0.5	0	0	0.45
148800	0.45	0.5	0.5	0	0	0.45
148900	0.45	0.5	0.5	0	0	0.45
149000	0.45	0.5	0.5	0	0	0.45
149100	0.45	0.5	0.5	0	0	0.45
149200	0.45	0.5	0.5	0	0	0.45
149300	0.46	0.5	0.5	0	0	0.46
149400	0.46	0.5	0.5	0	0	0.46
149500	0.46	0.51	0.51	0	0	0.46
149600	0.46	0.51	0.51	0	0	0.46
149700	0.46	0.51	0.51	0	0	0.46
149800	0.45	0.51	0.51	0	0	0.45
149900	0.45	0.51	0.51	0	0	0.45
150000	0.45	0.51	0.51	0	0	0.45
150100	0.46	0.51	0.51	0	0	0.46
150200	0.45	0.51	0.51	0	0	0.45
150300	0.45	0.51	0.51	0	0	0.45
150400	0.45	0.51	0.51	0	0	0.45
150500	0.45	0.51	0.51	0	0	0.45
150600	0.45	0.51	0.51	0	0	0.45
150700	0.45	0.51	0.51	0	0	0.45
150800	0.45	0.51	0.51	0	0	0.45
150900	0.44	0.51	0.51	0	0	0.44
151000	0.44	0.51	0.51	0	0	0.44
151100	0.44	0.51	0.51	0	0	0.44
151200	0.44	0.51	0.51	0	0	0.44
151300	0.44	0.51	0.51	0	0	0.44
151400	0.44	0.51	0.51	0	0	0.44
151500	0.44	0.51	0.51	0	0	0.44
151600	0.44	0.51	0.51	0	0	0.44
151700	0.44	0.51	0.51	0	0	0.44
151800	0.44	0.51	0.51	0	0	0.44
151900	0.44	0.51	0.51	0	0	0.44
152000	0.44	0.51	0.51	0	0	0.44
152100	0.44	0.51	0.51	0	0	0.44
152200	0.44	0.51	0.51	0	0	0.44
152300	0.44	0.51	0.51	0	0	0.44
152400	0.44	0.51	0.51	0	0	0.44
152500	0.44	0.51	0.51	0	0	0.44
152600	0.44	0.51	0.51	0	0	0.44
152700	0.44	0.51	0.51	0	0	0.44
152800	0.44	0.51	0.51	0	0	0.44
152900	0.44	0.51	0.51	0	0	0.44
153000	0.44	0.51	0.51	0	0	0.44
153100	0.44	0.51	0.51	0	0	0.44
153200	0.44	0.51	0.51	0	0	0.44
153300	0.44	0.51	0.51	0	0	0.44
153400	0.44	0.51	0.51	0	0	0.44
153500	0.44	0.51	0.51	0	0	0.44
153600	0.44	0.51	0.51	0	0	0.44
153700	0.44	0.51	0.51	0	0	0.44
153800	0.44	0.51	0.51	0	0	0.44
153900	0.44	0.51	0.51	0	0	0.44
154000	0.44	0.51	0.51	0	0	0.44
154100	0.44	0.51	0.51	0	0	0.44
154200	0.44	0.51	0.51	0	0	0.44
154300	0.44	0.51	0.51	0	0	0.44
154400	0.44	0.51	0.51	0	0	0.44
154500	0.44	0.51	0.51	0	0	0.44
154600	0.44	0.51	0.51	0	0	0.44
154700	0.44	0.51	0.51	0	0	0.44
154800	0.44	0.51	0.51	0	0	0.44
154900	0.44	0.51	0.51	0	0	0.44
155000	0.44	0.51	0.51	0	0	0.44
155100	0.44	0.51	0.51	0	0	0.44
155200	0.44	0.51	0.51	0	0	0.44
155300	0.44	0.51	0.51	0	0	0.44
155400	0.44	0.51	0.51	0	0	0.44
155500	0.44	0.51	0.51	0	0	0.44
155600	0.44	0.51	0.51	0	0	0.44
155700	0.44	0.51	0.51	0	0	0.44
155800	0.44	0.51	0.51	0	0	0.44
155900	0.44	0.51	0.51	0	0	0.44
156000	0.44	0.51	0.51	0	0	0.44
156100	0.44	0.51	0.51	0	0	0.44
156200	0.44	0.51	0.51	0	0	0.44
156300	0.43	0.51	0.51	0	0	0.43
156400	0.43	0.51	0.51	0	0	0.43
156500	0.43	0.51	0.51	0	0	0.43
156600	0.43	0.51	0.51	0	0	0.43
156700	0.43	0.51	0.51	0	0	0.43
156800	0.43	0.51	0.51	0	0	0.43
156900	0.43	0.51	0.51	0	0	0.43
157000	0.44	0.51	0.51	0	0	0.44
157100	0.44	0.51	0.51	0	0	0.44
157200	0.43	0.51	0.51	0	0	0.43
157300	0.43	0.51	0.51	0	0	0.43
157400	0.43	0.51	0.51	0	0	0.43
157500	0.43	0.52	0.52	0	0	0.43
157600	0.42	0.52	0.52	0	0	0.42
157700	0.42	0.52	0.52	0	0	0.42
157800	0.42	0.52	0.52	0	0	0.42
157900	0.42	0.52	0.52	0	0	0.42
158000	0.43	0.52	0.52	0	0	0.43
158100	0.43	0.52	0.52	0	0	0.43
158200	0.43	0.51	0.51	0	0	0.43
158300	0.43	0.51	0.51	0	0	0.43
158400	0.43	0.51	0.51	0	0	0.43
158500	0.43	0.51	0.51	0	0	0.43
158600	0.43	0.51	0.51	0	0	0.43
158700	0.43	0.51	0.51	0	0	0.43
158800	0.44	0.51	0.51	0	0	0.44
158900	0.43	0.51	0.51	0	0	0.43
159000	0.43	0.51	0.51	0	0	0.43
159100	0.43	0.51	0.51	0	0	0.43
159200	0.43	0.51	0.51	0	0	0.43
159300	0.43	0.51	0.51	0	0	0.43
159400	0.43	0.51	0.51	0	0	0.43
159500	0.43	0.51	0.51	0	0	0.43
159600	0.43	0.51	0.51	0	0	0.43
159700	0.43	0.51	0.51	0	0	0.43
159800	0.43	0.51	0.51	0	0	0.43
159900	0.43	0.51	0.51	0	0	0.43
160000	0.43	0.51	0.51	0	0	0.43
160100	0.43	0.51	0.51	0	0	0.43
160200	0.43	0.51	0.51	0	0	0.43
160300	0.43	0.51	0.51	0	0	0.43
160400	0.43	0.51	0.51	0	0	0.43
160500	0.42	0.51	0.51	0	0	0.42
160600	0.42	0.51	0.51	0	0	0.42
160700	0.42	0.51	0.51	0	0	0.42
160800	0.42	0.51	0.51	0	0	0.42
160900	0.42	0.51	0.51	0	0	0.42
161000	0.42	0.51	0.51	0	0	0.42
161100	0.42	0.51	0.51	0	0	0.42
161200	0.42	0.51	0.51	0	0	0.42
161300	0.42	0.51	0.51	0	0	0.42
161400	0.42	0.51	0.51	0	0	0.42
161500	0.42	0.51	0.51	0	0	0.42
161600	0.42	0.51	0.51	0	0	0.42
161700	0.41	0.51	0.51	0	0	0.41
161800	0.41	0.51	0.51	0	0	0.41
161900	0.41	0.51	0.51	0	0	0.41
162000	0.41	0.51	0.51	0	0	0.41
162100	0.41	0.51	0.51	0	0	0.41
162200	0.42	0.51	0.51	0	0	0.42
162300	0.41	0.51	0.51	0	0	0.41
162400	0.41	0.51	0.51	0	0	0.41
162500	0.41	0.51	0.51	0	0	0.41
162600	0.41	0.51	0.51	0	0	0.41
162700	0.41	0.51	0.51	0	0	0.41
162800	0.41	0.51	0.51	0	0	0.41
162900	0.41	0.51	0.51	0	0	0.41
163000	0.41	0.51	0.51	0	0	0.41
163100	0.41	0.51	0.51	0	0	0.41
163200	0.41	0.51	0.51	0	0	0.41
163300	0.41	0.51	0.51	0	0	0.41
163400	0.4	0.51	0.51	0	0	0.4
163500	0.4	0.51	0.51	0	0	0.4
163600	0.4	0.51	0.51	0	0	0.4
163700	0.4	0.51	0.51	0	0	0.4
163800	0.4	0.51	0.51	0	0	0.4
163900	0.4	0.51	0.51	0	0	0.4
164000	0.4	0.51	0.51	0	0	0.4
164100	0.4	0.51	0.51	0	0	0.4
164200	0.4	0.51	0.51	0	0	0.4
164300	0.4	0.51	0.51	0	0	0.4
164400	0.4	0.51	0.51	0	0	0.4
164500	0.4	0.51	0.51	0	0	0.4
164600	0.4	0.51	0.51	0	0	0.4
164700	0.4	0.51	0.51	0	0	0.4
164800	0.4	0.51	0.51	0	0	0.4
164900	0.4	0.52	0.52	0	0	0.4
165000	0.4	0.52	0.52	0	0	0.4
165100	0.41	0.52	0.52	0	0	0.41
165200	0.41	0.52	0.52	0	0	0.41
165300	0.41	0.52	0.52	0	0	0.41
165400	0.41	0.52	0.52	0	0	0.41
165500	0.42	0.52	0.52	0	0	0.42
165600	0.42	0.52	0.52	0	0	0.42
165700	0.42	0.52	0.52	0	0	0.42
165800	0.42	0.52	0.52	0	0	0.42
165900	0.42	0.52	0.52	0	0	0.42
166000	0.42	0.52	0.52	0	0	0.42
166100	0.42	0.52	0.52	0	0	0.42
166200	0.42	0.52	0.52	0	0	0.42
166300	0.42	0.52	0.52	0	0	0.42
166400	0.42	0.52	0.52	0	0	0.42
166500	0.42	0.51	0.51	0	0	0.42
166600	0.42	0.51	0.51	0	0	0.42
166700	0.42	0.51	0.51	0	0	0.42
166800	0.42	0.51	0.51	0	0	0.42
166900	0.42	0.51	0.51	0	0	0.42
167000	0.42	0.51	0.51	0	0	0.42
167100	0.42	0.51	0.51	0	0	0.42
167200	0.42	0.51	0.51	0	0	0.42
167300	0.42	0.51	0.51	0	0	0.42
167400	0.42	0.51	0.51	0	0	0.42
167500	0.42	0.51	0.51	0	0	0.42
167600	0.42	0.51	0.51	0	0	0.42
167700	0.42	0.51	0.51	0	0	0.42
167800	0.42	0.51	0.51	0	0	0.42
167900	0.42	0.51	0.51	0	0	0.42
168000	0.42	0.51	0.51	0	0	0.42
168100	0.42	0.51	0.51	0	0	0.42
168200	0.42	0.51	0.51	0	0	0.42
168300	0.42	0.51	0.51	0	0	0.42
168400	0.42	0.51	0.51	0	0	0.42
168500	0.42	0.51	0.51	0	0	0.42
168600	0.42	0.51	0.51	0	0	0.42
168700	0.42	0.51	0.51	0	0	0.42
168800	0.42	0.51	0.51	0	0	0.42
168900	0.42	0.51	0.51	0	0	0.42
169000	0.43	0.51	0.51	0	0	0.43
169100	0.43	0.51	0.51	0	0	0.43
169200	0.43	0.51	0.51	0	0	0.43
169300	0.43	0.51	0.51	0	0	0.43
169400	0.43	0.51	0.51	0	0	0.43
169500	0.43	0.51	0.51	0	0	0.43
169600	0.43	0.51	0.51	0	0	0.43
169700	0.43	0.51	0.51	0	0	0.43
169800	0.43	0.51	0.51	0	0	0.43
169900	0.43	0.51	0.51	0	0	0.43
170000	0.43	0.51	0.51	0	0	0.43
170100	0.43	0.51	0.51	0	0	0.43
170200	0.43	0.51	0.51	0	0	0.43
170300	0.43	0.51	0.51	0	0	0.43
170400	0.43	0.51	0.51	0	0	0.43
170500	0.43	0.51	0.51	0	0	0.43
170600	0.43	0.51	0.51	0	0	0.43
170700	0.43	0.51	0.51	0	0	0.43
170800	0.43	0.51	0.51	0	0	0.43
170900	0.43	0.51	0.51	0	0	0.43
171000	0.43	0.51	0.51	0	0	0.43
171100	0.43	0.51	0.51	0	0	0.43
171200	0.43	0.51	0.51	0	0	0.43
171300	0.43	0.51	0.51	0	0	0.43
171400	0.43	0.51	0.51	0	0	0.43
171500	0.43	0.51	0.51	0	0	0.43
171600	0.43	0.51	0.51	0	0	0.43
171700	0.43	0.51	0.51	0	0	0.43
171800	0.43	0.51	0.51	0	0	0.43
171900	0.43	0.51	0.51	0	0	0.43
172000	0.43	0.51	0.51	0	0	0.43
172100	0.43	0.51	0.51	0	0	0.43
172200	0.43	0.51	0.51	0	0	0.43
172300	0.43	0.51	0.51	0	0	0.43
172400	0.43	0.51	0.51	0	0	0.43
172500	0.43	0.51	0.51	0	0	0.43
172600	0.43	0.51	0.51	0	0	0.43
172700	0.43	0.51	0.51	0	0	0.43
172800	0.43	0.51	0.51	0	0	0.43
172900	0.44	0.51	0.51	0	0	0.44
173000	0.44	0.51	0.51	0	0	0.44
173100	0.43	0.51	0.51	0	0	0.43
173200	0.43	0.51	0.51	0	0	0.43
173300	0.43	0.51	0.51	0	0	0.43
173400	0.43	0.51	0.51	0	0	0.43
173500	0.43	0.51	0.51	0	0	0.43
173600	0.43	0.51	0.51	0	0	0.43
173700	0.43	0.51	0.51	0	0	0.43
173800	0.43	0.51	0.51	0	0	0.43
173900	0.43	0.51	0.51	0	0	0.43
174000	0.43	0.51	0.51	0	0	0.43
174100	0.43	0.51	0.51	0	0	0.43
174200	0.43	0.51	0.51	0	0	0.43
174300	0.43	0.51	0.51	0	0	0.43
174400	0.44	0.51	0.51	0	0	0.44
174500	0.44	0.51	0.51	0	0	0.44
174600	0.44	0.51	0.51	0	0	0.44
174700	0.44	0.51	0.51	0	0	0.44
174800	0.44	0.51	0.51	0	0	0.44
174900	0.44	0.51	0.51	0	0	0.44
175000	0.44	0.51	0.51	0	0	0.44
175100	0.44	0.51	0.51	0	0	0.44
175200	0.44	0.51	0.51	0	0	0.44
175300	0.44	0.51	0.51	0	0	0.44
175400	0.44	0.51	0.51	0	0	0.44
175500	0.44	0.51	0.51	0	0	0.44
175600	0.44	0.51	0.51	0	0	0.44
175700	0.44	0.51	0.51	0	0	0.44
175800	0.44	0.51	0.51	0	0	0.44
175900	0.44	0.51	0.51	0	0	0.44
176000	0.44	0.51	0.51	0	0	0.44
176100	0.44	0.51	0.51	0	0	0.44
176200	0.44	0.51	0.51	0	0	0.44
176300	0.44	0.51	0.51	0	0	0.44
176400	0.44	0.51	0.51	0	0	0.44
176500	0.44	0.51	0.51	0	0	0.44
176600	0.44	0.51	0.51	0	0	0.44
176700	0.44	0.51	0.51	0	0	0.44
176800	0.44	0.51	0.51	0	0	0.44
176900	0.44	0.51	0.51	0	0	0.44
177000	0.44	0.51	0.51	0	0	0.44
177100	0.44	0.51	0.51	0	0	0.44
177200	0.44	0.51	0.51	0	0	0.44
177300	0.44	0.51	0.51	0	0	0.44
177400	0.45	0.51	0.51	0	0	0.45
177500	0.45	0.51	0.51	0	0	0.45
177600	0.45	0.51	0.51	0	0	0.45
177700	0.45	0.51	0.51	0	0	0.45
177800	0.45	0.51	0.51	0	0	0.45
177900	0.45	0.51	0.51	0	0	0.45
178000	0.44	0.51	0.51	0	0	0.44
178100	0.44	0.51	0.51	0	0	0.44
178200	0.44	0.51	0.51	0	0	0.44
178300	0.44	0.51	0.51	0	0	0.44
178400	0.44	0.51	0.51	0	0	0.44
178500	0.44	0.51	0.51	0	0	0.44
178600	0.44	0.51	0.51	0	0	0.44
178700	0.44	0.51	0.51	0	0	0.44
178800	0.44	0.51	0.51	0	0	0.44
178900	0.44	0.51	0.51	0	0	0.44
179000	0.44	0.51	0.51	0	0	0.44
179100	0.44	0.51	0.51	0	0	0.44
179200	0.44	0.51	0.51	0	0	0.44
179300	0.44	0.51	0.51	0	0	0.44
179400	0.44	0.51	0.51	0	0	0.44
179500	0.44	0.51	0.51	0	0	0.44
179600	0.44	0.51	0.51	0	0	0.44
179700	0.44	0.51	0.51	0	0	0.44
179800	0.44	0.51	0.51	0	0	0.44
179900	0.44	0.51	0.51	0	0	0.44
180000	0.44	0.51	0.51	0	0	0.44
180100	0.44	0.51	0.51	0	0	0.44
180200	0.44	0.51	0.51	0	0	0.44
180300	0.44	0.51	0.51	0	0	0.44
180400	0.44	0.51	0.51	0	0	0.44
180500	0.44	0.51	0.51	0	0	0.44
180600	0.44	0.51	0.51	0	0	0.44
180700	0.43	0.51	0.51	0	0	0.43
180800	0.43	0.5	0.5	0	0	0.43
180900	0.43	0.5	0.5	0	0	0.43
181000	0.43	0.5	0.5	0	0	0.43
181100	0.43	0.5	0.5	0	0	0.43
181200	0.43	0.5	0.5	0	0	0.43
181300	0.43	0.5	0.5	0	0	0.43
181400	0.43	0.5	0.5	0	0	0.43
181500	0.43	0.5	0.5	0	0	0.43
181600	0.43	0.5	0.5	0	0	0.43
181700	0.43	0.5	0.5	0	0	0.43
181800	0.43	0.5	0.5	0	0	0.43
181900	0.43	0.5	0.5	0	0	0.43
182000	0.43	0.5	0.5	0	0	0.43
182100	0.43	0.5	0.5	0	0	0.43
182200	0.43	0.5	0.5	0	0	0.43
182300	0.43	0.5	0.5	0	0	0.43
182400	0.43	0.5	0.5	0	0	0.43
182500	0.43	0.5	0.5	0	0	0.43
182600	0.43	0.5	0.5	0	0	0.43
182700	0.43	0.5	0.5	0	0	0.43
182800	0.43	0.5	0.5	0	0	0.43
182900	0.43	0.5	0.5	0	0	0.43
183000	0.43	0.5	0.5	0	0	0.43
183100	0.43	0.5	0.5	0	0	0.43
183200	0.43	0.5	0.5	0	0	0.43
183300	0.43	0.5	0.5	0	0	0.43
183400	0.43	0.49	0.49	0	0	0.43
183500	0.43	0.49	0.49	0	0	0.43
183600	0.43	0.49	0.49	0	0	0.43
183700	0.43	0.49	0.49	0	0	0.43
183800	0.43	0.49	0.49	0	0	0.43
183900	0.43	0.49	0.49	0	0	0.43
184000	0.43	0.49	0.49	0	0	0.43
184100	0.43	0.49	0.49	0	0	0.43
184200	0.43	0.49	0.49	0	0	0.43
184300	0.43	0.49	0.49	0	0	0.43
184400	0.43	0.49	0.49	0	0	0.43
184500	0.43	0.49	0.49	0	0	0.43
184600	0.43	0.49	0.49	0	0	0.43
184700	0.43	0.49	0.49	0	0	0.43
184800	0.43	0.49	0.49	0	0	0.43
184900	0.43	0.49	0.49	0	0	0.43
185000	0.43	0.49	0.49	0	0	0.43
185100	0.43	0.49	0.49	0	0	0.43
185200	0.43	0.49	0.49	0	0	0.43
185300	0.43	0.49	0.49	0	0	0.43
185400	0.43	0.49	0.49	0	0	0.43
185500	0.43	0.49	0.49	0	0	0.43
185600	0.43	0.49	0.49	0	0	0.43
185700	0.43	0.49	0.49	0	0	0.43
185800	0.43	0.49	0.49	0	0	0.43
185900	0.43	0.49	0.49	0	0	0.43
186000	0.43	0.49	0.49	0	0	0.43
186100	0.43	0.49	0.49	0	0	0.43
186200	0.44	0.49	0.49	0	0	0.44
186300	0.44	0.49	0.49	0	0	0.44
186400	0.44	0.49	0.49	0	0	0.44
186500	0.44	0.49	0.49	0	0	0.44
186600	0.44	0.49	0.49	0	0	0.44
186700	0.44	0.49	0.49	0	0	0.44
186800	0.44	0.49	0.49	0	0	0.44
186900	0.44	0.49	0.49	0	0	0.44
187000	0.44	0.49	0.49	0	0	0.44
187100	0.44	0.49	0.49	0	0	0.44
187200	0.44	0.49	0.49	0	0	0.44
187300	0.44	0.49	0.49	0	0	0.44
187400	0.44	0.49	0.49	0	0	0.44
187500	0.44	0.49	0.49	0	0	0.44
187600	0.44	0.49	0.49	0	0	0.44
187700	0.44	0.49	0.49	0	0	0.44
187800	0.44	0.49	0.49	0	0	0.44
187900	0.44	0.49	0.49	0	0	0.44
188000	0.44	0.49	0.49	0	0	0.44
188100	0.44	0.49	0.49	0	0	0.44
188200	0.44	0.49	0.49	0	0	0.44
188300	0.44	0.49	0.49	0	0	0.44
188400	0.44	0.49	0.49	0	0	0.44
188500	0.44	0.49	0.49	0	0	0.44
188600	0.45	0.49	0.49	0	0	0.45
188700	0.45	0.49	0.49	0	0	0.45
188800	0.45	0.49	0.49	0	0	0.45
188900	0.45	0.49	0.49	0	0	0.45
189000	0.45	0.49	0.49	0	0	0.45
189100	0.45	0.49	0.49	0	0	0.45
189200	0.45	0.49	0.49	0	0	0.45
189300	0.45	0.49	0.49	0	0	0.45
189400	0.45	0.49	0.49	0	0	0.45
189500	0.45	0.49	0.49	0	0	0.45
189600	0.44	0.49	0.49	0	0	0.44
189700	0.44	0.49	0.49	0	0	0.44
189800	0.44	0.49	0.49	0	0	0.44
189900	0.44	0.49	0.49	0	0	0.44
190000	0.44	0.49	0.49	0	0	0.44
190100	0.44	0.49	0.49	0	0	0.44
190200	0.44	0.48	0.48	0	0	0.44
190300	0.44	0.48	0.48	0	0	0.44
190400	0.44	0.48	0.48	0	0	0.44
190500	0.44	0.48	0.48	0	0	0.44
190600	0.44	0.48	0.48	0	0	0.44
190700	0.44	0.48	0.48	0	0	0.44
190800	0.44	0.48	0.48	0	0	0.44
190900	0.44	0.48	0.48	0	0	0.44
191000	0.44	0.48	0.48	0	0	0.44
191100	0.44	0.48	0.48	0	0	0.44
191200	0.44	0.48	0.48	0	0	0.44
191300	0.44	0.48	0.48	0	0	0.44
191400	0.44	0.48	0.48	0	0	0.44
191500	0.44	0.48	0.48	0	0	0.44
191600	0.44	0.48	0.48	0	0	0.44
191700	0.44	0.48	0.48	0	0	0.44
191800	0.44	0.48	0.48	0	0	0.44
191900	0.44	0.48	0.48	0	0	0.44
192000	0.45	0.48	0.48	0	0	0.45
192100	0.45	0.48	0.48	0	0	0.45
192200	0.45	0.48	0.48	0	0	0.45
192300	0.45	0.48	0.48	0	0	0.45
192400	0.45	0.48	0.48	0	0	0.45
192500	0.45	0.48	0.48	0	0	0.45
192600	0.45	0.48	0.48	0	0	0.45
192700	0.45	0.49	0.49	0	0	0.45
192800	0.45	0.49	0.49	0	0	0.45
192900	0.45	0.49	0.49	0	0	0.45
193000	0.45	0.49	0.49	0	0	0.45
193100	0.45	0.49	0.49	0	0	0.45
193200	0.45	0.49	0.49	0	0	0.45
193300	0.44	0.49	0.49	0	0	0.44
193400	0.44	0.49	0.49	0	0	0.44
193500	0.44	0.49	0.49	0	0	0.44
193600	0.44	0.49	0.49	0	0	0.44
193700	0.44	0.49	0.49	0	0	0.44
193800	0.44	0.49	0.49	0	0	0.44
193900	0.44	0.49	0.49	0	0	0.44
194000	0.44	0.49	0.49	0	0	0.44
194100	0.44	0.49	0.49	0	0	0.44
194200	0.44	0.47	0.47	0	0	0.44
194300	0.44	0.47	0.47	0	0	0.44
194400	0.44	0.47	0.47	0	0	0.44
194500	0.44	0.46	0.46	0	0	0.44
194600	0.44	0.46	0.46	0	0	0.44
194700	0.44	0.46	0.46	0	0	0.44
194800	0.44	0.46	0.46	0	0	0.44
194900	0.44	0.46	0.46	0	0	0.44
195000	0.44	0.46	0.46	0	0	0.44
195100	0.44	0.46	0.46	0	0	0.44
195200	0.44	0.46	0.46	0	0	0.44
195300	0.44	0.46	0.46	0	0	0.44
195400	0.44	0.47	0.47	0	0	0.44
195500	0.44	0.47	0.47	0	0	0.44
195600	0.44	0.47	0.47	0	0	0.44
195700	0.44	0.47	0.47	0	0	0.44
195800	0.44	0.47	0.47	0	0	0.44
195900	0.44	0.47	0.47	0	0	0.44
196000	0.44	0.47	0.47	0	0	0.44
196100	0.44	0.47	0.47	0	0	0.44
196200	0.44	0.47	0.47	0	0	0.44
196300	0.44	0.47	0.47	0	0	0.44
196400	0.44	0.47	0.47	0	0	0.44
196500	0.44	0.47	0.47	0	0	0.44
196600	0.45	0.47	0.47	0	0	0.45
196700	0.45	0.47	0.47	0	0	0.45
196800	0.45	0.47	0.47	0	0	0.45
196900	0.45	0.47	0.47	0	0	0.45
197000	0.45	0.48	0.48	0	0	0.45
197100	0.45	0.49	0.49	0	0	0.45
197200	0.45	0.49	0.49	0	0	0.45
197300	0.45	0.49	0.49	0	0	0.45
197400	0.45	0.49	0.49	0	0	0.45
197500	0.45	0.49	0.49	0	0	0.45
197600	0.45	0.49	0.49	0	0	0.45
197700	0.45	0.48	0.48	0	0	0.45
197800	0.45	0.48	0.48	0	0	0.45
197900	0.45	0.48	0.48	0	0	0.45
198000	0.45	0.48	0.48	0	0	0.45
198100	0.45	0.48	0.48	0	0	0.45
198200	0.45	0.48	0.48	0	0	0.45
198300	0.46	0.48	0.48	0	0	0.46
198400	0.46	0.48	0.48	0	0	0.46
198500	0.46	0.48	0.48	0	0	0.46
198600	0.46	0.48	0.48	0	0	0.46
198700	0.46	0.48	0.48	0	0	0.46
198800	0.46	0.48	0.48	0	0	0.46
198900	0.46	0.48	0.48	0	0	0.46
199000	0.46	0.48	0.48	0	0	0.46
199100	0.46	0.48	0.48	0	0	0.46
199200	0.46	0.48	0.48	0	0	0.46
199300	0.46	0.48	0.48	0	0	0.46
199400	0.46	0.48	0.48	0	0	0.46
199500	0.46	0.48	0.48	0	0	0.46
199600	0.46	0.49	0.49	0	0	0.46
199700	0.46	0.49	0.49	0	0	0.46
199800	0.46	0.49	0.49	0	0	0.46
199900	0.46	0.49	0.49	0	0	0.46
200000	0.46	0.49	0.49	0	0	0.46
200100	0.46	0.49	0.49	0	0	0.46
200200	0.46	0.49	0.49	0	0	0.46
200300	0.46	0.49	0.49	0	0	0.46
