100	0.08	0.04	0.04	0	0	0.08
200	0.08	0.05	0.05	0	0	0.08
300	0.08	0.05	0.05	0	0	0.08
400	0.06	0.05	0.05	0	0	0.06
500	0.06	0.06	0.06	0	0	0.06
600	0.07	0.06	0.06	0	0	0.07
700	0.07	0.06	0.06	0	0	0.07
800	0.08	0.06	0.06	0	0	0.08
900	0.08	0.06	0.06	0	0	0.08
1000	0.06	0.06	0.06	0	0	0.06
1100	0.06	0.08	0.08	0	0	0.06
1200	0.06	0.07	0.07	0	0	0.06
1300	0.07	0.05	0.05	0	0	0.07
1400	0.06	0.06	0.06	0	0	0.06
1500	0.07	0.08	0.08	0	0	0.07
1600	0.08	0.08	0.08	0	0	0.08
1700	0.08	0.1	0.1	0	0	0.08
1800	0.08	0.09	0.09	0	0	0.08
1900	0.07	0.09	0.09	0	0	0.07
2000	0.09	0.09	0.09	0	0	0.09
2100	0.09	0.09	0.09	0	0	0.09
2200	0.09	0.09	0.09	0	0	0.09
2300	0.1	0.08	0.08	0	0	0.1
2400	0.1	0.09	0.09	0	0	0.1
2500	0.11	0.11	0.11	0	0	0.11
2600	0.12	0.11	0.11	0	0	0.12
2700	0.11	0.11	0.11	0	0	0.11
2800	0.09	0.13	0.13	0	0	0.09
2900	0.09	0.13	0.13	0	0	0.09
3000	0.11	0.14	0.14	0	0	0.11
3100	0.12	0.13	0.13	0	0	0.12
3200	0.11	0.14	0.14	0	0	0.11
3300	0.11	0.14	0.14	0	0	0.11
3400	0.11	0.16	0.16	0	0	0.11
3500	0.13	0.15	0.15	0	0	0.13
3600	0.13	0.16	0.16	0	0	0.13
3700	0.14	0.15	0.15	0	0	0.14
3800	0.14	0.13	0.13	0	0	0.14
3900	0.14	0.13	0.13	0	0	0.14
4000	0.14	0.13	0.13	0	0	0.14
4100	0.15	0.13	0.13	0	0	0.15
4200	0.15	0.12	0.12	0	0	0.15
4300	0.14	0.12	0.12	0	0	0.14
4400	0.14	0.12	0.12	0	0	0.14
4500	0.15	0.11	0.11	0	0	0.15
4600	0.15	0.13	0.13	0	0	0.15
4700	0.14	0.14	0.14	0	0	0.14
4800	0.14	0.17	0.17	0	0	0.14
4900	0.14	0.18	0.18	0	0	0.14
5000	0.14	0.19	0.19	0	0	0.14
5100	0.15	0.18	0.18	0	0	0.15
5200	0.15	0.18	0.18	0	0	0.15
5300	0.17	0.18	0.18	0	0	0.17
5400	0.16	0.19	0.19	0	0	0.16
5500	0.16	0.21	0.21	0	0	0.16
5600	0.16	0.21	0.21	0	0	0.16
5700	0.15	0.19	0.19	0	0	0.15
5800	0.17	0.19	0.19	0	0	0.17
5900	0.17	0.19	0.19	0	0	0.17
6000	0.17	0.19	0.19	0	0	0.17
6100	0.16	0.19	0.19	0	0	0.16
6200	0.15	0.18	0.18	0	0	0.15
6300	0.15	0.18	0.18	0	0	0.15
6400	0.15	0.19	0.19	0	0	0.15
6500	0.15	0.2	0.2	0	0	0.15
6600	0.16	0.2	0.2	0	0	0.16
6700	0.17	0.19	0.19	0	0	0.17
6800	0.17	0.19	0.19	0	0	0.17
6900	0.18	0.2	0.2	0	0	0.18
7000	0.18	0.2	0.2	0	0	0.18
7100	0.2	0.2	0.2	0	0	0.2
7200	0.2	0.2	0.2	0	0	0.2
7300	0.18	0.17	0.17	0	0	0.18
7400	0.17	0.19	0.19	0	0	0.17
7500	0.16	0.18	0.18	0	0	0.16
7600	0.16	0.16	0.16	0	0	0.16
7700	0.15	0.17	0.17	0	0	0.15
7800	0.15	0.18	0.18	0	0	0.15
7900	0.16	0.19	0.19	0	0	0.16
8000	0.19	0.19	0.19	0	0	0.19
8100	0.19	0.18	0.18	0	0	0.19
8200	0.2	0.17	0.17	0	0	0.2
8300	0.19	0.19	0.19	0	0	0.19
8400	0.21	0.19	0.19	0	0	0.21
8500	0.21	0.19	0.19	0	0	0.21
8600	0.21	0.18	0.18	0	0	0.21
8700	0.19	0.2	0.2	0	0	0.19
8800	0.2	0.2	0.2	0	0	0.2
8900	0.17	0.21	0.21	0	0	0.17
9000	0.17	0.2	0.2	0	0	0.17
9100	0.17	0.2	0.2	0	0	0.17
9200	0.17	0.2	0.2	0	0	0.17
9300	0.17	0.2	0.2	0	0	0.17
9400	0.18	0.19	0.19	0	0	0.18
9500	0.17	0.2	0.2	0	0	0.17
9600	0.18	0.19	0.19	0	0	0.18
9700	0.18	0.2	0.2	0	0	0.18
9800	0.18	0.2	0.2	0	0	0.18
9900	0.18	0.2	0.2	0	0	0.18
10000	0.18	0.2	0.2	0	0	0.18
10100	0.18	0.2	0.2	0	0	0.18
10200	0.18	0.18	0.18	0	0	0.18
10300	0.18	0.19	0.19	0	0	0.18
10400	0.18	0.18	0.18	0	0	0.18
10500	0.19	0.17	0.17	0	0	0.19
10600	0.17	0.16	0.16	0	0	0.17
10700	0.18	0.19	0.19	0	0	0.18
10800	0.18	0.19	0.19	0	0	0.18
10900	0.19	0.19	0.19	0	0	0.19
11000	0.19	0.19	0.19	0	0	0.19
11100	0.2	0.2	0.2	0	0	0.2
11200	0.18	0.2	0.2	0	0	0.18
11300	0.2	0.19	0.19	0	0	0.2
11400	0.21	0.18	0.18	0	0	0.21
11500	0.22	0.19	0.19	0	0	0.22
11600	0.23	0.2	0.2	0	0	0.23
11700	0.24	0.22	0.22	0	0	0.24
11800	0.24	0.22	0.22	0	0	0.24
11900	0.21	0.22	0.22	0	0	0.21
12000	0.2	0.2	0.2	0	0	0.2
12100	0.2	0.2	0.2	0	0	0.2
12200	0.18	0.2	0.2	0	0	0.18
12300	0.18	0.21	0.21	0	0	0.18
12400	0.18	0.21	0.21	0	0	0.18
12500	0.16	0.21	0.21	0	0	0.16
12600	0.17	0.21	0.21	0	0	0.17
12700	0.17	0.21	0.21	0	0	0.17
12800	0.17	0.22	0.22	0	0	0.17
12900	0.16	0.21	0.21	0	0	0.16
13000	0.15	0.21	0.21	0	0	0.15
13100	0.14	0.21	0.21	0	0	0.14
13200	0.14	0.21	0.21	0	0	0.14
13300	0.13	0.21	0.21	0	0	0.13
13400	0.12	0.21	0.21	0	0	0.12
13500	0.1	0.21	0.21	0	0	0.1
13600	0.11	0.21	0.21	0	0	0.11
13700	0.1	0.21	0.21	0	0	0.1
13800	0.11	0.21	0.21	0	0	0.11
13900	0.12	0.23	0.23	0	0	0.12
14000	0.12	0.23	0.23	0	0	0.12
14100	0.11	0.23	0.23	0	0	0.11
14200	0.1	0.22	0.22	0	0	0.1
14300	0.1	0.22	0.22	0	0	0.1
14400	0.12	0.22	0.22	0	0	0.12
14500	0.12	0.22	0.22	0	0	0.12
14600	0.1	0.22	0.22	0	0	0.1
14700	0.1	0.23	0.23	0	0	0.1
14800	0.12	0.22	0.22	0	0	0.12
14900	0.13	0.22	0.22	0	0	0.13
15000	0.13	0.21	0.21	0	0	0.13
15100	0.14	0.21	0.21	0	0	0.14
15200	0.14	0.22	0.22	0	0	0.14
15300	0.13	0.22	0.22	0	0	0.13
15400	0.12	0.23	0.23	0	0	0.12
15500	0.11	0.22	0.22	0	0	0.11
15600	0.12	0.21	0.21	0	0	0.12
15700	0.1	0.22	0.22	0	0	0.1
15800	0.1	0.22	0.22	0	0	0.1
15900	0.12	0.22	0.22	0	0	0.12
16000	0.11	0.22	0.22	0	0	0.11
16100	0.12	0.24	0.24	0	0	0.12
16200	0.12	0.24	0.24	0	0	0.12
16300	0.11	0.24	0.24	0	0	0.11
16400	0.12	0.23	0.23	0	0	0.12
16500	0.12	0.23	0.23	0	0	0.12
16600	0.12	0.23	0.23	0	0	0.12
16700	0.13	0.23	0.23	0	0	0.13
16800	0.13	0.22	0.22	0	0	0.13
16900	0.15	0.21	0.21	0	0	0.15
17000	0.13	0.2	0.2	0	0	0.13
17100	0.16	0.21	0.21	0	0	0.16
17200	0.15	0.2	0.2	0	0	0.15
17300	0.16	0.2	0.2	0	0	0.16
17400	0.16	0.2	0.2	0	0	0.16
17500	0.16	0.18	0.18	0	0	0.16
17600	0.15	0.18	0.18	0	0	0.15
17700	0.16	0.19	0.19	0	0	0.16
17800	0.15	0.19	0.19	0	0	0.15
17900	0.15	0.2	0.2	0	0	0.15
18000	0.14	0.22	0.22	0	0	0.14
18100	0.14	0.21	0.21	0	0	0.14
18200	0.15	0.2	0.2	0	0	0.15
18300	0.15	0.2	0.2	0	0	0.15
18400	0.16	0.21	0.21	0	0	0.16
18500	0.16	0.21	0.21	0	0	0.16
18600	0.17	0.21	0.21	0	0	0.17
18700	0.19	0.21	0.21	0	0	0.19
18800	0.17	0.2	0.2	0	0	0.17
18900	0.18	0.19	0.19	0	0	0.18
19000	0.17	0.19	0.19	0	0	0.17
19100	0.17	0.2	0.2	0	0	0.17
19200	0.18	0.21	0.21	0	0	0.18
19300	0.18	0.21	0.21	0	0	0.18
19400	0.16	0.21	0.21	0	0	0.16
19500	0.15	0.21	0.21	0	0	0.15
19600	0.16	0.22	0.22	0	0	0.16
19700	0.16	0.21	0.21	0	0	0.16
19800	0.16	0.21	0.21	0	0	0.16
19900	0.17	0.21	0.21	0	0	0.17
20000	0.17	0.21	0.21	0	0	0.17
20100	0.17	0.22	0.22	0	0	0.17
20200	0.19	0.2	0.2	0	0	0.19
20300	0.2	0.2	0.2	0	0	0.2
20400	0.19	0.21	0.21	0	0	0.19
20500	0.19	0.21	0.21	0	0	0.19
20600	0.19	0.22	0.22	0	0	0.19
20700	0.19	0.21	0.21	0	0	0.19
20800	0.19	0.22	0.22	0	0	0.19
20900	0.2	0.22	0.22	0	0	0.2
21000	0.2	0.23	0.23	0	0	0.2
21100	0.21	0.22	0.22	0	0	0.21
21200	0.2	0.21	0.21	0	0	0.2
21300	0.2	0.2	0.2	0	0	0.2
21400	0.18	0.2	0.2	0	0	0.18
21500	0.19	0.2	0.2	0	0	0.19
21600	0.19	0.2	0.2	0	0	0.19
21700	0.19	0.21	0.21	0	0	0.19
21800	0.2	0.21	0.21	0	0	0.2
21900	0.21	0.21	0.21	0	0	0.21
22000	0.19	0.21	0.21	0	0	0.19
22100	0.19	0.21	0.21	0	0	0.19
22200	0.19	0.21	0.21	0	0	0.19
22300	0.19	0.21	0.21	0	0	0.19
22400	0.19	0.2	0.2	0	0	0.19
22500	0.2	0.21	0.21	0	0	0.2
22600	0.21	0.18	0.18	0	0	0.21
22700	0.22	0.2	0.2	0	0	0.22
22800	0.23	0.2	0.2	0	0	0.23
22900	0.23	0.2	0.2	0	0	0.23
23000	0.23	0.2	0.2	0	0	0.23
23100	0.24	0.2	0.2	0	0	0.24
23200	0.24	0.21	0.21	0	0	0.24
23300	0.24	0.21	0.21	0	0	0.24
23400	0.25	0.21	0.21	0	0	0.25
23500	0.27	0.21	0.21	0	0	0.27
23600	0.26	0.21	0.21	0	0	0.26
23700	0.26	0.21	0.21	0	0	0.26
23800	0.26	0.19	0.19	0	0	0.26
23900	0.26	0.2	0.2	0	0	0.26
24000	0.26	0.19	0.19	0	0	0.26
24100	0.25	0.19	0.19	0	0	0.25
24200	0.24	0.19	0.19	0	0	0.24
24300	0.24	0.19	0.19	0	0	0.24
24400	0.24	0.19	0.19	0	0	0.24
24500	0.24	0.2	0.2	0	0	0.24
24600	0.25	0.2	0.2	0	0	0.25
24700	0.25	0.2	0.2	0	0	0.25
24800	0.24	0.2	0.2	0	0	0.24
24900	0.22	0.2	0.2	0	0	0.22
25000	0.22	0.18	0.18	0	0	0.22
25100	0.23	0.18	0.18	0	0	0.23
25200	0.23	0.19	0.19	0	0	0.23
25300	0.24	0.18	0.18	0	0	0.24
25400	0.25	0.19	0.19	0	0	0.25
25500	0.24	0.18	0.18	0	0	0.24
25600	0.23	0.19	0.19	0	0	0.23
25700	0.23	0.2	0.2	0	0	0.23
25800	0.21	0.2	0.2	0	0	0.21
25900	0.21	0.19	0.19	0	0	0.21
26000	0.21	0.19	0.19	0	0	0.21
26100	0.23	0.19	0.19	0	0	0.23
26200	0.22	0.19	0.19	0	0	0.22
26300	0.23	0.21	0.21	0	0	0.23
26400	0.23	0.21	0.21	0	0	0.23
26500	0.23	0.22	0.22	0	0	0.23
26600	0.22	0.22	0.22	0	0	0.22
26700	0.22	0.23	0.23	0	0	0.22
26800	0.22	0.23	0.23	0	0	0.22
26900	0.22	0.22	0.22	0	0	0.22
27000	0.22	0.22	0.22	0	0	0.22
27100	0.22	0.22	0.22	0	0	0.22
27200	0.21	0.22	0.22	0	0	0.21
27300	0.23	0.23	0.23	0	0	0.23
27400	0.23	0.23	0.23	0	0	0.23
27500	0.23	0.23	0.23	0	0	0.23
27600	0.24	0.22	0.22	0	0	0.24
27700	0.23	0.22	0.22	0	0	0.23
27800	0.23	0.22	0.22	0	0	0.23
27900	0.23	0.22	0.22	0	0	0.23
28000	0.23	0.23	0.23	0	0	0.23
28100	0.23	0.24	0.24	0	0	0.23
28200	0.23	0.24	0.24	0	0	0.23
28300	0.22	0.23	0.23	0	0	0.22
28400	0.22	0.24	0.24	0	0	0.22
28500	0.22	0.24	0.24	0	0	0.22
28600	0.22	0.24	0.24	0	0	0.22
28700	0.22	0.25	0.25	0	0	0.22
28800	0.22	0.25	0.25	0	0	0.22
28900	0.22	0.24	0.24	0	0	0.22
29000	0.22	0.25	0.25	0	0	0.22
29100	0.22	0.26	0.26	0	0	0.22
29200	0.22	0.26	0.26	0	0	0.22
29300	0.23	0.26	0.26	0	0	0.23
29400	0.23	0.27	0.27	0	0	0.23
29500	0.22	0.28	0.28	0	0	0.22
29600	0.22	0.27	0.27	0	0	0.22
29700	0.22	0.26	0.26	0	0	0.22
29800	0.23	0.26	0.26	0	0	0.23
29900	0.22	0.27	0.27	0	0	0.22
30000	0.22	0.28	0.28	0	0	0.22
30100	0.22	0.28	0.28	0	0	0.22
30200	0.22	0.29	0.29	0	0	0.22
30300	0.23	0.31	0.31	0	0	0.23
30400	0.24	0.3	0.3	0	0	0.24
30500	0.24	0.3	0.3	0	0	0.24
30600	0.24	0.31	0.31	0	0	0.24
30700	0.23	0.31	0.31	0	0	0.23
30800	0.23	0.31	0.31	0	0	0.23
30900	0.23	0.32	0.32	0	0	0.23
31000	0.24	0.31	0.31	0	0	0.24
31100	0.23	0.31	0.31	0	0	0.23
31200	0.23	0.31	0.31	0	0	0.23
31300	0.24	0.32	0.32	0	0	0.24
31400	0.25	0.3	0.3	0	0	0.25
31500	0.25	0.29	0.29	0	0	0.25
31600	0.24	0.28	0.28	0	0	0.24
31700	0.25	0.28	0.28	0	0	0.25
31800	0.25	0.28	0.28	0	0	0.25
31900	0.25	0.28	0.28	0	0	0.25
32000	0.25	0.28	0.28	0	0	0.25
32100	0.25	0.28	0.28	0	0	0.25
32200	0.25	0.28	0.28	0	0	0.25
32300	0.25	0.3	0.3	0	0	0.25
32400	0.26	0.3	0.3	0	0	0.26
32500	0.26	0.3	0.3	0	0	0.26
32600	0.27	0.31	0.31	0	0	0.27
32700	0.27	0.31	0.31	0	0	0.27
32800	0.27	0.31	0.31	0	0	0.27
32900	0.27	0.3	0.3	0	0	0.27
33000	0.27	0.31	0.31	0	0	0.27
33100	0.28	0.3	0.3	0	0	0.28
33200	0.27	0.3	0.3	0	0	0.27
33300	0.27	0.31	0.31	0	0	0.27
33400	0.27	0.32	0.32	0	0	0.27
33500	0.26	0.32	0.32	0	0	0.26
33600	0.26	0.32	0.32	0	0	0.26
33700	0.27	0.32	0.32	0	0	0.27
33800	0.27	0.32	0.32	0	0	0.27
33900	0.27	0.33	0.33	0	0	0.27
34000	0.27	0.33	0.33	0	0	0.27
34100	0.28	0.32	0.32	0	0	0.28
34200	0.27	0.33	0.33	0	0	0.27
34300	0.27	0.33	0.33	0	0	0.27
34400	0.26	0.33	0.33	0	0	0.26
34500	0.26	0.34	0.34	0	0	0.26
34600	0.26	0.34	0.34	0	0	0.26
34700	0.26	0.34	0.34	0	0	0.26
34800	0.26	0.33	0.33	0	0	0.26
34900	0.26	0.34	0.34	0	0	0.26
35000	0.26	0.35	0.35	0	0	0.26
35100	0.26	0.35	0.35	0	0	0.26
35200	0.26	0.34	0.34	0	0	0.26
35300	0.26	0.33	0.33	0	0	0.26
35400	0.27	0.32	0.32	0	0	0.27
35500	0.27	0.32	0.32	0	0	0.27
35600	0.27	0.32	0.32	0	0	0.27
35700	0.27	0.32	0.32	0	0	0.27
35800	0.27	0.31	0.31	0	0	0.27
35900	0.28	0.31	0.31	0	0	0.28
36000	0.29	0.32	0.32	0	0	0.29
36100	0.3	0.34	0.34	0	0	0.3
36200	0.29	0.34	0.34	0	0	0.29
36300	0.29	0.34	0.34	0	0	0.29
36400	0.29	0.34	0.34	0	0	0.29
36500	0.28	0.34	0.34	0	0	0.28
36600	0.27	0.34	0.34	0	0	0.27
36700	0.28	0.34	0.34	0	0	0.28
36800	0.3	0.33	0.33	0	0	0.3
36900	0.29	0.33	0.33	0	0	0.29
37000	0.28	0.34	0.34	0	0	0.28
37100	0.27	0.34	0.34	0	0	0.27
37200	0.27	0.34	0.34	0	0	0.27
37300	0.27	0.33	0.33	0	0	0.27
37400	0.27	0.35	0.35	0	0	0.27
37500	0.27	0.35	0.35	0	0	0.27
37600	0.27	0.34	0.34	0	0	0.27
37700	0.27	0.34	0.34	0	0	0.27
37800	0.27	0.34	0.34	0	0	0.27
37900	0.27	0.34	0.34	0	0	0.27
38000	0.28	0.34	0.34	0	0	0.28
38100	0.29	0.34	0.34	0	0	0.29
38200	0.3	0.35	0.35	0	0	0.3
38300	0.29	0.34	0.34	0	0	0.29
38400	0.3	0.34	0.34	0	0	0.3
38500	0.3	0.34	0.34	0	0	0.3
38600	0.29	0.33	0.33	0	0	0.29
38700	0.3	0.33	0.33	0	0	0.3
38800	0.3	0.33	0.33	0	0	0.3
38900	0.32	0.31	0.31	0	0	0.32
39000	0.32	0.31	0.31	0	0	0.32
39100	0.32	0.31	0.31	0	0	0.32
39200	0.32	0.31	0.31	0	0	0.32
39300	0.33	0.31	0.31	0	0	0.33
39400	0.31	0.31	0.31	0	0	0.31
39500	0.31	0.31	0.31	0	0	0.31
39600	0.31	0.32	0.32	0	0	0.31
39700	0.31	0.31	0.31	0	0	0.31
39800	0.32	0.31	0.31	0	0	0.32
39900	0.32	0.31	0.31	0	0	0.32
40000	0.32	0.31	0.31	0	0	0.32
40100	0.32	0.31	0.31	0	0	0.32
40200	0.33	0.31	0.31	0	0	0.33
40300	0.33	0.31	0.31	0	0	0.33
40400	0.34	0.31	0.31	0	0	0.34
40500	0.35	0.32	0.32	0	0	0.35
40600	0.35	0.32	0.32	0	0	0.35
40700	0.34	0.32	0.32	0	0	0.34
40800	0.34	0.32	0.32	0	0	0.34
40900	0.35	0.32	0.32	0	0	0.35
41000	0.34	0.33	0.33	0	0	0.34
41100	0.34	0.35	0.35	0	0	0.34
41200	0.33	0.35	0.35	0	0	0.33
41300	0.33	0.35	0.35	0	0	0.33
41400	0.33	0.35	0.35	0	0	0.33
41500	0.33	0.35	0.35	0	0	0.33
41600	0.33	0.36	0.36	0	0	0.33
41700	0.33	0.36	0.36	0	0	0.33
41800	0.33	0.36	0.36	0	0	0.33
41900	0.33	0.36	0.36	0	0	0.33
42000	0.33	0.36	0.36	0	0	0.33
42100	0.33	0.36	0.36	0	0	0.33
42200	0.34	0.37	0.37	0	0	0.34
42300	0.34	0.37	0.37	0	0	0.34
42400	0.34	0.38	0.38	0	0	0.34
42500	0.34	0.38	0.38	0	0	0.34
42600	0.35	0.38	0.38	0	0	0.35
42700	0.35	0.38	0.38	0	0	0.35
42800	0.35	0.38	0.38	0	0	0.35
42900	0.36	0.38	0.38	0	0	0.36
43000	0.36	0.38	0.38	0	0	0.36
43100	0.36	0.38	0.38	0	0	0.36
43200	0.36	0.38	0.38	0	0	0.36
43300	0.36	0.38	0.38	0	0	0.36
43400	0.36	0.39	0.39	0	0	0.36
43500	0.36	0.38	0.38	0	0	0.36
43600	0.36	0.38	0.38	0	0	0.36
43700	0.36	0.38	0.38	0	0	0.36
43800	0.36	0.38	0.38	0	0	0.36
43900	0.36	0.38	0.38	0	0	0.36
44000	0.36	0.38	0.38	0	0	0.36
44100	0.36	0.38	0.38	0	0	0.36
44200	0.36	0.38	0.38	0	0	0.36
44300	0.37	0.38	0.38	0	0	0.37
44400	0.38	0.4	0.4	0	0	0.38
44500	0.38	0.4	0.4	0	0	0.38
44600	0.38	0.41	0.41	0	0	0.38
44700	0.38	0.36	0.36	0	0	0.38
44800	0.38	0.35	0.35	0	0	0.38
44900	0.39	0.35	0.35	0	0	0.39
45000	0.39	0.35	0.35	0	0	0.39
45100	0.39	0.35	0.35	0	0	0.39
45200	0.4	0.35	0.35	0	0	0.4
45300	0.41	0.35	0.35	0	0	0.41
45400	0.4	0.35	0.35	0	0	0.4
45500	0.4	0.35	0.35	0	0	0.4
45600	0.39	0.35	0.35	0	0	0.39
45700	0.39	0.35	0.35	0	0	0.39
45800	0.39	0.34	0.34	0	0	0.39
45900	0.39	0.34	0.34	0	0	0.39
46000	0.38	0.34	0.34	0	0	0.38
46100	0.38	0.34	0.34	0	0	0.38
46200	0.38	0.34	0.34	0	0	0.38
46300	0.38	0.31	0.31	0	0	0.38
46400	0.38	0.31	0.31	0	0	0.38
46500	0.37	0.31	0.31	0	0	0.37
46600	0.37	0.31	0.31	0	0	0.37
46700	0.36	0.32	0.32	0	0	0.36
46800	0.36	0.32	0.32	0	0	0.36
46900	0.36	0.32	0.32	0	0	0.36
47000	0.36	0.32	0.32	0	0	0.36
47100	0.35	0.32	0.32	0	0	0.35
47200	0.35	0.32	0.32	0	0	0.35
47300	0.35	0.34	0.34	0	0	0.35
47400	0.36	0.34	0.34	0	0	0.36
47500	0.36	0.34	0.34	0	0	0.36
47600	0.36	0.32	0.32	0	0	0.36
47700	0.36	0.31	0.31	0	0	0.36
47800	0.36	0.31	0.31	0	0	0.36
47900	0.36	0.31	0.31	0	0	0.36
48000	0.36	0.3	0.3	0	0	0.36
48100	0.36	0.3	0.3	0	0	0.36
48200	0.36	0.3	0.3	0	0	0.36
48300	0.36	0.3	0.3	0	0	0.36
48400	0.37	0.3	0.3	0	0	0.37
48500	0.38	0.3	0.3	0	0	0.38
48600	0.38	0.3	0.3	0	0	0.38
48700	0.38	0.3	0.3	0	0	0.38
48800	0.39	0.29	0.29	0	0	0.39
48900	0.39	0.29	0.29	0	0	0.39
49000	0.39	0.29	0.29	0	0	0.39
49100	0.39	0.29	0.29	0	0	0.39
49200	0.39	0.29	0.29	0	0	0.39
49300	0.39	0.29	0.29	0	0	0.39
49400	0.39	0.29	0.29	0	0	0.39
49500	0.4	0.3	0.3	0	0	0.4
49600	0.4	0.3	0.3	0	0	0.4
49700	0.39	0.3	0.3	0	0	0.39
49800	0.39	0.3	0.3	0	0	0.39
49900	0.39	0.31	0.31	0	0	0.39
50000	0.39	0.3	0.3	0	0	0.39
50100	0.39	0.29	0.29	0	0	0.39
50200	0.39	0.29	0.29	0	0	0.39
50300	0.39	0.27	0.27	0	0	0.39
50400	0.39	0.27	0.27	0	0	0.39
50500	0.39	0.28	0.28	0	0	0.39
50600	0.39	0.28	0.28	0	0	0.39
50700	0.39	0.28	0.28	0	0	0.39
50800	0.39	0.29	0.29	0	0	0.39
50900	0.39	0.29	0.29	0	0	0.39
51000	0.39	0.29	0.29	0	0	0.39
51100	0.39	0.29	0.29	0	0	0.39
51200	0.4	0.29	0.29	0	0	0.4
51300	0.4	0.3	0.3	0	0	0.4
51400	0.4	0.31	0.31	0	0	0.4
51500	0.4	0.3	0.3	0	0	0.4
51600	0.4	0.3	0.3	0	0	0.4
51700	0.4	0.3	0.3	0	0	0.4
51800	0.4	0.29	0.29	0	0	0.4
51900	0.4	0.28	0.28	0	0	0.4
52000	0.4	0.28	0.28	0	0	0.4
52100	0.4	0.28	0.28	0	0	0.4
52200	0.4	0.29	0.29	0	0	0.4
52300	0.4	0.28	0.28	0	0	0.4
52400	0.39	0.28	0.28	0	0	0.39
52500	0.39	0.28	0.28	0	0	0.39
52600	0.39	0.28	0.28	0	0	0.39
52700	0.39	0.28	0.28	0	0	0.39
52800	0.39	0.27	0.27	0	0	0.39
52900	0.39	0.28	0.28	0	0	0.39
53000	0.4	0.28	0.28	0	0	0.4
53100	0.4	0.28	0.28	0	0	0.4
53200	0.4	0.28	0.28	0	0	0.4
53300	0.4	0.27	0.27	0	0	0.4
53400	0.41	0.27	0.27	0	0	0.41
53500	0.39	0.26	0.26	0	0	0.39
53600	0.4	0.26	0.26	0	0	0.4
53700	0.4	0.26	0.26	0	0	0.4
53800	0.39	0.24	0.24	0	0	0.39
53900	0.39	0.24	0.24	0	0	0.39
54000	0.39	0.25	0.25	0	0	0.39
54100	0.39	0.25	0.25	0	0	0.39
54200	0.39	0.25	0.25	0	0	0.39
54300	0.4	0.24	0.24	0	0	0.4
54400	0.4	0.23	0.23	0	0	0.4
54500	0.4	0.25	0.25	0	0	0.4
54600	0.4	0.25	0.25	0	0	0.4
54700	0.4	0.25	0.25	0	0	0.4
54800	0.41	0.25	0.25	0	0	0.41
54900	0.41	0.25	0.25	0	0	0.41
55000	0.41	0.25	0.25	0	0	0.41
55100	0.41	0.26	0.26	0	0	0.41
55200	0.41	0.26	0.26	0	0	0.41
55300	0.41	0.25	0.25	0	0	0.41
55400	0.41	0.26	0.26	0	0	0.41
55500	0.41	0.26	0.26	0	0	0.41
55600	0.41	0.26	0.26	0	0	0.41
55700	0.41	0.26	0.26	0	0	0.41
55800	0.41	0.26	0.26	0	0	0.41
55900	0.41	0.26	0.26	0	0	0.41
56000	0.41	0.26	0.26	0	0	0.41
56100	0.42	0.27	0.27	0	0	0.42
56200	0.42	0.27	0.27	0	0	0.42
56300	0.42	0.27	0.27	0	0	0.42
56400	0.41	0.27	0.27	0	0	0.41
56500	0.41	0.27	0.27	0	0	0.41
56600	0.41	0.28	0.28	0	0	0.41
56700	0.4	0.28	0.28	0	0	0.4
56800	0.4	0.28	0.28	0	0	0.4
56900	0.4	0.28	0.28	0	0	0.4
57000	0.4	0.31	0.31	0	0	0.4
57100	0.41	0.32	0.32	0	0	0.41
57200	0.42	0.32	0.32	0	0	0.42
57300	0.41	0.32	0.32	0	0	0.41
57400	0.41	0.32	0.32	0	0	0.41
57500	0.42	0.33	0.33	0	0	0.42
57600	0.41	0.33	0.33	0	0	0.41
57700	0.4	0.33	0.33	0	0	0.4
57800	0.4	0.33	0.33	0	0	0.4
57900	0.4	0.32	0.32	0	0	0.4
58000	0.4	0.32	0.32	0	0	0.4
58100	0.4	0.33	0.33	0	0	0.4
58200	0.4	0.34	0.34	0	0	0.4
58300	0.4	0.34	0.34	0	0	0.4
58400	0.4	0.35	0.35	0	0	0.4
58500	0.4	0.35	0.35	0	0	0.4
58600	0.41	0.35	0.35	0	0	0.41
58700	0.41	0.35	0.35	0	0	0.41
58800	0.4	0.35	0.35	0	0	0.4
58900	0.41	0.35	0.35	0	0	0.41
59000	0.42	0.35	0.35	0	0	0.42
59100	0.42	0.35	0.35	0	0	0.42
59200	0.42	0.35	0.35	0	0	0.42
59300	0.43	0.36	0.36	0	0	0.43
59400	0.43	0.36	0.36	0	0	0.43
59500	0.43	0.36	0.36	0	0	0.43
59600	0.44	0.36	0.36	0	0	0.44
59700	0.44	0.36	0.36	0	0	0.44
59800	0.44	0.35	0.35	0	0	0.44
59900	0.44	0.35	0.35	0	0	0.44
60000	0.44	0.35	0.35	0	0	0.44
60100	0.45	0.35	0.35	0	0	0.45
60200	0.47	0.36	0.36	0	0	0.47
60300	0.46	0.36	0.36	0	0	0.46
60400	0.46	0.35	0.35	0	0	0.46
60500	0.46	0.34	0.34	0	0	0.46
60600	0.46	0.32	0.32	0	0	0.46
60700	0.46	0.31	0.31	0	0	0.46
60800	0.45	0.31	0.31	0	0	0.45
60900	0.44	0.31	0.31	0	0	0.44
61000	0.45	0.32	0.32	0	0	0.45
61100	0.45	0.33	0.33	0	0	0.45
61200	0.45	0.33	0.33	0	0	0.45
61300	0.46	0.33	0.33	0	0	0.46
61400	0.46	0.33	0.33	0	0	0.46
61500	0.46	0.33	0.33	0	0	0.46
61600	0.46	0.33	0.33	0	0	0.46
61700	0.46	0.33	0.33	0	0	0.46
61800	0.46	0.33	0.33	0	0	0.46
61900	0.46	0.33	0.33	0	0	0.46
62000	0.46	0.33	0.33	0	0	0.46
62100	0.46	0.33	0.33	0	0	0.46
62200	0.46	0.33	0.33	0	0	0.46
62300	0.46	0.32	0.32	0	0	0.46
62400	0.46	0.32	0.32	0	0	0.46
62500	0.46	0.32	0.32	0	0	0.46
62600	0.46	0.32	0.32	0	0	0.46
62700	0.46	0.32	0.32	0	0	0.46
62800	0.47	0.32	0.32	0	0	0.47
62900	0.46	0.32	0.32	0	0	0.46
63000	0.46	0.33	0.33	0	0	0.46
63100	0.46	0.32	0.32	0	0	0.46
63200	0.47	0.32	0.32	0	0	0.47
63300	0.47	0.33	0.33	0	0	0.47
63400	0.47	0.34	0.34	0	0	0.47
63500	0.48	0.34	0.34	0	0	0.48
63600	0.47	0.34	0.34	0	0	0.47
63700	0.46	0.34	0.34	0	0	0.46
63800	0.45	0.34	0.34	0	0	0.45
63900	0.43	0.33	0.33	0	0	0.43
64000	0.43	0.33	0.33	0	0	0.43
64100	0.43	0.34	0.34	0	0	0.43
64200	0.43	0.33	0.33	0	0	0.43
64300	0.43	0.33	0.33	0	0	0.43
64400	0.44	0.34	0.34	0	0	0.44
64500	0.44	0.34	0.34	0	0	0.44
64600	0.44	0.34	0.34	0	0	0.44
64700	0.44	0.34	0.34	0	0	0.44
64800	0.44	0.33	0.33	0	0	0.44
64900	0.44	0.33	0.33	0	0	0.44
65000	0.44	0.34	0.34	0	0	0.44
65100	0.44	0.35	0.35	0	0	0.44
65200	0.44	0.35	0.35	0	0	0.44
65300	0.45	0.35	0.35	0	0	0.45
65400	0.45	0.36	0.36	0	0	0.45
65500	0.45	0.36	0.36	0	0	0.45
65600	0.45	0.35	0.35	0	0	0.45
65700	0.45	0.34	0.34	0	0	0.45
65800	0.45	0.34	0.34	0	0	0.45
65900	0.45	0.34	0.34	0	0	0.45
66000	0.45	0.34	0.34	0	0	0.45
66100	0.45	0.33	0.33	0	0	0.45
66200	0.45	0.33	0.33	0	0	0.45
66300	0.45	0.33	0.33	0	0	0.45
66400	0.45	0.33	0.33	0	0	0.45
66500	0.45	0.32	0.32	0	0	0.45
66600	0.45	0.32	0.32	0	0	0.45
66700	0.45	0.32	0.32	0	0	0.45
66800	0.45	0.31	0.31	0	0	0.45
66900	0.46	0.32	0.32	0	0	0.46
67000	0.45	0.31	0.31	0	0	0.45
67100	0.45	0.3	0.3	0	0	0.45
67200	0.45	0.3	0.3	0	0	0.45
67300	0.45	0.3	0.3	0	0	0.45
67400	0.46	0.3	0.3	0	0	0.46
67500	0.47	0.3	0.3	0	0	0.47
67600	0.46	0.3	0.3	0	0	0.46
67700	0.46	0.3	0.3	0	0	0.46
67800	0.46	0.3	0.3	0	0	0.46
67900	0.46	0.3	0.3	0	0	0.46
68000	0.46	0.3	0.3	0	0	0.46
68100	0.46	0.3	0.3	0	0	0.46
68200	0.46	0.3	0.3	0	0	0.46
68300	0.46	0.31	0.31	0	0	0.46
68400	0.47	0.31	0.31	0	0	0.47
68500	0.47	0.3	0.3	0	0	0.47
68600	0.47	0.3	0.3	0	0	0.47
68700	0.47	0.3	0.3	0	0	0.47
68800	0.47	0.3	0.3	0	0	0.47
68900	0.47	0.3	0.3	0	0	0.47
69000	0.47	0.3	0.3	0	0	0.47
69100	0.47	0.3	0.3	0	0	0.47
69200	0.47	0.29	0.29	0	0	0.47
69300	0.47	0.3	0.3	0	0	0.47
69400	0.47	0.3	0.3	0	0	0.47
69500	0.47	0.3	0.3	0	0	0.47
69600	0.47	0.3	0.3	0	0	0.47
69700	0.47	0.3	0.3	0	0	0.47
69800	0.47	0.3	0.3	0	0	0.47
69900	0.47	0.32	0.32	0	0	0.47
70000	0.47	0.31	0.31	0	0	0.47
70100	0.47	0.3	0.3	0	0	0.47
70200	0.47	0.32	0.32	0	0	0.47
70300	0.46	0.32	0.32	0	0	0.46
70400	0.46	0.32	0.32	0	0	0.46
70500	0.46	0.32	0.32	0	0	0.46
70600	0.46	0.33	0.33	0	0	0.46
70700	0.46	0.33	0.33	0	0	0.46
70800	0.46	0.33	0.33	0	0	0.46
70900	0.46	0.34	0.34	0	0	0.46
71000	0.46	0.35	0.35	0	0	0.46
71100	0.46	0.34	0.34	0	0	0.46
71200	0.46	0.34	0.34	0	0	0.46
71300	0.46	0.34	0.34	0	0	0.46
71400	0.47	0.33	0.33	0	0	0.47
71500	0.47	0.33	0.33	0	0	0.47
71600	0.47	0.33	0.33	0	0	0.47
71700	0.47	0.33	0.33	0	0	0.47
71800	0.47	0.33	0.33	0	0	0.47
71900	0.48	0.33	0.33	0	0	0.48
72000	0.47	0.32	0.32	0	0	0.47
72100	0.47	0.32	0.32	0	0	0.47
72200	0.47	0.32	0.32	0	0	0.47
72300	0.47	0.32	0.32	0	0	0.47
72400	0.47	0.32	0.32	0	0	0.47
72500	0.47	0.32	0.32	0	0	0.47
72600	0.47	0.32	0.32	0	0	0.47
72700	0.47	0.32	0.32	0	0	0.47
72800	0.47	0.33	0.33	0	0	0.47
72900	0.47	0.32	0.32	0	0	0.47
73000	0.47	0.33	0.33	0	0	0.47
73100	0.47	0.33	0.33	0	0	0.47
73200	0.47	0.33	0.33	0	0	0.47
73300	0.47	0.35	0.35	0	0	0.47
73400	0.47	0.35	0.35	0	0	0.47
73500	0.47	0.35	0.35	0	0	0.47
73600	0.47	0.34	0.34	0	0	0.47
73700	0.47	0.34	0.34	0	0	0.47
73800	0.47	0.34	0.34	0	0	0.47
73900	0.47	0.34	0.34	0	0	0.47
74000	0.47	0.36	0.36	0	0	0.47
74100	0.47	0.36	0.36	0	0	0.47
74200	0.47	0.36	0.36	0	0	0.47
74300	0.47	0.36	0.36	0	0	0.47
74400	0.47	0.34	0.34	0	0	0.47
74500	0.47	0.34	0.34	0	0	0.47
74600	0.47	0.34	0.34	0	0	0.47
74700	0.47	0.34	0.34	0	0	0.47
74800	0.47	0.34	0.34	0	0	0.47
74900	0.48	0.34	0.34	0	0	0.48
75000	0.48	0.34	0.34	0	0	0.48
75100	0.48	0.34	0.34	0	0	0.48
75200	0.48	0.34	0.34	0	0	0.48
75300	0.48	0.34	0.34	0	0	0.48
75400	0.48	0.34	0.34	0	0	0.48
75500	0.48	0.34	0.34	0	0	0.48
75600	0.48	0.34	0.34	0	0	0.48
75700	0.48	0.34	0.34	0	0	0.48
75800	0.48	0.35	0.35	0	0	0.48
75900	0.48	0.33	0.33	0	0	0.48
76000	0.48	0.33	0.33	0	0	0.48
76100	0.48	0.32	0.32	0	0	0.48
76200	0.48	0.32	0.32	0	0	0.48
76300	0.48	0.32	0.32	0	0	0.48
76400	0.48	0.32	0.32	0	0	0.48
76500	0.48	0.32	0.32	0	0	0.48
76600	0.48	0.31	0.31	0	0	0.48
76700	0.47	0.3	0.3	0	0	0.47
76800	0.47	0.3	0.3	0	0	0.47
76900	0.47	0.3	0.3	0	0	0.47
77000	0.47	0.3	0.3	0	0	0.47
77100	0.47	0.3	0.3	0	0	0.47
77200	0.47	0.31	0.31	0	0	0.47
77300	0.47	0.31	0.31	0	0	0.47
77400	0.47	0.31	0.31	0	0	0.47
77500	0.47	0.31	0.31	0	0	0.47
77600	0.47	0.31	0.31	0	0	0.47
77700	0.47	0.31	0.31	0	0	0.47
77800	0.47	0.31	0.31	0	0	0.47
77900	0.47	0.32	0.32	0	0	0.47
78000	0.47	0.32	0.32	0	0	0.47
78100	0.47	0.32	0.32	0	0	0.47
78200	0.47	0.32	0.32	0	0	0.47
78300	0.47	0.32	0.32	0	0	0.47
78400	0.47	0.31	0.31	0	0	0.47
78500	0.48	0.31	0.31	0	0	0.48
78600	0.48	0.31	0.31	0	0	0.48
78700	0.48	0.31	0.31	0	0	0.48
78800	0.47	0.31	0.31	0	0	0.47
78900	0.47	0.32	0.32	0	0	0.47
79000	0.48	0.31	0.31	0	0	0.48
79100	0.48	0.31	0.31	0	0	0.48
79200	0.47	0.31	0.31	0	0	0.47
79300	0.48	0.31	0.31	0	0	0.48
79400	0.49	0.31	0.31	0	0	0.49
79500	0.49	0.31	0.31	0	0	0.49
79600	0.5	0.31	0.31	0	0	0.5
79700	0.5	0.31	0.31	0	0	0.5
79800	0.5	0.31	0.31	0	0	0.5
79900	0.5	0.31	0.31	0	0	0.5
80000	0.5	0.31	0.31	0	0	0.5
80100	0.5	0.3	0.3	0	0	0.5
80200	0.5	0.3	0.3	0	0	0.5
80300	0.5	0.3	0.3	0	0	0.5
80400	0.5	0.3	0.3	0	0	0.5
80500	0.49	0.3	0.3	0	0	0.49
80600	0.49	0.3	0.3	0	0	0.49
80700	0.49	0.3	0.3	0	0	0.49
80800	0.49	0.3	0.3	0	0	0.49
80900	0.49	0.3	0.3	0	0	0.49
81000	0.48	0.3	0.3	0	0	0.48
81100	0.48	0.32	0.32	0	0	0.48
81200	0.48	0.32	0.32	0	0	0.48
81300	0.47	0.32	0.32	0	0	0.47
81400	0.47	0.32	0.32	0	0	0.47
81500	0.47	0.32	0.32	0	0	0.47
81600	0.47	0.32	0.32	0	0	0.47
81700	0.47	0.31	0.31	0	0	0.47
81800	0.47	0.31	0.31	0	0	0.47
81900	0.48	0.32	0.32	0	0	0.48
82000	0.48	0.32	0.32	0	0	0.48
82100	0.48	0.32	0.32	0	0	0.48
82200	0.48	0.32	0.32	0	0	0.48
82300	0.48	0.33	0.33	0	0	0.48
82400	0.49	0.33	0.33	0	0	0.49
82500	0.49	0.33	0.33	0	0	0.49
82600	0.49	0.33	0.33	0	0	0.49
82700	0.49	0.33	0.33	0	0	0.49
82800	0.49	0.33	0.33	0	0	0.49
82900	0.49	0.32	0.32	0	0	0.49
83000	0.49	0.32	0.32	0	0	0.49
83100	0.49	0.32	0.32	0	0	0.49
83200	0.49	0.3	0.3	0	0	0.49
83300	0.49	0.3	0.3	0	0	0.49
83400	0.49	0.3	0.3	0	0	0.49
83500	0.49	0.3	0.3	0	0	0.49
83600	0.49	0.3	0.3	0	0	0.49
83700	0.49	0.3	0.3	0	0	0.49
83800	0.49	0.3	0.3	0	0	0.49
83900	0.49	0.3	0.3	0	0	0.49
84000	0.49	0.3	0.3	0	0	0.49
84100	0.5	0.3	0.3	0	0	0.5
84200	0.5	0.31	0.31	0	0	0.5
84300	0.51	0.31	0.31	0	0	0.51
84400	0.5	0.31	0.31	0	0	0.5
84500	0.5	0.32	0.32	0	0	0.5
84600	0.5	0.32	0.32	0	0	0.5
84700	0.5	0.32	0.32	0	0	0.5
84800	0.5	0.31	0.31	0	0	0.5
84900	0.5	0.31	0.31	0	0	0.5
85000	0.5	0.31	0.31	0	0	0.5
85100	0.5	0.3	0.3	0	0	0.5
85200	0.5	0.3	0.3	0	0	0.5
85300	0.5	0.3	0.3	0	0	0.5
85400	0.5	0.3	0.3	0	0	0.5
85500	0.5	0.3	0.3	0	0	0.5
85600	0.5	0.3	0.3	0	0	0.5
85700	0.5	0.3	0.3	0	0	0.5
85800	0.5	0.3	0.3	0	0	0.5
85900	0.5	0.3	0.3	0	0	0.5
86000	0.49	0.3	0.3	0	0	0.49
86100	0.49	0.3	0.3	0	0	0.49
86200	0.49	0.3	0.3	0	0	0.49
86300	0.49	0.31	0.31	0	0	0.49
86400	0.49	0.31	0.31	0	0	0.49
86500	0.49	0.31	0.31	0	0	0.49
86600	0.49	0.31	0.31	0	0	0.49
86700	0.5	0.31	0.31	0	0	0.5
86800	0.5	0.31	0.31	0	0	0.5
86900	0.5	0.3	0.3	0	0	0.5
87000	0.5	0.3	0.3	0	0	0.5
87100	0.5	0.3	0.3	0	0	0.5
87200	0.5	0.3	0.3	0	0	0.5
87300	0.5	0.31	0.31	0	0	0.5
87400	0.5	0.31	0.31	0	0	0.5
87500	0.49	0.32	0.32	0	0	0.49
87600	0.49	0.33	0.33	0	0	0.49
87700	0.49	0.31	0.31	0	0	0.49
87800	0.49	0.31	0.31	0	0	0.49
87900	0.49	0.31	0.31	0	0	0.49
88000	0.49	0.31	0.31	0	0	0.49
88100	0.49	0.31	0.31	0	0	0.49
88200	0.49	0.31	0.31	0	0	0.49
88300	0.49	0.31	0.31	0	0	0.49
88400	0.49	0.31	0.31	0	0	0.49
88500	0.49	0.31	0.31	0	0	0.49
88600	0.49	0.32	0.32	0	0	0.49
88700	0.49	0.32	0.32	0	0	0.49
88800	0.49	0.32	0.32	0	0	0.49
88900	0.49	0.32	0.32	0	0	0.49
89000	0.49	0.33	0.33	0	0	0.49
89100	0.49	0.32	0.32	0	0	0.49
89200	0.49	0.32	0.32	0	0	0.49
89300	0.49	0.32	0.32	0	0	0.49
89400	0.49	0.32	0.32	0	0	0.49
89500	0.49	0.32	0.32	0	0	0.49
89600	0.49	0.32	0.32	0	0	0.49
89700	0.49	0.32	0.32	0	0	0.49
89800	0.49	0.32	0.32	0	0	0.49
89900	0.49	0.32	0.32	0	0	0.49
90000	0.49	0.32	0.32	0	0	0.49
90100	0.49	0.32	0.32	0	0	0.49
90200	0.49	0.32	0.32	0	0	0.49
90300	0.49	0.33	0.33	0	0	0.49
90400	0.49	0.33	0.33	0	0	0.49
90500	0.49	0.33	0.33	0	0	0.49
90600	0.49	0.33	0.33	0	0	0.49
90700	0.49	0.33	0.33	0	0	0.49
90800	0.49	0.33	0.33	0	0	0.49
90900	0.5	0.33	0.33	0	0	0.5
91000	0.5	0.33	0.33	0	0	0.5
91100	0.5	0.33	0.33	0	0	0.5
91200	0.5	0.33	0.33	0	0	0.5
91300	0.5	0.34	0.34	0	0	0.5
91400	0.5	0.34	0.34	0	0	0.5
91500	0.5	0.34	0.34	0	0	0.5
91600	0.5	0.34	0.34	0	0	0.5
91700	0.5	0.34	0.34	0	0	0.5
91800	0.5	0.34	0.34	0	0	0.5
91900	0.5	0.33	0.33	0	0	0.5
92000	0.5	0.33	0.33	0	0	0.5
92100	0.5	0.33	0.33	0	0	0.5
92200	0.5	0.33	0.33	0	0	0.5
92300	0.5	0.33	0.33	0	0	0.5
92400	0.5	0.33	0.33	0	0	0.5
92500	0.5	0.33	0.33	0	0	0.5
92600	0.5	0.34	0.34	0	0	0.5
92700	0.5	0.34	0.34	0	0	0.5
92800	0.5	0.34	0.34	0	0	0.5
92900	0.5	0.34	0.34	0	0	0.5
93000	0.5	0.34	0.34	0	0	0.5
93100	0.5	0.34	0.34	0	0	0.5
93200	0.5	0.34	0.34	0	0	0.5
93300	0.5	0.34	0.34	0	0	0.5
93400	0.5	0.33	0.33	0	0	0.5
93500	0.5	0.33	0.33	0	0	0.5
93600	0.5	0.33	0.33	0	0	0.5
93700	0.5	0.33	0.33	0	0	0.5
93800	0.5	0.33	0.33	0	0	0.5
93900	0.5	0.33	0.33	0	0	0.5
94000	0.5	0.34	0.34	0	0	0.5
94100	0.5	0.34	0.34	0	0	0.5
94200	0.5	0.34	0.34	0	0	0.5
94300	0.51	0.34	0.34	0	0	0.51
94400	0.51	0.34	0.34	0	0	0.51
94500	0.51	0.34	0.34	0	0	0.51
94600	0.51	0.34	0.34	0	0	0.51
94700	0.52	0.34	0.34	0	0	0.52
94800	0.52	0.34	0.34	0	0	0.52
94900	0.52	0.34	0.34	0	0	0.52
95000	0.51	0.34	0.34	0	0	0.51
95100	0.51	0.34	0.34	0	0	0.51
95200	0.51	0.34	0.34	0	0	0.51
95300	0.51	0.34	0.34	0	0	0.51
95400	0.51	0.34	0.34	0	0	0.51
95500	0.51	0.34	0.34	0	0	0.51
95600	0.51	0.34	0.34	0	0	0.51
95700	0.51	0.35	0.35	0	0	0.51
95800	0.51	0.35	0.35	0	0	0.51
95900	0.51	0.35	0.35	0	0	0.51
96000	0.51	0.35	0.35	0	0	0.51
96100	0.51	0.35	0.35	0	0	0.51
96200	0.51	0.35	0.35	0	0	0.51
96300	0.51	0.35	0.35	0	0	0.51
96400	0.51	0.35	0.35	0	0	0.51
96500	0.51	0.35	0.35	0	0	0.51
96600	0.51	0.35	0.35	0	0	0.51
96700	0.51	0.34	0.34	0	0	0.51
96800	0.51	0.35	0.35	0	0	0.51
96900	0.52	0.34	0.34	0	0	0.52
97000	0.51	0.35	0.35	0	0	0.51
97100	0.51	0.34	0.34	0	0	0.51
97200	0.51	0.33	0.33	0	0	0.51
97300	0.51	0.33	0.33	0	0	0.51
97400	0.51	0.33	0.33	0	0	0.51
97500	0.51	0.33	0.33	0	0	0.51
97600	0.52	0.33	0.33	0	0	0.52
97700	0.51	0.33	0.33	0	0	0.51
97800	0.5	0.33	0.33	0	0	0.5
97900	0.49	0.33	0.33	0	0	0.49
98000	0.49	0.33	0.33	0	0	0.49
98100	0.49	0.33	0.33	0	0	0.49
98200	0.49	0.33	0.33	0	0	0.49
98300	0.49	0.33	0.33	0	0	0.49
98400	0.49	0.33	0.33	0	0	0.49
98500	0.49	0.33	0.33	0	0	0.49
98600	0.49	0.33	0.33	0	0	0.49
98700	0.49	0.33	0.33	0	0	0.49
98800	0.49	0.34	0.34	0	0	0.49
98900	0.49	0.34	0.34	0	0	0.49
99000	0.49	0.34	0.34	0	0	0.49
99100	0.5	0.34	0.34	0	0	0.5
99200	0.5	0.34	0.34	0	0	0.5
99300	0.5	0.34	0.34	0	0	0.5
99400	0.5	0.34	0.34	0	0	0.5
99500	0.5	0.34	0.34	0	0	0.5
99600	0.5	0.35	0.35	0	0	0.5
99700	0.5	0.36	0.36	0	0	0.5
99800	0.5	0.36	0.36	0	0	0.5
99900	0.5	0.36	0.36	0	0	0.5
100000	0.5	0.36	0.36	0	0	0.5
100100	0.49	0.37	0.37	0	0	0.49
100200	0.49	0.37	0.37	0	0	0.49
100300	0.49	0.37	0.37	0	0	0.49
100400	0.49	0.37	0.37	0	0	0.49
100500	0.49	0.36	0.36	0	0	0.49
100600	0.49	0.37	0.37	0	0	0.49
100700	0.49	0.35	0.35	0	0	0.49
100800	0.49	0.36	0.36	0	0	0.49
100900	0.49	0.37	0.37	0	0	0.49
101000	0.49	0.37	0.37	0	0	0.49
101100	0.49	0.36	0.36	0	0	0.49
101200	0.5	0.36	0.36	0	0	0.5
101300	0.5	0.36	0.36	0	0	0.5
101400	0.5	0.36	0.36	0	0	0.5
101500	0.5	0.36	0.36	0	0	0.5
101600	0.5	0.35	0.35	0	0	0.5
101700	0.5	0.35	0.35	0	0	0.5
101800	0.5	0.35	0.35	0	0	0.5
101900	0.5	0.36	0.36	0	0	0.5
102000	0.5	0.36	0.36	0	0	0.5
102100	0.5	0.35	0.35	0	0	0.5
102200	0.5	0.34	0.34	0	0	0.5
102300	0.5	0.33	0.33	0	0	0.5
102400	0.5	0.32	0.32	0	0	0.5
102500	0.5	0.33	0.33	0	0	0.5
102600	0.5	0.33	0.33	0	0	0.5
102700	0.5	0.33	0.33	0	0	0.5
102800	0.5	0.33	0.33	0	0	0.5
102900	0.5	0.33	0.33	0	0	0.5
103000	0.5	0.33	0.33	0	0	0.5
103100	0.5	0.33	0.33	0	0	0.5
103200	0.5	0.33	0.33	0	0	0.5
103300	0.5	0.33	0.33	0	0	0.5
103400	0.5	0.34	0.34	0	0	0.5
103500	0.5	0.34	0.34	0	0	0.5
103600	0.5	0.33	0.33	0	0	0.5
103700	0.5	0.33	0.33	0	0	0.5
103800	0.5	0.33	0.33	0	0	0.5
103900	0.5	0.33	0.33	0	0	0.5
104000	0.5	0.33	0.33	0	0	0.5
104100	0.5	0.33	0.33	0	0	0.5
104200	0.5	0.33	0.33	0	0	0.5
104300	0.51	0.33	0.33	0	0	0.51
104400	0.51	0.33	0.33	0	0	0.51
104500	0.51	0.33	0.33	0	0	0.51
104600	0.52	0.33	0.33	0	0	0.52
104700	0.51	0.33	0.33	0	0	0.51
104800	0.51	0.33	0.33	0	0	0.51
104900	0.49	0.34	0.34	0	0	0.49
105000	0.48	0.34	0.34	0	0	0.48
105100	0.48	0.34	0.34	0	0	0.48
105200	0.48	0.34	0.34	0	0	0.48
105300	0.48	0.34	0.34	0	0	0.48
105400	0.48	0.35	0.35	0	0	0.48
105500	0.48	0.35	0.35	0	0	0.48
105600	0.48	0.36	0.36	0	0	0.48
105700	0.48	0.36	0.36	0	0	0.48
105800	0.48	0.35	0.35	0	0	0.48
105900	0.47	0.35	0.35	0	0	0.47
106000	0.47	0.35	0.35	0	0	0.47
106100	0.47	0.35	0.35	0	0	0.47
106200	0.47	0.34	0.34	0	0	0.47
106300	0.47	0.34	0.34	0	0	0.47
106400	0.47	0.34	0.34	0	0	0.47
106500	0.47	0.35	0.35	0	0	0.47
106600	0.47	0.34	0.34	0	0	0.47
106700	0.47	0.34	0.34	0	0	0.47
106800	0.47	0.34	0.34	0	0	0.47
106900	0.47	0.34	0.34	0	0	0.47
107000	0.47	0.34	0.34	0	0	0.47
107100	0.48	0.34	0.34	0	0	0.48
107200	0.48	0.35	0.35	0	0	0.48
107300	0.48	0.35	0.35	0	0	0.48
107400	0.48	0.35	0.35	0	0	0.48
107500	0.48	0.35	0.35	0	0	0.48
107600	0.48	0.36	0.36	0	0	0.48
107700	0.48	0.35	0.35	0	0	0.48
107800	0.48	0.35	0.35	0	0	0.48
107900	0.48	0.37	0.37	0	0	0.48
108000	0.48	0.36	0.36	0	0	0.48
108100	0.48	0.36	0.36	0	0	0.48
108200	0.48	0.35	0.35	0	0	0.48
108300	0.48	0.35	0.35	0	0	0.48
108400	0.48	0.35	0.35	0	0	0.48
108500	0.47	0.35	0.35	0	0	0.47
108600	0.47	0.36	0.36	0	0	0.47
108700	0.47	0.36	0.36	0	0	0.47
108800	0.48	0.36	0.36	0	0	0.48
108900	0.48	0.36	0.36	0	0	0.48
109000	0.48	0.36	0.36	0	0	0.48
109100	0.48	0.36	0.36	0	0	0.48
109200	0.48	0.36	0.36	0	0	0.48
109300	0.48	0.35	0.35	0	0	0.48
109400	0.48	0.35	0.35	0	0	0.48
109500	0.48	0.35	0.35	0	0	0.48
109600	0.48	0.35	0.35	0	0	0.48
109700	0.47	0.35	0.35	0	0	0.47
109800	0.47	0.35	0.35	0	0	0.47
109900	0.47	0.35	0.35	0	0	0.47
110000	0.47	0.35	0.35	0	0	0.47
110100	0.47	0.36	0.36	0	0	0.47
110200	0.47	0.36	0.36	0	0	0.47
110300	0.47	0.36	0.36	0	0	0.47
110400	0.47	0.36	0.36	0	0	0.47
110500	0.47	0.36	0.36	0	0	0.47
110600	0.47	0.36	0.36	0	0	0.47
110700	0.47	0.36	0.36	0	0	0.47
110800	0.47	0.36	0.36	0	0	0.47
110900	0.47	0.36	0.36	0	0	0.47
111000	0.47	0.37	0.37	0	0	0.47
111100	0.47	0.38	0.38	0	0	0.47
111200	0.47	0.38	0.38	0	0	0.47
111300	0.47	0.37	0.37	0	0	0.47
111400	0.47	0.37	0.37	0	0	0.47
111500	0.47	0.37	0.37	0	0	0.47
111600	0.47	0.39	0.39	0	0	0.47
111700	0.47	0.38	0.38	0	0	0.47
111800	0.47	0.38	0.38	0	0	0.47
111900	0.47	0.39	0.39	0	0	0.47
112000	0.48	0.39	0.39	0	0	0.48
112100	0.48	0.4	0.4	0	0	0.48
112200	0.48	0.4	0.4	0	0	0.48
112300	0.48	0.38	0.38	0	0	0.48
112400	0.48	0.38	0.38	0	0	0.48
112500	0.48	0.38	0.38	0	0	0.48
112600	0.48	0.38	0.38	0	0	0.48
112700	0.48	0.38	0.38	0	0	0.48
112800	0.48	0.38	0.38	0	0	0.48
112900	0.49	0.38	0.38	0	0	0.49
113000	0.49	0.38	0.38	0	0	0.49
113100	0.49	0.38	0.38	0	0	0.49
113200	0.49	0.38	0.38	0	0	0.49
113300	0.49	0.39	0.39	0	0	0.49
113400	0.49	0.39	0.39	0	0	0.49
113500	0.49	0.39	0.39	0	0	0.49
113600	0.49	0.39	0.39	0	0	0.49
113700	0.49	0.39	0.39	0	0	0.49
113800	0.49	0.39	0.39	0	0	0.49
113900	0.49	0.41	0.41	0	0	0.49
114000	0.49	0.4	0.4	0	0	0.49
114100	0.49	0.4	0.4	0	0	0.49
114200	0.49	0.4	0.4	0	0	0.49
114300	0.49	0.4	0.4	0	0	0.49
114400	0.5	0.4	0.4	0	0	0.5
114500	0.5	0.4	0.4	0	0	0.5
114600	0.5	0.4	0.4	0	0	0.5
114700	0.5	0.4	0.4	0	0	0.5
114800	0.5	0.4	0.4	0	0	0.5
114900	0.5	0.4	0.4	0	0	0.5
115000	0.5	0.4	0.4	0	0	0.5
115100	0.5	0.4	0.4	0	0	0.5
115200	0.5	0.4	0.4	0	0	0.5
115300	0.5	0.4	0.4	0	0	0.5
115400	0.5	0.4	0.4	0	0	0.5
115500	0.5	0.39	0.39	0	0	0.5
115600	0.5	0.39	0.39	0	0	0.5
115700	0.5	0.39	0.39	0	0	0.5
115800	0.5	0.39	0.39	0	0	0.5
115900	0.5	0.39	0.39	0	0	0.5
116000	0.5	0.39	0.39	0	0	0.5
116100	0.5	0.4	0.4	0	0	0.5
116200	0.5	0.4	0.4	0	0	0.5
116300	0.5	0.4	0.4	0	0	0.5
116400	0.5	0.4	0.4	0	0	0.5
116500	0.49	0.4	0.4	0	0	0.49
116600	0.49	0.4	0.4	0	0	0.49
116700	0.49	0.4	0.4	0	0	0.49
116800	0.49	0.4	0.4	0	0	0.49
116900	0.49	0.4	0.4	0	0	0.49
117000	0.49	0.4	0.4	0	0	0.49
117100	0.49	0.41	0.41	0	0	0.49
117200	0.49	0.41	0.41	0	0	0.49
117300	0.49	0.41	0.41	0	0	0.49
117400	0.49	0.4	0.4	0	0	0.49
117500	0.49	0.4	0.4	0	0	0.49
117600	0.49	0.4	0.4	0	0	0.49
117700	0.49	0.4	0.4	0	0	0.49
117800	0.49	0.4	0.4	0	0	0.49
117900	0.49	0.4	0.4	0	0	0.49
118000	0.49	0.4	0.4	0	0	0.49
118100	0.49	0.4	0.4	0	0	0.49
118200	0.49	0.4	0.4	0	0	0.49
118300	0.49	0.4	0.4	0	0	0.49
118400	0.49	0.41	0.41	0	0	0.49
118500	0.49	0.4	0.4	0	0	0.49
118600	0.49	0.4	0.4	0	0	0.49
118700	0.5	0.4	0.4	0	0	0.5
118800	0.49	0.4	0.4	0	0	0.49
118900	0.49	0.4	0.4	0	0	0.49
119000	0.49	0.4	0.4	0	0	0.49
119100	0.49	0.4	0.4	0	0	0.49
119200	0.49	0.4	0.4	0	0	0.49
119300	0.49	0.4	0.4	0	0	0.49
119400	0.49	0.4	0.4	0	0	0.49
119500	0.48	0.4	0.4	0	0	0.48
119600	0.48	0.4	0.4	0	0	0.48
119700	0.48	0.4	0.4	0	0	0.48
119800	0.48	0.4	0.4	0	0	0.48
119900	0.48	0.4	0.4	0	0	0.48
120000	0.48	0.4	0.4	0	0	0.48
120100	0.48	0.4	0.4	0	0	0.48
120200	0.48	0.4	0.4	0	0	0.48
120300	0.48	0.4	0.4	0	0	0.48
120400	0.48	0.4	0.4	0	0	0.48
120500	0.48	0.4	0.4	0	0	0.48
120600	0.48	0.4	0.4	0	0	0.48
120700	0.48	0.4	0.4	0	0	0.48
120800	0.48	0.4	0.4	0	0	0.48
120900	0.47	0.4	0.4	0	0	0.47
121000	0.47	0.4	0.4	0	0	0.47
121100	0.47	0.4	0.4	0	0	0.47
121200	0.47	0.4	0.4	0	0	0.47
121300	0.47	0.4	0.4	0	0	0.47
121400	0.47	0.4	0.4	0	0	0.47
121500	0.47	0.4	0.4	0	0	0.47
121600	0.47	0.4	0.4	0	0	0.47
121700	0.47	0.4	0.4	0	0	0.47
121800	0.47	0.4	0.4	0	0	0.47
121900	0.47	0.4	0.4	0	0	0.47
122000	0.47	0.4	0.4	0	0	0.47
122100	0.47	0.4	0.4	0	0	0.47
122200	0.47	0.4	0.4	0	0	0.47
122300	0.47	0.4	0.4	0	0	0.47
122400	0.47	0.4	0.4	0	0	0.47
122500	0.47	0.4	0.4	0	0	0.47
122600	0.47	0.4	0.4	0	0	0.47
122700	0.47	0.4	0.4	0	0	0.47
122800	0.47	0.4	0.4	0	0	0.47
122900	0.47	0.4	0.4	0	0	0.47
123000	0.48	0.4	0.4	0	0	0.48
123100	0.48	0.4	0.4	0	0	0.48
123200	0.48	0.4	0.4	0	0	0.48
123300	0.48	0.4	0.4	0	0	0.48
123400	0.48	0.4	0.4	0	0	0.48
123500	0.48	0.4	0.4	0	0	0.48
123600	0.49	0.4	0.4	0	0	0.49
123700	0.49	0.4	0.4	0	0	0.49
123800	0.49	0.4	0.4	0	0	0.49
123900	0.49	0.4	0.4	0	0	0.49
124000	0.49	0.4	0.4	0	0	0.49
124100	0.49	0.41	0.41	0	0	0.49
124200	0.49	0.41	0.41	0	0	0.49
124300	0.49	0.41	0.41	0	0	0.49
124400	0.49	0.41	0.41	0	0	0.49
124500	0.49	0.41	0.41	0	0	0.49
124600	0.5	0.42	0.42	0	0	0.5
124700	0.5	0.42	0.42	0	0	0.5
124800	0.5	0.42	0.42	0	0	0.5
124900	0.5	0.43	0.43	0	0	0.5
125000	0.49	0.43	0.43	0	0	0.49
125100	0.49	0.42	0.42	0	0	0.49
125200	0.49	0.42	0.42	0	0	0.49
125300	0.49	0.42	0.42	0	0	0.49
125400	0.49	0.42	0.42	0	0	0.49
125500	0.49	0.42	0.42	0	0	0.49
125600	0.49	0.42	0.42	0	0	0.49
125700	0.49	0.42	0.42	0	0	0.49
125800	0.49	0.42	0.42	0	0	0.49
125900	0.49	0.42	0.42	0	0	0.49
126000	0.49	0.42	0.42	0	0	0.49
126100	0.49	0.42	0.42	0	0	0.49
126200	0.49	0.42	0.42	0	0	0.49
126300	0.49	0.42	0.42	0	0	0.49
126400	0.49	0.42	0.42	0	0	0.49
126500	0.49	0.42	0.42	0	0	0.49
126600	0.49	0.42	0.42	0	0	0.49
126700	0.49	0.42	0.42	0	0	0.49
126800	0.49	0.42	0.42	0	0	0.49
126900	0.49	0.42	0.42	0	0	0.49
127000	0.49	0.42	0.42	0	0	0.49
127100	0.49	0.42	0.42	0	0	0.49
127200	0.48	0.42	0.42	0	0	0.48
127300	0.48	0.42	0.42	0	0	0.48
127400	0.48	0.42	0.42	0	0	0.48
127500	0.48	0.43	0.43	0	0	0.48
127600	0.48	0.43	0.43	0	0	0.48
127700	0.49	0.44	0.44	0	0	0.49
127800	0.49	0.44	0.44	0	0	0.49
127900	0.49	0.44	0.44	0	0	0.49
128000	0.49	0.44	0.44	0	0	0.49
128100	0.48	0.44	0.44	0	0	0.48
128200	0.48	0.44	0.44	0	0	0.48
128300	0.48	0.44	0.44	0	0	0.48
128400	0.48	0.44	0.44	0	0	0.48
128500	0.48	0.44	0.44	0	0	0.48
128600	0.48	0.44	0.44	0	0	0.48
128700	0.48	0.44	0.44	0	0	0.48
128800	0.48	0.44	0.44	0	0	0.48
128900	0.48	0.44	0.44	0	0	0.48
129000	0.48	0.44	0.44	0	0	0.48
129100	0.48	0.44	0.44	0	0	0.48
129200	0.48	0.44	0.44	0	0	0.48
129300	0.48	0.44	0.44	0	0	0.48
129400	0.48	0.44	0.44	0	0	0.48
129500	0.48	0.44	0.44	0	0	0.48
129600	0.48	0.44	0.44	0	0	0.48
129700	0.48	0.44	0.44	0	0	0.48
129800	0.48	0.44	0.44	0	0	0.48
129900	0.49	0.44	0.44	0	0	0.49
130000	0.49	0.44	0.44	0	0	0.49
130100	0.49	0.44	0.44	0	0	0.49
130200	0.49	0.44	0.44	0	0	0.49
130300	0.49	0.44	0.44	0	0	0.49
130400	0.49	0.44	0.44	0	0	0.49
130500	0.49	0.44	0.44	0	0	0.49
130600	0.49	0.44	0.44	0	0	0.49
130700	0.49	0.44	0.44	0	0	0.49
130800	0.49	0.44	0.44	0	0	0.49
130900	0.49	0.44	0.44	0	0	0.49
131000	0.49	0.44	0.44	0	0	0.49
131100	0.49	0.44	0.44	0	0	0.49
131200	0.49	0.44	0.44	0	0	0.49
131300	0.49	0.44	0.44	0	0	0.49
131400	0.49	0.45	0.45	0	0	0.49
131500	0.49	0.45	0.45	0	0	0.49
131600	0.5	0.46	0.46	0	0	0.5
131700	0.5	0.45	0.45	0	0	0.5
131800	0.5	0.44	0.44	0	0	0.5
131900	0.5	0.44	0.44	0	0	0.5
132000	0.5	0.44	0.44	0	0	0.5
132100	0.5	0.44	0.44	0	0	0.5
132200	0.5	0.44	0.44	0	0	0.5
132300	0.5	0.44	0.44	0	0	0.5
132400	0.5	0.44	0.44	0	0	0.5
132500	0.5	0.44	0.44	0	0	0.5
132600	0.5	0.44	0.44	0	0	0.5
132700	0.5	0.44	0.44	0	0	0.5
132800	0.5	0.43	0.43	0	0	0.5
132900	0.51	0.43	0.43	0	0	0.51
133000	0.51	0.43	0.43	0	0	0.51
133100	0.5	0.43	0.43	0	0	0.5
133200	0.5	0.43	0.43	0	0	0.5
133300	0.5	0.43	0.43	0	0	0.5
133400	0.5	0.43	0.43	0	0	0.5
133500	0.5	0.43	0.43	0	0	0.5
133600	0.5	0.43	0.43	0	0	0.5
133700	0.5	0.43	0.43	0	0	0.5
133800	0.5	0.43	0.43	0	0	0.5
133900	0.5	0.44	0.44	0	0	0.5
134000	0.5	0.44	0.44	0	0	0.5
134100	0.5	0.44	0.44	0	0	0.5
134200	0.5	0.44	0.44	0	0	0.5
134300	0.5	0.43	0.43	0	0	0.5
134400	0.5	0.42	0.42	0	0	0.5
134500	0.5	0.42	0.42	0	0	0.5
134600	0.5	0.42	0.42	0	0	0.5
134700	0.5	0.42	0.42	0	0	0.5
134800	0.5	0.42	0.42	0	0	0.5
134900	0.5	0.42	0.42	0	0	0.5
135000	0.5	0.43	0.43	0	0	0.5
135100	0.5	0.43	0.43	0	0	0.5
135200	0.5	0.42	0.42	0	0	0.5
135300	0.5	0.42	0.42	0	0	0.5
135400	0.5	0.42	0.42	0	0	0.5
135500	0.5	0.42	0.42	0	0	0.5
135600	0.5	0.41	0.41	0	0	0.5
135700	0.5	0.4	0.4	0	0	0.5
135800	0.5	0.4	0.4	0	0	0.5
135900	0.5	0.4	0.4	0	0	0.5
136000	0.5	0.4	0.4	0	0	0.5
136100	0.5	0.4	0.4	0	0	0.5
136200	0.5	0.39	0.39	0	0	0.5
136300	0.49	0.39	0.39	0	0	0.49
136400	0.48	0.39	0.39	0	0	0.48
136500	0.48	0.39	0.39	0	0	0.48
136600	0.48	0.4	0.4	0	0	0.48
136700	0.48	0.4	0.4	0	0	0.48
136800	0.48	0.4	0.4	0	0	0.48
136900	0.48	0.4	0.4	0	0	0.48
137000	0.48	0.4	0.4	0	0	0.48
137100	0.48	0.4	0.4	0	0	0.48
137200	0.48	0.4	0.4	0	0	0.48
137300	0.48	0.4	0.4	0	0	0.48
137400	0.49	0.4	0.4	0	0	0.49
137500	0.49	0.4	0.4	0	0	0.49
137600	0.49	0.41	0.41	0	0	0.49
137700	0.49	0.41	0.41	0	0	0.49
137800	0.49	0.41	0.41	0	0	0.49
137900	0.49	0.41	0.41	0	0	0.49
138000	0.49	0.41	0.41	0	0	0.49
138100	0.49	0.41	0.41	0	0	0.49
138200	0.49	0.41	0.41	0	0	0.49
138300	0.49	0.41	0.41	0	0	0.49
138400	0.49	0.41	0.41	0	0	0.49
138500	0.49	0.41	0.41	0	0	0.49
138600	0.49	0.41	0.41	0	0	0.49
138700	0.49	0.41	0.41	0	0	0.49
138800	0.49	0.41	0.41	0	0	0.49
138900	0.49	0.41	0.41	0	0	0.49
139000	0.49	0.41	0.41	0	0	0.49
139100	0.49	0.41	0.41	0	0	0.49
139200	0.49	0.41	0.41	0	0	0.49
139300	0.49	0.4	0.4	0	0	0.49
139400	0.49	0.4	0.4	0	0	0.49
139500	0.49	0.4	0.4	0	0	0.49
139600	0.49	0.4	0.4	0	0	0.49
139700	0.49	0.4	0.4	0	0	0.49
139800	0.49	0.4	0.4	0	0	0.49
139900	0.49	0.4	0.4	0	0	0.49
140000	0.49	0.4	0.4	0	0	0.49
140100	0.49	0.4	0.4	0	0	0.49
140200	0.49	0.41	0.41	0	0	0.49
140300	0.49	0.41	0.41	0	0	0.49
140400	0.49	0.42	0.42	0	0	0.49
140500	0.49	0.42	0.42	0	0	0.49
140600	0.49	0.42	0.42	0	0	0.49
140700	0.5	0.42	0.42	0	0	0.5
140800	0.5	0.42	0.42	0	0	0.5
140900	0.5	0.42	0.42	0	0	0.5
141000	0.5	0.42	0.42	0	0	0.5
141100	0.5	0.42	0.42	0	0	0.5
141200	0.5	0.42	0.42	0	0	0.5
141300	0.5	0.42	0.42	0	0	0.5
141400	0.5	0.42	0.42	0	0	0.5
141500	0.5	0.42	0.42	0	0	0.5
141600	0.5	0.42	0.42	0	0	0.5
141700	0.5	0.42	0.42	0	0	0.5
141800	0.5	0.42	0.42	0	0	0.5
141900	0.5	0.42	0.42	0	0	0.5
142000	0.5	0.42	0.42	0	0	0.5
142100	0.5	0.42	0.42	0	0	0.5
142200	0.5	0.42	0.42	0	0	0.5
142300	0.5	0.43	0.43	0	0	0.5
142400	0.5	0.43	0.43	0	0	0.5
142500	0.5	0.43	0.43	0	0	0.5
142600	0.5	0.43	0.43	0	0	0.5
142700	0.51	0.43	0.43	0	0	0.51
142800	0.51	0.43	0.43	0	0	0.51
142900	0.51	0.43	0.43	0	0	0.51
143000	0.51	0.43	0.43	0	0	0.51
143100	0.51	0.43	0.43	0	0	0.51
143200	0.51	0.43	0.43	0	0	0.51
143300	0.5	0.43	0.43	0	0	0.5
143400	0.5	0.43	0.43	0	0	0.5
143500	0.5	0.43	0.43	0	0	0.5
143600	0.5	0.43	0.43	0	0	0.5
143700	0.5	0.43	0.43	0	0	0.5
143800	0.5	0.43	0.43	0	0	0.5
143900	0.5	0.43	0.43	0	0	0.5
144000	0.5	0.43	0.43	0	0	0.5
144100	0.5	0.43	0.43	0	0	0.5
144200	0.5	0.43	0.43	0	0	0.5
144300	0.5	0.43	0.43	0	0	0.5
144400	0.5	0.43	0.43	0	0	0.5
144500	0.5	0.43	0.43	0	0	0.5
144600	0.5	0.43	0.43	0	0	0.5
144700	0.5	0.43	0.43	0	0	0.5
144800	0.5	0.44	0.44	0	0	0.5
144900	0.5	0.44	0.44	0	0	0.5
145000	0.5	0.45	0.45	0	0	0.5
145100	0.5	0.45	0.45	0	0	0.5
145200	0.5	0.45	0.45	0	0	0.5
145300	0.5	0.45	0.45	0	0	0.5
145400	0.5	0.45	0.45	0	0	0.5
145500	0.5	0.45	0.45	0	0	0.5
145600	0.5	0.44	0.44	0	0	0.5
145700	0.5	0.44	0.44	0	0	0.5
145800	0.5	0.44	0.44	0	0	0.5
145900	0.5	0.44	0.44	0	0	0.5
146000	0.5	0.44	0.44	0	0	0.5
146100	0.5	0.44	0.44	0	0	0.5
146200	0.51	0.44	0.44	0	0	0.51
146300	0.51	0.44	0.44	0	0	0.51
146400	0.51	0.44	0.44	0	0	0.51
146500	0.51	0.44	0.44	0	0	0.51
146600	0.51	0.44	0.44	0	0	0.51
146700	0.51	0.44	0.44	0	0	0.51
146800	0.51	0.44	0.44	0	0	0.51
146900	0.51	0.44	0.44	0	0	0.51
147000	0.51	0.44	0.44	0	0	0.51
147100	0.51	0.44	0.44	0	0	0.51
147200	0.51	0.43	0.43	0	0	0.51
147300	0.51	0.43	0.43	0	0	0.51
147400	0.51	0.43	0.43	0	0	0.51
147500	0.51	0.43	0.43	0	0	0.51
147600	0.51	0.43	0.43	0	0	0.51
147700	0.51	0.42	0.42	0	0	0.51
147800	0.51	0.42	0.42	0	0	0.51
147900	0.51	0.42	0.42	0	0	0.51
148000	0.51	0.42	0.42	0	0	0.51
148100	0.51	0.42	0.42	0	0	0.51
148200	0.51	0.42	0.42	0	0	0.51
148300	0.51	0.42	0.42	0	0	0.51
148400	0.51	0.42	0.42	0	0	0.51
148500	0.51	0.42	0.42	0	0	0.51
148600	0.51	0.42	0.42	0	0	0.51
148700	0.51	0.42	0.42	0	0	0.51
148800	0.51	0.42	0.42	0	0	0.51
148900	0.51	0.42	0.42	0	0	0.51
149000	0.51	0.42	0.42	0	0	0.51
149100	0.51	0.42	0.42	0	0	0.51
149200	0.51	0.42	0.42	0	0	0.51
149300	0.51	0.42	0.42	0	0	0.51
149400	0.51	0.42	0.42	0	0	0.51
149500	0.51	0.42	0.42	0	0	0.51
149600	0.51	0.41	0.41	0	0	0.51
149700	0.51	0.41	0.41	0	0	0.51
149800	0.51	0.41	0.41	0	0	0.51
149900	0.51	0.42	0.42	0	0	0.51
150000	0.51	0.42	0.42	0	0	0.51
150100	0.51	0.42	0.42	0	0	0.51
150200	0.51	0.42	0.42	0	0	0.51
150300	0.51	0.41	0.41	0	0	0.51
150400	0.51	0.43	0.43	0	0	0.51
150500	0.51	0.43	0.43	0	0	0.51
150600	0.51	0.43	0.43	0	0	0.51
150700	0.51	0.43	0.43	0	0	0.51
150800	0.51	0.43	0.43	0	0	0.51
150900	0.51	0.43	0.43	0	0	0.51
151000	0.51	0.43	0.43	0	0	0.51
151100	0.51	0.45	0.45	0	0	0.51
151200	0.51	0.45	0.45	0	0	0.51
151300	0.51	0.45	0.45	0	0	0.51
151400	0.51	0.45	0.45	0	0	0.51
151500	0.51	0.44	0.44	0	0	0.51
151600	0.51	0.44	0.44	0	0	0.51
151700	0.51	0.44	0.44	0	0	0.51
151800	0.51	0.44	0.44	0	0	0.51
151900	0.51	0.43	0.43	0	0	0.51
152000	0.51	0.43	0.43	0	0	0.51
152100	0.51	0.43	0.43	0	0	0.51
152200	0.51	0.43	0.43	0	0	0.51
152300	0.51	0.43	0.43	0	0	0.51
152400	0.51	0.43	0.43	0	0	0.51
152500	0.51	0.43	0.43	0	0	0.51
152600	0.51	0.43	0.43	0	0	0.51
152700	0.51	0.43	0.43	0	0	0.51
152800	0.51	0.43	0.43	0	0	0.51
152900	0.51	0.43	0.43	0	0	0.51
153000	0.51	0.43	0.43	0	0	0.51
153100	0.51	0.43	0.43	0	0	0.51
153200	0.51	0.43	0.43	0	0	0.51
153300	0.51	0.43	0.43	0	0	0.51
153400	0.51	0.43	0.43	0	0	0.51
153500	0.51	0.43	0.43	0	0	0.51
153600	0.51	0.43	0.43	0	0	0.51
153700	0.51	0.43	0.43	0	0	0.51
153800	0.51	0.43	0.43	0	0	0.51
153900	0.51	0.43	0.43	0	0	0.51
154000	0.51	0.43	0.43	0	0	0.51
154100	0.51	0.43	0.43	0	0	0.51
154200	0.51	0.43	0.43	0	0	0.51
154300	0.51	0.43	0.43	0	0	0.51
154400	0.51	0.43	0.43	0	0	0.51
154500	0.51	0.43	0.43	0	0	0.51
154600	0.51	0.43	0.43	0	0	0.51
154700	0.51	0.43	0.43	0	0	0.51
154800	0.51	0.43	0.43	0	0	0.51
154900	0.51	0.44	0.44	0	0	0.51
155000	0.51	0.44	0.44	0	0	0.51
155100	0.51	0.44	0.44	0	0	0.51
155200	0.51	0.45	0.45	0	0	0.51
155300	0.51	0.45	0.45	0	0	0.51
155400	0.51	0.44	0.44	0	0	0.51
155500	0.51	0.44	0.44	0	0	0.51
155600	0.51	0.43	0.43	0	0	0.51
155700	0.51	0.43	0.43	0	0	0.51
155800	0.51	0.43	0.43	0	0	0.51
155900	0.51	0.43	0.43	0	0	0.51
156000	0.51	0.43	0.43	0	0	0.51
156100	0.51	0.43	0.43	0	0	0.51
156200	0.51	0.43	0.43	0	0	0.51
156300	0.51	0.43	0.43	0	0	0.51
156400	0.51	0.43	0.43	0	0	0.51
156500	0.51	0.43	0.43	0	0	0.51
156600	0.51	0.43	0.43	0	0	0.51
156700	0.51	0.43	0.43	0	0	0.51
156800	0.51	0.43	0.43	0	0	0.51
156900	0.51	0.43	0.43	0	0	0.51
157000	0.51	0.43	0.43	0	0	0.51
157100	0.51	0.43	0.43	0	0	0.51
157200	0.51	0.43	0.43	0	0	0.51
157300	0.51	0.43	0.43	0	0	0.51
157400	0.51	0.43	0.43	0	0	0.51
157500	0.51	0.43	0.43	0	0	0.51
157600	0.51	0.43	0.43	0	0	0.51
157700	0.51	0.43	0.43	0	0	0.51
157800	0.51	0.43	0.43	0	0	0.51
157900	0.51	0.43	0.43	0	0	0.51
158000	0.51	0.43	0.43	0	0	0.51
158100	0.51	0.43	0.43	0	0	0.51
158200	0.51	0.43	0.43	0	0	0.51
158300	0.51	0.43	0.43	0	0	0.51
158400	0.51	0.43	0.43	0	0	0.51
158500	0.51	0.43	0.43	0	0	0.51
158600	0.51	0.43	0.43	0	0	0.51
158700	0.51	0.43	0.43	0	0	0.51
158800	0.51	0.43	0.43	0	0	0.51
158900	0.51	0.43	0.43	0	0	0.51
159000	0.51	0.43	0.43	0	0	0.51
159100	0.51	0.44	0.44	0	0	0.51
159200	0.51	0.44	0.44	0	0	0.51
159300	0.51	0.44	0.44	0	0	0.51
159400	0.51	0.44	0.44	0	0	0.51
159500	0.51	0.44	0.44	0	0	0.51
159600	0.51	0.45	0.45	0	0	0.51
159700	0.51	0.45	0.45	0	0	0.51
159800	0.51	0.45	0.45	0	0	0.51
159900	0.51	0.46	0.46	0	0	0.51
160000	0.51	0.46	0.46	0	0	0.51
160100	0.51	0.46	0.46	0	0	0.51
160200	0.51	0.46	0.46	0	0	0.51
160300	0.51	0.46	0.46	0	0	0.51
160400	0.52	0.46	0.46	0	0	0.52
160500	0.52	0.46	0.46	0	0	0.52
160600	0.52	0.46	0.46	0	0	0.52
160700	0.52	0.46	0.46	0	0	0.52
160800	0.52	0.46	0.46	0	0	0.52
160900	0.52	0.46	0.46	0	0	0.52
161000	0.52	0.46	0.46	0	0	0.52
161100	0.52	0.46	0.46	0	0	0.52
161200	0.52	0.46	0.46	0	0	0.52
161300	0.52	0.46	0.46	0	0	0.52
161400	0.52	0.46	0.46	0	0	0.52
161500	0.52	0.46	0.46	0	0	0.52
161600	0.52	0.46	0.46	0	0	0.52
161700	0.52	0.46	0.46	0	0	0.52
161800	0.52	0.46	0.46	0	0	0.52
161900	0.52	0.46	0.46	0	0	0.52
162000	0.52	0.46	0.46	0	0	0.52
162100	0.52	0.46	0.46	0	0	0.52
162200	0.52	0.46	0.46	0	0	0.52
162300	0.52	0.46	0.46	0	0	0.52
162400	0.52	0.46	0.46	0	0	0.52
162500	0.52	0.46	0.46	0	0	0.52
162600	0.52	0.46	0.46	0	0	0.52
162700	0.52	0.46	0.46	0	0	0.52
162800	0.52	0.46	0.46	0	0	0.52
162900	0.52	0.46	0.46	0	0	0.52
163000	0.52	0.46	0.46	0	0	0.52
163100	0.52	0.46	0.46	0	0	0.52
163200	0.52	0.46	0.46	0	0	0.52
163300	0.52	0.46	0.46	0	0	0.52
163400	0.52	0.46	0.46	0	0	0.52
163500	0.52	0.46	0.46	0	0	0.52
163600	0.52	0.46	0.46	0	0	0.52
163700	0.52	0.46	0.46	0	0	0.52
163800	0.52	0.46	0.46	0	0	0.52
163900	0.52	0.46	0.46	0	0	0.52
164000	0.52	0.46	0.46	0	0	0.52
164100	0.52	0.46	0.46	0	0	0.52
164200	0.52	0.46	0.46	0	0	0.52
164300	0.52	0.46	0.46	0	0	0.52
164400	0.52	0.46	0.46	0	0	0.52
164500	0.52	0.46	0.46	0	0	0.52
164600	0.52	0.46	0.46	0	0	0.52
164700	0.52	0.46	0.46	0	0	0.52
164800	0.52	0.46	0.46	0	0	0.52
164900	0.52	0.46	0.46	0	0	0.52
165000	0.52	0.46	0.46	0	0	0.52
165100	0.52	0.46	0.46	0	0	0.52
165200	0.52	0.46	0.46	0	0	0.52
165300	0.52	0.46	0.46	0	0	0.52
165400	0.52	0.46	0.46	0	0	0.52
165500	0.52	0.46	0.46	0	0	0.52
165600	0.52	0.46	0.46	0	0	0.52
165700	0.51	0.46	0.46	0	0	0.51
165800	0.51	0.46	0.46	0	0	0.51
165900	0.51	0.46	0.46	0	0	0.51
166000	0.51	0.46	0.46	0	0	0.51
166100	0.51	0.46	0.46	0	0	0.51
166200	0.51	0.46	0.46	0	0	0.51
166300	0.51	0.46	0.46	0	0	0.51
166400	0.51	0.46	0.46	0	0	0.51
166500	0.51	0.46	0.46	0	0	0.51
166600	0.51	0.46	0.46	0	0	0.51
166700	0.51	0.47	0.47	0	0	0.51
166800	0.51	0.47	0.47	0	0	0.51
166900	0.51	0.47	0.47	0	0	0.51
167000	0.51	0.47	0.47	0	0	0.51
167100	0.51	0.47	0.47	0	0	0.51
167200	0.51	0.47	0.47	0	0	0.51
167300	0.51	0.47	0.47	0	0	0.51
167400	0.51	0.47	0.47	0	0	0.51
167500	0.51	0.47	0.47	0	0	0.51
167600	0.51	0.47	0.47	0	0	0.51
167700	0.51	0.47	0.47	0	0	0.51
167800	0.52	0.47	0.47	0	0	0.52
167900	0.51	0.47	0.47	0	0	0.51
168000	0.51	0.47	0.47	0	0	0.51
168100	0.51	0.47	0.47	0	0	0.51
168200	0.51	0.47	0.47	0	0	0.51
168300	0.51	0.46	0.46	0	0	0.51
168400	0.51	0.46	0.46	0	0	0.51
168500	0.51	0.46	0.46	0	0	0.51
168600	0.51	0.46	0.46	0	0	0.51
168700	0.51	0.46	0.46	0	0	0.51
168800	0.51	0.46	0.46	0	0	0.51
168900	0.52	0.46	0.46	0	0	0.52
169000	0.52	0.46	0.46	0	0	0.52
169100	0.52	0.46	0.46	0	0	0.52
169200	0.52	0.46	0.46	0	0	0.52
169300	0.52	0.46	0.46	0	0	0.52
169400	0.52	0.46	0.46	0	0	0.52
169500	0.52	0.46	0.46	0	0	0.52
169600	0.52	0.46	0.46	0	0	0.52
169700	0.53	0.45	0.45	0	0	0.53
169800	0.53	0.45	0.45	0	0	0.53
169900	0.53	0.45	0.45	0	0	0.53
170000	0.53	0.45	0.45	0	0	0.53
170100	0.53	0.45	0.45	0	0	0.53
170200	0.53	0.45	0.45	0	0	0.53
170300	0.53	0.46	0.46	0	0	0.53
170400	0.53	0.46	0.46	0	0	0.53
170500	0.53	0.46	0.46	0	0	0.53
170600	0.53	0.46	0.46	0	0	0.53
170700	0.53	0.46	0.46	0	0	0.53
170800	0.53	0.45	0.45	0	0	0.53
170900	0.53	0.45	0.45	0	0	0.53
171000	0.53	0.45	0.45	0	0	0.53
171100	0.53	0.45	0.45	0	0	0.53
171200	0.53	0.45	0.45	0	0	0.53
171300	0.53	0.45	0.45	0	0	0.53
171400	0.53	0.45	0.45	0	0	0.53
171500	0.53	0.45	0.45	0	0	0.53
171600	0.53	0.45	0.45	0	0	0.53
171700	0.53	0.45	0.45	0	0	0.53
171800	0.53	0.45	0.45	0	0	0.53
171900	0.53	0.45	0.45	0	0	0.53
172000	0.53	0.45	0.45	0	0	0.53
172100	0.53	0.45	0.45	0	0	0.53
172200	0.53	0.45	0.45	0	0	0.53
172300	0.53	0.45	0.45	0	0	0.53
172400	0.53	0.45	0.45	0	0	0.53
172500	0.53	0.45	0.45	0	0	0.53
172600	0.53	0.44	0.44	0	0	0.53
172700	0.53	0.44	0.44	0	0	0.53
172800	0.53	0.44	0.44	0	0	0.53
172900	0.53	0.44	0.44	0	0	0.53
173000	0.53	0.44	0.44	0	0	0.53
173100	0.53	0.44	0.44	0	0	0.53
173200	0.53	0.44	0.44	0	0	0.53
173300	0.53	0.44	0.44	0	0	0.53
173400	0.53	0.44	0.44	0	0	0.53
173500	0.53	0.44	0.44	0	0	0.53
173600	0.53	0.44	0.44	0	0	0.53
173700	0.53	0.44	0.44	0	0	0.53
173800	0.53	0.44	0.44	0	0	0.53
173900	0.53	0.44	0.44	0	0	0.53
174000	0.53	0.44	0.44	0	0	0.53
174100	0.53	0.44	0.44	0	0	0.53
174200	0.53	0.44	0.44	0	0	0.53
174300	0.53	0.44	0.44	0	0	0.53
174400	0.53	0.44	0.44	0	0	0.53
174500	0.53	0.44	0.44	0	0	0.53
174600	0.53	0.44	0.44	0	0	0.53
174700	0.53	0.44	0.44	0	0	0.53
174800	0.53	0.44	0.44	0	0	0.53
174900	0.53	0.44	0.44	0	0	0.53
175000	0.53	0.44	0.44	0	0	0.53
175100	0.53	0.44	0.44	0	0	0.53
175200	0.53	0.44	0.44	0	0	0.53
175300	0.53	0.44	0.44	0	0	0.53
175400	0.53	0.44	0.44	0	0	0.53
175500	0.53	0.44	0.44	0	0	0.53
175600	0.53	0.44	0.44	0	0	0.53
175700	0.53	0.44	0.44	0	0	0.53
175800	0.53	0.44	0.44	0	0	0.53
175900	0.53	0.44	0.44	0	0	0.53
176000	0.53	0.44	0.44	0	0	0.53
176100	0.53	0.44	0.44	0	0	0.53
176200	0.53	0.44	0.44	0	0	0.53
176300	0.53	0.44	0.44	0	0	0.53
176400	0.53	0.44	0.44	0	0	0.53
176500	0.53	0.44	0.44	0	0	0.53
176600	0.53	0.44	0.44	0	0	0.53
176700	0.53	0.44	0.44	0	0	0.53
176800	0.53	0.44	0.44	0	0	0.53
176900	0.53	0.44	0.44	0	0	0.53
177000	0.53	0.44	0.44	0	0	0.53
177100	0.53	0.44	0.44	0	0	0.53
177200	0.53	0.45	0.45	0	0	0.53
177300	0.53	0.45	0.45	0	0	0.53
177400	0.53	0.44	0.44	0	0	0.53
177500	0.53	0.44	0.44	0	0	0.53
177600	0.53	0.44	0.44	0	0	0.53
177700	0.53	0.44	0.44	0	0	0.53
177800	0.53	0.44	0.44	0	0	0.53
177900	0.53	0.43	0.43	0	0	0.53
178000	0.53	0.43	0.43	0	0	0.53
178100	0.53	0.43	0.43	0	0	0.53
178200	0.53	0.43	0.43	0	0	0.53
178300	0.53	0.43	0.43	0	0	0.53
178400	0.53	0.43	0.43	0	0	0.53
178500	0.53	0.43	0.43	0	0	0.53
178600	0.53	0.43	0.43	0	0	0.53
178700	0.53	0.43	0.43	0	0	0.53
178800	0.53	0.43	0.43	0	0	0.53
178900	0.53	0.43	0.43	0	0	0.53
179000	0.53	0.43	0.43	0	0	0.53
179100	0.53	0.43	0.43	0	0	0.53
179200	0.53	0.43	0.43	0	0	0.53
179300	0.53	0.43	0.43	0	0	0.53
179400	0.53	0.43	0.43	0	0	0.53
179500	0.53	0.43	0.43	0	0	0.53
179600	0.53	0.43	0.43	0	0	0.53
179700	0.53	0.43	0.43	0	0	0.53
179800	0.53	0.43	0.43	0	0	0.53
179900	0.53	0.43	0.43	0	0	0.53
180000	0.53	0.43	0.43	0	0	0.53
180100	0.53	0.43	0.43	0	0	0.53
180200	0.53	0.43	0.43	0	0	0.53
180300	0.53	0.43	0.43	0	0	0.53
180400	0.53	0.43	0.43	0	0	0.53
180500	0.53	0.43	0.43	0	0	0.53
180600	0.53	0.43	0.43	0	0	0.53
180700	0.53	0.43	0.43	0	0	0.53
180800	0.53	0.43	0.43	0	0	0.53
180900	0.53	0.43	0.43	0	0	0.53
181000	0.53	0.43	0.43	0	0	0.53
181100	0.53	0.43	0.43	0	0	0.53
181200	0.53	0.43	0.43	0	0	0.53
181300	0.53	0.43	0.43	0	0	0.53
181400	0.53	0.44	0.44	0	0	0.53
181500	0.53	0.44	0.44	0	0	0.53
181600	0.53	0.44	0.44	0	0	0.53
181700	0.53	0.44	0.44	0	0	0.53
181800	0.53	0.44	0.44	0	0	0.53
181900	0.53	0.45	0.45	0	0	0.53
182000	0.53	0.45	0.45	0	0	0.53
182100	0.53	0.45	0.45	0	0	0.53
182200	0.53	0.45	0.45	0	0	0.53
182300	0.53	0.45	0.45	0	0	0.53
182400	0.53	0.44	0.44	0	0	0.53
182500	0.53	0.44	0.44	0	0	0.53
182600	0.53	0.44	0.44	0	0	0.53
182700	0.53	0.44	0.44	0	0	0.53
182800	0.53	0.44	0.44	0	0	0.53
182900	0.53	0.45	0.45	0	0	0.53
183000	0.53	0.45	0.45	0	0	0.53
183100	0.53	0.44	0.44	0	0	0.53
183200	0.53	0.44	0.44	0	0	0.53
183300	0.53	0.44	0.44	0	0	0.53
183400	0.53	0.44	0.44	0	0	0.53
183500	0.53	0.44	0.44	0	0	0.53
183600	0.53	0.44	0.44	0	0	0.53
183700	0.53	0.44	0.44	0	0	0.53
183800	0.53	0.44	0.44	0	0	0.53
183900	0.53	0.44	0.44	0	0	0.53
184000	0.53	0.44	0.44	0	0	0.53
184100	0.53	0.44	0.44	0	0	0.53
184200	0.53	0.44	0.44	0	0	0.53
184300	0.53	0.44	0.44	0	0	0.53
184400	0.53	0.44	0.44	0	0	0.53
184500	0.53	0.44	0.44	0	0	0.53
184600	0.53	0.44	0.44	0	0	0.53
184700	0.53	0.44	0.44	0	0	0.53
184800	0.53	0.44	0.44	0	0	0.53
184900	0.53	0.44	0.44	0	0	0.53
185000	0.53	0.44	0.44	0	0	0.53
185100	0.53	0.44	0.44	0	0	0.53
185200	0.53	0.44	0.44	0	0	0.53
185300	0.53	0.44	0.44	0	0	0.53
185400	0.53	0.44	0.44	0	0	0.53
185500	0.53	0.44	0.44	0	0	0.53
185600	0.53	0.44	0.44	0	0	0.53
185700	0.53	0.44	0.44	0	0	0.53
185800	0.53	0.44	0.44	0	0	0.53
185900	0.53	0.44	0.44	0	0	0.53
186000	0.53	0.44	0.44	0	0	0.53
186100	0.53	0.44	0.44	0	0	0.53
186200	0.53	0.44	0.44	0	0	0.53
186300	0.53	0.44	0.44	0	0	0.53
186400	0.53	0.44	0.44	0	0	0.53
186500	0.53	0.44	0.44	0	0	0.53
186600	0.53	0.44	0.44	0	0	0.53
186700	0.53	0.44	0.44	0	0	0.53
186800	0.53	0.44	0.44	0	0	0.53
186900	0.53	0.44	0.44	0	0	0.53
187000	0.53	0.44	0.44	0	0	0.53
187100	0.53	0.44	0.44	0	0	0.53
187200	0.53	0.44	0.44	0	0	0.53
187300	0.53	0.44	0.44	0	0	0.53
187400	0.53	0.44	0.44	0	0	0.53
187500	0.53	0.44	0.44	0	0	0.53
187600	0.53	0.44	0.44	0	0	0.53
187700	0.53	0.44	0.44	0	0	0.53
187800	0.53	0.44	0.44	0	0	0.53
187900	0.53	0.44	0.44	0	0	0.53
188000	0.53	0.44	0.44	0	0	0.53
188100	0.53	0.44	0.44	0	0	0.53
188200	0.53	0.44	0.44	0	0	0.53
188300	0.53	0.44	0.44	0	0	0.53
188400	0.53	0.44	0.44	0	0	0.53
188500	0.53	0.44	0.44	0	0	0.53
188600	0.53	0.44	0.44	0	0	0.53
188700	0.53	0.44	0.44	0	0	0.53
188800	0.53	0.44	0.44	0	0	0.53
188900	0.53	0.44	0.44	0	0	0.53
189000	0.53	0.44	0.44	0	0	0.53
189100	0.53	0.44	0.44	0	0	0.53
189200	0.53	0.44	0.44	0	0	0.53
189300	0.53	0.44	0.44	0	0	0.53
189400	0.53	0.44	0.44	0	0	0.53
189500	0.53	0.44	0.44	0	0	0.53
189600	0.53	0.44	0.44	0	0	0.53
189700	0.53	0.44	0.44	0	0	0.53
189800	0.53	0.44	0.44	0	0	0.53
189900	0.53	0.44	0.44	0	0	0.53
190000	0.53	0.44	0.44	0	0	0.53
190100	0.53	0.45	0.45	0	0	0.53
190200	0.53	0.45	0.45	0	0	0.53
190300	0.53	0.44	0.44	0	0	0.53
190400	0.53	0.44	0.44	0	0	0.53
190500	0.53	0.44	0.44	0	0	0.53
190600	0.53	0.44	0.44	0	0	0.53
190700	0.53	0.44	0.44	0	0	0.53
190800	0.53	0.44	0.44	0	0	0.53
190900	0.53	0.44	0.44	0	0	0.53
191000	0.53	0.44	0.44	0	0	0.53
191100	0.53	0.44	0.44	0	0	0.53
191200	0.53	0.44	0.44	0	0	0.53
191300	0.53	0.44	0.44	0	0	0.53
191400	0.53	0.44	0.44	0	0	0.53
191500	0.53	0.44	0.44	0	0	0.53
191600	0.53	0.44	0.44	0	0	0.53
191700	0.53	0.44	0.44	0	0	0.53
191800	0.53	0.44	0.44	0	0	0.53
191900	0.53	0.44	0.44	0	0	0.53
192000	0.53	0.44	0.44	0	0	0.53
192100	0.53	0.44	0.44	0	0	0.53
192200	0.53	0.44	0.44	0	0	0.53
192300	0.53	0.44	0.44	0	0	0.53
192400	0.53	0.44	0.44	0	0	0.53
192500	0.53	0.44	0.44	0	0	0.53
192600	0.53	0.44	0.44	0	0	0.53
192700	0.53	0.44	0.44	0	0	0.53
192800	0.53	0.44	0.44	0	0	0.53
192900	0.53	0.44	0.44	0	0	0.53
193000	0.53	0.44	0.44	0	0	0.53
193100	0.53	0.44	0.44	0	0	0.53
193200	0.53	0.44	0.44	0	0	0.53
193300	0.53	0.44	0.44	0	0	0.53
193400	0.52	0.44	0.44	0	0	0.52
193500	0.52	0.44	0.44	0	0	0.52
193600	0.52	0.44	0.44	0	0	0.52
193700	0.52	0.44	0.44	0	0	0.52
193800	0.52	0.44	0.44	0	0	0.52
193900	0.52	0.44	0.44	0	0	0.52
194000	0.52	0.44	0.44	0	0	0.52
194100	0.52	0.44	0.44	0	0	0.52
194200	0.52	0.45	0.45	0	0	0.52
194300	0.52	0.45	0.45	0	0	0.52
194400	0.52	0.45	0.45	0	0	0.52
194500	0.52	0.45	0.45	0	0	0.52
194600	0.52	0.45	0.45	0	0	0.52
194700	0.52	0.45	0.45	0	0	0.52
194800	0.52	0.45	0.45	0	0	0.52
194900	0.52	0.45	0.45	0	0	0.52
195000	0.52	0.46	0.46	0	0	0.52
195100	0.52	0.46	0.46	0	0	0.52
195200	0.52	0.46	0.46	0	0	0.52
195300	0.52	0.46	0.46	0	0	0.52
195400	0.52	0.46	0.46	0	0	0.52
195500	0.52	0.46	0.46	0	0	0.52
195600	0.52	0.46	0.46	0	0	0.52
195700	0.52	0.47	0.47	0	0	0.52
195800	0.52	0.47	0.47	0	0	0.52
195900	0.52	0.47	0.47	0	0	0.52
196000	0.52	0.47	0.47	0	0	0.52
196100	0.52	0.47	0.47	0	0	0.52
196200	0.52	0.47	0.47	0	0	0.52
196300	0.52	0.47	0.47	0	0	0.52
196400	0.52	0.47	0.47	0	0	0.52
196500	0.52	0.47	0.47	0	0	0.52
196600	0.52	0.47	0.47	0	0	0.52
196700	0.52	0.47	0.47	0	0	0.52
196800	0.52	0.47	0.47	0	0	0.52
196900	0.52	0.47	0.47	0	0	0.52
197000	0.52	0.47	0.47	0	0	0.52
197100	0.52	0.47	0.47	0	0	0.52
197200	0.52	0.47	0.47	0	0	0.52
197300	0.52	0.47	0.47	0	0	0.52
197400	0.52	0.47	0.47	0	0	0.52
197500	0.52	0.47	0.47	0	0	0.52
197600	0.52	0.47	0.47	0	0	0.52
197700	0.52	0.47	0.47	0	0	0.52
197800	0.52	0.47	0.47	0	0	0.52
197900	0.52	0.47	0.47	0	0	0.52
198000	0.52	0.47	0.47	0	0	0.52
198100	0.52	0.47	0.47	0	0	0.52
198200	0.52	0.47	0.47	0	0	0.52
198300	0.52	0.47	0.47	0	0	0.52
198400	0.52	0.47	0.47	0	0	0.52
198500	0.52	0.47	0.47	0	0	0.52
198600	0.52	0.47	0.47	0	0	0.52
198700	0.52	0.47	0.47	0	0	0.52
198800	0.52	0.47	0.47	0	0	0.52
198900	0.52	0.47	0.47	0	0	0.52
199000	0.52	0.47	0.47	0	0	0.52
199100	0.52	0.47	0.47	0	0	0.52
199200	0.52	0.47	0.47	0	0	0.52
199300	0.52	0.47	0.47	0	0	0.52
199400	0.52	0.47	0.47	0	0	0.52
199500	0.52	0.47	0.47	0	0	0.52
199600	0.52	0.47	0.47	0	0	0.52
199700	0.52	0.47	0.47	0	0	0.52
199800	0.52	0.47	0.47	0	0	0.52
199900	0.52	0.47	0.47	0	0	0.52
200000	0.52	0.47	0.47	0	0	0.52
200100	0.52	0.47	0.47	0	0	0.52
200200	0.52	0.47	0.47	0	0	0.52
200300	0.52	0.47	0.47	0	0	0.52
200400	0.52	0.47	0.47	0	0	0.52
200500	0.52	0.47	0.47	0	0	0.52
200600	0.52	0.47	0.47	0	0	0.52
200700	0.52	0.47	0.47	0	0	0.52
200800	0.52	0.47	0.47	0	0	0.52
200900	0.52	0.47	0.47	0	0	0.52
201000	0.52	0.47	0.47	0	0	0.52
201100	0.52	0.47	0.47	0	0	0.52
201200	0.52	0.47	0.47	0	0	0.52
201300	0.52	0.47	0.47	0	0	0.52
201400	0.52	0.47	0.47	0	0	0.52
201500	0.52	0.47	0.47	0	0	0.52
201600	0.52	0.47	0.47	0	0	0.52
201700	0.52	0.47	0.47	0	0	0.52
201800	0.52	0.46	0.46	0	0	0.52
201900	0.52	0.46	0.46	0	0	0.52
202000	0.52	0.46	0.46	0	0	0.52
202100	0.52	0.46	0.46	0	0	0.52
202200	0.52	0.46	0.46	0	0	0.52
202300	0.52	0.45	0.45	0	0	0.52
202400	0.52	0.45	0.45	0	0	0.52
202500	0.52	0.45	0.45	0	0	0.52
202600	0.52	0.45	0.45	0	0	0.52
202700	0.52	0.45	0.45	0	0	0.52
202800	0.52	0.45	0.45	0	0	0.52
202900	0.52	0.45	0.45	0	0	0.52
203000	0.52	0.44	0.44	0	0	0.52
203100	0.52	0.44	0.44	0	0	0.52
203200	0.52	0.44	0.44	0	0	0.52
203300	0.52	0.44	0.44	0	0	0.52
203400	0.52	0.44	0.44	0	0	0.52
203500	0.52	0.44	0.44	0	0	0.52
203600	0.52	0.44	0.44	0	0	0.52
203700	0.52	0.44	0.44	0	0	0.52
203800	0.52	0.44	0.44	0	0	0.52
203900	0.52	0.44	0.44	0	0	0.52
204000	0.52	0.44	0.44	0	0	0.52
204100	0.52	0.44	0.44	0	0	0.52
204200	0.52	0.44	0.44	0	0	0.52
204300	0.52	0.44	0.44	0	0	0.52
204400	0.52	0.44	0.44	0	0	0.52
204500	0.52	0.44	0.44	0	0	0.52
204600	0.52	0.44	0.44	0	0	0.52
204700	0.52	0.44	0.44	0	0	0.52
204800	0.52	0.44	0.44	0	0	0.52
204900	0.52	0.44	0.44	0	0	0.52
205000	0.52	0.44	0.44	0	0	0.52
205100	0.52	0.44	0.44	0	0	0.52
205200	0.52	0.44	0.44	0	0	0.52
205300	0.52	0.44	0.44	0	0	0.52
205400	0.52	0.44	0.44	0	0	0.52
205500	0.52	0.44	0.44	0	0	0.52
205600	0.52	0.44	0.44	0	0	0.52
205700	0.52	0.44	0.44	0	0	0.52
205800	0.52	0.44	0.44	0	0	0.52
205900	0.52	0.44	0.44	0	0	0.52
206000	0.52	0.44	0.44	0	0	0.52
206100	0.53	0.44	0.44	0	0	0.53
206200	0.53	0.44	0.44	0	0	0.53
206300	0.53	0.44	0.44	0	0	0.53
206400	0.53	0.44	0.44	0	0	0.53
206500	0.53	0.44	0.44	0	0	0.53
206600	0.52	0.44	0.44	0	0	0.52
206700	0.52	0.44	0.44	0	0	0.52
206800	0.52	0.44	0.44	0	0	0.52
206900	0.53	0.44	0.44	0	0	0.53
207000	0.53	0.44	0.44	0	0	0.53
207100	0.52	0.44	0.44	0	0	0.52
207200	0.52	0.44	0.44	0	0	0.52
207300	0.52	0.44	0.44	0	0	0.52
207400	0.52	0.44	0.44	0	0	0.52
207500	0.52	0.44	0.44	0	0	0.52
207600	0.52	0.44	0.44	0	0	0.52
207700	0.52	0.44	0.44	0	0	0.52
207800	0.52	0.44	0.44	0	0	0.52
207900	0.52	0.44	0.44	0	0	0.52
208000	0.52	0.44	0.44	0	0	0.52
208100	0.52	0.44	0.44	0	0	0.52
208200	0.52	0.44	0.44	0	0	0.52
208300	0.52	0.44	0.44	0	0	0.52
208400	0.52	0.44	0.44	0	0	0.52
208500	0.53	0.44	0.44	0	0	0.53
208600	0.53	0.44	0.44	0	0	0.53
208700	0.53	0.44	0.44	0	0	0.53
208800	0.53	0.44	0.44	0	0	0.53
208900	0.53	0.44	0.44	0	0	0.53
209000	0.53	0.44	0.44	0	0	0.53
209100	0.53	0.44	0.44	0	0	0.53
209200	0.53	0.44	0.44	0	0	0.53
209300	0.53	0.44	0.44	0	0	0.53
209400	0.53	0.44	0.44	0	0	0.53
209500	0.53	0.44	0.44	0	0	0.53
209600	0.53	0.44	0.44	0	0	0.53
209700	0.53	0.44	0.44	0	0	0.53
209800	0.53	0.44	0.44	0	0	0.53
209900	0.53	0.44	0.44	0	0	0.53
210000	0.53	0.44	0.44	0	0	0.53
210100	0.53	0.44	0.44	0	0	0.53
210200	0.53	0.44	0.44	0	0	0.53
210300	0.53	0.44	0.44	0	0	0.53
210400	0.53	0.44	0.44	0	0	0.53
210500	0.53	0.44	0.44	0	0	0.53
210600	0.53	0.44	0.44	0	0	0.53
210700	0.53	0.44	0.44	0	0	0.53
210800	0.53	0.44	0.44	0	0	0.53
210900	0.53	0.44	0.44	0	0	0.53
211000	0.53	0.44	0.44	0	0	0.53
211100	0.53	0.44	0.44	0	0	0.53
211200	0.53	0.44	0.44	0	0	0.53
211300	0.53	0.44	0.44	0	0	0.53
211400	0.52	0.44	0.44	0	0	0.52
211500	0.52	0.44	0.44	0	0	0.52
211600	0.52	0.44	0.44	0	0	0.52
211700	0.52	0.44	0.44	0	0	0.52
211800	0.52	0.44	0.44	0	0	0.52
211900	0.52	0.44	0.44	0	0	0.52
212000	0.52	0.44	0.44	0	0	0.52
212100	0.52	0.44	0.44	0	0	0.52
212200	0.53	0.44	0.44	0	0	0.53
212300	0.53	0.44	0.44	0	0	0.53
212400	0.53	0.44	0.44	0	0	0.53
212500	0.53	0.44	0.44	0	0	0.53
212600	0.53	0.44	0.44	0	0	0.53
212700	0.53	0.44	0.44	0	0	0.53
212800	0.53	0.44	0.44	0	0	0.53
212900	0.53	0.44	0.44	0	0	0.53
213000	0.53	0.44	0.44	0	0	0.53
213100	0.53	0.44	0.44	0	0	0.53
213200	0.53	0.44	0.44	0	0	0.53
213300	0.53	0.44	0.44	0	0	0.53
213400	0.53	0.44	0.44	0	0	0.53
213500	0.53	0.44	0.44	0	0	0.53
213600	0.53	0.44	0.44	0	0	0.53
213700	0.53	0.44	0.44	0	0	0.53
213800	0.53	0.44	0.44	0	0	0.53
213900	0.53	0.44	0.44	0	0	0.53
214000	0.53	0.44	0.44	0	0	0.53
214100	0.53	0.44	0.44	0	0	0.53
214200	0.53	0.44	0.44	0	0	0.53
214300	0.53	0.44	0.44	0	0	0.53
214400	0.53	0.44	0.44	0	0	0.53
214500	0.52	0.44	0.44	0	0	0.52
214600	0.52	0.44	0.44	0	0	0.52
214700	0.52	0.44	0.44	0	0	0.52
214800	0.52	0.44	0.44	0	0	0.52
214900	0.52	0.44	0.44	0	0	0.52
215000	0.52	0.44	0.44	0	0	0.52
215100	0.52	0.44	0.44	0	0	0.52
215200	0.52	0.44	0.44	0	0	0.52
215300	0.52	0.44	0.44	0	0	0.52
215400	0.52	0.44	0.44	0	0	0.52
215500	0.52	0.44	0.44	0	0	0.52
215600	0.52	0.44	0.44	0	0	0.52
215700	0.52	0.44	0.44	0	0	0.52
215800	0.53	0.44	0.44	0	0	0.53
215900	0.53	0.44	0.44	0	0	0.53
216000	0.52	0.44	0.44	0	0	0.52
216100	0.52	0.44	0.44	0	0	0.52
216200	0.52	0.44	0.44	0	0	0.52
216300	0.52	0.44	0.44	0	0	0.52
216400	0.52	0.44	0.44	0	0	0.52
216500	0.52	0.44	0.44	0	0	0.52
216600	0.52	0.44	0.44	0	0	0.52
216700	0.52	0.44	0.44	0	0	0.52
216800	0.52	0.44	0.44	0	0	0.52
216900	0.52	0.44	0.44	0	0	0.52
217000	0.52	0.44	0.44	0	0	0.52
217100	0.52	0.44	0.44	0	0	0.52
217200	0.52	0.44	0.44	0	0	0.52
217300	0.52	0.44	0.44	0	0	0.52
217400	0.52	0.44	0.44	0	0	0.52
217500	0.52	0.44	0.44	0	0	0.52
217600	0.52	0.44	0.44	0	0	0.52
217700	0.52	0.44	0.44	0	0	0.52
217800	0.52	0.44	0.44	0	0	0.52
217900	0.52	0.44	0.44	0	0	0.52
218000	0.52	0.44	0.44	0	0	0.52
218100	0.52	0.44	0.44	0	0	0.52
218200	0.52	0.44	0.44	0	0	0.52
218300	0.53	0.44	0.44	0	0	0.53
218400	0.53	0.44	0.44	0	0	0.53
218500	0.53	0.44	0.44	0	0	0.53
218600	0.53	0.44	0.44	0	0	0.53
218700	0.53	0.44	0.44	0	0	0.53
218800	0.53	0.45	0.45	0	0	0.53
218900	0.53	0.45	0.45	0	0	0.53
219000	0.53	0.45	0.45	0	0	0.53
219100	0.53	0.44	0.44	0	0	0.53
219200	0.53	0.44	0.44	0	0	0.53
219300	0.53	0.44	0.44	0	0	0.53
219400	0.53	0.44	0.44	0	0	0.53
219500	0.53	0.44	0.44	0	0	0.53
219600	0.53	0.44	0.44	0	0	0.53
219700	0.53	0.44	0.44	0	0	0.53
219800	0.53	0.44	0.44	0	0	0.53
219900	0.53	0.44	0.44	0	0	0.53
220000	0.53	0.44	0.44	0	0	0.53
220100	0.53	0.44	0.44	0	0	0.53
220200	0.53	0.44	0.44	0	0	0.53
220300	0.53	0.44	0.44	0	0	0.53
220400	0.53	0.44	0.44	0	0	0.53
220500	0.53	0.44	0.44	0	0	0.53
220600	0.53	0.44	0.44	0	0	0.53
220700	0.53	0.44	0.44	0	0	0.53
220800	0.53	0.44	0.44	0	0	0.53
220900	0.53	0.44	0.44	0	0	0.53
221000	0.53	0.44	0.44	0	0	0.53
221100	0.53	0.44	0.44	0	0	0.53
221200	0.53	0.44	0.44	0	0	0.53
221300	0.53	0.44	0.44	0	0	0.53
221400	0.53	0.44	0.44	0	0	0.53
221500	0.53	0.44	0.44	0	0	0.53
221600	0.53	0.44	0.44	0	0	0.53
221700	0.53	0.45	0.45	0	0	0.53
221800	0.53	0.45	0.45	0	0	0.53
221900	0.53	0.45	0.45	0	0	0.53
222000	0.53	0.45	0.45	0	0	0.53
222100	0.53	0.45	0.45	0	0	0.53
222200	0.53	0.45	0.45	0	0	0.53
222300	0.53	0.45	0.45	0	0	0.53
222400	0.53	0.45	0.45	0	0	0.53
222500	0.53	0.45	0.45	0	0	0.53
222600	0.53	0.45	0.45	0	0	0.53
222700	0.53	0.45	0.45	0	0	0.53
222800	0.53	0.45	0.45	0	0	0.53
222900	0.53	0.45	0.45	0	0	0.53
223000	0.53	0.45	0.45	0	0	0.53
223100	0.53	0.45	0.45	0	0	0.53
223200	0.53	0.45	0.45	0	0	0.53
223300	0.53	0.45	0.45	0	0	0.53
223400	0.53	0.45	0.45	0	0	0.53
223500	0.53	0.45	0.45	0	0	0.53
223600	0.53	0.46	0.46	0	0	0.53
223700	0.53	0.45	0.45	0	0	0.53
223800	0.53	0.45	0.45	0	0	0.53
223900	0.53	0.45	0.45	0	0	0.53
224000	0.53	0.45	0.45	0	0	0.53
224100	0.53	0.45	0.45	0	0	0.53
224200	0.53	0.45	0.45	0	0	0.53
224300	0.53	0.45	0.45	0	0	0.53
224400	0.53	0.45	0.45	0	0	0.53
224500	0.53	0.45	0.45	0	0	0.53
224600	0.53	0.45	0.45	0	0	0.53
224700	0.53	0.45	0.45	0	0	0.53
224800	0.53	0.45	0.45	0	0	0.53
224900	0.53	0.45	0.45	0	0	0.53
225000	0.53	0.45	0.45	0	0	0.53
225100	0.53	0.45	0.45	0	0	0.53
225200	0.53	0.45	0.45	0	0	0.53
225300	0.53	0.45	0.45	0	0	0.53
225400	0.53	0.45	0.45	0	0	0.53
225500	0.53	0.45	0.45	0	0	0.53
225600	0.53	0.46	0.46	0	0	0.53
225700	0.53	0.46	0.46	0	0	0.53
225800	0.53	0.46	0.46	0	0	0.53
225900	0.53	0.46	0.46	0	0	0.53
226000	0.53	0.46	0.46	0	0	0.53
226100	0.53	0.46	0.46	0	0	0.53
226200	0.53	0.46	0.46	0	0	0.53
226300	0.53	0.46	0.46	0	0	0.53
226400	0.53	0.46	0.46	0	0	0.53
226500	0.53	0.46	0.46	0	0	0.53
226600	0.53	0.46	0.46	0	0	0.53
226700	0.53	0.46	0.46	0	0	0.53
226800	0.53	0.46	0.46	0	0	0.53
226900	0.53	0.46	0.46	0	0	0.53
227000	0.53	0.46	0.46	0	0	0.53
227100	0.53	0.46	0.46	0	0	0.53
227200	0.53	0.46	0.46	0	0	0.53
227300	0.53	0.46	0.46	0	0	0.53
227400	0.53	0.46	0.46	0	0	0.53
227500	0.53	0.46	0.46	0	0	0.53
227600	0.53	0.46	0.46	0	0	0.53
227700	0.53	0.46	0.46	0	0	0.53
227800	0.53	0.46	0.46	0	0	0.53
227900	0.53	0.46	0.46	0	0	0.53
228000	0.53	0.46	0.46	0	0	0.53
228100	0.53	0.46	0.46	0	0	0.53
228200	0.53	0.46	0.46	0	0	0.53
228300	0.53	0.46	0.46	0	0	0.53
228400	0.53	0.46	0.46	0	0	0.53
228500	0.53	0.46	0.46	0	0	0.53
228600	0.53	0.46	0.46	0	0	0.53
228700	0.53	0.46	0.46	0	0	0.53
228800	0.53	0.46	0.46	0	0	0.53
228900	0.53	0.46	0.46	0	0	0.53
229000	0.53	0.46	0.46	0	0	0.53
229100	0.53	0.46	0.46	0	0	0.53
229200	0.53	0.46	0.46	0	0	0.53
229300	0.53	0.46	0.46	0	0	0.53
229400	0.53	0.46	0.46	0	0	0.53
229500	0.53	0.46	0.46	0	0	0.53
229600	0.53	0.46	0.46	0	0	0.53
229700	0.53	0.46	0.46	0	0	0.53
229800	0.53	0.46	0.46	0	0	0.53
229900	0.53	0.46	0.46	0	0	0.53
230000	0.53	0.46	0.46	0	0	0.53
230100	0.53	0.46	0.46	0	0	0.53
230200	0.53	0.46	0.46	0	0	0.53
230300	0.53	0.46	0.46	0	0	0.53
230400	0.53	0.46	0.46	0	0	0.53
230500	0.53	0.46	0.46	0	0	0.53
230600	0.53	0.46	0.46	0	0	0.53
230700	0.53	0.46	0.46	0	0	0.53
230800	0.53	0.46	0.46	0	0	0.53
230900	0.53	0.46	0.46	0	0	0.53
231000	0.53	0.46	0.46	0	0	0.53
231100	0.53	0.46	0.46	0	0	0.53
231200	0.53	0.46	0.46	0	0	0.53
231300	0.53	0.46	0.46	0	0	0.53
231400	0.53	0.46	0.46	0	0	0.53
231500	0.53	0.46	0.46	0	0	0.53
231600	0.53	0.46	0.46	0	0	0.53
231700	0.53	0.46	0.46	0	0	0.53
231800	0.53	0.46	0.46	0	0	0.53
231900	0.53	0.46	0.46	0	0	0.53
232000	0.53	0.46	0.46	0	0	0.53
232100	0.53	0.46	0.46	0	0	0.53
232200	0.53	0.46	0.46	0	0	0.53
232300	0.53	0.46	0.46	0	0	0.53
232400	0.53	0.46	0.46	0	0	0.53
232500	0.53	0.46	0.46	0	0	0.53
232600	0.53	0.46	0.46	0	0	0.53
232700	0.53	0.46	0.46	0	0	0.53
232800	0.53	0.46	0.46	0	0	0.53
232900	0.53	0.46	0.46	0	0	0.53
233000	0.53	0.46	0.46	0	0	0.53
233100	0.53	0.46	0.46	0	0	0.53
233200	0.53	0.46	0.46	0	0	0.53
233300	0.53	0.46	0.46	0	0	0.53
233400	0.53	0.46	0.46	0	0	0.53
233500	0.53	0.46	0.46	0	0	0.53
233600	0.53	0.46	0.46	0	0	0.53
233700	0.53	0.46	0.46	0	0	0.53
233800	0.53	0.46	0.46	0	0	0.53
233900	0.53	0.46	0.46	0	0	0.53
234000	0.53	0.46	0.46	0	0	0.53
234100	0.53	0.46	0.46	0	0	0.53
234200	0.53	0.46	0.46	0	0	0.53
234300	0.53	0.46	0.46	0	0	0.53
234400	0.53	0.46	0.46	0	0	0.53
234500	0.53	0.46	0.46	0	0	0.53
234600	0.53	0.46	0.46	0	0	0.53
234700	0.53	0.46	0.46	0	0	0.53
234800	0.53	0.46	0.46	0	0	0.53
234900	0.53	0.46	0.46	0	0	0.53
235000	0.53	0.46	0.46	0	0	0.53
235100	0.53	0.46	0.46	0	0	0.53
235200	0.53	0.46	0.46	0	0	0.53
235300	0.53	0.46	0.46	0	0	0.53
235400	0.52	0.46	0.46	0	0	0.52
235500	0.52	0.46	0.46	0	0	0.52
235600	0.52	0.46	0.46	0	0	0.52
235700	0.52	0.46	0.46	0	0	0.52
235800	0.52	0.46	0.46	0	0	0.52
235900	0.52	0.46	0.46	0	0	0.52
236000	0.52	0.46	0.46	0	0	0.52
236100	0.52	0.46	0.46	0	0	0.52
236200	0.52	0.46	0.46	0	0	0.52
236300	0.52	0.46	0.46	0	0	0.52
236400	0.52	0.46	0.46	0	0	0.52
236500	0.52	0.46	0.46	0	0	0.52
236600	0.52	0.46	0.46	0	0	0.52
236700	0.52	0.46	0.46	0	0	0.52
236800	0.53	0.46	0.46	0	0	0.53
236900	0.53	0.46	0.46	0	0	0.53
237000	0.53	0.46	0.46	0	0	0.53
237100	0.53	0.46	0.46	0	0	0.53
237200	0.53	0.46	0.46	0	0	0.53
237300	0.53	0.46	0.46	0	0	0.53
237400	0.53	0.46	0.46	0	0	0.53
237500	0.53	0.46	0.46	0	0	0.53
237600	0.53	0.46	0.46	0	0	0.53
237700	0.53	0.46	0.46	0	0	0.53
237800	0.53	0.46	0.46	0	0	0.53
237900	0.53	0.46	0.46	0	0	0.53
238000	0.53	0.46	0.46	0	0	0.53
238100	0.53	0.46	0.46	0	0	0.53
238200	0.53	0.46	0.46	0	0	0.53
238300	0.53	0.46	0.46	0	0	0.53
238400	0.53	0.46	0.46	0	0	0.53
238500	0.53	0.46	0.46	0	0	0.53
238600	0.53	0.46	0.46	0	0	0.53
238700	0.53	0.46	0.46	0	0	0.53
238800	0.53	0.46	0.46	0	0	0.53
238900	0.53	0.46	0.46	0	0	0.53
239000	0.53	0.46	0.46	0	0	0.53
239100	0.53	0.46	0.46	0	0	0.53
239200	0.53	0.46	0.46	0	0	0.53
239300	0.53	0.46	0.46	0	0	0.53
239400	0.53	0.46	0.46	0	0	0.53
239500	0.53	0.46	0.46	0	0	0.53
239600	0.53	0.46	0.46	0	0	0.53
239700	0.53	0.46	0.46	0	0	0.53
239800	0.53	0.46	0.46	0	0	0.53
239900	0.53	0.46	0.46	0	0	0.53
240000	0.53	0.46	0.46	0	0	0.53
240100	0.53	0.46	0.46	0	0	0.53
240200	0.53	0.46	0.46	0	0	0.53
240300	0.53	0.46	0.46	0	0	0.53
240400	0.53	0.46	0.46	0	0	0.53
240500	0.53	0.46	0.46	0	0	0.53
240600	0.53	0.46	0.46	0	0	0.53
240700	0.53	0.46	0.46	0	0	0.53
240800	0.53	0.46	0.46	0	0	0.53
240900	0.53	0.46	0.46	0	0	0.53
241000	0.53	0.46	0.46	0	0	0.53
241100	0.53	0.46	0.46	0	0	0.53
241200	0.53	0.46	0.46	0	0	0.53
241300	0.53	0.46	0.46	0	0	0.53
241400	0.53	0.46	0.46	0	0	0.53
241500	0.53	0.46	0.46	0	0	0.53
241600	0.53	0.46	0.46	0	0	0.53
241700	0.53	0.46	0.46	0	0	0.53
241800	0.53	0.46	0.46	0	0	0.53
241900	0.53	0.46	0.46	0	0	0.53
242000	0.53	0.46	0.46	0	0	0.53
242100	0.53	0.46	0.46	0	0	0.53
242200	0.53	0.46	0.46	0	0	0.53
242300	0.53	0.46	0.46	0	0	0.53
242400	0.53	0.46	0.46	0	0	0.53
242500	0.53	0.46	0.46	0	0	0.53
242600	0.53	0.46	0.46	0	0	0.53
242700	0.53	0.46	0.46	0	0	0.53
242800	0.53	0.46	0.46	0	0	0.53
242900	0.53	0.46	0.46	0	0	0.53
243000	0.53	0.46	0.46	0	0	0.53
243100	0.53	0.46	0.46	0	0	0.53
243200	0.53	0.46	0.46	0	0	0.53
243300	0.53	0.46	0.46	0	0	0.53
243400	0.53	0.46	0.46	0	0	0.53
243500	0.53	0.46	0.46	0	0	0.53
243600	0.53	0.46	0.46	0	0	0.53
243700	0.53	0.46	0.46	0	0	0.53
243800	0.53	0.46	0.46	0	0	0.53
243900	0.53	0.46	0.46	0	0	0.53
244000	0.53	0.46	0.46	0	0	0.53
244100	0.53	0.46	0.46	0	0	0.53
244200	0.53	0.46	0.46	0	0	0.53
244300	0.53	0.46	0.46	0	0	0.53
244400	0.53	0.46	0.46	0	0	0.53
244500	0.53	0.46	0.46	0	0	0.53
244600	0.53	0.46	0.46	0	0	0.53
244700	0.53	0.46	0.46	0	0	0.53
244800	0.53	0.46	0.46	0	0	0.53
244900	0.53	0.46	0.46	0	0	0.53
245000	0.53	0.46	0.46	0	0	0.53
245100	0.53	0.46	0.46	0	0	0.53
245200	0.53	0.46	0.46	0	0	0.53
245300	0.53	0.46	0.46	0	0	0.53
245400	0.53	0.46	0.46	0	0	0.53
245500	0.53	0.46	0.46	0	0	0.53
245600	0.53	0.46	0.46	0	0	0.53
245700	0.53	0.46	0.46	0	0	0.53
245800	0.53	0.46	0.46	0	0	0.53
245900	0.53	0.46	0.46	0	0	0.53
246000	0.53	0.46	0.46	0	0	0.53
246100	0.53	0.46	0.46	0	0	0.53
246200	0.53	0.46	0.46	0	0	0.53
246300	0.53	0.46	0.46	0	0	0.53
246400	0.53	0.46	0.46	0	0	0.53
246500	0.53	0.46	0.46	0	0	0.53
246600	0.53	0.46	0.46	0	0	0.53
246700	0.53	0.46	0.46	0	0	0.53
246800	0.52	0.46	0.46	0	0	0.52
246900	0.52	0.46	0.46	0	0	0.52
247000	0.52	0.46	0.46	0	0	0.52
247100	0.52	0.46	0.46	0	0	0.52
247200	0.52	0.46	0.46	0	0	0.52
247300	0.52	0.46	0.46	0	0	0.52
247400	0.52	0.46	0.46	0	0	0.52
247500	0.52	0.46	0.46	0	0	0.52
247600	0.52	0.46	0.46	0	0	0.52
247700	0.52	0.46	0.46	0	0	0.52
247800	0.52	0.46	0.46	0	0	0.52
247900	0.52	0.46	0.46	0	0	0.52
248000	0.52	0.46	0.46	0	0	0.52
248100	0.52	0.46	0.46	0	0	0.52
248200	0.52	0.46	0.46	0	0	0.52
248300	0.52	0.46	0.46	0	0	0.52
248400	0.52	0.46	0.46	0	0	0.52
248500	0.52	0.46	0.46	0	0	0.52
248600	0.52	0.46	0.46	0	0	0.52
248700	0.52	0.46	0.46	0	0	0.52
248800	0.52	0.46	0.46	0	0	0.52
248900	0.52	0.46	0.46	0	0	0.52
249000	0.52	0.47	0.47	0	0	0.52
249100	0.52	0.47	0.47	0	0	0.52
249200	0.52	0.47	0.47	0	0	0.52
249300	0.52	0.47	0.47	0	0	0.52
249400	0.52	0.47	0.47	0	0	0.52
249500	0.52	0.47	0.47	0	0	0.52
249600	0.52	0.47	0.47	0	0	0.52
249700	0.52	0.47	0.47	0	0	0.52
249800	0.52	0.47	0.47	0	0	0.52
249900	0.52	0.47	0.47	0	0	0.52
250000	0.52	0.47	0.47	0	0	0.52
250100	0.52	0.47	0.47	0	0	0.52
250200	0.52	0.47	0.47	0	0	0.52
250300	0.52	0.47	0.47	0	0	0.52
250400	0.52	0.47	0.47	0	0	0.52
250500	0.52	0.47	0.47	0	0	0.52
250600	0.52	0.47	0.47	0	0	0.52
250700	0.52	0.47	0.47	0	0	0.52
250800	0.52	0.47	0.47	0	0	0.52
250900	0.52	0.47	0.47	0	0	0.52
251000	0.52	0.47	0.47	0	0	0.52
251100	0.52	0.47	0.47	0	0	0.52
251200	0.52	0.47	0.47	0	0	0.52
251300	0.52	0.47	0.47	0	0	0.52
251400	0.52	0.47	0.47	0	0	0.52
251500	0.52	0.47	0.47	0	0	0.52
251600	0.52	0.47	0.47	0	0	0.52
251700	0.52	0.47	0.47	0	0	0.52
251800	0.52	0.47	0.47	0	0	0.52
251900	0.52	0.47	0.47	0	0	0.52
252000	0.52	0.47	0.47	0	0	0.52
252100	0.52	0.47	0.47	0	0	0.52
252200	0.52	0.47	0.47	0	0	0.52
252300	0.52	0.47	0.47	0	0	0.52
252400	0.52	0.47	0.47	0	0	0.52
252500	0.52	0.47	0.47	0	0	0.52
252600	0.52	0.47	0.47	0	0	0.52
252700	0.52	0.47	0.47	0	0	0.52
252800	0.52	0.47	0.47	0	0	0.52
252900	0.52	0.47	0.47	0	0	0.52
253000	0.52	0.47	0.47	0	0	0.52
253100	0.52	0.47	0.47	0	0	0.52
253200	0.52	0.47	0.47	0	0	0.52
253300	0.52	0.47	0.47	0	0	0.52
253400	0.52	0.47	0.47	0	0	0.52
253500	0.52	0.47	0.47	0	0	0.52
253600	0.52	0.47	0.47	0	0	0.52
253700	0.52	0.47	0.47	0	0	0.52
253800	0.52	0.47	0.47	0	0	0.52
253900	0.52	0.47	0.47	0	0	0.52
254000	0.52	0.47	0.47	0	0	0.52
254100	0.52	0.47	0.47	0	0	0.52
254200	0.52	0.47	0.47	0	0	0.52
254300	0.52	0.47	0.47	0	0	0.52
254400	0.52	0.47	0.47	0	0	0.52
254500	0.52	0.47	0.47	0	0	0.52
254600	0.52	0.47	0.47	0	0	0.52
254700	0.52	0.47	0.47	0	0	0.52
254800	0.52	0.47	0.47	0	0	0.52
254900	0.52	0.47	0.47	0	0	0.52
255000	0.52	0.47	0.47	0	0	0.52
255100	0.52	0.47	0.47	0	0	0.52
255200	0.52	0.47	0.47	0	0	0.52
255300	0.52	0.47	0.47	0	0	0.52
255400	0.52	0.47	0.47	0	0	0.52
255500	0.52	0.47	0.47	0	0	0.52
255600	0.52	0.47	0.47	0	0	0.52
255700	0.52	0.47	0.47	0	0	0.52
255800	0.52	0.47	0.47	0	0	0.52
255900	0.52	0.47	0.47	0	0	0.52
256000	0.52	0.47	0.47	0	0	0.52
256100	0.52	0.47	0.47	0	0	0.52
256200	0.52	0.47	0.47	0	0	0.52
256300	0.52	0.47	0.47	0	0	0.52
256400	0.52	0.47	0.47	0	0	0.52
256500	0.52	0.47	0.47	0	0	0.52
256600	0.52	0.47	0.47	0	0	0.52
256700	0.52	0.47	0.47	0	0	0.52
256800	0.52	0.47	0.47	0	0	0.52
256900	0.52	0.47	0.47	0	0	0.52
257000	0.52	0.47	0.47	0	0	0.52
257100	0.52	0.47	0.47	0	0	0.52
257200	0.52	0.47	0.47	0	0	0.52
257300	0.52	0.47	0.47	0	0	0.52
257400	0.52	0.47	0.47	0	0	0.52
257500	0.52	0.47	0.47	0	0	0.52
257600	0.52	0.47	0.47	0	0	0.52
257700	0.52	0.47	0.47	0	0	0.52
257800	0.52	0.47	0.47	0	0	0.52
257900	0.52	0.47	0.47	0	0	0.52
258000	0.52	0.47	0.47	0	0	0.52
258100	0.52	0.47	0.47	0	0	0.52
258200	0.52	0.47	0.47	0	0	0.52
258300	0.52	0.47	0.47	0	0	0.52
258400	0.52	0.47	0.47	0	0	0.52
258500	0.52	0.47	0.47	0	0	0.52
258600	0.52	0.47	0.47	0	0	0.52
258700	0.52	0.47	0.47	0	0	0.52
258800	0.52	0.47	0.47	0	0	0.52
258900	0.52	0.47	0.47	0	0	0.52
259000	0.52	0.47	0.47	0	0	0.52
259100	0.52	0.47	0.47	0	0	0.52
259200	0.52	0.47	0.47	0	0	0.52
259300	0.52	0.47	0.47	0	0	0.52
259400	0.51	0.47	0.47	0	0	0.51
259500	0.51	0.47	0.47	0	0	0.51
259600	0.51	0.47	0.47	0	0	0.51
259700	0.51	0.47	0.47	0	0	0.51
259800	0.51	0.47	0.47	0	0	0.51
259900	0.51	0.47	0.47	0	0	0.51
260000	0.51	0.47	0.47	0	0	0.51
260100	0.51	0.47	0.47	0	0	0.51
260200	0.51	0.47	0.47	0	0	0.51
260300	0.51	0.47	0.47	0	0	0.51
260400	0.51	0.47	0.47	0	0	0.51
260500	0.51	0.47	0.47	0	0	0.51
260600	0.51	0.47	0.47	0	0	0.51
260700	0.51	0.47	0.47	0	0	0.51
260800	0.52	0.47	0.47	0	0	0.52
260900	0.52	0.47	0.47	0	0	0.52
261000	0.52	0.47	0.47	0	0	0.52
261100	0.52	0.47	0.47	0	0	0.52
261200	0.52	0.47	0.47	0	0	0.52
261300	0.52	0.47	0.47	0	0	0.52
261400	0.52	0.47	0.47	0	0	0.52
261500	0.52	0.47	0.47	0	0	0.52
261600	0.52	0.47	0.47	0	0	0.52
261700	0.52	0.47	0.47	0	0	0.52
261800	0.52	0.47	0.47	0	0	0.52
261900	0.52	0.47	0.47	0	0	0.52
262000	0.52	0.47	0.47	0	0	0.52
262100	0.52	0.47	0.47	0	0	0.52
262200	0.52	0.47	0.47	0	0	0.52
262300	0.52	0.47	0.47	0	0	0.52
262400	0.52	0.47	0.47	0	0	0.52
262500	0.52	0.47	0.47	0	0	0.52
262600	0.52	0.47	0.47	0	0	0.52
262700	0.52	0.47	0.47	0	0	0.52
262800	0.52	0.47	0.47	0	0	0.52
262900	0.52	0.47	0.47	0	0	0.52
263000	0.52	0.47	0.47	0	0	0.52
263100	0.52	0.47	0.47	0	0	0.52
263200	0.52	0.47	0.47	0	0	0.52
263300	0.52	0.47	0.47	0	0	0.52
263400	0.52	0.47	0.47	0	0	0.52
263500	0.52	0.47	0.47	0	0	0.52
263600	0.52	0.47	0.47	0	0	0.52
263700	0.52	0.47	0.47	0	0	0.52
263800	0.52	0.47	0.47	0	0	0.52
263900	0.52	0.47	0.47	0	0	0.52
264000	0.52	0.47	0.47	0	0	0.52
264100	0.52	0.47	0.47	0	0	0.52
264200	0.52	0.47	0.47	0	0	0.52
264300	0.52	0.47	0.47	0	0	0.52
264400	0.52	0.47	0.47	0	0	0.52
264500	0.52	0.47	0.47	0	0	0.52
264600	0.52	0.47	0.47	0	0	0.52
264700	0.52	0.47	0.47	0	0	0.52
264800	0.52	0.47	0.47	0	0	0.52
264900	0.52	0.47	0.47	0	0	0.52
265000	0.52	0.47	0.47	0	0	0.52
265100	0.52	0.47	0.47	0	0	0.52
265200	0.52	0.47	0.47	0	0	0.52
265300	0.52	0.47	0.47	0	0	0.52
265400	0.52	0.47	0.47	0	0	0.52
265500	0.52	0.47	0.47	0	0	0.52
265600	0.52	0.47	0.47	0	0	0.52
265700	0.52	0.47	0.47	0	0	0.52
265800	0.52	0.47	0.47	0	0	0.52
265900	0.52	0.47	0.47	0	0	0.52
266000	0.52	0.47	0.47	0	0	0.52
266100	0.52	0.47	0.47	0	0	0.52
266200	0.52	0.47	0.47	0	0	0.52
266300	0.52	0.47	0.47	0	0	0.52
266400	0.52	0.47	0.47	0	0	0.52
266500	0.52	0.47	0.47	0	0	0.52
266600	0.52	0.47	0.47	0	0	0.52
266700	0.52	0.47	0.47	0	0	0.52
266800	0.52	0.47	0.47	0	0	0.52
266900	0.52	0.47	0.47	0	0	0.52
267000	0.52	0.47	0.47	0	0	0.52
267100	0.52	0.47	0.47	0	0	0.52
267200	0.52	0.47	0.47	0	0	0.52
267300	0.52	0.47	0.47	0	0	0.52
267400	0.52	0.47	0.47	0	0	0.52
267500	0.52	0.47	0.47	0	0	0.52
267600	0.52	0.47	0.47	0	0	0.52
267700	0.52	0.47	0.47	0	0	0.52
267800	0.52	0.47	0.47	0	0	0.52
267900	0.52	0.47	0.47	0	0	0.52
268000	0.52	0.47	0.47	0	0	0.52
268100	0.52	0.47	0.47	0	0	0.52
268200	0.52	0.47	0.47	0	0	0.52
268300	0.52	0.47	0.47	0	0	0.52
268400	0.52	0.47	0.47	0	0	0.52
268500	0.52	0.47	0.47	0	0	0.52
268600	0.52	0.47	0.47	0	0	0.52
268700	0.52	0.47	0.47	0	0	0.52
268800	0.52	0.47	0.47	0	0	0.52
268900	0.52	0.47	0.47	0	0	0.52
269000	0.52	0.47	0.47	0	0	0.52
269100	0.52	0.47	0.47	0	0	0.52
269200	0.52	0.47	0.47	0	0	0.52
269300	0.52	0.47	0.47	0	0	0.52
269400	0.52	0.47	0.47	0	0	0.52
269500	0.52	0.47	0.47	0	0	0.52
269600	0.52	0.47	0.47	0	0	0.52
269700	0.52	0.47	0.47	0	0	0.52
269800	0.52	0.47	0.47	0	0	0.52
269900	0.52	0.47	0.47	0	0	0.52
270000	0.52	0.47	0.47	0	0	0.52
270100	0.52	0.47	0.47	0	0	0.52
270200	0.52	0.47	0.47	0	0	0.52
270300	0.52	0.47	0.47	0	0	0.52
270400	0.52	0.47	0.47	0	0	0.52
270500	0.52	0.47	0.47	0	0	0.52
270600	0.52	0.47	0.47	0	0	0.52
270700	0.52	0.47	0.47	0	0	0.52
270800	0.52	0.47	0.47	0	0	0.52
270900	0.52	0.47	0.47	0	0	0.52
271000	0.52	0.47	0.47	0	0	0.52
271100	0.52	0.47	0.47	0	0	0.52
271200	0.52	0.47	0.47	0	0	0.52
271300	0.52	0.47	0.47	0	0	0.52
271400	0.52	0.47	0.47	0	0	0.52
271500	0.52	0.47	0.47	0	0	0.52
271600	0.52	0.47	0.47	0	0	0.52
271700	0.52	0.47	0.47	0	0	0.52
271800	0.52	0.47	0.47	0	0	0.52
271900	0.52	0.47	0.47	0	0	0.52
272000	0.52	0.47	0.47	0	0	0.52
272100	0.52	0.47	0.47	0	0	0.52
272200	0.52	0.47	0.47	0	0	0.52
272300	0.52	0.47	0.47	0	0	0.52
272400	0.52	0.47	0.47	0	0	0.52
272500	0.52	0.47	0.47	0	0	0.52
272600	0.52	0.47	0.47	0	0	0.52
272700	0.52	0.47	0.47	0	0	0.52
272800	0.52	0.47	0.47	0	0	0.52
272900	0.52	0.47	0.47	0	0	0.52
273000	0.52	0.47	0.47	0	0	0.52
273100	0.52	0.47	0.47	0	0	0.52
273200	0.52	0.47	0.47	0	0	0.52
273300	0.52	0.47	0.47	0	0	0.52
273400	0.52	0.47	0.47	0	0	0.52
273500	0.52	0.47	0.47	0	0	0.52
273600	0.52	0.47	0.47	0	0	0.52
273700	0.52	0.47	0.47	0	0	0.52
273800	0.52	0.47	0.47	0	0	0.52
273900	0.52	0.47	0.47	0	0	0.52
274000	0.52	0.47	0.47	0	0	0.52
274100	0.52	0.47	0.47	0	0	0.52
274200	0.52	0.47	0.47	0	0	0.52
274300	0.52	0.47	0.47	0	0	0.52
274400	0.52	0.47	0.47	0	0	0.52
274500	0.52	0.47	0.47	0	0	0.52
274600	0.52	0.47	0.47	0	0	0.52
274700	0.52	0.47	0.47	0	0	0.52
274800	0.52	0.47	0.47	0	0	0.52
274900	0.52	0.47	0.47	0	0	0.52
275000	0.52	0.47	0.47	0	0	0.52
275100	0.52	0.47	0.47	0	0	0.52
275200	0.52	0.47	0.47	0	0	0.52
275300	0.52	0.47	0.47	0	0	0.52
275400	0.52	0.47	0.47	0	0	0.52
275500	0.52	0.47	0.47	0	0	0.52
275600	0.52	0.47	0.47	0	0	0.52
275700	0.52	0.47	0.47	0	0	0.52
275800	0.52	0.47	0.47	0	0	0.52
275900	0.52	0.47	0.47	0	0	0.52
276000	0.52	0.47	0.47	0	0	0.52
276100	0.52	0.47	0.47	0	0	0.52
276200	0.52	0.47	0.47	0	0	0.52
276300	0.52	0.47	0.47	0	0	0.52
276400	0.52	0.47	0.47	0	0	0.52
276500	0.52	0.47	0.47	0	0	0.52
276600	0.52	0.47	0.47	0	0	0.52
276700	0.52	0.47	0.47	0	0	0.52
276800	0.52	0.47	0.47	0	0	0.52
276900	0.52	0.47	0.47	0	0	0.52
277000	0.52	0.47	0.47	0	0	0.52
277100	0.52	0.47	0.47	0	0	0.52
277200	0.52	0.47	0.47	0	0	0.52
277300	0.52	0.47	0.47	0	0	0.52
277400	0.52	0.47	0.47	0	0	0.52
277500	0.52	0.47	0.47	0	0	0.52
277600	0.52	0.47	0.47	0	0	0.52
277700	0.52	0.47	0.47	0	0	0.52
277800	0.52	0.47	0.47	0	0	0.52
277900	0.52	0.47	0.47	0	0	0.52
278000	0.52	0.47	0.47	0	0	0.52
278100	0.52	0.47	0.47	0	0	0.52
278200	0.52	0.47	0.47	0	0	0.52
278300	0.52	0.47	0.47	0	0	0.52
278400	0.52	0.47	0.47	0	0	0.52
278500	0.52	0.47	0.47	0	0	0.52
278600	0.52	0.47	0.47	0	0	0.52
278700	0.52	0.47	0.47	0	0	0.52
278800	0.52	0.47	0.47	0	0	0.52
278900	0.52	0.47	0.47	0	0	0.52
279000	0.52	0.47	0.47	0	0	0.52
279100	0.52	0.47	0.47	0	0	0.52
279200	0.52	0.47	0.47	0	0	0.52
279300	0.52	0.47	0.47	0	0	0.52
279400	0.52	0.47	0.47	0	0	0.52
279500	0.52	0.47	0.47	0	0	0.52
279600	0.52	0.47	0.47	0	0	0.52
279700	0.52	0.47	0.47	0	0	0.52
279800	0.52	0.47	0.47	0	0	0.52
279900	0.52	0.47	0.47	0	0	0.52
280000	0.52	0.47	0.47	0	0	0.52
280100	0.52	0.47	0.47	0	0	0.52
280200	0.52	0.47	0.47	0	0	0.52
280300	0.52	0.47	0.47	0	0	0.52
280400	0.52	0.47	0.47	0	0	0.52
280500	0.52	0.47	0.47	0	0	0.52
280600	0.52	0.47	0.47	0	0	0.52
280700	0.52	0.47	0.47	0	0	0.52
280800	0.52	0.47	0.47	0	0	0.52
280900	0.52	0.47	0.47	0	0	0.52
281000	0.52	0.47	0.47	0	0	0.52
281100	0.52	0.47	0.47	0	0	0.52
281200	0.52	0.47	0.47	0	0	0.52
281300	0.51	0.47	0.47	0	0	0.51
281400	0.51	0.47	0.47	0	0	0.51
281500	0.51	0.47	0.47	0	0	0.51
281600	0.51	0.47	0.47	0	0	0.51
281700	0.51	0.47	0.47	0	0	0.51
281800	0.51	0.47	0.47	0	0	0.51
281900	0.51	0.47	0.47	0	0	0.51
282000	0.51	0.47	0.47	0	0	0.51
282100	0.51	0.47	0.47	0	0	0.51
282200	0.51	0.47	0.47	0	0	0.51
282300	0.51	0.47	0.47	0	0	0.51
282400	0.51	0.47	0.47	0	0	0.51
282500	0.51	0.47	0.47	0	0	0.51
282600	0.51	0.47	0.47	0	0	0.51
282700	0.51	0.47	0.47	0	0	0.51
282800	0.51	0.47	0.47	0	0	0.51
282900	0.51	0.47	0.47	0	0	0.51
283000	0.51	0.47	0.47	0	0	0.51
283100	0.51	0.47	0.47	0	0	0.51
283200	0.51	0.47	0.47	0	0	0.51
283300	0.51	0.47	0.47	0	0	0.51
283400	0.51	0.47	0.47	0	0	0.51
283500	0.51	0.47	0.47	0	0	0.51
283600	0.51	0.47	0.47	0	0	0.51
283700	0.51	0.47	0.47	0	0	0.51
283800	0.51	0.47	0.47	0	0	0.51
283900	0.51	0.47	0.47	0	0	0.51
284000	0.51	0.47	0.47	0	0	0.51
284100	0.51	0.47	0.47	0	0	0.51
284200	0.51	0.47	0.47	0	0	0.51
284300	0.51	0.47	0.47	0	0	0.51
284400	0.51	0.47	0.47	0	0	0.51
284500	0.51	0.47	0.47	0	0	0.51
284600	0.51	0.47	0.47	0	0	0.51
284700	0.51	0.47	0.47	0	0	0.51
284800	0.51	0.47	0.47	0	0	0.51
284900	0.51	0.47	0.47	0	0	0.51
285000	0.51	0.47	0.47	0	0	0.51
285100	0.51	0.47	0.47	0	0	0.51
285200	0.51	0.47	0.47	0	0	0.51
285300	0.51	0.47	0.47	0	0	0.51
285400	0.51	0.47	0.47	0	0	0.51
285500	0.51	0.47	0.47	0	0	0.51
285600	0.51	0.47	0.47	0	0	0.51
285700	0.51	0.47	0.47	0	0	0.51
285800	0.51	0.47	0.47	0	0	0.51
285900	0.51	0.47	0.47	0	0	0.51
286000	0.51	0.47	0.47	0	0	0.51
286100	0.51	0.47	0.47	0	0	0.51
286200	0.51	0.47	0.47	0	0	0.51
286300	0.51	0.47	0.47	0	0	0.51
286400	0.51	0.47	0.47	0	0	0.51
286500	0.51	0.47	0.47	0	0	0.51
286600	0.51	0.47	0.47	0	0	0.51
286700	0.51	0.47	0.47	0	0	0.51
286800	0.51	0.47	0.47	0	0	0.51
286900	0.51	0.47	0.47	0	0	0.51
287000	0.51	0.47	0.47	0	0	0.51
287100	0.51	0.47	0.47	0	0	0.51
287200	0.51	0.47	0.47	0	0	0.51
287300	0.51	0.47	0.47	0	0	0.51
287400	0.51	0.47	0.47	0	0	0.51
287500	0.51	0.47	0.47	0	0	0.51
287600	0.51	0.47	0.47	0	0	0.51
287700	0.51	0.47	0.47	0	0	0.51
287800	0.51	0.47	0.47	0	0	0.51
287900	0.51	0.47	0.47	0	0	0.51
288000	0.51	0.47	0.47	0	0	0.51
288100	0.51	0.47	0.47	0	0	0.51
288200	0.51	0.47	0.47	0	0	0.51
288300	0.52	0.47	0.47	0	0	0.52
288400	0.52	0.47	0.47	0	0	0.52
288500	0.52	0.47	0.47	0	0	0.52
288600	0.52	0.47	0.47	0	0	0.52
288700	0.52	0.47	0.47	0	0	0.52
288800	0.52	0.47	0.47	0	0	0.52
288900	0.52	0.47	0.47	0	0	0.52
289000	0.52	0.47	0.47	0	0	0.52
289100	0.52	0.47	0.47	0	0	0.52
289200	0.52	0.47	0.47	0	0	0.52
289300	0.52	0.47	0.47	0	0	0.52
289400	0.52	0.47	0.47	0	0	0.52
289500	0.52	0.47	0.47	0	0	0.52
289600	0.52	0.47	0.47	0	0	0.52
289700	0.52	0.47	0.47	0	0	0.52
289800	0.52	0.47	0.47	0	0	0.52
289900	0.52	0.47	0.47	0	0	0.52
290000	0.52	0.47	0.47	0	0	0.52
290100	0.52	0.47	0.47	0	0	0.52
290200	0.52	0.47	0.47	0	0	0.52
290300	0.52	0.47	0.47	0	0	0.52
290400	0.52	0.47	0.47	0	0	0.52
290500	0.52	0.47	0.47	0	0	0.52
290600	0.52	0.47	0.47	0	0	0.52
290700	0.52	0.47	0.47	0	0	0.52
290800	0.52	0.47	0.47	0	0	0.52
290900	0.52	0.47	0.47	0	0	0.52
291000	0.52	0.47	0.47	0	0	0.52
291100	0.52	0.47	0.47	0	0	0.52
291200	0.52	0.47	0.47	0	0	0.52
291300	0.52	0.47	0.47	0	0	0.52
291400	0.52	0.47	0.47	0	0	0.52
291500	0.52	0.47	0.47	0	0	0.52
291600	0.52	0.47	0.47	0	0	0.52
291700	0.52	0.47	0.47	0	0	0.52
291800	0.52	0.47	0.47	0	0	0.52
291900	0.52	0.47	0.47	0	0	0.52
292000	0.52	0.47	0.47	0	0	0.52
292100	0.52	0.47	0.47	0	0	0.52
292200	0.52	0.47	0.47	0	0	0.52
292300	0.52	0.47	0.47	0	0	0.52
292400	0.52	0.47	0.47	0	0	0.52
292500	0.52	0.47	0.47	0	0	0.52
292600	0.52	0.47	0.47	0	0	0.52
292700	0.52	0.47	0.47	0	0	0.52
292800	0.52	0.47	0.47	0	0	0.52
292900	0.52	0.47	0.47	0	0	0.52
293000	0.52	0.47	0.47	0	0	0.52
293100	0.52	0.47	0.47	0	0	0.52
293200	0.52	0.47	0.47	0	0	0.52
293300	0.52	0.47	0.47	0	0	0.52
293400	0.52	0.47	0.47	0	0	0.52
293500	0.52	0.47	0.47	0	0	0.52
293600	0.52	0.47	0.47	0	0	0.52
293700	0.52	0.47	0.47	0	0	0.52
293800	0.52	0.47	0.47	0	0	0.52
293900	0.52	0.47	0.47	0	0	0.52
294000	0.52	0.47	0.47	0	0	0.52
294100	0.52	0.47	0.47	0	0	0.52
294200	0.52	0.47	0.47	0	0	0.52
294300	0.52	0.47	0.47	0	0	0.52
294400	0.52	0.47	0.47	0	0	0.52
294500	0.52	0.47	0.47	0	0	0.52
294600	0.52	0.47	0.47	0	0	0.52
294700	0.52	0.47	0.47	0	0	0.52
294800	0.52	0.47	0.47	0	0	0.52
294900	0.52	0.47	0.47	0	0	0.52
295000	0.52	0.47	0.47	0	0	0.52
295100	0.52	0.47	0.47	0	0	0.52
295200	0.52	0.47	0.47	0	0	0.52
295300	0.52	0.47	0.47	0	0	0.52
295400	0.52	0.47	0.47	0	0	0.52
295500	0.52	0.47	0.47	0	0	0.52
295600	0.52	0.47	0.47	0	0	0.52
295700	0.52	0.47	0.47	0	0	0.52
295800	0.52	0.47	0.47	0	0	0.52
295900	0.52	0.47	0.47	0	0	0.52
296000	0.52	0.47	0.47	0	0	0.52
296100	0.52	0.47	0.47	0	0	0.52
296200	0.52	0.47	0.47	0	0	0.52
296300	0.52	0.47	0.47	0	0	0.52
296400	0.52	0.47	0.47	0	0	0.52
296500	0.52	0.47	0.47	0	0	0.52
296600	0.52	0.47	0.47	0	0	0.52
296700	0.52	0.47	0.47	0	0	0.52
296800	0.52	0.47	0.47	0	0	0.52
296900	0.52	0.47	0.47	0	0	0.52
297000	0.52	0.47	0.47	0	0	0.52
297100	0.52	0.47	0.47	0	0	0.52
297200	0.52	0.47	0.47	0	0	0.52
297300	0.52	0.47	0.47	0	0	0.52
297400	0.52	0.47	0.47	0	0	0.52
297500	0.52	0.47	0.47	0	0	0.52
297600	0.52	0.47	0.47	0	0	0.52
297700	0.52	0.47	0.47	0	0	0.52
297800	0.52	0.47	0.47	0	0	0.52
297900	0.52	0.47	0.47	0	0	0.52
298000	0.52	0.47	0.47	0	0	0.52
298100	0.52	0.47	0.47	0	0	0.52
298200	0.52	0.47	0.47	0	0	0.52
298300	0.52	0.47	0.47	0	0	0.52
298400	0.52	0.47	0.47	0	0	0.52
298500	0.52	0.47	0.47	0	0	0.52
298600	0.52	0.47	0.47	0	0	0.52
298700	0.52	0.47	0.47	0	0	0.52
298800	0.52	0.47	0.47	0	0	0.52
298900	0.52	0.47	0.47	0	0	0.52
299000	0.52	0.47	0.47	0	0	0.52
299100	0.52	0.47	0.47	0	0	0.52
299200	0.52	0.47	0.47	0	0	0.52
299300	0.52	0.47	0.47	0	0	0.52
299400	0.52	0.47	0.47	0	0	0.52
299500	0.52	0.47	0.47	0	0	0.52
299600	0.52	0.47	0.47	0	0	0.52
299700	0.52	0.47	0.47	0	0	0.52
299800	0.52	0.47	0.47	0	0	0.52
299900	0.52	0.47	0.47	0	0	0.52
300000	0.51	0.47	0.47	0	0	0.51
300100	0.51	0.47	0.47	0	0	0.51
300200	0.51	0.47	0.47	0	0	0.51
300300	0.51	0.47	0.47	0	0	0.51
300400	0.51	0.47	0.47	0	0	0.51
300500	0.51	0.47	0.47	0	0	0.51
300600	0.51	0.47	0.47	0	0	0.51
300700	0.51	0.47	0.47	0	0	0.51
300800	0.51	0.47	0.47	0	0	0.51
300900	0.51	0.47	0.47	0	0	0.51
301000	0.51	0.47	0.47	0	0	0.51
301100	0.51	0.47	0.47	0	0	0.51
301200	0.51	0.47	0.47	0	0	0.51
301300	0.51	0.47	0.47	0	0	0.51
301400	0.51	0.47	0.47	0	0	0.51
301500	0.51	0.47	0.47	0	0	0.51
301600	0.51	0.47	0.47	0	0	0.51
301700	0.51	0.47	0.47	0	0	0.51
301800	0.51	0.47	0.47	0	0	0.51
301900	0.51	0.47	0.47	0	0	0.51
302000	0.51	0.47	0.47	0	0	0.51
302100	0.51	0.47	0.47	0	0	0.51
302200	0.51	0.47	0.47	0	0	0.51
302300	0.51	0.47	0.47	0	0	0.51
302400	0.51	0.47	0.47	0	0	0.51
302500	0.51	0.47	0.47	0	0	0.51
302600	0.51	0.47	0.47	0	0	0.51
302700	0.51	0.47	0.47	0	0	0.51
302800	0.51	0.47	0.47	0	0	0.51
302900	0.51	0.47	0.47	0	0	0.51
303000	0.51	0.47	0.47	0	0	0.51
303100	0.51	0.47	0.47	0	0	0.51
303200	0.51	0.47	0.47	0	0	0.51
303300	0.51	0.47	0.47	0	0	0.51
303400	0.51	0.47	0.47	0	0	0.51
303500	0.51	0.47	0.47	0	0	0.51
303600	0.51	0.47	0.47	0	0	0.51
303700	0.51	0.47	0.47	0	0	0.51
303800	0.51	0.47	0.47	0	0	0.51
303900	0.51	0.47	0.47	0	0	0.51
304000	0.51	0.47	0.47	0	0	0.51
304100	0.52	0.47	0.47	0	0	0.52
304200	0.52	0.47	0.47	0	0	0.52
304300	0.52	0.47	0.47	0	0	0.52
304400	0.52	0.47	0.47	0	0	0.52
304500	0.52	0.47	0.47	0	0	0.52
304600	0.52	0.47	0.47	0	0	0.52
304700	0.52	0.47	0.47	0	0	0.52
304800	0.52	0.47	0.47	0	0	0.52
304900	0.52	0.47	0.47	0	0	0.52
305000	0.52	0.47	0.47	0	0	0.52
305100	0.52	0.47	0.47	0	0	0.52
305200	0.52	0.47	0.47	0	0	0.52
305300	0.52	0.47	0.47	0	0	0.52
305400	0.52	0.47	0.47	0	0	0.52
305500	0.52	0.47	0.47	0	0	0.52
305600	0.52	0.47	0.47	0	0	0.52
305700	0.52	0.47	0.47	0	0	0.52
305800	0.52	0.47	0.47	0	0	0.52
305900	0.52	0.47	0.47	0	0	0.52
306000	0.52	0.47	0.47	0	0	0.52
306100	0.52	0.47	0.47	0	0	0.52
306200	0.52	0.47	0.47	0	0	0.52
306300	0.52	0.47	0.47	0	0	0.52
306400	0.52	0.47	0.47	0	0	0.52
306500	0.52	0.47	0.47	0	0	0.52
306600	0.52	0.47	0.47	0	0	0.52
306700	0.52	0.47	0.47	0	0	0.52
306800	0.52	0.47	0.47	0	0	0.52
306900	0.52	0.47	0.47	0	0	0.52
307000	0.52	0.47	0.47	0	0	0.52
307100	0.52	0.47	0.47	0	0	0.52
307200	0.52	0.47	0.47	0	0	0.52
307300	0.52	0.47	0.47	0	0	0.52
307400	0.52	0.47	0.47	0	0	0.52
307500	0.52	0.47	0.47	0	0	0.52
307600	0.52	0.47	0.47	0	0	0.52
307700	0.52	0.47	0.47	0	0	0.52
307800	0.52	0.47	0.47	0	0	0.52
307900	0.52	0.47	0.47	0	0	0.52
308000	0.52	0.47	0.47	0	0	0.52
308100	0.52	0.47	0.47	0	0	0.52
308200	0.52	0.47	0.47	0	0	0.52
308300	0.52	0.47	0.47	0	0	0.52
308400	0.52	0.47	0.47	0	0	0.52
308500	0.52	0.47	0.47	0	0	0.52
308600	0.52	0.47	0.47	0	0	0.52
308700	0.52	0.47	0.47	0	0	0.52
308800	0.52	0.47	0.47	0	0	0.52
308900	0.52	0.47	0.47	0	0	0.52
309000	0.52	0.47	0.47	0	0	0.52
309100	0.52	0.47	0.47	0	0	0.52
309200	0.52	0.47	0.47	0	0	0.52
309300	0.52	0.47	0.47	0	0	0.52
309400	0.52	0.47	0.47	0	0	0.52
309500	0.52	0.47	0.47	0	0	0.52
309600	0.52	0.47	0.47	0	0	0.52
309700	0.52	0.47	0.47	0	0	0.52
309800	0.52	0.47	0.47	0	0	0.52
309900	0.52	0.47	0.47	0	0	0.52
310000	0.52	0.47	0.47	0	0	0.52
310100	0.52	0.47	0.47	0	0	0.52
310200	0.52	0.47	0.47	0	0	0.52
310300	0.52	0.47	0.47	0	0	0.52
310400	0.52	0.47	0.47	0	0	0.52
310500	0.52	0.47	0.47	0	0	0.52
310600	0.52	0.47	0.47	0	0	0.52
310700	0.52	0.47	0.47	0	0	0.52
310800	0.52	0.47	0.47	0	0	0.52
310900	0.52	0.47	0.47	0	0	0.52
311000	0.52	0.47	0.47	0	0	0.52
311100	0.52	0.47	0.47	0	0	0.52
311200	0.52	0.47	0.47	0	0	0.52
311300	0.52	0.47	0.47	0	0	0.52
311400	0.52	0.47	0.47	0	0	0.52
311500	0.52	0.47	0.47	0	0	0.52
311600	0.52	0.47	0.47	0	0	0.52
311700	0.52	0.47	0.47	0	0	0.52
311800	0.52	0.47	0.47	0	0	0.52
311900	0.52	0.46	0.46	0	0	0.52
312000	0.52	0.46	0.46	0	0	0.52
312100	0.52	0.46	0.46	0	0	0.52
312200	0.52	0.46	0.46	0	0	0.52
312300	0.52	0.46	0.46	0	0	0.52
312400	0.52	0.46	0.46	0	0	0.52
312500	0.52	0.46	0.46	0	0	0.52
312600	0.52	0.46	0.46	0	0	0.52
312700	0.52	0.46	0.46	0	0	0.52
312800	0.52	0.46	0.46	0	0	0.52
312900	0.52	0.46	0.46	0	0	0.52
313000	0.52	0.46	0.46	0	0	0.52
313100	0.52	0.46	0.46	0	0	0.52
313200	0.52	0.46	0.46	0	0	0.52
313300	0.52	0.46	0.46	0	0	0.52
313400	0.52	0.46	0.46	0	0	0.52
313500	0.52	0.46	0.46	0	0	0.52
313600	0.52	0.46	0.46	0	0	0.52
313700	0.52	0.46	0.46	0	0	0.52
313800	0.52	0.46	0.46	0	0	0.52
313900	0.52	0.46	0.46	0	0	0.52
314000	0.52	0.46	0.46	0	0	0.52
314100	0.51	0.46	0.46	0	0	0.51
314200	0.51	0.46	0.46	0	0	0.51
314300	0.51	0.46	0.46	0	0	0.51
314400	0.51	0.46	0.46	0	0	0.51
314500	0.51	0.46	0.46	0	0	0.51
314600	0.51	0.46	0.46	0	0	0.51
314700	0.51	0.46	0.46	0	0	0.51
314800	0.51	0.46	0.46	0	0	0.51
314900	0.51	0.46	0.46	0	0	0.51
315000	0.51	0.46	0.46	0	0	0.51
315100	0.51	0.46	0.46	0	0	0.51
315200	0.51	0.46	0.46	0	0	0.51
315300	0.51	0.46	0.46	0	0	0.51
315400	0.51	0.46	0.46	0	0	0.51
315500	0.51	0.46	0.46	0	0	0.51
315600	0.51	0.46	0.46	0	0	0.51
315700	0.51	0.46	0.46	0	0	0.51
315800	0.51	0.46	0.46	0	0	0.51
315900	0.51	0.46	0.46	0	0	0.51
316000	0.52	0.46	0.46	0	0	0.52
316100	0.51	0.46	0.46	0	0	0.51
316200	0.51	0.46	0.46	0	0	0.51
316300	0.51	0.46	0.46	0	0	0.51
316400	0.51	0.46	0.46	0	0	0.51
316500	0.51	0.46	0.46	0	0	0.51
316600	0.51	0.46	0.46	0	0	0.51
316700	0.51	0.46	0.46	0	0	0.51
316800	0.51	0.46	0.46	0	0	0.51
316900	0.52	0.46	0.46	0	0	0.52
317000	0.51	0.46	0.46	0	0	0.51
317100	0.51	0.46	0.46	0	0	0.51
317200	0.51	0.46	0.46	0	0	0.51
317300	0.51	0.46	0.46	0	0	0.51
317400	0.51	0.46	0.46	0	0	0.51
317500	0.51	0.46	0.46	0	0	0.51
317600	0.51	0.46	0.46	0	0	0.51
317700	0.51	0.46	0.46	0	0	0.51
317800	0.51	0.46	0.46	0	0	0.51
317900	0.51	0.46	0.46	0	0	0.51
318000	0.51	0.46	0.46	0	0	0.51
318100	0.51	0.46	0.46	0	0	0.51
318200	0.51	0.46	0.46	0	0	0.51
318300	0.51	0.46	0.46	0	0	0.51
318400	0.51	0.46	0.46	0	0	0.51
318500	0.51	0.46	0.46	0	0	0.51
318600	0.51	0.46	0.46	0	0	0.51
318700	0.51	0.46	0.46	0	0	0.51
318800	0.51	0.46	0.46	0	0	0.51
318900	0.51	0.46	0.46	0	0	0.51
319000	0.51	0.46	0.46	0	0	0.51
319100	0.51	0.46	0.46	0	0	0.51
319200	0.51	0.46	0.46	0	0	0.51
319300	0.51	0.46	0.46	0	0	0.51
319400	0.51	0.46	0.46	0	0	0.51
319500	0.51	0.46	0.46	0	0	0.51
319600	0.51	0.46	0.46	0	0	0.51
319700	0.51	0.46	0.46	0	0	0.51
319800	0.51	0.46	0.46	0	0	0.51
319900	0.51	0.46	0.46	0	0	0.51
320000	0.51	0.46	0.46	0	0	0.51
320100	0.51	0.46	0.46	0	0	0.51
320200	0.51	0.46	0.46	0	0	0.51
320300	0.51	0.46	0.46	0	0	0.51
320400	0.51	0.46	0.46	0	0	0.51
320500	0.51	0.46	0.46	0	0	0.51
320600	0.51	0.46	0.46	0	0	0.51
320700	0.51	0.46	0.46	0	0	0.51
320800	0.51	0.46	0.46	0	0	0.51
320900	0.51	0.46	0.46	0	0	0.51
321000	0.51	0.46	0.46	0	0	0.51
321100	0.51	0.46	0.46	0	0	0.51
321200	0.52	0.46	0.46	0	0	0.52
321300	0.52	0.46	0.46	0	0	0.52
321400	0.52	0.46	0.46	0	0	0.52
321500	0.52	0.46	0.46	0	0	0.52
321600	0.52	0.46	0.46	0	0	0.52
321700	0.52	0.46	0.46	0	0	0.52
321800	0.52	0.46	0.46	0	0	0.52
321900	0.52	0.46	0.46	0	0	0.52
322000	0.52	0.46	0.46	0	0	0.52
322100	0.52	0.46	0.46	0	0	0.52
322200	0.52	0.46	0.46	0	0	0.52
322300	0.52	0.46	0.46	0	0	0.52
322400	0.52	0.46	0.46	0	0	0.52
322500	0.52	0.46	0.46	0	0	0.52
322600	0.52	0.46	0.46	0	0	0.52
322700	0.52	0.46	0.46	0	0	0.52
322800	0.52	0.46	0.46	0	0	0.52
322900	0.52	0.46	0.46	0	0	0.52
323000	0.52	0.46	0.46	0	0	0.52
323100	0.52	0.46	0.46	0	0	0.52
323200	0.52	0.46	0.46	0	0	0.52
