100	0.08	0.13	0.13	0	0	0.08
200	0.08	0.16	0.16	0	0	0.08
300	0.09	0.17	0.17	0	0	0.09
400	0.13	0.2	0.2	0	0	0.13
500	0.14	0.19	0.19	0	0	0.14
600	0.15	0.18	0.18	0	0	0.15
700	0.16	0.18	0.18	0	0	0.16
800	0.17	0.18	0.18	0	0	0.17
900	0.16	0.18	0.18	0	0	0.16
1000	0.16	0.19	0.19	0	0	0.16
1100	0.15	0.21	0.21	0	0	0.15
1200	0.16	0.22	0.22	0	0	0.16
1300	0.16	0.21	0.21	0	0	0.16
1400	0.17	0.21	0.21	0	0	0.17
1500	0.18	0.21	0.21	0	0	0.18
1600	0.19	0.22	0.22	0	0	0.19
1700	0.2	0.23	0.23	0	0	0.2
1800	0.2	0.23	0.23	0	0	0.2
1900	0.2	0.23	0.23	0	0	0.2
2000	0.17	0.23	0.23	0	0	0.17
2100	0.17	0.23	0.23	0	0	0.17
2200	0.19	0.24	0.24	0	0	0.19
2300	0.21	0.25	0.25	0	0	0.21
2400	0.21	0.25	0.25	0	0	0.21
2500	0.2	0.25	0.25	0	0	0.2
2600	0.21	0.25	0.25	0	0	0.21
2700	0.2	0.25	0.25	0	0	0.2
2800	0.21	0.24	0.24	0	0	0.21
2900	0.21	0.25	0.25	0	0	0.21
3000	0.22	0.26	0.26	0	0	0.22
3100	0.2	0.26	0.26	0	0	0.2
3200	0.2	0.27	0.27	0	0	0.2
3300	0.2	0.27	0.27	0	0	0.2
3400	0.2	0.27	0.27	0	0	0.2
3500	0.22	0.28	0.28	0	0	0.22
3600	0.23	0.28	0.28	0	0	0.23
3700	0.23	0.28	0.28	0	0	0.23
3800	0.24	0.29	0.29	0	0	0.24
3900	0.26	0.29	0.29	0	0	0.26
4000	0.26	0.29	0.29	0	0	0.26
4100	0.26	0.28	0.28	0	0	0.26
4200	0.27	0.29	0.29	0	0	0.27
4300	0.28	0.29	0.29	0	0	0.28
4400	0.28	0.29	0.29	0	0	0.28
4500	0.28	0.29	0.29	0	0	0.28
4600	0.28	0.28	0.28	0	0	0.28
4700	0.26	0.29	0.29	0	0	0.26
4800	0.26	0.29	0.29	0	0	0.26
4900	0.26	0.3	0.3	0	0	0.26
5000	0.25	0.31	0.31	0	0	0.25
5100	0.25	0.31	0.31	0	0	0.25
5200	0.25	0.31	0.31	0	0	0.25
5300	0.25	0.31	0.31	0	0	0.25
5400	0.25	0.3	0.3	0	0	0.25
5500	0.25	0.29	0.29	0	0	0.25
5600	0.25	0.29	0.29	0	0	0.25
5700	0.25	0.3	0.3	0	0	0.25
5800	0.26	0.29	0.29	0	0	0.26
5900	0.27	0.29	0.29	0	0	0.27
6000	0.28	0.29	0.29	0	0	0.28
6100	0.28	0.29	0.29	0	0	0.28
6200	0.26	0.29	0.29	0	0	0.26
6300	0.26	0.29	0.29	0	0	0.26
6400	0.27	0.3	0.3	0	0	0.27
6500	0.27	0.31	0.31	0	0	0.27
6600	0.26	0.31	0.31	0	0	0.26
6700	0.26	0.33	0.33	0	0	0.26
6800	0.25	0.33	0.33	0	0	0.25
6900	0.27	0.33	0.33	0	0	0.27
7000	0.27	0.33	0.33	0	0	0.27
7100	0.27	0.34	0.34	0	0	0.27
7200	0.26	0.32	0.32	0	0	0.26
7300	0.26	0.3	0.3	0	0	0.26
7400	0.26	0.29	0.29	0	0	0.26
7500	0.26	0.28	0.28	0	0	0.26
7600	0.26	0.27	0.27	0	0	0.26
7700	0.27	0.24	0.24	0	0	0.27
7800	0.27	0.24	0.24	0	0	0.27
7900	0.28	0.25	0.25	0	0	0.28
8000	0.29	0.25	0.25	0	0	0.29
8100	0.3	0.25	0.25	0	0	0.3
8200	0.31	0.25	0.25	0	0	0.31
8300	0.32	0.25	0.25	0	0	0.32
8400	0.33	0.25	0.25	0	0	0.33
8500	0.32	0.25	0.25	0	0	0.32
8600	0.32	0.26	0.26	0	0	0.32
8700	0.32	0.26	0.26	0	0	0.32
8800	0.32	0.27	0.27	0	0	0.32
8900	0.33	0.27	0.27	0	0	0.33
9000	0.33	0.27	0.27	0	0	0.33
9100	0.33	0.28	0.28	0	0	0.33
9200	0.33	0.29	0.29	0	0	0.33
9300	0.35	0.3	0.3	0	0	0.35
9400	0.35	0.3	0.3	0	0	0.35
9500	0.38	0.3	0.3	0	0	0.38
9600	0.38	0.3	0.3	0	0	0.38
9700	0.38	0.28	0.28	0	0	0.38
9800	0.38	0.29	0.29	0	0	0.38
9900	0.38	0.28	0.28	0	0	0.38
10000	0.39	0.28	0.28	0	0	0.39
10100	0.37	0.28	0.28	0	0	0.37
10200	0.37	0.29	0.29	0	0	0.37
10300	0.34	0.29	0.29	0	0	0.34
10400	0.34	0.3	0.3	0	0	0.34
10500	0.33	0.3	0.3	0	0	0.33
10600	0.32	0.3	0.3	0	0	0.32
10700	0.31	0.3	0.3	0	0	0.31
10800	0.31	0.3	0.3	0	0	0.31
10900	0.31	0.3	0.3	0	0	0.31
11000	0.31	0.3	0.3	0	0	0.31
11100	0.31	0.3	0.3	0	0	0.31
11200	0.31	0.31	0.31	0	0	0.31
11300	0.31	0.31	0.31	0	0	0.31
11400	0.31	0.3	0.3	0	0	0.31
11500	0.31	0.32	0.32	0	0	0.31
11600	0.31	0.33	0.33	0	0	0.31
11700	0.31	0.33	0.33	0	0	0.31
11800	0.31	0.31	0.31	0	0	0.31
11900	0.31	0.31	0.31	0	0	0.31
12000	0.31	0.31	0.31	0	0	0.31
12100	0.31	0.31	0.31	0	0	0.31
12200	0.31	0.31	0.31	0	0	0.31
12300	0.31	0.31	0.31	0	0	0.31
12400	0.31	0.31	0.31	0	0	0.31
12500	0.32	0.31	0.31	0	0	0.32
12600	0.31	0.31	0.31	0	0	0.31
12700	0.31	0.31	0.31	0	0	0.31
12800	0.31	0.31	0.31	0	0	0.31
12900	0.32	0.32	0.32	0	0	0.32
13000	0.32	0.33	0.33	0	0	0.32
13100	0.32	0.34	0.34	0	0	0.32
13200	0.32	0.35	0.35	0	0	0.32
13300	0.32	0.34	0.34	0	0	0.32
13400	0.33	0.33	0.33	0	0	0.33
13500	0.33	0.33	0.33	0	0	0.33
13600	0.33	0.31	0.31	0	0	0.33
13700	0.34	0.31	0.31	0	0	0.34
13800	0.34	0.31	0.31	0	0	0.34
13900	0.37	0.3	0.3	0	0	0.37
14000	0.37	0.31	0.31	0	0	0.37
14100	0.37	0.31	0.31	0	0	0.37
14200	0.37	0.32	0.32	0	0	0.37
14300	0.36	0.32	0.32	0	0	0.36
14400	0.35	0.31	0.31	0	0	0.35
14500	0.33	0.31	0.31	0	0	0.33
14600	0.33	0.31	0.31	0	0	0.33
14700	0.34	0.32	0.32	0	0	0.34
14800	0.33	0.32	0.32	0	0	0.33
14900	0.33	0.32	0.32	0	0	0.33
15000	0.33	0.34	0.34	0	0	0.33
15100	0.34	0.34	0.34	0	0	0.34
15200	0.34	0.33	0.33	0	0	0.34
15300	0.34	0.33	0.33	0	0	0.34
15400	0.33	0.31	0.31	0	0	0.33
15500	0.33	0.31	0.31	0	0	0.33
15600	0.33	0.3	0.3	0	0	0.33
15700	0.34	0.3	0.3	0	0	0.34
15800	0.36	0.3	0.3	0	0	0.36
15900	0.38	0.3	0.3	0	0	0.38
16000	0.38	0.3	0.3	0	0	0.38
16100	0.4	0.3	0.3	0	0	0.4
16200	0.39	0.3	0.3	0	0	0.39
16300	0.4	0.3	0.3	0	0	0.4
16400	0.4	0.31	0.31	0	0	0.4
16500	0.41	0.31	0.31	0	0	0.41
16600	0.39	0.32	0.32	0	0	0.39
16700	0.39	0.34	0.34	0	0	0.39
16800	0.39	0.34	0.34	0	0	0.39
16900	0.39	0.34	0.34	0	0	0.39
17000	0.39	0.35	0.35	0	0	0.39
17100	0.39	0.33	0.33	0	0	0.39
17200	0.39	0.33	0.33	0	0	0.39
17300	0.39	0.33	0.33	0	0	0.39
17400	0.4	0.33	0.33	0	0	0.4
17500	0.41	0.31	0.31	0	0	0.41
17600	0.41	0.31	0.31	0	0	0.41
17700	0.4	0.32	0.32	0	0	0.4
17800	0.4	0.32	0.32	0	0	0.4
17900	0.41	0.33	0.33	0	0	0.41
18000	0.41	0.33	0.33	0	0	0.41
18100	0.4	0.32	0.32	0	0	0.4
18200	0.4	0.32	0.32	0	0	0.4
18300	0.39	0.32	0.32	0	0	0.39
18400	0.39	0.32	0.32	0	0	0.39
18500	0.39	0.32	0.32	0	0	0.39
18600	0.39	0.32	0.32	0	0	0.39
18700	0.39	0.33	0.33	0	0	0.39
18800	0.39	0.33	0.33	0	0	0.39
18900	0.39	0.34	0.34	0	0	0.39
19000	0.39	0.35	0.35	0	0	0.39
19100	0.39	0.35	0.35	0	0	0.39
19200	0.39	0.35	0.35	0	0	0.39
19300	0.39	0.36	0.36	0	0	0.39
19400	0.4	0.37	0.37	0	0	0.4
19500	0.41	0.37	0.37	0	0	0.41
19600	0.42	0.36	0.36	0	0	0.42
19700	0.41	0.36	0.36	0	0	0.41
19800	0.41	0.36	0.36	0	0	0.41
19900	0.41	0.37	0.37	0	0	0.41
20000	0.41	0.36	0.36	0	0	0.41
20100	0.41	0.37	0.37	0	0	0.41
20200	0.42	0.37	0.37	0	0	0.42
20300	0.42	0.37	0.37	0	0	0.42
20400	0.42	0.38	0.38	0	0	0.42
20500	0.4	0.38	0.38	0	0	0.4
20600	0.4	0.38	0.38	0	0	0.4
20700	0.4	0.38	0.38	0	0	0.4
20800	0.4	0.38	0.38	0	0	0.4
20900	0.4	0.38	0.38	0	0	0.4
21000	0.4	0.38	0.38	0	0	0.4
21100	0.4	0.38	0.38	0	0	0.4
21200	0.4	0.38	0.38	0	0	0.4
21300	0.4	0.38	0.38	0	0	0.4
21400	0.4	0.38	0.38	0	0	0.4
21500	0.4	0.38	0.38	0	0	0.4
21600	0.41	0.39	0.39	0	0	0.41
21700	0.4	0.39	0.39	0	0	0.4
21800	0.39	0.39	0.39	0	0	0.39
21900	0.4	0.39	0.39	0	0	0.4
22000	0.41	0.4	0.4	0	0	0.41
22100	0.4	0.4	0.4	0	0	0.4
22200	0.4	0.39	0.39	0	0	0.4
22300	0.4	0.39	0.39	0	0	0.4
22400	0.4	0.39	0.39	0	0	0.4
22500	0.4	0.39	0.39	0	0	0.4
22600	0.39	0.38	0.38	0	0	0.39
22700	0.39	0.37	0.37	0	0	0.39
22800	0.39	0.37	0.37	0	0	0.39
22900	0.4	0.36	0.36	0	0	0.4
23000	0.41	0.36	0.36	0	0	0.41
23100	0.42	0.35	0.35	0	0	0.42
23200	0.41	0.35	0.35	0	0	0.41
23300	0.42	0.35	0.35	0	0	0.42
23400	0.43	0.35	0.35	0	0	0.43
23500	0.43	0.35	0.35	0	0	0.43
23600	0.43	0.35	0.35	0	0	0.43
23700	0.42	0.35	0.35	0	0	0.42
23800	0.41	0.35	0.35	0	0	0.41
23900	0.41	0.35	0.35	0	0	0.41
24000	0.4	0.35	0.35	0	0	0.4
24100	0.39	0.35	0.35	0	0	0.39
24200	0.39	0.35	0.35	0	0	0.39
24300	0.39	0.35	0.35	0	0	0.39
24400	0.39	0.35	0.35	0	0	0.39
24500	0.39	0.35	0.35	0	0	0.39
24600	0.39	0.35	0.35	0	0	0.39
24700	0.39	0.35	0.35	0	0	0.39
24800	0.4	0.35	0.35	0	0	0.4
24900	0.4	0.36	0.36	0	0	0.4
25000	0.4	0.37	0.37	0	0	0.4
25100	0.4	0.36	0.36	0	0	0.4
25200	0.41	0.36	0.36	0	0	0.41
25300	0.41	0.37	0.37	0	0	0.41
25400	0.41	0.37	0.37	0	0	0.41
25500	0.41	0.38	0.38	0	0	0.41
25600	0.41	0.38	0.38	0	0	0.41
25700	0.41	0.38	0.38	0	0	0.41
25800	0.41	0.38	0.38	0	0	0.41
25900	0.41	0.38	0.38	0	0	0.41
26000	0.41	0.38	0.38	0	0	0.41
26100	0.41	0.39	0.39	0	0	0.41
26200	0.41	0.39	0.39	0	0	0.41
26300	0.41	0.39	0.39	0	0	0.41
26400	0.41	0.38	0.38	0	0	0.41
26500	0.42	0.38	0.38	0	0	0.42
26600	0.41	0.38	0.38	0	0	0.41
26700	0.41	0.38	0.38	0	0	0.41
26800	0.41	0.38	0.38	0	0	0.41
26900	0.41	0.38	0.38	0	0	0.41
27000	0.42	0.39	0.39	0	0	0.42
27100	0.42	0.39	0.39	0	0	0.42
27200	0.42	0.39	0.39	0	0	0.42
27300	0.41	0.4	0.4	0	0	0.41
27400	0.41	0.39	0.39	0	0	0.41
27500	0.41	0.39	0.39	0	0	0.41
27600	0.42	0.39	0.39	0	0	0.42
27700	0.42	0.38	0.38	0	0	0.42
27800	0.42	0.38	0.38	0	0	0.42
27900	0.42	0.36	0.36	0	0	0.42
28000	0.42	0.37	0.37	0	0	0.42
28100	0.42	0.37	0.37	0	0	0.42
28200	0.42	0.37	0.37	0	0	0.42
28300	0.42	0.38	0.38	0	0	0.42
28400	0.43	0.37	0.37	0	0	0.43
28500	0.43	0.37	0.37	0	0	0.43
28600	0.44	0.37	0.37	0	0	0.44
28700	0.44	0.36	0.36	0	0	0.44
28800	0.44	0.34	0.34	0	0	0.44
28900	0.44	0.34	0.34	0	0	0.44
29000	0.44	0.33	0.33	0	0	0.44
29100	0.44	0.33	0.33	0	0	0.44
29200	0.45	0.33	0.33	0	0	0.45
29300	0.44	0.33	0.33	0	0	0.44
29400	0.44	0.33	0.33	0	0	0.44
29500	0.44	0.34	0.34	0	0	0.44
29600	0.44	0.34	0.34	0	0	0.44
29700	0.44	0.34	0.34	0	0	0.44
29800	0.44	0.35	0.35	0	0	0.44
29900	0.44	0.35	0.35	0	0	0.44
30000	0.45	0.35	0.35	0	0	0.45
30100	0.45	0.35	0.35	0	0	0.45
30200	0.45	0.35	0.35	0	0	0.45
30300	0.43	0.36	0.36	0	0	0.43
30400	0.43	0.35	0.35	0	0	0.43
30500	0.43	0.35	0.35	0	0	0.43
30600	0.43	0.35	0.35	0	0	0.43
30700	0.44	0.35	0.35	0	0	0.44
30800	0.44	0.35	0.35	0	0	0.44
30900	0.44	0.35	0.35	0	0	0.44
31000	0.44	0.35	0.35	0	0	0.44
31100	0.44	0.35	0.35	0	0	0.44
31200	0.45	0.34	0.34	0	0	0.45
31300	0.45	0.34	0.34	0	0	0.45
31400	0.45	0.34	0.34	0	0	0.45
31500	0.46	0.35	0.35	0	0	0.46
31600	0.46	0.35	0.35	0	0	0.46
31700	0.46	0.35	0.35	0	0	0.46
31800	0.47	0.35	0.35	0	0	0.47
31900	0.47	0.35	0.35	0	0	0.47
32000	0.47	0.34	0.34	0	0	0.47
32100	0.47	0.36	0.36	0	0	0.47
32200	0.47	0.36	0.36	0	0	0.47
32300	0.47	0.36	0.36	0	0	0.47
32400	0.47	0.36	0.36	0	0	0.47
32500	0.47	0.36	0.36	0	0	0.47
32600	0.47	0.37	0.37	0	0	0.47
32700	0.47	0.35	0.35	0	0	0.47
32800	0.47	0.35	0.35	0	0	0.47
32900	0.47	0.35	0.35	0	0	0.47
33000	0.47	0.35	0.35	0	0	0.47
33100	0.47	0.35	0.35	0	0	0.47
33200	0.47	0.35	0.35	0	0	0.47
33300	0.47	0.35	0.35	0	0	0.47
33400	0.47	0.35	0.35	0	0	0.47
33500	0.47	0.35	0.35	0	0	0.47
33600	0.47	0.35	0.35	0	0	0.47
33700	0.47	0.35	0.35	0	0	0.47
33800	0.47	0.36	0.36	0	0	0.47
33900	0.47	0.36	0.36	0	0	0.47
34000	0.47	0.36	0.36	0	0	0.47
34100	0.47	0.36	0.36	0	0	0.47
34200	0.47	0.36	0.36	0	0	0.47
34300	0.47	0.36	0.36	0	0	0.47
34400	0.46	0.36	0.36	0	0	0.46
34500	0.46	0.36	0.36	0	0	0.46
34600	0.46	0.36	0.36	0	0	0.46
34700	0.46	0.36	0.36	0	0	0.46
34800	0.45	0.37	0.37	0	0	0.45
34900	0.46	0.37	0.37	0	0	0.46
35000	0.46	0.37	0.37	0	0	0.46
35100	0.46	0.37	0.37	0	0	0.46
35200	0.46	0.37	0.37	0	0	0.46
35300	0.46	0.37	0.37	0	0	0.46
35400	0.46	0.37	0.37	0	0	0.46
35500	0.45	0.37	0.37	0	0	0.45
35600	0.46	0.37	0.37	0	0	0.46
35700	0.46	0.37	0.37	0	0	0.46
35800	0.46	0.37	0.37	0	0	0.46
35900	0.46	0.37	0.37	0	0	0.46
36000	0.46	0.37	0.37	0	0	0.46
36100	0.47	0.37	0.37	0	0	0.47
36200	0.47	0.37	0.37	0	0	0.47
36300	0.47	0.37	0.37	0	0	0.47
36400	0.47	0.37	0.37	0	0	0.47
36500	0.47	0.37	0.37	0	0	0.47
36600	0.47	0.37	0.37	0	0	0.47
36700	0.47	0.38	0.38	0	0	0.47
36800	0.47	0.38	0.38	0	0	0.47
36900	0.46	0.38	0.38	0	0	0.46
37000	0.46	0.38	0.38	0	0	0.46
37100	0.47	0.38	0.38	0	0	0.47
37200	0.47	0.38	0.38	0	0	0.47
37300	0.47	0.38	0.38	0	0	0.47
37400	0.47	0.39	0.39	0	0	0.47
37500	0.47	0.39	0.39	0	0	0.47
37600	0.46	0.39	0.39	0	0	0.46
37700	0.45	0.39	0.39	0	0	0.45
37800	0.46	0.39	0.39	0	0	0.46
37900	0.46	0.39	0.39	0	0	0.46
38000	0.45	0.39	0.39	0	0	0.45
38100	0.45	0.39	0.39	0	0	0.45
38200	0.45	0.39	0.39	0	0	0.45
38300	0.45	0.39	0.39	0	0	0.45
38400	0.45	0.39	0.39	0	0	0.45
38500	0.45	0.39	0.39	0	0	0.45
38600	0.45	0.39	0.39	0	0	0.45
38700	0.45	0.39	0.39	0	0	0.45
38800	0.45	0.39	0.39	0	0	0.45
38900	0.45	0.38	0.38	0	0	0.45
39000	0.45	0.38	0.38	0	0	0.45
39100	0.45	0.39	0.39	0	0	0.45
39200	0.45	0.39	0.39	0	0	0.45
39300	0.45	0.39	0.39	0	0	0.45
39400	0.45	0.38	0.38	0	0	0.45
39500	0.45	0.38	0.38	0	0	0.45
39600	0.45	0.38	0.38	0	0	0.45
39700	0.45	0.38	0.38	0	0	0.45
39800	0.45	0.38	0.38	0	0	0.45
39900	0.45	0.38	0.38	0	0	0.45
40000	0.45	0.38	0.38	0	0	0.45
40100	0.47	0.38	0.38	0	0	0.47
40200	0.47	0.38	0.38	0	0	0.47
40300	0.47	0.38	0.38	0	0	0.47
40400	0.47	0.38	0.38	0	0	0.47
40500	0.47	0.38	0.38	0	0	0.47
40600	0.47	0.38	0.38	0	0	0.47
40700	0.47	0.38	0.38	0	0	0.47
40800	0.46	0.38	0.38	0	0	0.46
40900	0.46	0.38	0.38	0	0	0.46
41000	0.46	0.38	0.38	0	0	0.46
41100	0.47	0.38	0.38	0	0	0.47
41200	0.47	0.39	0.39	0	0	0.47
41300	0.47	0.39	0.39	0	0	0.47
41400	0.47	0.39	0.39	0	0	0.47
41500	0.47	0.39	0.39	0	0	0.47
41600	0.47	0.39	0.39	0	0	0.47
41700	0.47	0.39	0.39	0	0	0.47
41800	0.46	0.39	0.39	0	0	0.46
41900	0.46	0.39	0.39	0	0	0.46
42000	0.46	0.39	0.39	0	0	0.46
42100	0.47	0.39	0.39	0	0	0.47
42200	0.47	0.39	0.39	0	0	0.47
42300	0.47	0.39	0.39	0	0	0.47
42400	0.47	0.39	0.39	0	0	0.47
42500	0.47	0.39	0.39	0	0	0.47
42600	0.47	0.4	0.4	0	0	0.47
42700	0.47	0.39	0.39	0	0	0.47
42800	0.47	0.4	0.4	0	0	0.47
42900	0.47	0.4	0.4	0	0	0.47
43000	0.47	0.4	0.4	0	0	0.47
43100	0.47	0.4	0.4	0	0	0.47
43200	0.47	0.4	0.4	0	0	0.47
43300	0.47	0.4	0.4	0	0	0.47
43400	0.47	0.4	0.4	0	0	0.47
43500	0.47	0.4	0.4	0	0	0.47
43600	0.47	0.4	0.4	0	0	0.47
43700	0.47	0.4	0.4	0	0	0.47
43800	0.47	0.4	0.4	0	0	0.47
43900	0.47	0.4	0.4	0	0	0.47
44000	0.47	0.4	0.4	0	0	0.47
44100	0.47	0.39	0.39	0	0	0.47
44200	0.47	0.39	0.39	0	0	0.47
44300	0.47	0.39	0.39	0	0	0.47
44400	0.47	0.4	0.4	0	0	0.47
44500	0.47	0.39	0.39	0	0	0.47
44600	0.47	0.39	0.39	0	0	0.47
44700	0.47	0.39	0.39	0	0	0.47
44800	0.47	0.39	0.39	0	0	0.47
44900	0.47	0.39	0.39	0	0	0.47
45000	0.47	0.39	0.39	0	0	0.47
45100	0.48	0.38	0.38	0	0	0.48
45200	0.48	0.38	0.38	0	0	0.48
45300	0.48	0.38	0.38	0	0	0.48
45400	0.48	0.37	0.37	0	0	0.48
45500	0.48	0.37	0.37	0	0	0.48
45600	0.47	0.37	0.37	0	0	0.47
45700	0.47	0.37	0.37	0	0	0.47
45800	0.47	0.37	0.37	0	0	0.47
45900	0.48	0.36	0.36	0	0	0.48
46000	0.48	0.36	0.36	0	0	0.48
46100	0.48	0.36	0.36	0	0	0.48
46200	0.48	0.36	0.36	0	0	0.48
46300	0.48	0.36	0.36	0	0	0.48
46400	0.47	0.36	0.36	0	0	0.47
46500	0.47	0.36	0.36	0	0	0.47
46600	0.46	0.37	0.37	0	0	0.46
46700	0.46	0.37	0.37	0	0	0.46
46800	0.45	0.37	0.37	0	0	0.45
46900	0.45	0.36	0.36	0	0	0.45
47000	0.45	0.36	0.36	0	0	0.45
47100	0.45	0.36	0.36	0	0	0.45
47200	0.45	0.36	0.36	0	0	0.45
47300	0.45	0.36	0.36	0	0	0.45
47400	0.45	0.36	0.36	0	0	0.45
47500	0.46	0.36	0.36	0	0	0.46
47600	0.45	0.37	0.37	0	0	0.45
47700	0.45	0.37	0.37	0	0	0.45
47800	0.45	0.37	0.37	0	0	0.45
47900	0.45	0.37	0.37	0	0	0.45
48000	0.46	0.37	0.37	0	0	0.46
48100	0.46	0.37	0.37	0	0	0.46
48200	0.46	0.37	0.37	0	0	0.46
48300	0.46	0.38	0.38	0	0	0.46
48400	0.46	0.37	0.37	0	0	0.46
48500	0.46	0.37	0.37	0	0	0.46
48600	0.46	0.38	0.38	0	0	0.46
48700	0.46	0.38	0.38	0	0	0.46
48800	0.46	0.38	0.38	0	0	0.46
48900	0.46	0.38	0.38	0	0	0.46
49000	0.46	0.38	0.38	0	0	0.46
49100	0.46	0.38	0.38	0	0	0.46
49200	0.46	0.39	0.39	0	0	0.46
49300	0.46	0.39	0.39	0	0	0.46
49400	0.46	0.4	0.4	0	0	0.46
49500	0.46	0.41	0.41	0	0	0.46
49600	0.46	0.41	0.41	0	0	0.46
49700	0.46	0.42	0.42	0	0	0.46
49800	0.47	0.42	0.42	0	0	0.47
49900	0.47	0.43	0.43	0	0	0.47
50000	0.47	0.43	0.43	0	0	0.47
50100	0.47	0.44	0.44	0	0	0.47
50200	0.47	0.44	0.44	0	0	0.47
50300	0.47	0.43	0.43	0	0	0.47
50400	0.47	0.43	0.43	0	0	0.47
50500	0.47	0.43	0.43	0	0	0.47
50600	0.47	0.44	0.44	0	0	0.47
50700	0.47	0.42	0.42	0	0	0.47
50800	0.47	0.42	0.42	0	0	0.47
50900	0.47	0.41	0.41	0	0	0.47
51000	0.47	0.4	0.4	0	0	0.47
51100	0.47	0.4	0.4	0	0	0.47
51200	0.47	0.38	0.38	0	0	0.47
51300	0.47	0.38	0.38	0	0	0.47
51400	0.47	0.37	0.37	0	0	0.47
51500	0.47	0.36	0.36	0	0	0.47
51600	0.47	0.35	0.35	0	0	0.47
51700	0.47	0.34	0.34	0	0	0.47
51800	0.47	0.34	0.34	0	0	0.47
51900	0.47	0.33	0.33	0	0	0.47
52000	0.47	0.32	0.32	0	0	0.47
52100	0.48	0.32	0.32	0	0	0.48
52200	0.48	0.32	0.32	0	0	0.48
52300	0.47	0.32	0.32	0	0	0.47
52400	0.47	0.31	0.31	0	0	0.47
52500	0.46	0.31	0.31	0	0	0.46
52600	0.46	0.31	0.31	0	0	0.46
52700	0.45	0.31	0.31	0	0	0.45
52800	0.45	0.31	0.31	0	0	0.45
52900	0.45	0.31	0.31	0	0	0.45
53000	0.45	0.31	0.31	0	0	0.45
53100	0.45	0.31	0.31	0	0	0.45
53200	0.45	0.31	0.31	0	0	0.45
53300	0.44	0.31	0.31	0	0	0.44
53400	0.44	0.31	0.31	0	0	0.44
53500	0.44	0.32	0.32	0	0	0.44
53600	0.45	0.32	0.32	0	0	0.45
53700	0.45	0.33	0.33	0	0	0.45
53800	0.45	0.33	0.33	0	0	0.45
53900	0.46	0.33	0.33	0	0	0.46
54000	0.46	0.33	0.33	0	0	0.46
54100	0.46	0.34	0.34	0	0	0.46
54200	0.46	0.33	0.33	0	0	0.46
54300	0.44	0.33	0.33	0	0	0.44
54400	0.43	0.33	0.33	0	0	0.43
54500	0.43	0.34	0.34	0	0	0.43
54600	0.44	0.34	0.34	0	0	0.44
54700	0.43	0.34	0.34	0	0	0.43
54800	0.43	0.34	0.34	0	0	0.43
54900	0.43	0.34	0.34	0	0	0.43
55000	0.43	0.34	0.34	0	0	0.43
55100	0.43	0.34	0.34	0	0	0.43
55200	0.43	0.34	0.34	0	0	0.43
55300	0.42	0.35	0.35	0	0	0.42
55400	0.41	0.35	0.35	0	0	0.41
55500	0.41	0.35	0.35	0	0	0.41
55600	0.41	0.35	0.35	0	0	0.41
55700	0.41	0.34	0.34	0	0	0.41
55800	0.41	0.34	0.34	0	0	0.41
55900	0.42	0.34	0.34	0	0	0.42
56000	0.41	0.34	0.34	0	0	0.41
56100	0.41	0.34	0.34	0	0	0.41
56200	0.41	0.34	0.34	0	0	0.41
56300	0.42	0.35	0.35	0	0	0.42
56400	0.43	0.35	0.35	0	0	0.43
56500	0.43	0.35	0.35	0	0	0.43
56600	0.43	0.36	0.36	0	0	0.43
56700	0.43	0.36	0.36	0	0	0.43
56800	0.43	0.36	0.36	0	0	0.43
56900	0.43	0.36	0.36	0	0	0.43
57000	0.43	0.36	0.36	0	0	0.43
57100	0.43	0.36	0.36	0	0	0.43
57200	0.44	0.37	0.37	0	0	0.44
57300	0.44	0.37	0.37	0	0	0.44
57400	0.45	0.37	0.37	0	0	0.45
57500	0.45	0.36	0.36	0	0	0.45
57600	0.45	0.36	0.36	0	0	0.45
57700	0.45	0.36	0.36	0	0	0.45
57800	0.45	0.36	0.36	0	0	0.45
57900	0.46	0.36	0.36	0	0	0.46
58000	0.45	0.36	0.36	0	0	0.45
58100	0.44	0.36	0.36	0	0	0.44
58200	0.44	0.36	0.36	0	0	0.44
58300	0.44	0.36	0.36	0	0	0.44
58400	0.44	0.36	0.36	0	0	0.44
58500	0.44	0.36	0.36	0	0	0.44
58600	0.44	0.37	0.37	0	0	0.44
58700	0.45	0.38	0.38	0	0	0.45
58800	0.45	0.39	0.39	0	0	0.45
58900	0.45	0.39	0.39	0	0	0.45
59000	0.45	0.39	0.39	0	0	0.45
59100	0.45	0.39	0.39	0	0	0.45
59200	0.45	0.39	0.39	0	0	0.45
59300	0.45	0.4	0.4	0	0	0.45
59400	0.45	0.39	0.39	0	0	0.45
59500	0.45	0.39	0.39	0	0	0.45
59600	0.45	0.39	0.39	0	0	0.45
59700	0.45	0.39	0.39	0	0	0.45
59800	0.45	0.39	0.39	0	0	0.45
59900	0.45	0.39	0.39	0	0	0.45
60000	0.45	0.39	0.39	0	0	0.45
60100	0.45	0.37	0.37	0	0	0.45
60200	0.45	0.37	0.37	0	0	0.45
60300	0.45	0.36	0.36	0	0	0.45
60400	0.45	0.35	0.35	0	0	0.45
60500	0.45	0.34	0.34	0	0	0.45
60600	0.45	0.34	0.34	0	0	0.45
60700	0.45	0.34	0.34	0	0	0.45
60800	0.47	0.34	0.34	0	0	0.47
60900	0.46	0.34	0.34	0	0	0.46
61000	0.46	0.34	0.34	0	0	0.46
61100	0.45	0.35	0.35	0	0	0.45
61200	0.47	0.36	0.36	0	0	0.47
61300	0.47	0.37	0.37	0	0	0.47
61400	0.47	0.37	0.37	0	0	0.47
61500	0.47	0.37	0.37	0	0	0.47
61600	0.47	0.38	0.38	0	0	0.47
61700	0.47	0.37	0.37	0	0	0.47
61800	0.46	0.37	0.37	0	0	0.46
61900	0.46	0.37	0.37	0	0	0.46
62000	0.46	0.37	0.37	0	0	0.46
62100	0.47	0.37	0.37	0	0	0.47
62200	0.46	0.37	0.37	0	0	0.46
62300	0.46	0.36	0.36	0	0	0.46
62400	0.45	0.35	0.35	0	0	0.45
62500	0.45	0.35	0.35	0	0	0.45
62600	0.45	0.35	0.35	0	0	0.45
62700	0.45	0.35	0.35	0	0	0.45
62800	0.45	0.34	0.34	0	0	0.45
62900	0.45	0.34	0.34	0	0	0.45
63000	0.45	0.34	0.34	0	0	0.45
63100	0.45	0.34	0.34	0	0	0.45
63200	0.45	0.34	0.34	0	0	0.45
63300	0.45	0.35	0.35	0	0	0.45
63400	0.45	0.35	0.35	0	0	0.45
63500	0.45	0.35	0.35	0	0	0.45
63600	0.45	0.35	0.35	0	0	0.45
63700	0.45	0.35	0.35	0	0	0.45
63800	0.45	0.35	0.35	0	0	0.45
63900	0.46	0.35	0.35	0	0	0.46
64000	0.46	0.35	0.35	0	0	0.46
64100	0.46	0.35	0.35	0	0	0.46
64200	0.46	0.35	0.35	0	0	0.46
64300	0.46	0.35	0.35	0	0	0.46
64400	0.46	0.35	0.35	0	0	0.46
64500	0.46	0.34	0.34	0	0	0.46
64600	0.46	0.34	0.34	0	0	0.46
64700	0.47	0.35	0.35	0	0	0.47
64800	0.47	0.35	0.35	0	0	0.47
64900	0.47	0.35	0.35	0	0	0.47
65000	0.47	0.37	0.37	0	0	0.47
65100	0.47	0.37	0.37	0	0	0.47
65200	0.47	0.37	0.37	0	0	0.47
65300	0.47	0.37	0.37	0	0	0.47
65400	0.46	0.37	0.37	0	0	0.46
65500	0.46	0.37	0.37	0	0	0.46
65600	0.45	0.37	0.37	0	0	0.45
65700	0.45	0.37	0.37	0	0	0.45
65800	0.45	0.37	0.37	0	0	0.45
65900	0.45	0.37	0.37	0	0	0.45
66000	0.45	0.37	0.37	0	0	0.45
66100	0.45	0.37	0.37	0	0	0.45
66200	0.45	0.37	0.37	0	0	0.45
66300	0.45	0.37	0.37	0	0	0.45
66400	0.45	0.37	0.37	0	0	0.45
66500	0.45	0.37	0.37	0	0	0.45
66600	0.45	0.38	0.38	0	0	0.45
66700	0.45	0.38	0.38	0	0	0.45
66800	0.45	0.38	0.38	0	0	0.45
66900	0.45	0.38	0.38	0	0	0.45
67000	0.45	0.38	0.38	0	0	0.45
67100	0.46	0.38	0.38	0	0	0.46
67200	0.46	0.38	0.38	0	0	0.46
67300	0.46	0.38	0.38	0	0	0.46
67400	0.46	0.38	0.38	0	0	0.46
67500	0.46	0.38	0.38	0	0	0.46
67600	0.46	0.38	0.38	0	0	0.46
67700	0.46	0.38	0.38	0	0	0.46
67800	0.45	0.39	0.39	0	0	0.45
67900	0.45	0.39	0.39	0	0	0.45
68000	0.45	0.39	0.39	0	0	0.45
68100	0.45	0.39	0.39	0	0	0.45
68200	0.45	0.38	0.38	0	0	0.45
68300	0.45	0.38	0.38	0	0	0.45
68400	0.45	0.38	0.38	0	0	0.45
68500	0.45	0.38	0.38	0	0	0.45
68600	0.45	0.38	0.38	0	0	0.45
68700	0.45	0.38	0.38	0	0	0.45
68800	0.45	0.38	0.38	0	0	0.45
68900	0.45	0.38	0.38	0	0	0.45
69000	0.46	0.38	0.38	0	0	0.46
69100	0.45	0.38	0.38	0	0	0.45
69200	0.45	0.38	0.38	0	0	0.45
69300	0.45	0.38	0.38	0	0	0.45
69400	0.45	0.38	0.38	0	0	0.45
69500	0.45	0.37	0.37	0	0	0.45
69600	0.45	0.37	0.37	0	0	0.45
69700	0.45	0.37	0.37	0	0	0.45
69800	0.45	0.37	0.37	0	0	0.45
69900	0.45	0.37	0.37	0	0	0.45
70000	0.45	0.37	0.37	0	0	0.45
70100	0.45	0.37	0.37	0	0	0.45
70200	0.45	0.37	0.37	0	0	0.45
70300	0.45	0.37	0.37	0	0	0.45
70400	0.45	0.38	0.38	0	0	0.45
70500	0.45	0.38	0.38	0	0	0.45
70600	0.45	0.38	0.38	0	0	0.45
70700	0.45	0.38	0.38	0	0	0.45
70800	0.45	0.38	0.38	0	0	0.45
70900	0.45	0.38	0.38	0	0	0.45
71000	0.45	0.38	0.38	0	0	0.45
71100	0.45	0.38	0.38	0	0	0.45
71200	0.45	0.38	0.38	0	0	0.45
71300	0.45	0.38	0.38	0	0	0.45
71400	0.45	0.38	0.38	0	0	0.45
71500	0.45	0.38	0.38	0	0	0.45
71600	0.45	0.38	0.38	0	0	0.45
71700	0.45	0.38	0.38	0	0	0.45
71800	0.45	0.38	0.38	0	0	0.45
71900	0.45	0.38	0.38	0	0	0.45
72000	0.45	0.38	0.38	0	0	0.45
72100	0.46	0.38	0.38	0	0	0.46
72200	0.46	0.38	0.38	0	0	0.46
72300	0.46	0.38	0.38	0	0	0.46
72400	0.45	0.38	0.38	0	0	0.45
72500	0.45	0.37	0.37	0	0	0.45
72600	0.45	0.37	0.37	0	0	0.45
72700	0.48	0.37	0.37	0	0	0.48
72800	0.48	0.38	0.38	0	0	0.48
72900	0.48	0.38	0.38	0	0	0.48
73000	0.48	0.38	0.38	0	0	0.48
73100	0.48	0.38	0.38	0	0	0.48
73200	0.48	0.39	0.39	0	0	0.48
73300	0.48	0.39	0.39	0	0	0.48
73400	0.48	0.39	0.39	0	0	0.48
73500	0.48	0.39	0.39	0	0	0.48
73600	0.48	0.38	0.38	0	0	0.48
73700	0.48	0.38	0.38	0	0	0.48
73800	0.49	0.38	0.38	0	0	0.49
73900	0.49	0.36	0.36	0	0	0.49
74000	0.49	0.36	0.36	0	0	0.49
74100	0.49	0.36	0.36	0	0	0.49
74200	0.48	0.36	0.36	0	0	0.48
74300	0.48	0.35	0.35	0	0	0.48
74400	0.49	0.35	0.35	0	0	0.49
74500	0.5	0.35	0.35	0	0	0.5
74600	0.51	0.35	0.35	0	0	0.51
74700	0.51	0.35	0.35	0	0	0.51
74800	0.51	0.35	0.35	0	0	0.51
74900	0.5	0.35	0.35	0	0	0.5
75000	0.5	0.35	0.35	0	0	0.5
75100	0.51	0.35	0.35	0	0	0.51
75200	0.51	0.35	0.35	0	0	0.51
75300	0.51	0.35	0.35	0	0	0.51
75400	0.51	0.35	0.35	0	0	0.51
75500	0.51	0.35	0.35	0	0	0.51
75600	0.51	0.35	0.35	0	0	0.51
75700	0.51	0.36	0.36	0	0	0.51
75800	0.51	0.37	0.37	0	0	0.51
75900	0.51	0.36	0.36	0	0	0.51
76000	0.51	0.36	0.36	0	0	0.51
76100	0.51	0.36	0.36	0	0	0.51
76200	0.51	0.36	0.36	0	0	0.51
76300	0.51	0.36	0.36	0	0	0.51
76400	0.51	0.36	0.36	0	0	0.51
76500	0.51	0.36	0.36	0	0	0.51
76600	0.51	0.36	0.36	0	0	0.51
76700	0.51	0.36	0.36	0	0	0.51
76800	0.51	0.36	0.36	0	0	0.51
76900	0.51	0.36	0.36	0	0	0.51
77000	0.51	0.36	0.36	0	0	0.51
77100	0.51	0.36	0.36	0	0	0.51
77200	0.51	0.36	0.36	0	0	0.51
77300	0.51	0.36	0.36	0	0	0.51
77400	0.51	0.37	0.37	0	0	0.51
77500	0.52	0.37	0.37	0	0	0.52
77600	0.52	0.37	0.37	0	0	0.52
77700	0.52	0.37	0.37	0	0	0.52
77800	0.52	0.37	0.37	0	0	0.52
77900	0.52	0.38	0.38	0	0	0.52
78000	0.51	0.38	0.38	0	0	0.51
78100	0.51	0.38	0.38	0	0	0.51
78200	0.51	0.38	0.38	0	0	0.51
78300	0.51	0.39	0.39	0	0	0.51
78400	0.51	0.39	0.39	0	0	0.51
78500	0.51	0.39	0.39	0	0	0.51
78600	0.51	0.39	0.39	0	0	0.51
78700	0.51	0.39	0.39	0	0	0.51
78800	0.51	0.39	0.39	0	0	0.51
78900	0.51	0.39	0.39	0	0	0.51
79000	0.51	0.39	0.39	0	0	0.51
79100	0.51	0.38	0.38	0	0	0.51
79200	0.51	0.38	0.38	0	0	0.51
79300	0.51	0.37	0.37	0	0	0.51
79400	0.5	0.37	0.37	0	0	0.5
79500	0.5	0.37	0.37	0	0	0.5
79600	0.5	0.37	0.37	0	0	0.5
79700	0.5	0.37	0.37	0	0	0.5
79800	0.5	0.37	0.37	0	0	0.5
79900	0.5	0.37	0.37	0	0	0.5
80000	0.5	0.37	0.37	0	0	0.5
80100	0.5	0.37	0.37	0	0	0.5
80200	0.5	0.37	0.37	0	0	0.5
80300	0.5	0.37	0.37	0	0	0.5
80400	0.49	0.37	0.37	0	0	0.49
80500	0.49	0.37	0.37	0	0	0.49
80600	0.48	0.37	0.37	0	0	0.48
80700	0.48	0.37	0.37	0	0	0.48
80800	0.48	0.37	0.37	0	0	0.48
80900	0.48	0.37	0.37	0	0	0.48
81000	0.48	0.37	0.37	0	0	0.48
81100	0.47	0.37	0.37	0	0	0.47
81200	0.47	0.37	0.37	0	0	0.47
81300	0.47	0.35	0.35	0	0	0.47
81400	0.47	0.35	0.35	0	0	0.47
81500	0.47	0.35	0.35	0	0	0.47
81600	0.48	0.35	0.35	0	0	0.48
81700	0.47	0.35	0.35	0	0	0.47
81800	0.47	0.35	0.35	0	0	0.47
81900	0.47	0.35	0.35	0	0	0.47
82000	0.47	0.35	0.35	0	0	0.47
82100	0.48	0.35	0.35	0	0	0.48
82200	0.49	0.36	0.36	0	0	0.49
82300	0.47	0.36	0.36	0	0	0.47
82400	0.47	0.36	0.36	0	0	0.47
82500	0.47	0.36	0.36	0	0	0.47
82600	0.47	0.36	0.36	0	0	0.47
82700	0.47	0.37	0.37	0	0	0.47
82800	0.47	0.37	0.37	0	0	0.47
82900	0.47	0.37	0.37	0	0	0.47
83000	0.47	0.37	0.37	0	0	0.47
83100	0.48	0.37	0.37	0	0	0.48
83200	0.48	0.37	0.37	0	0	0.48
83300	0.48	0.37	0.37	0	0	0.48
83400	0.48	0.37	0.37	0	0	0.48
83500	0.48	0.37	0.37	0	0	0.48
83600	0.48	0.37	0.37	0	0	0.48
83700	0.49	0.37	0.37	0	0	0.49
83800	0.49	0.37	0.37	0	0	0.49
83900	0.49	0.37	0.37	0	0	0.49
84000	0.48	0.37	0.37	0	0	0.48
84100	0.48	0.37	0.37	0	0	0.48
84200	0.48	0.37	0.37	0	0	0.48
84300	0.48	0.37	0.37	0	0	0.48
84400	0.48	0.37	0.37	0	0	0.48
84500	0.48	0.37	0.37	0	0	0.48
84600	0.48	0.37	0.37	0	0	0.48
84700	0.48	0.37	0.37	0	0	0.48
84800	0.48	0.37	0.37	0	0	0.48
84900	0.48	0.37	0.37	0	0	0.48
85000	0.48	0.37	0.37	0	0	0.48
85100	0.48	0.37	0.37	0	0	0.48
85200	0.48	0.37	0.37	0	0	0.48
85300	0.47	0.37	0.37	0	0	0.47
85400	0.47	0.37	0.37	0	0	0.47
85500	0.47	0.37	0.37	0	0	0.47
85600	0.47	0.37	0.37	0	0	0.47
85700	0.47	0.37	0.37	0	0	0.47
85800	0.47	0.37	0.37	0	0	0.47
85900	0.47	0.37	0.37	0	0	0.47
86000	0.47	0.37	0.37	0	0	0.47
86100	0.48	0.37	0.37	0	0	0.48
86200	0.47	0.37	0.37	0	0	0.47
86300	0.47	0.37	0.37	0	0	0.47
86400	0.47	0.37	0.37	0	0	0.47
86500	0.47	0.37	0.37	0	0	0.47
86600	0.47	0.37	0.37	0	0	0.47
86700	0.47	0.36	0.36	0	0	0.47
86800	0.47	0.36	0.36	0	0	0.47
86900	0.47	0.36	0.36	0	0	0.47
87000	0.47	0.36	0.36	0	0	0.47
87100	0.47	0.36	0.36	0	0	0.47
87200	0.47	0.36	0.36	0	0	0.47
87300	0.47	0.36	0.36	0	0	0.47
87400	0.47	0.36	0.36	0	0	0.47
87500	0.47	0.36	0.36	0	0	0.47
87600	0.47	0.36	0.36	0	0	0.47
87700	0.47	0.35	0.35	0	0	0.47
87800	0.48	0.35	0.35	0	0	0.48
87900	0.48	0.35	0.35	0	0	0.48
88000	0.48	0.35	0.35	0	0	0.48
88100	0.48	0.35	0.35	0	0	0.48
88200	0.49	0.35	0.35	0	0	0.49
88300	0.49	0.35	0.35	0	0	0.49
88400	0.49	0.35	0.35	0	0	0.49
88500	0.49	0.36	0.36	0	0	0.49
88600	0.49	0.37	0.37	0	0	0.49
88700	0.48	0.37	0.37	0	0	0.48
88800	0.48	0.38	0.38	0	0	0.48
88900	0.48	0.36	0.36	0	0	0.48
89000	0.48	0.36	0.36	0	0	0.48
89100	0.48	0.37	0.37	0	0	0.48
89200	0.48	0.37	0.37	0	0	0.48
89300	0.48	0.37	0.37	0	0	0.48
89400	0.48	0.37	0.37	0	0	0.48
89500	0.48	0.37	0.37	0	0	0.48
89600	0.48	0.37	0.37	0	0	0.48
89700	0.48	0.37	0.37	0	0	0.48
89800	0.48	0.37	0.37	0	0	0.48
89900	0.48	0.37	0.37	0	0	0.48
90000	0.48	0.37	0.37	0	0	0.48
90100	0.48	0.37	0.37	0	0	0.48
90200	0.48	0.37	0.37	0	0	0.48
90300	0.49	0.37	0.37	0	0	0.49
90400	0.5	0.37	0.37	0	0	0.5
90500	0.5	0.37	0.37	0	0	0.5
90600	0.5	0.37	0.37	0	0	0.5
90700	0.5	0.37	0.37	0	0	0.5
90800	0.5	0.37	0.37	0	0	0.5
90900	0.51	0.37	0.37	0	0	0.51
91000	0.51	0.37	0.37	0	0	0.51
91100	0.51	0.37	0.37	0	0	0.51
91200	0.51	0.37	0.37	0	0	0.51
91300	0.51	0.36	0.36	0	0	0.51
91400	0.51	0.36	0.36	0	0	0.51
91500	0.51	0.36	0.36	0	0	0.51
91600	0.51	0.36	0.36	0	0	0.51
91700	0.51	0.36	0.36	0	0	0.51
91800	0.51	0.37	0.37	0	0	0.51
91900	0.51	0.37	0.37	0	0	0.51
92000	0.51	0.37	0.37	0	0	0.51
92100	0.51	0.38	0.38	0	0	0.51
92200	0.51	0.38	0.38	0	0	0.51
92300	0.51	0.39	0.39	0	0	0.51
92400	0.51	0.39	0.39	0	0	0.51
92500	0.51	0.39	0.39	0	0	0.51
92600	0.51	0.39	0.39	0	0	0.51
92700	0.51	0.39	0.39	0	0	0.51
92800	0.52	0.39	0.39	0	0	0.52
92900	0.52	0.39	0.39	0	0	0.52
93000	0.52	0.39	0.39	0	0	0.52
93100	0.52	0.39	0.39	0	0	0.52
93200	0.52	0.39	0.39	0	0	0.52
93300	0.52	0.39	0.39	0	0	0.52
93400	0.52	0.4	0.4	0	0	0.52
93500	0.52	0.4	0.4	0	0	0.52
93600	0.52	0.4	0.4	0	0	0.52
93700	0.52	0.4	0.4	0	0	0.52
93800	0.52	0.4	0.4	0	0	0.52
93900	0.52	0.4	0.4	0	0	0.52
94000	0.52	0.4	0.4	0	0	0.52
94100	0.52	0.4	0.4	0	0	0.52
94200	0.52	0.4	0.4	0	0	0.52
94300	0.52	0.4	0.4	0	0	0.52
94400	0.53	0.4	0.4	0	0	0.53
94500	0.53	0.4	0.4	0	0	0.53
94600	0.53	0.4	0.4	0	0	0.53
94700	0.53	0.4	0.4	0	0	0.53
94800	0.53	0.4	0.4	0	0	0.53
94900	0.53	0.4	0.4	0	0	0.53
95000	0.53	0.4	0.4	0	0	0.53
95100	0.53	0.4	0.4	0	0	0.53
95200	0.53	0.4	0.4	0	0	0.53
95300	0.53	0.4	0.4	0	0	0.53
95400	0.53	0.4	0.4	0	0	0.53
95500	0.53	0.4	0.4	0	0	0.53
95600	0.53	0.4	0.4	0	0	0.53
95700	0.53	0.4	0.4	0	0	0.53
95800	0.53	0.4	0.4	0	0	0.53
95900	0.53	0.4	0.4	0	0	0.53
96000	0.53	0.4	0.4	0	0	0.53
96100	0.53	0.4	0.4	0	0	0.53
96200	0.53	0.4	0.4	0	0	0.53
96300	0.53	0.4	0.4	0	0	0.53
96400	0.53	0.4	0.4	0	0	0.53
96500	0.53	0.4	0.4	0	0	0.53
96600	0.53	0.4	0.4	0	0	0.53
96700	0.53	0.4	0.4	0	0	0.53
96800	0.53	0.4	0.4	0	0	0.53
96900	0.53	0.4	0.4	0	0	0.53
97000	0.53	0.4	0.4	0	0	0.53
97100	0.52	0.4	0.4	0	0	0.52
97200	0.52	0.39	0.39	0	0	0.52
97300	0.52	0.39	0.39	0	0	0.52
97400	0.52	0.39	0.39	0	0	0.52
97500	0.52	0.39	0.39	0	0	0.52
97600	0.52	0.39	0.39	0	0	0.52
97700	0.52	0.39	0.39	0	0	0.52
97800	0.52	0.38	0.38	0	0	0.52
97900	0.52	0.38	0.38	0	0	0.52
98000	0.52	0.38	0.38	0	0	0.52
98100	0.52	0.38	0.38	0	0	0.52
98200	0.52	0.38	0.38	0	0	0.52
98300	0.52	0.38	0.38	0	0	0.52
98400	0.52	0.38	0.38	0	0	0.52
98500	0.52	0.38	0.38	0	0	0.52
98600	0.52	0.38	0.38	0	0	0.52
98700	0.52	0.38	0.38	0	0	0.52
98800	0.52	0.38	0.38	0	0	0.52
98900	0.52	0.38	0.38	0	0	0.52
99000	0.52	0.38	0.38	0	0	0.52
99100	0.52	0.38	0.38	0	0	0.52
99200	0.52	0.38	0.38	0	0	0.52
99300	0.52	0.38	0.38	0	0	0.52
99400	0.52	0.38	0.38	0	0	0.52
99500	0.52	0.38	0.38	0	0	0.52
99600	0.52	0.38	0.38	0	0	0.52
99700	0.52	0.38	0.38	0	0	0.52
99800	0.52	0.38	0.38	0	0	0.52
99900	0.52	0.38	0.38	0	0	0.52
100000	0.52	0.38	0.38	0	0	0.52
100100	0.52	0.39	0.39	0	0	0.52
100200	0.52	0.37	0.37	0	0	0.52
100300	0.52	0.37	0.37	0	0	0.52
100400	0.52	0.37	0.37	0	0	0.52
100500	0.52	0.37	0.37	0	0	0.52
100600	0.51	0.37	0.37	0	0	0.51
100700	0.51	0.37	0.37	0	0	0.51
100800	0.51	0.37	0.37	0	0	0.51
100900	0.51	0.37	0.37	0	0	0.51
101000	0.51	0.37	0.37	0	0	0.51
101100	0.51	0.37	0.37	0	0	0.51
101200	0.51	0.37	0.37	0	0	0.51
101300	0.51	0.37	0.37	0	0	0.51
101400	0.51	0.37	0.37	0	0	0.51
101500	0.51	0.37	0.37	0	0	0.51
101600	0.51	0.37	0.37	0	0	0.51
101700	0.51	0.37	0.37	0	0	0.51
101800	0.51	0.37	0.37	0	0	0.51
101900	0.51	0.37	0.37	0	0	0.51
102000	0.51	0.37	0.37	0	0	0.51
102100	0.51	0.37	0.37	0	0	0.51
102200	0.51	0.37	0.37	0	0	0.51
102300	0.51	0.37	0.37	0	0	0.51
102400	0.51	0.37	0.37	0	0	0.51
102500	0.51	0.37	0.37	0	0	0.51
102600	0.51	0.37	0.37	0	0	0.51
102700	0.51	0.37	0.37	0	0	0.51
102800	0.51	0.37	0.37	0	0	0.51
102900	0.51	0.37	0.37	0	0	0.51
103000	0.51	0.37	0.37	0	0	0.51
103100	0.51	0.37	0.37	0	0	0.51
103200	0.51	0.37	0.37	0	0	0.51
103300	0.51	0.37	0.37	0	0	0.51
103400	0.5	0.37	0.37	0	0	0.5
103500	0.5	0.37	0.37	0	0	0.5
103600	0.5	0.37	0.37	0	0	0.5
103700	0.5	0.37	0.37	0	0	0.5
103800	0.5	0.36	0.36	0	0	0.5
103900	0.5	0.36	0.36	0	0	0.5
104000	0.5	0.36	0.36	0	0	0.5
104100	0.5	0.36	0.36	0	0	0.5
104200	0.5	0.36	0.36	0	0	0.5
104300	0.5	0.36	0.36	0	0	0.5
104400	0.5	0.36	0.36	0	0	0.5
104500	0.5	0.36	0.36	0	0	0.5
104600	0.5	0.36	0.36	0	0	0.5
104700	0.5	0.36	0.36	0	0	0.5
104800	0.5	0.36	0.36	0	0	0.5
104900	0.5	0.36	0.36	0	0	0.5
105000	0.5	0.36	0.36	0	0	0.5
105100	0.5	0.36	0.36	0	0	0.5
105200	0.5	0.36	0.36	0	0	0.5
105300	0.5	0.36	0.36	0	0	0.5
105400	0.5	0.36	0.36	0	0	0.5
105500	0.5	0.36	0.36	0	0	0.5
105600	0.5	0.36	0.36	0	0	0.5
105700	0.5	0.36	0.36	0	0	0.5
105800	0.5	0.36	0.36	0	0	0.5
105900	0.5	0.36	0.36	0	0	0.5
106000	0.5	0.36	0.36	0	0	0.5
106100	0.5	0.36	0.36	0	0	0.5
106200	0.5	0.36	0.36	0	0	0.5
106300	0.5	0.36	0.36	0	0	0.5
106400	0.5	0.36	0.36	0	0	0.5
106500	0.5	0.36	0.36	0	0	0.5
106600	0.5	0.36	0.36	0	0	0.5
106700	0.5	0.36	0.36	0	0	0.5
106800	0.5	0.36	0.36	0	0	0.5
106900	0.5	0.36	0.36	0	0	0.5
107000	0.5	0.36	0.36	0	0	0.5
107100	0.5	0.36	0.36	0	0	0.5
107200	0.5	0.36	0.36	0	0	0.5
107300	0.5	0.37	0.37	0	0	0.5
107400	0.5	0.37	0.37	0	0	0.5
107500	0.5	0.37	0.37	0	0	0.5
107600	0.5	0.36	0.36	0	0	0.5
107700	0.5	0.38	0.38	0	0	0.5
107800	0.51	0.37	0.37	0	0	0.51
107900	0.51	0.37	0.37	0	0	0.51
108000	0.51	0.37	0.37	0	0	0.51
108100	0.51	0.37	0.37	0	0	0.51
108200	0.5	0.36	0.36	0	0	0.5
108300	0.5	0.36	0.36	0	0	0.5
108400	0.51	0.36	0.36	0	0	0.51
108500	0.51	0.36	0.36	0	0	0.51
108600	0.51	0.36	0.36	0	0	0.51
108700	0.51	0.36	0.36	0	0	0.51
108800	0.51	0.36	0.36	0	0	0.51
108900	0.51	0.36	0.36	0	0	0.51
109000	0.51	0.36	0.36	0	0	0.51
109100	0.5	0.36	0.36	0	0	0.5
109200	0.51	0.36	0.36	0	0	0.51
109300	0.51	0.36	0.36	0	0	0.51
109400	0.51	0.37	0.37	0	0	0.51
109500	0.51	0.37	0.37	0	0	0.51
109600	0.51	0.37	0.37	0	0	0.51
109700	0.51	0.37	0.37	0	0	0.51
109800	0.51	0.37	0.37	0	0	0.51
109900	0.51	0.37	0.37	0	0	0.51
110000	0.51	0.37	0.37	0	0	0.51
110100	0.51	0.37	0.37	0	0	0.51
110200	0.51	0.37	0.37	0	0	0.51
110300	0.51	0.37	0.37	0	0	0.51
110400	0.51	0.37	0.37	0	0	0.51
110500	0.51	0.37	0.37	0	0	0.51
110600	0.51	0.37	0.37	0	0	0.51
110700	0.51	0.37	0.37	0	0	0.51
110800	0.51	0.37	0.37	0	0	0.51
110900	0.51	0.37	0.37	0	0	0.51
111000	0.51	0.37	0.37	0	0	0.51
111100	0.51	0.37	0.37	0	0	0.51
111200	0.51	0.37	0.37	0	0	0.51
111300	0.51	0.37	0.37	0	0	0.51
111400	0.51	0.37	0.37	0	0	0.51
111500	0.51	0.37	0.37	0	0	0.51
111600	0.51	0.37	0.37	0	0	0.51
111700	0.51	0.37	0.37	0	0	0.51
111800	0.51	0.37	0.37	0	0	0.51
111900	0.51	0.37	0.37	0	0	0.51
112000	0.51	0.37	0.37	0	0	0.51
112100	0.51	0.38	0.38	0	0	0.51
112200	0.51	0.38	0.38	0	0	0.51
112300	0.51	0.38	0.38	0	0	0.51
112400	0.51	0.38	0.38	0	0	0.51
112500	0.5	0.38	0.38	0	0	0.5
112600	0.5	0.38	0.38	0	0	0.5
112700	0.5	0.38	0.38	0	0	0.5
112800	0.5	0.38	0.38	0	0	0.5
112900	0.51	0.38	0.38	0	0	0.51
113000	0.51	0.38	0.38	0	0	0.51
113100	0.51	0.38	0.38	0	0	0.51
113200	0.51	0.39	0.39	0	0	0.51
113300	0.51	0.39	0.39	0	0	0.51
113400	0.51	0.39	0.39	0	0	0.51
113500	0.51	0.39	0.39	0	0	0.51
113600	0.51	0.39	0.39	0	0	0.51
113700	0.51	0.39	0.39	0	0	0.51
113800	0.51	0.39	0.39	0	0	0.51
113900	0.51	0.39	0.39	0	0	0.51
114000	0.51	0.39	0.39	0	0	0.51
114100	0.51	0.39	0.39	0	0	0.51
114200	0.5	0.39	0.39	0	0	0.5
114300	0.5	0.39	0.39	0	0	0.5
114400	0.5	0.39	0.39	0	0	0.5
114500	0.5	0.39	0.39	0	0	0.5
114600	0.5	0.39	0.39	0	0	0.5
114700	0.5	0.39	0.39	0	0	0.5
114800	0.5	0.38	0.38	0	0	0.5
114900	0.5	0.38	0.38	0	0	0.5
115000	0.5	0.38	0.38	0	0	0.5
115100	0.5	0.38	0.38	0	0	0.5
115200	0.5	0.37	0.37	0	0	0.5
115300	0.5	0.37	0.37	0	0	0.5
115400	0.5	0.37	0.37	0	0	0.5
115500	0.5	0.37	0.37	0	0	0.5
115600	0.5	0.37	0.37	0	0	0.5
115700	0.5	0.37	0.37	0	0	0.5
115800	0.5	0.37	0.37	0	0	0.5
115900	0.5	0.37	0.37	0	0	0.5
116000	0.5	0.37	0.37	0	0	0.5
116100	0.5	0.37	0.37	0	0	0.5
116200	0.5	0.37	0.37	0	0	0.5
116300	0.5	0.37	0.37	0	0	0.5
116400	0.5	0.37	0.37	0	0	0.5
116500	0.5	0.37	0.37	0	0	0.5
116600	0.49	0.37	0.37	0	0	0.49
116700	0.49	0.37	0.37	0	0	0.49
116800	0.49	0.37	0.37	0	0	0.49
116900	0.49	0.37	0.37	0	0	0.49
117000	0.49	0.37	0.37	0	0	0.49
117100	0.49	0.38	0.38	0	0	0.49
117200	0.49	0.38	0.38	0	0	0.49
117300	0.49	0.39	0.39	0	0	0.49
117400	0.49	0.39	0.39	0	0	0.49
117500	0.49	0.39	0.39	0	0	0.49
117600	0.49	0.39	0.39	0	0	0.49
117700	0.49	0.39	0.39	0	0	0.49
117800	0.49	0.39	0.39	0	0	0.49
117900	0.49	0.39	0.39	0	0	0.49
118000	0.49	0.38	0.38	0	0	0.49
118100	0.49	0.38	0.38	0	0	0.49
118200	0.49	0.38	0.38	0	0	0.49
118300	0.49	0.38	0.38	0	0	0.49
118400	0.49	0.38	0.38	0	0	0.49
118500	0.49	0.38	0.38	0	0	0.49
118600	0.49	0.38	0.38	0	0	0.49
118700	0.49	0.38	0.38	0	0	0.49
118800	0.49	0.38	0.38	0	0	0.49
118900	0.49	0.38	0.38	0	0	0.49
119000	0.49	0.38	0.38	0	0	0.49
119100	0.49	0.39	0.39	0	0	0.49
119200	0.49	0.39	0.39	0	0	0.49
119300	0.49	0.39	0.39	0	0	0.49
119400	0.49	0.39	0.39	0	0	0.49
119500	0.49	0.39	0.39	0	0	0.49
119600	0.49	0.39	0.39	0	0	0.49
119700	0.49	0.39	0.39	0	0	0.49
119800	0.49	0.39	0.39	0	0	0.49
119900	0.49	0.39	0.39	0	0	0.49
120000	0.49	0.39	0.39	0	0	0.49
120100	0.49	0.39	0.39	0	0	0.49
120200	0.49	0.39	0.39	0	0	0.49
120300	0.49	0.39	0.39	0	0	0.49
120400	0.48	0.4	0.4	0	0	0.48
120500	0.48	0.39	0.39	0	0	0.48
120600	0.47	0.39	0.39	0	0	0.47
120700	0.47	0.39	0.39	0	0	0.47
120800	0.47	0.39	0.39	0	0	0.47
120900	0.47	0.39	0.39	0	0	0.47
121000	0.47	0.39	0.39	0	0	0.47
121100	0.47	0.39	0.39	0	0	0.47
121200	0.47	0.39	0.39	0	0	0.47
121300	0.47	0.39	0.39	0	0	0.47
121400	0.47	0.39	0.39	0	0	0.47
121500	0.47	0.39	0.39	0	0	0.47
121600	0.47	0.39	0.39	0	0	0.47
121700	0.47	0.39	0.39	0	0	0.47
121800	0.47	0.39	0.39	0	0	0.47
121900	0.47	0.39	0.39	0	0	0.47
122000	0.47	0.39	0.39	0	0	0.47
122100	0.48	0.39	0.39	0	0	0.48
122200	0.48	0.39	0.39	0	0	0.48
122300	0.48	0.39	0.39	0	0	0.48
122400	0.48	0.39	0.39	0	0	0.48
122500	0.48	0.39	0.39	0	0	0.48
122600	0.48	0.39	0.39	0	0	0.48
122700	0.48	0.38	0.38	0	0	0.48
122800	0.48	0.39	0.39	0	0	0.48
122900	0.48	0.38	0.38	0	0	0.48
123000	0.48	0.38	0.38	0	0	0.48
123100	0.48	0.38	0.38	0	0	0.48
123200	0.48	0.38	0.38	0	0	0.48
123300	0.48	0.38	0.38	0	0	0.48
123400	0.48	0.38	0.38	0	0	0.48
123500	0.48	0.38	0.38	0	0	0.48
123600	0.48	0.38	0.38	0	0	0.48
123700	0.48	0.39	0.39	0	0	0.48
123800	0.48	0.39	0.39	0	0	0.48
123900	0.48	0.4	0.4	0	0	0.48
124000	0.48	0.4	0.4	0	0	0.48
124100	0.48	0.4	0.4	0	0	0.48
124200	0.48	0.4	0.4	0	0	0.48
124300	0.48	0.4	0.4	0	0	0.48
124400	0.5	0.4	0.4	0	0	0.5
124500	0.49	0.4	0.4	0	0	0.49
124600	0.49	0.4	0.4	0	0	0.49
124700	0.49	0.39	0.39	0	0	0.49
124800	0.5	0.39	0.39	0	0	0.5
124900	0.5	0.4	0.4	0	0	0.5
125000	0.5	0.4	0.4	0	0	0.5
125100	0.5	0.4	0.4	0	0	0.5
125200	0.49	0.4	0.4	0	0	0.49
125300	0.49	0.4	0.4	0	0	0.49
125400	0.49	0.4	0.4	0	0	0.49
125500	0.49	0.4	0.4	0	0	0.49
125600	0.49	0.4	0.4	0	0	0.49
125700	0.49	0.39	0.39	0	0	0.49
125800	0.49	0.39	0.39	0	0	0.49
125900	0.49	0.39	0.39	0	0	0.49
126000	0.49	0.39	0.39	0	0	0.49
126100	0.49	0.39	0.39	0	0	0.49
126200	0.5	0.39	0.39	0	0	0.5
126300	0.5	0.39	0.39	0	0	0.5
126400	0.5	0.39	0.39	0	0	0.5
126500	0.5	0.39	0.39	0	0	0.5
126600	0.5	0.39	0.39	0	0	0.5
126700	0.5	0.39	0.39	0	0	0.5
126800	0.5	0.39	0.39	0	0	0.5
126900	0.5	0.39	0.39	0	0	0.5
127000	0.5	0.39	0.39	0	0	0.5
127100	0.5	0.39	0.39	0	0	0.5
127200	0.5	0.39	0.39	0	0	0.5
127300	0.5	0.39	0.39	0	0	0.5
127400	0.5	0.39	0.39	0	0	0.5
127500	0.5	0.39	0.39	0	0	0.5
127600	0.5	0.39	0.39	0	0	0.5
127700	0.5	0.39	0.39	0	0	0.5
127800	0.51	0.39	0.39	0	0	0.51
127900	0.51	0.39	0.39	0	0	0.51
128000	0.51	0.39	0.39	0	0	0.51
128100	0.51	0.39	0.39	0	0	0.51
128200	0.5	0.39	0.39	0	0	0.5
128300	0.5	0.4	0.4	0	0	0.5
128400	0.5	0.4	0.4	0	0	0.5
128500	0.5	0.41	0.41	0	0	0.5
128600	0.5	0.4	0.4	0	0	0.5
128700	0.5	0.4	0.4	0	0	0.5
128800	0.5	0.4	0.4	0	0	0.5
128900	0.5	0.4	0.4	0	0	0.5
129000	0.5	0.4	0.4	0	0	0.5
129100	0.5	0.4	0.4	0	0	0.5
129200	0.5	0.4	0.4	0	0	0.5
129300	0.5	0.4	0.4	0	0	0.5
129400	0.5	0.4	0.4	0	0	0.5
129500	0.5	0.4	0.4	0	0	0.5
129600	0.5	0.4	0.4	0	0	0.5
129700	0.5	0.4	0.4	0	0	0.5
129800	0.5	0.4	0.4	0	0	0.5
129900	0.5	0.4	0.4	0	0	0.5
130000	0.5	0.4	0.4	0	0	0.5
130100	0.5	0.4	0.4	0	0	0.5
130200	0.5	0.4	0.4	0	0	0.5
130300	0.5	0.4	0.4	0	0	0.5
130400	0.5	0.4	0.4	0	0	0.5
130500	0.5	0.41	0.41	0	0	0.5
130600	0.5	0.41	0.41	0	0	0.5
130700	0.5	0.41	0.41	0	0	0.5
130800	0.5	0.41	0.41	0	0	0.5
130900	0.5	0.41	0.41	0	0	0.5
131000	0.5	0.4	0.4	0	0	0.5
131100	0.5	0.4	0.4	0	0	0.5
131200	0.5	0.4	0.4	0	0	0.5
131300	0.5	0.4	0.4	0	0	0.5
131400	0.5	0.4	0.4	0	0	0.5
131500	0.5	0.4	0.4	0	0	0.5
131600	0.5	0.4	0.4	0	0	0.5
131700	0.5	0.4	0.4	0	0	0.5
131800	0.5	0.4	0.4	0	0	0.5
131900	0.5	0.4	0.4	0	0	0.5
132000	0.5	0.4	0.4	0	0	0.5
132100	0.5	0.4	0.4	0	0	0.5
132200	0.51	0.4	0.4	0	0	0.51
132300	0.52	0.4	0.4	0	0	0.52
132400	0.51	0.4	0.4	0	0	0.51
132500	0.51	0.4	0.4	0	0	0.51
132600	0.51	0.4	0.4	0	0	0.51
132700	0.51	0.4	0.4	0	0	0.51
132800	0.52	0.4	0.4	0	0	0.52
132900	0.52	0.39	0.39	0	0	0.52
133000	0.52	0.39	0.39	0	0	0.52
133100	0.52	0.39	0.39	0	0	0.52
133200	0.52	0.39	0.39	0	0	0.52
133300	0.52	0.39	0.39	0	0	0.52
133400	0.52	0.39	0.39	0	0	0.52
133500	0.52	0.39	0.39	0	0	0.52
133600	0.51	0.39	0.39	0	0	0.51
133700	0.51	0.39	0.39	0	0	0.51
133800	0.51	0.39	0.39	0	0	0.51
133900	0.52	0.39	0.39	0	0	0.52
134000	0.52	0.39	0.39	0	0	0.52
134100	0.51	0.39	0.39	0	0	0.51
134200	0.51	0.39	0.39	0	0	0.51
134300	0.51	0.39	0.39	0	0	0.51
134400	0.51	0.39	0.39	0	0	0.51
134500	0.51	0.39	0.39	0	0	0.51
134600	0.51	0.39	0.39	0	0	0.51
134700	0.51	0.39	0.39	0	0	0.51
134800	0.51	0.39	0.39	0	0	0.51
134900	0.51	0.39	0.39	0	0	0.51
135000	0.51	0.39	0.39	0	0	0.51
135100	0.51	0.39	0.39	0	0	0.51
135200	0.52	0.39	0.39	0	0	0.52
135300	0.52	0.39	0.39	0	0	0.52
135400	0.52	0.39	0.39	0	0	0.52
135500	0.52	0.39	0.39	0	0	0.52
135600	0.52	0.39	0.39	0	0	0.52
135700	0.53	0.39	0.39	0	0	0.53
135800	0.52	0.39	0.39	0	0	0.52
135900	0.52	0.39	0.39	0	0	0.52
136000	0.52	0.39	0.39	0	0	0.52
136100	0.52	0.39	0.39	0	0	0.52
136200	0.52	0.39	0.39	0	0	0.52
136300	0.52	0.4	0.4	0	0	0.52
136400	0.52	0.4	0.4	0	0	0.52
136500	0.52	0.4	0.4	0	0	0.52
136600	0.52	0.4	0.4	0	0	0.52
136700	0.52	0.4	0.4	0	0	0.52
136800	0.52	0.4	0.4	0	0	0.52
136900	0.52	0.4	0.4	0	0	0.52
137000	0.52	0.4	0.4	0	0	0.52
137100	0.52	0.4	0.4	0	0	0.52
137200	0.52	0.4	0.4	0	0	0.52
137300	0.52	0.4	0.4	0	0	0.52
137400	0.52	0.4	0.4	0	0	0.52
137500	0.51	0.4	0.4	0	0	0.51
137600	0.51	0.4	0.4	0	0	0.51
137700	0.51	0.4	0.4	0	0	0.51
137800	0.51	0.4	0.4	0	0	0.51
137900	0.51	0.4	0.4	0	0	0.51
138000	0.51	0.4	0.4	0	0	0.51
138100	0.51	0.4	0.4	0	0	0.51
138200	0.51	0.4	0.4	0	0	0.51
138300	0.51	0.4	0.4	0	0	0.51
138400	0.51	0.4	0.4	0	0	0.51
138500	0.51	0.4	0.4	0	0	0.51
138600	0.51	0.4	0.4	0	0	0.51
138700	0.51	0.39	0.39	0	0	0.51
138800	0.51	0.39	0.39	0	0	0.51
138900	0.51	0.39	0.39	0	0	0.51
139000	0.51	0.39	0.39	0	0	0.51
139100	0.51	0.39	0.39	0	0	0.51
139200	0.51	0.39	0.39	0	0	0.51
139300	0.51	0.39	0.39	0	0	0.51
139400	0.51	0.39	0.39	0	0	0.51
139500	0.51	0.39	0.39	0	0	0.51
139600	0.51	0.39	0.39	0	0	0.51
139700	0.51	0.39	0.39	0	0	0.51
139800	0.51	0.39	0.39	0	0	0.51
139900	0.51	0.39	0.39	0	0	0.51
140000	0.51	0.39	0.39	0	0	0.51
140100	0.51	0.39	0.39	0	0	0.51
140200	0.51	0.38	0.38	0	0	0.51
140300	0.51	0.39	0.39	0	0	0.51
140400	0.51	0.39	0.39	0	0	0.51
140500	0.51	0.39	0.39	0	0	0.51
140600	0.51	0.39	0.39	0	0	0.51
140700	0.51	0.39	0.39	0	0	0.51
140800	0.51	0.39	0.39	0	0	0.51
140900	0.51	0.39	0.39	0	0	0.51
141000	0.51	0.38	0.38	0	0	0.51
141100	0.51	0.38	0.38	0	0	0.51
141200	0.51	0.38	0.38	0	0	0.51
141300	0.51	0.38	0.38	0	0	0.51
141400	0.51	0.38	0.38	0	0	0.51
141500	0.51	0.38	0.38	0	0	0.51
141600	0.51	0.38	0.38	0	0	0.51
141700	0.51	0.38	0.38	0	0	0.51
141800	0.51	0.38	0.38	0	0	0.51
141900	0.51	0.38	0.38	0	0	0.51
142000	0.51	0.38	0.38	0	0	0.51
142100	0.51	0.38	0.38	0	0	0.51
142200	0.51	0.38	0.38	0	0	0.51
142300	0.51	0.38	0.38	0	0	0.51
142400	0.51	0.38	0.38	0	0	0.51
142500	0.51	0.38	0.38	0	0	0.51
142600	0.51	0.38	0.38	0	0	0.51
142700	0.51	0.38	0.38	0	0	0.51
142800	0.51	0.38	0.38	0	0	0.51
142900	0.51	0.38	0.38	0	0	0.51
143000	0.51	0.38	0.38	0	0	0.51
143100	0.51	0.38	0.38	0	0	0.51
143200	0.51	0.38	0.38	0	0	0.51
143300	0.51	0.38	0.38	0	0	0.51
143400	0.51	0.38	0.38	0	0	0.51
143500	0.51	0.38	0.38	0	0	0.51
143600	0.51	0.38	0.38	0	0	0.51
143700	0.51	0.38	0.38	0	0	0.51
143800	0.51	0.38	0.38	0	0	0.51
143900	0.51	0.38	0.38	0	0	0.51
144000	0.51	0.38	0.38	0	0	0.51
144100	0.51	0.38	0.38	0	0	0.51
144200	0.51	0.38	0.38	0	0	0.51
144300	0.51	0.38	0.38	0	0	0.51
144400	0.51	0.38	0.38	0	0	0.51
144500	0.51	0.38	0.38	0	0	0.51
144600	0.51	0.38	0.38	0	0	0.51
144700	0.51	0.38	0.38	0	0	0.51
144800	0.51	0.38	0.38	0	0	0.51
144900	0.51	0.38	0.38	0	0	0.51
145000	0.51	0.39	0.39	0	0	0.51
145100	0.51	0.39	0.39	0	0	0.51
145200	0.52	0.39	0.39	0	0	0.52
145300	0.52	0.39	0.39	0	0	0.52
145400	0.52	0.39	0.39	0	0	0.52
145500	0.52	0.39	0.39	0	0	0.52
145600	0.52	0.39	0.39	0	0	0.52
145700	0.52	0.39	0.39	0	0	0.52
145800	0.52	0.39	0.39	0	0	0.52
145900	0.52	0.39	0.39	0	0	0.52
146000	0.52	0.39	0.39	0	0	0.52
146100	0.52	0.39	0.39	0	0	0.52
146200	0.52	0.39	0.39	0	0	0.52
146300	0.51	0.39	0.39	0	0	0.51
146400	0.51	0.39	0.39	0	0	0.51
146500	0.51	0.39	0.39	0	0	0.51
146600	0.51	0.39	0.39	0	0	0.51
146700	0.51	0.39	0.39	0	0	0.51
146800	0.51	0.39	0.39	0	0	0.51
146900	0.51	0.39	0.39	0	0	0.51
147000	0.51	0.39	0.39	0	0	0.51
147100	0.51	0.39	0.39	0	0	0.51
147200	0.51	0.39	0.39	0	0	0.51
147300	0.51	0.39	0.39	0	0	0.51
147400	0.51	0.39	0.39	0	0	0.51
147500	0.51	0.39	0.39	0	0	0.51
147600	0.51	0.39	0.39	0	0	0.51
147700	0.52	0.39	0.39	0	0	0.52
147800	0.52	0.39	0.39	0	0	0.52
147900	0.52	0.39	0.39	0	0	0.52
148000	0.52	0.39	0.39	0	0	0.52
148100	0.52	0.39	0.39	0	0	0.52
148200	0.52	0.39	0.39	0	0	0.52
148300	0.51	0.39	0.39	0	0	0.51
148400	0.51	0.39	0.39	0	0	0.51
148500	0.51	0.39	0.39	0	0	0.51
148600	0.51	0.39	0.39	0	0	0.51
148700	0.51	0.39	0.39	0	0	0.51
148800	0.51	0.39	0.39	0	0	0.51
148900	0.51	0.39	0.39	0	0	0.51
149000	0.51	0.39	0.39	0	0	0.51
149100	0.51	0.39	0.39	0	0	0.51
149200	0.51	0.39	0.39	0	0	0.51
149300	0.51	0.39	0.39	0	0	0.51
149400	0.51	0.39	0.39	0	0	0.51
149500	0.51	0.39	0.39	0	0	0.51
149600	0.51	0.39	0.39	0	0	0.51
149700	0.51	0.39	0.39	0	0	0.51
149800	0.51	0.39	0.39	0	0	0.51
149900	0.52	0.39	0.39	0	0	0.52
150000	0.52	0.39	0.39	0	0	0.52
150100	0.52	0.39	0.39	0	0	0.52
150200	0.52	0.39	0.39	0	0	0.52
150300	0.52	0.39	0.39	0	0	0.52
150400	0.52	0.38	0.38	0	0	0.52
150500	0.52	0.38	0.38	0	0	0.52
150600	0.52	0.38	0.38	0	0	0.52
150700	0.52	0.37	0.37	0	0	0.52
150800	0.53	0.37	0.37	0	0	0.53
150900	0.53	0.37	0.37	0	0	0.53
151000	0.53	0.37	0.37	0	0	0.53
151100	0.52	0.37	0.37	0	0	0.52
151200	0.52	0.37	0.37	0	0	0.52
151300	0.52	0.37	0.37	0	0	0.52
151400	0.52	0.36	0.36	0	0	0.52
151500	0.52	0.36	0.36	0	0	0.52
151600	0.52	0.36	0.36	0	0	0.52
151700	0.52	0.36	0.36	0	0	0.52
151800	0.52	0.36	0.36	0	0	0.52
151900	0.52	0.36	0.36	0	0	0.52
152000	0.52	0.36	0.36	0	0	0.52
152100	0.52	0.37	0.37	0	0	0.52
152200	0.52	0.37	0.37	0	0	0.52
152300	0.51	0.37	0.37	0	0	0.51
152400	0.51	0.37	0.37	0	0	0.51
152500	0.51	0.37	0.37	0	0	0.51
152600	0.51	0.37	0.37	0	0	0.51
152700	0.5	0.37	0.37	0	0	0.5
152800	0.5	0.37	0.37	0	0	0.5
152900	0.5	0.37	0.37	0	0	0.5
153000	0.5	0.37	0.37	0	0	0.5
153100	0.5	0.37	0.37	0	0	0.5
153200	0.5	0.37	0.37	0	0	0.5
153300	0.5	0.37	0.37	0	0	0.5
153400	0.5	0.37	0.37	0	0	0.5
153500	0.5	0.37	0.37	0	0	0.5
153600	0.5	0.37	0.37	0	0	0.5
153700	0.49	0.36	0.36	0	0	0.49
153800	0.49	0.36	0.36	0	0	0.49
153900	0.49	0.36	0.36	0	0	0.49
154000	0.49	0.36	0.36	0	0	0.49
154100	0.49	0.36	0.36	0	0	0.49
154200	0.49	0.36	0.36	0	0	0.49
154300	0.49	0.36	0.36	0	0	0.49
154400	0.49	0.36	0.36	0	0	0.49
154500	0.49	0.36	0.36	0	0	0.49
154600	0.49	0.36	0.36	0	0	0.49
154700	0.49	0.36	0.36	0	0	0.49
154800	0.49	0.36	0.36	0	0	0.49
154900	0.49	0.36	0.36	0	0	0.49
155000	0.49	0.36	0.36	0	0	0.49
155100	0.49	0.36	0.36	0	0	0.49
155200	0.49	0.36	0.36	0	0	0.49
155300	0.49	0.36	0.36	0	0	0.49
155400	0.49	0.37	0.37	0	0	0.49
155500	0.49	0.37	0.37	0	0	0.49
155600	0.49	0.37	0.37	0	0	0.49
155700	0.49	0.37	0.37	0	0	0.49
155800	0.49	0.37	0.37	0	0	0.49
155900	0.49	0.37	0.37	0	0	0.49
156000	0.49	0.37	0.37	0	0	0.49
156100	0.49	0.37	0.37	0	0	0.49
156200	0.49	0.37	0.37	0	0	0.49
156300	0.49	0.37	0.37	0	0	0.49
156400	0.49	0.37	0.37	0	0	0.49
156500	0.49	0.37	0.37	0	0	0.49
156600	0.49	0.38	0.38	0	0	0.49
156700	0.49	0.39	0.39	0	0	0.49
156800	0.5	0.38	0.38	0	0	0.5
156900	0.5	0.38	0.38	0	0	0.5
157000	0.5	0.38	0.38	0	0	0.5
157100	0.5	0.38	0.38	0	0	0.5
157200	0.5	0.38	0.38	0	0	0.5
157300	0.49	0.38	0.38	0	0	0.49
157400	0.49	0.36	0.36	0	0	0.49
157500	0.49	0.36	0.36	0	0	0.49
157600	0.49	0.36	0.36	0	0	0.49
157700	0.49	0.36	0.36	0	0	0.49
157800	0.49	0.36	0.36	0	0	0.49
157900	0.49	0.35	0.35	0	0	0.49
158000	0.49	0.35	0.35	0	0	0.49
158100	0.49	0.35	0.35	0	0	0.49
158200	0.49	0.35	0.35	0	0	0.49
158300	0.49	0.35	0.35	0	0	0.49
158400	0.49	0.35	0.35	0	0	0.49
158500	0.49	0.35	0.35	0	0	0.49
158600	0.5	0.35	0.35	0	0	0.5
158700	0.49	0.35	0.35	0	0	0.49
158800	0.49	0.35	0.35	0	0	0.49
158900	0.49	0.35	0.35	0	0	0.49
159000	0.49	0.35	0.35	0	0	0.49
159100	0.49	0.36	0.36	0	0	0.49
159200	0.49	0.36	0.36	0	0	0.49
159300	0.49	0.36	0.36	0	0	0.49
159400	0.5	0.36	0.36	0	0	0.5
159500	0.5	0.36	0.36	0	0	0.5
159600	0.5	0.36	0.36	0	0	0.5
159700	0.5	0.36	0.36	0	0	0.5
159800	0.5	0.36	0.36	0	0	0.5
159900	0.51	0.36	0.36	0	0	0.51
160000	0.51	0.36	0.36	0	0	0.51
160100	0.51	0.36	0.36	0	0	0.51
160200	0.51	0.36	0.36	0	0	0.51
160300	0.51	0.36	0.36	0	0	0.51
160400	0.52	0.37	0.37	0	0	0.52
160500	0.52	0.37	0.37	0	0	0.52
160600	0.52	0.37	0.37	0	0	0.52
160700	0.52	0.37	0.37	0	0	0.52
160800	0.52	0.37	0.37	0	0	0.52
160900	0.52	0.38	0.38	0	0	0.52
161000	0.52	0.37	0.37	0	0	0.52
161100	0.52	0.38	0.38	0	0	0.52
161200	0.52	0.38	0.38	0	0	0.52
161300	0.52	0.38	0.38	0	0	0.52
161400	0.52	0.38	0.38	0	0	0.52
161500	0.52	0.37	0.37	0	0	0.52
161600	0.52	0.37	0.37	0	0	0.52
161700	0.52	0.37	0.37	0	0	0.52
161800	0.52	0.37	0.37	0	0	0.52
161900	0.52	0.37	0.37	0	0	0.52
162000	0.52	0.37	0.37	0	0	0.52
162100	0.52	0.37	0.37	0	0	0.52
162200	0.52	0.37	0.37	0	0	0.52
162300	0.52	0.37	0.37	0	0	0.52
162400	0.52	0.37	0.37	0	0	0.52
162500	0.52	0.37	0.37	0	0	0.52
162600	0.52	0.37	0.37	0	0	0.52
162700	0.52	0.36	0.36	0	0	0.52
162800	0.53	0.36	0.36	0	0	0.53
162900	0.53	0.36	0.36	0	0	0.53
163000	0.53	0.36	0.36	0	0	0.53
163100	0.53	0.36	0.36	0	0	0.53
163200	0.53	0.36	0.36	0	0	0.53
163300	0.53	0.36	0.36	0	0	0.53
163400	0.53	0.36	0.36	0	0	0.53
163500	0.53	0.36	0.36	0	0	0.53
163600	0.53	0.36	0.36	0	0	0.53
163700	0.53	0.36	0.36	0	0	0.53
163800	0.53	0.36	0.36	0	0	0.53
163900	0.53	0.36	0.36	0	0	0.53
164000	0.53	0.37	0.37	0	0	0.53
164100	0.53	0.36	0.36	0	0	0.53
164200	0.54	0.36	0.36	0	0	0.54
164300	0.54	0.36	0.36	0	0	0.54
164400	0.54	0.36	0.36	0	0	0.54
164500	0.53	0.36	0.36	0	0	0.53
164600	0.53	0.36	0.36	0	0	0.53
164700	0.53	0.36	0.36	0	0	0.53
164800	0.53	0.36	0.36	0	0	0.53
164900	0.53	0.36	0.36	0	0	0.53
165000	0.53	0.36	0.36	0	0	0.53
165100	0.53	0.36	0.36	0	0	0.53
165200	0.54	0.36	0.36	0	0	0.54
165300	0.54	0.36	0.36	0	0	0.54
165400	0.54	0.36	0.36	0	0	0.54
165500	0.54	0.36	0.36	0	0	0.54
165600	0.54	0.36	0.36	0	0	0.54
165700	0.54	0.36	0.36	0	0	0.54
165800	0.54	0.36	0.36	0	0	0.54
165900	0.54	0.36	0.36	0	0	0.54
166000	0.54	0.36	0.36	0	0	0.54
166100	0.54	0.36	0.36	0	0	0.54
166200	0.54	0.36	0.36	0	0	0.54
166300	0.54	0.36	0.36	0	0	0.54
166400	0.54	0.36	0.36	0	0	0.54
166500	0.54	0.37	0.37	0	0	0.54
166600	0.54	0.37	0.37	0	0	0.54
166700	0.54	0.37	0.37	0	0	0.54
166800	0.54	0.37	0.37	0	0	0.54
166900	0.54	0.36	0.36	0	0	0.54
167000	0.54	0.36	0.36	0	0	0.54
167100	0.54	0.35	0.35	0	0	0.54
167200	0.54	0.35	0.35	0	0	0.54
167300	0.54	0.36	0.36	0	0	0.54
167400	0.54	0.36	0.36	0	0	0.54
167500	0.54	0.36	0.36	0	0	0.54
167600	0.54	0.36	0.36	0	0	0.54
167700	0.54	0.36	0.36	0	0	0.54
167800	0.54	0.36	0.36	0	0	0.54
167900	0.54	0.36	0.36	0	0	0.54
168000	0.54	0.36	0.36	0	0	0.54
168100	0.54	0.37	0.37	0	0	0.54
168200	0.54	0.37	0.37	0	0	0.54
168300	0.54	0.37	0.37	0	0	0.54
168400	0.54	0.37	0.37	0	0	0.54
168500	0.55	0.37	0.37	0	0	0.55
168600	0.54	0.38	0.38	0	0	0.54
168700	0.54	0.38	0.38	0	0	0.54
168800	0.54	0.38	0.38	0	0	0.54
168900	0.54	0.38	0.38	0	0	0.54
169000	0.54	0.38	0.38	0	0	0.54
169100	0.55	0.38	0.38	0	0	0.55
169200	0.55	0.38	0.38	0	0	0.55
169300	0.55	0.38	0.38	0	0	0.55
169400	0.55	0.38	0.38	0	0	0.55
169500	0.55	0.38	0.38	0	0	0.55
169600	0.55	0.38	0.38	0	0	0.55
169700	0.55	0.38	0.38	0	0	0.55
169800	0.55	0.38	0.38	0	0	0.55
169900	0.55	0.38	0.38	0	0	0.55
170000	0.55	0.39	0.39	0	0	0.55
170100	0.55	0.38	0.38	0	0	0.55
170200	0.55	0.38	0.38	0	0	0.55
170300	0.55	0.38	0.38	0	0	0.55
170400	0.55	0.38	0.38	0	0	0.55
170500	0.55	0.38	0.38	0	0	0.55
170600	0.55	0.39	0.39	0	0	0.55
170700	0.55	0.38	0.38	0	0	0.55
170800	0.55	0.37	0.37	0	0	0.55
170900	0.55	0.37	0.37	0	0	0.55
171000	0.55	0.37	0.37	0	0	0.55
171100	0.55	0.37	0.37	0	0	0.55
171200	0.55	0.37	0.37	0	0	0.55
171300	0.55	0.37	0.37	0	0	0.55
171400	0.55	0.37	0.37	0	0	0.55
171500	0.55	0.37	0.37	0	0	0.55
171600	0.55	0.37	0.37	0	0	0.55
171700	0.55	0.37	0.37	0	0	0.55
171800	0.55	0.37	0.37	0	0	0.55
171900	0.55	0.37	0.37	0	0	0.55
172000	0.55	0.37	0.37	0	0	0.55
172100	0.55	0.37	0.37	0	0	0.55
172200	0.55	0.37	0.37	0	0	0.55
172300	0.55	0.37	0.37	0	0	0.55
172400	0.55	0.37	0.37	0	0	0.55
172500	0.55	0.37	0.37	0	0	0.55
172600	0.55	0.37	0.37	0	0	0.55
172700	0.55	0.36	0.36	0	0	0.55
172800	0.55	0.36	0.36	0	0	0.55
172900	0.55	0.36	0.36	0	0	0.55
173000	0.55	0.36	0.36	0	0	0.55
173100	0.55	0.36	0.36	0	0	0.55
173200	0.55	0.36	0.36	0	0	0.55
173300	0.55	0.36	0.36	0	0	0.55
173400	0.55	0.36	0.36	0	0	0.55
173500	0.55	0.36	0.36	0	0	0.55
173600	0.55	0.36	0.36	0	0	0.55
173700	0.55	0.36	0.36	0	0	0.55
173800	0.55	0.36	0.36	0	0	0.55
173900	0.55	0.36	0.36	0	0	0.55
174000	0.55	0.36	0.36	0	0	0.55
174100	0.55	0.36	0.36	0	0	0.55
174200	0.55	0.36	0.36	0	0	0.55
174300	0.55	0.36	0.36	0	0	0.55
174400	0.55	0.36	0.36	0	0	0.55
174500	0.55	0.36	0.36	0	0	0.55
174600	0.55	0.36	0.36	0	0	0.55
174700	0.55	0.36	0.36	0	0	0.55
174800	0.55	0.36	0.36	0	0	0.55
174900	0.55	0.36	0.36	0	0	0.55
175000	0.55	0.36	0.36	0	0	0.55
175100	0.55	0.36	0.36	0	0	0.55
175200	0.55	0.37	0.37	0	0	0.55
175300	0.55	0.37	0.37	0	0	0.55
175400	0.55	0.37	0.37	0	0	0.55
175500	0.55	0.37	0.37	0	0	0.55
175600	0.55	0.37	0.37	0	0	0.55
175700	0.56	0.37	0.37	0	0	0.56
175800	0.56	0.37	0.37	0	0	0.56
175900	0.56	0.37	0.37	0	0	0.56
176000	0.56	0.37	0.37	0	0	0.56
176100	0.56	0.37	0.37	0	0	0.56
176200	0.57	0.37	0.37	0	0	0.57
176300	0.57	0.37	0.37	0	0	0.57
176400	0.57	0.38	0.38	0	0	0.57
176500	0.57	0.38	0.38	0	0	0.57
176600	0.57	0.38	0.38	0	0	0.57
176700	0.57	0.38	0.38	0	0	0.57
176800	0.57	0.38	0.38	0	0	0.57
176900	0.57	0.38	0.38	0	0	0.57
177000	0.57	0.37	0.37	0	0	0.57
177100	0.57	0.37	0.37	0	0	0.57
177200	0.57	0.37	0.37	0	0	0.57
177300	0.57	0.37	0.37	0	0	0.57
177400	0.57	0.37	0.37	0	0	0.57
177500	0.57	0.37	0.37	0	0	0.57
177600	0.57	0.37	0.37	0	0	0.57
177700	0.57	0.37	0.37	0	0	0.57
177800	0.57	0.37	0.37	0	0	0.57
177900	0.57	0.37	0.37	0	0	0.57
178000	0.57	0.38	0.38	0	0	0.57
178100	0.57	0.38	0.38	0	0	0.57
178200	0.57	0.38	0.38	0	0	0.57
178300	0.57	0.38	0.38	0	0	0.57
178400	0.57	0.38	0.38	0	0	0.57
178500	0.57	0.38	0.38	0	0	0.57
178600	0.57	0.38	0.38	0	0	0.57
178700	0.57	0.38	0.38	0	0	0.57
178800	0.57	0.38	0.38	0	0	0.57
178900	0.57	0.39	0.39	0	0	0.57
179000	0.57	0.39	0.39	0	0	0.57
179100	0.57	0.39	0.39	0	0	0.57
179200	0.57	0.39	0.39	0	0	0.57
179300	0.57	0.39	0.39	0	0	0.57
179400	0.57	0.39	0.39	0	0	0.57
179500	0.57	0.39	0.39	0	0	0.57
179600	0.57	0.39	0.39	0	0	0.57
179700	0.57	0.39	0.39	0	0	0.57
179800	0.57	0.39	0.39	0	0	0.57
179900	0.57	0.39	0.39	0	0	0.57
180000	0.57	0.39	0.39	0	0	0.57
180100	0.57	0.39	0.39	0	0	0.57
180200	0.57	0.39	0.39	0	0	0.57
180300	0.57	0.39	0.39	0	0	0.57
180400	0.56	0.39	0.39	0	0	0.56
180500	0.56	0.39	0.39	0	0	0.56
180600	0.56	0.39	0.39	0	0	0.56
180700	0.56	0.39	0.39	0	0	0.56
180800	0.56	0.39	0.39	0	0	0.56
180900	0.56	0.39	0.39	0	0	0.56
181000	0.56	0.39	0.39	0	0	0.56
181100	0.56	0.39	0.39	0	0	0.56
181200	0.56	0.39	0.39	0	0	0.56
181300	0.56	0.39	0.39	0	0	0.56
181400	0.56	0.39	0.39	0	0	0.56
181500	0.56	0.39	0.39	0	0	0.56
181600	0.56	0.39	0.39	0	0	0.56
181700	0.56	0.39	0.39	0	0	0.56
181800	0.56	0.39	0.39	0	0	0.56
181900	0.56	0.39	0.39	0	0	0.56
182000	0.56	0.39	0.39	0	0	0.56
182100	0.56	0.39	0.39	0	0	0.56
182200	0.56	0.39	0.39	0	0	0.56
182300	0.56	0.39	0.39	0	0	0.56
182400	0.56	0.39	0.39	0	0	0.56
182500	0.55	0.39	0.39	0	0	0.55
182600	0.55	0.39	0.39	0	0	0.55
182700	0.55	0.38	0.38	0	0	0.55
182800	0.55	0.38	0.38	0	0	0.55
182900	0.55	0.37	0.37	0	0	0.55
183000	0.55	0.37	0.37	0	0	0.55
183100	0.55	0.37	0.37	0	0	0.55
183200	0.55	0.37	0.37	0	0	0.55
183300	0.55	0.37	0.37	0	0	0.55
183400	0.54	0.37	0.37	0	0	0.54
183500	0.54	0.38	0.38	0	0	0.54
183600	0.54	0.38	0.38	0	0	0.54
183700	0.54	0.38	0.38	0	0	0.54
183800	0.54	0.38	0.38	0	0	0.54
183900	0.54	0.38	0.38	0	0	0.54
184000	0.54	0.39	0.39	0	0	0.54
184100	0.54	0.39	0.39	0	0	0.54
184200	0.54	0.39	0.39	0	0	0.54
184300	0.54	0.38	0.38	0	0	0.54
184400	0.54	0.38	0.38	0	0	0.54
184500	0.54	0.38	0.38	0	0	0.54
184600	0.54	0.38	0.38	0	0	0.54
184700	0.54	0.38	0.38	0	0	0.54
184800	0.54	0.38	0.38	0	0	0.54
184900	0.54	0.38	0.38	0	0	0.54
185000	0.54	0.38	0.38	0	0	0.54
185100	0.54	0.38	0.38	0	0	0.54
185200	0.54	0.38	0.38	0	0	0.54
185300	0.54	0.38	0.38	0	0	0.54
185400	0.54	0.4	0.4	0	0	0.54
185500	0.54	0.39	0.39	0	0	0.54
185600	0.54	0.39	0.39	0	0	0.54
185700	0.54	0.39	0.39	0	0	0.54
185800	0.54	0.39	0.39	0	0	0.54
185900	0.54	0.39	0.39	0	0	0.54
186000	0.54	0.39	0.39	0	0	0.54
186100	0.53	0.4	0.4	0	0	0.53
186200	0.53	0.39	0.39	0	0	0.53
186300	0.53	0.39	0.39	0	0	0.53
186400	0.53	0.39	0.39	0	0	0.53
186500	0.53	0.39	0.39	0	0	0.53
186600	0.53	0.39	0.39	0	0	0.53
186700	0.53	0.39	0.39	0	0	0.53
186800	0.53	0.39	0.39	0	0	0.53
186900	0.53	0.39	0.39	0	0	0.53
187000	0.53	0.39	0.39	0	0	0.53
187100	0.53	0.39	0.39	0	0	0.53
187200	0.53	0.4	0.4	0	0	0.53
187300	0.52	0.4	0.4	0	0	0.52
187400	0.52	0.4	0.4	0	0	0.52
187500	0.52	0.4	0.4	0	0	0.52
187600	0.52	0.4	0.4	0	0	0.52
187700	0.52	0.4	0.4	0	0	0.52
187800	0.52	0.4	0.4	0	0	0.52
187900	0.52	0.4	0.4	0	0	0.52
188000	0.52	0.4	0.4	0	0	0.52
188100	0.52	0.4	0.4	0	0	0.52
188200	0.52	0.4	0.4	0	0	0.52
188300	0.52	0.41	0.41	0	0	0.52
188400	0.52	0.41	0.41	0	0	0.52
188500	0.52	0.41	0.41	0	0	0.52
188600	0.52	0.41	0.41	0	0	0.52
188700	0.52	0.41	0.41	0	0	0.52
188800	0.52	0.41	0.41	0	0	0.52
188900	0.52	0.41	0.41	0	0	0.52
189000	0.52	0.41	0.41	0	0	0.52
189100	0.52	0.41	0.41	0	0	0.52
189200	0.52	0.41	0.41	0	0	0.52
189300	0.52	0.41	0.41	0	0	0.52
189400	0.52	0.41	0.41	0	0	0.52
189500	0.52	0.41	0.41	0	0	0.52
189600	0.52	0.41	0.41	0	0	0.52
189700	0.52	0.41	0.41	0	0	0.52
189800	0.52	0.41	0.41	0	0	0.52
189900	0.52	0.41	0.41	0	0	0.52
190000	0.52	0.41	0.41	0	0	0.52
190100	0.52	0.41	0.41	0	0	0.52
190200	0.52	0.41	0.41	0	0	0.52
190300	0.52	0.41	0.41	0	0	0.52
190400	0.52	0.41	0.41	0	0	0.52
190500	0.52	0.41	0.41	0	0	0.52
190600	0.52	0.41	0.41	0	0	0.52
190700	0.52	0.41	0.41	0	0	0.52
190800	0.52	0.41	0.41	0	0	0.52
190900	0.52	0.41	0.41	0	0	0.52
191000	0.52	0.41	0.41	0	0	0.52
191100	0.52	0.41	0.41	0	0	0.52
191200	0.52	0.41	0.41	0	0	0.52
191300	0.52	0.41	0.41	0	0	0.52
191400	0.52	0.41	0.41	0	0	0.52
191500	0.52	0.41	0.41	0	0	0.52
191600	0.52	0.41	0.41	0	0	0.52
191700	0.52	0.41	0.41	0	0	0.52
191800	0.52	0.41	0.41	0	0	0.52
191900	0.52	0.41	0.41	0	0	0.52
192000	0.53	0.4	0.4	0	0	0.53
192100	0.53	0.4	0.4	0	0	0.53
192200	0.53	0.4	0.4	0	0	0.53
192300	0.53	0.4	0.4	0	0	0.53
192400	0.53	0.4	0.4	0	0	0.53
192500	0.53	0.4	0.4	0	0	0.53
192600	0.53	0.4	0.4	0	0	0.53
192700	0.53	0.4	0.4	0	0	0.53
192800	0.53	0.4	0.4	0	0	0.53
192900	0.53	0.4	0.4	0	0	0.53
193000	0.53	0.4	0.4	0	0	0.53
193100	0.53	0.4	0.4	0	0	0.53
193200	0.53	0.4	0.4	0	0	0.53
193300	0.53	0.4	0.4	0	0	0.53
193400	0.53	0.4	0.4	0	0	0.53
193500	0.53	0.4	0.4	0	0	0.53
193600	0.53	0.4	0.4	0	0	0.53
193700	0.53	0.4	0.4	0	0	0.53
193800	0.53	0.4	0.4	0	0	0.53
193900	0.53	0.4	0.4	0	0	0.53
194000	0.53	0.4	0.4	0	0	0.53
194100	0.53	0.4	0.4	0	0	0.53
194200	0.53	0.4	0.4	0	0	0.53
194300	0.53	0.4	0.4	0	0	0.53
194400	0.53	0.4	0.4	0	0	0.53
194500	0.53	0.4	0.4	0	0	0.53
194600	0.53	0.4	0.4	0	0	0.53
194700	0.53	0.4	0.4	0	0	0.53
194800	0.53	0.4	0.4	0	0	0.53
194900	0.53	0.4	0.4	0	0	0.53
195000	0.53	0.4	0.4	0	0	0.53
195100	0.53	0.4	0.4	0	0	0.53
195200	0.53	0.4	0.4	0	0	0.53
195300	0.53	0.4	0.4	0	0	0.53
195400	0.53	0.4	0.4	0	0	0.53
195500	0.53	0.4	0.4	0	0	0.53
195600	0.53	0.4	0.4	0	0	0.53
195700	0.53	0.4	0.4	0	0	0.53
195800	0.53	0.4	0.4	0	0	0.53
195900	0.53	0.4	0.4	0	0	0.53
196000	0.53	0.4	0.4	0	0	0.53
196100	0.53	0.4	0.4	0	0	0.53
196200	0.53	0.4	0.4	0	0	0.53
196300	0.53	0.4	0.4	0	0	0.53
196400	0.53	0.4	0.4	0	0	0.53
196500	0.53	0.4	0.4	0	0	0.53
196600	0.53	0.4	0.4	0	0	0.53
196700	0.53	0.4	0.4	0	0	0.53
196800	0.53	0.4	0.4	0	0	0.53
196900	0.53	0.4	0.4	0	0	0.53
197000	0.53	0.4	0.4	0	0	0.53
197100	0.53	0.4	0.4	0	0	0.53
197200	0.53	0.4	0.4	0	0	0.53
197300	0.53	0.4	0.4	0	0	0.53
197400	0.53	0.4	0.4	0	0	0.53
197500	0.53	0.4	0.4	0	0	0.53
197600	0.53	0.4	0.4	0	0	0.53
197700	0.53	0.4	0.4	0	0	0.53
197800	0.53	0.4	0.4	0	0	0.53
197900	0.53	0.4	0.4	0	0	0.53
198000	0.53	0.4	0.4	0	0	0.53
198100	0.53	0.4	0.4	0	0	0.53
198200	0.53	0.4	0.4	0	0	0.53
198300	0.53	0.4	0.4	0	0	0.53
198400	0.53	0.4	0.4	0	0	0.53
198500	0.54	0.4	0.4	0	0	0.54
198600	0.54	0.4	0.4	0	0	0.54
198700	0.54	0.4	0.4	0	0	0.54
198800	0.54	0.4	0.4	0	0	0.54
198900	0.54	0.4	0.4	0	0	0.54
199000	0.54	0.4	0.4	0	0	0.54
199100	0.54	0.4	0.4	0	0	0.54
199200	0.54	0.4	0.4	0	0	0.54
199300	0.54	0.4	0.4	0	0	0.54
199400	0.54	0.4	0.4	0	0	0.54
199500	0.54	0.4	0.4	0	0	0.54
199600	0.54	0.4	0.4	0	0	0.54
199700	0.54	0.4	0.4	0	0	0.54
199800	0.54	0.4	0.4	0	0	0.54
199900	0.54	0.4	0.4	0	0	0.54
200000	0.54	0.4	0.4	0	0	0.54
200100	0.54	0.4	0.4	0	0	0.54
200200	0.54	0.4	0.4	0	0	0.54
200300	0.54	0.4	0.4	0	0	0.54
200400	0.54	0.4	0.4	0	0	0.54
200500	0.54	0.4	0.4	0	0	0.54
200600	0.54	0.4	0.4	0	0	0.54
200700	0.54	0.4	0.4	0	0	0.54
200800	0.54	0.4	0.4	0	0	0.54
200900	0.54	0.4	0.4	0	0	0.54
201000	0.54	0.4	0.4	0	0	0.54
201100	0.54	0.4	0.4	0	0	0.54
201200	0.54	0.4	0.4	0	0	0.54
201300	0.54	0.4	0.4	0	0	0.54
201400	0.54	0.4	0.4	0	0	0.54
201500	0.54	0.4	0.4	0	0	0.54
201600	0.54	0.4	0.4	0	0	0.54
201700	0.54	0.4	0.4	0	0	0.54
201800	0.54	0.4	0.4	0	0	0.54
201900	0.54	0.4	0.4	0	0	0.54
202000	0.54	0.39	0.39	0	0	0.54
202100	0.54	0.39	0.39	0	0	0.54
202200	0.54	0.39	0.39	0	0	0.54
202300	0.54	0.39	0.39	0	0	0.54
202400	0.54	0.39	0.39	0	0	0.54
202500	0.54	0.39	0.39	0	0	0.54
202600	0.54	0.39	0.39	0	0	0.54
202700	0.54	0.39	0.39	0	0	0.54
202800	0.54	0.39	0.39	0	0	0.54
202900	0.54	0.39	0.39	0	0	0.54
203000	0.54	0.39	0.39	0	0	0.54
203100	0.54	0.39	0.39	0	0	0.54
203200	0.54	0.39	0.39	0	0	0.54
203300	0.54	0.39	0.39	0	0	0.54
203400	0.54	0.39	0.39	0	0	0.54
203500	0.54	0.39	0.39	0	0	0.54
203600	0.54	0.39	0.39	0	0	0.54
203700	0.54	0.38	0.38	0	0	0.54
203800	0.54	0.38	0.38	0	0	0.54
203900	0.54	0.38	0.38	0	0	0.54
204000	0.54	0.38	0.38	0	0	0.54
204100	0.54	0.38	0.38	0	0	0.54
204200	0.54	0.38	0.38	0	0	0.54
204300	0.54	0.38	0.38	0	0	0.54
204400	0.54	0.38	0.38	0	0	0.54
204500	0.54	0.38	0.38	0	0	0.54
204600	0.54	0.38	0.38	0	0	0.54
204700	0.54	0.38	0.38	0	0	0.54
204800	0.54	0.38	0.38	0	0	0.54
204900	0.54	0.38	0.38	0	0	0.54
205000	0.54	0.38	0.38	0	0	0.54
205100	0.54	0.38	0.38	0	0	0.54
205200	0.54	0.38	0.38	0	0	0.54
205300	0.54	0.38	0.38	0	0	0.54
205400	0.54	0.38	0.38	0	0	0.54
205500	0.54	0.38	0.38	0	0	0.54
205600	0.54	0.38	0.38	0	0	0.54
205700	0.53	0.38	0.38	0	0	0.53
205800	0.53	0.38	0.38	0	0	0.53
205900	0.53	0.38	0.38	0	0	0.53
206000	0.53	0.38	0.38	0	0	0.53
206100	0.53	0.38	0.38	0	0	0.53
206200	0.53	0.38	0.38	0	0	0.53
206300	0.53	0.39	0.39	0	0	0.53
206400	0.53	0.39	0.39	0	0	0.53
206500	0.53	0.39	0.39	0	0	0.53
206600	0.53	0.39	0.39	0	0	0.53
206700	0.53	0.39	0.39	0	0	0.53
206800	0.53	0.39	0.39	0	0	0.53
206900	0.53	0.39	0.39	0	0	0.53
207000	0.53	0.39	0.39	0	0	0.53
207100	0.53	0.39	0.39	0	0	0.53
207200	0.53	0.39	0.39	0	0	0.53
207300	0.53	0.39	0.39	0	0	0.53
207400	0.53	0.39	0.39	0	0	0.53
207500	0.53	0.39	0.39	0	0	0.53
207600	0.53	0.39	0.39	0	0	0.53
207700	0.53	0.39	0.39	0	0	0.53
207800	0.53	0.39	0.39	0	0	0.53
207900	0.53	0.39	0.39	0	0	0.53
208000	0.53	0.39	0.39	0	0	0.53
208100	0.53	0.39	0.39	0	0	0.53
208200	0.53	0.39	0.39	0	0	0.53
208300	0.53	0.39	0.39	0	0	0.53
208400	0.53	0.39	0.39	0	0	0.53
208500	0.53	0.39	0.39	0	0	0.53
208600	0.53	0.39	0.39	0	0	0.53
208700	0.53	0.39	0.39	0	0	0.53
208800	0.53	0.39	0.39	0	0	0.53
208900	0.53	0.39	0.39	0	0	0.53
209000	0.53	0.38	0.38	0	0	0.53
209100	0.53	0.38	0.38	0	0	0.53
209200	0.53	0.38	0.38	0	0	0.53
209300	0.53	0.38	0.38	0	0	0.53
209400	0.53	0.38	0.38	0	0	0.53
209500	0.53	0.38	0.38	0	0	0.53
209600	0.53	0.39	0.39	0	0	0.53
209700	0.53	0.39	0.39	0	0	0.53
209800	0.53	0.39	0.39	0	0	0.53
209900	0.53	0.39	0.39	0	0	0.53
210000	0.53	0.39	0.39	0	0	0.53
210100	0.53	0.39	0.39	0	0	0.53
210200	0.53	0.39	0.39	0	0	0.53
210300	0.53	0.39	0.39	0	0	0.53
210400	0.53	0.39	0.39	0	0	0.53
210500	0.53	0.39	0.39	0	0	0.53
210600	0.53	0.39	0.39	0	0	0.53
210700	0.53	0.38	0.38	0	0	0.53
210800	0.53	0.38	0.38	0	0	0.53
210900	0.53	0.38	0.38	0	0	0.53
211000	0.54	0.38	0.38	0	0	0.54
211100	0.54	0.38	0.38	0	0	0.54
211200	0.54	0.38	0.38	0	0	0.54
211300	0.54	0.38	0.38	0	0	0.54
211400	0.54	0.38	0.38	0	0	0.54
211500	0.54	0.38	0.38	0	0	0.54
211600	0.54	0.38	0.38	0	0	0.54
211700	0.54	0.38	0.38	0	0	0.54
211800	0.54	0.38	0.38	0	0	0.54
211900	0.54	0.38	0.38	0	0	0.54
212000	0.54	0.38	0.38	0	0	0.54
212100	0.54	0.38	0.38	0	0	0.54
212200	0.54	0.38	0.38	0	0	0.54
212300	0.54	0.38	0.38	0	0	0.54
212400	0.54	0.38	0.38	0	0	0.54
212500	0.54	0.38	0.38	0	0	0.54
212600	0.54	0.38	0.38	0	0	0.54
212700	0.54	0.38	0.38	0	0	0.54
212800	0.54	0.38	0.38	0	0	0.54
212900	0.54	0.38	0.38	0	0	0.54
213000	0.54	0.38	0.38	0	0	0.54
213100	0.54	0.38	0.38	0	0	0.54
213200	0.54	0.38	0.38	0	0	0.54
213300	0.54	0.38	0.38	0	0	0.54
213400	0.54	0.38	0.38	0	0	0.54
213500	0.54	0.38	0.38	0	0	0.54
213600	0.54	0.38	0.38	0	0	0.54
213700	0.54	0.39	0.39	0	0	0.54
213800	0.54	0.39	0.39	0	0	0.54
213900	0.54	0.39	0.39	0	0	0.54
214000	0.54	0.39	0.39	0	0	0.54
214100	0.54	0.39	0.39	0	0	0.54
214200	0.54	0.39	0.39	0	0	0.54
214300	0.54	0.39	0.39	0	0	0.54
214400	0.54	0.39	0.39	0	0	0.54
214500	0.54	0.4	0.4	0	0	0.54
214600	0.54	0.4	0.4	0	0	0.54
214700	0.54	0.4	0.4	0	0	0.54
214800	0.54	0.4	0.4	0	0	0.54
214900	0.54	0.4	0.4	0	0	0.54
215000	0.54	0.4	0.4	0	0	0.54
215100	0.54	0.4	0.4	0	0	0.54
215200	0.54	0.39	0.39	0	0	0.54
215300	0.54	0.39	0.39	0	0	0.54
215400	0.54	0.39	0.39	0	0	0.54
215500	0.54	0.39	0.39	0	0	0.54
215600	0.54	0.39	0.39	0	0	0.54
215700	0.54	0.39	0.39	0	0	0.54
215800	0.54	0.39	0.39	0	0	0.54
215900	0.54	0.4	0.4	0	0	0.54
216000	0.54	0.4	0.4	0	0	0.54
216100	0.54	0.4	0.4	0	0	0.54
216200	0.54	0.4	0.4	0	0	0.54
216300	0.54	0.4	0.4	0	0	0.54
216400	0.54	0.4	0.4	0	0	0.54
216500	0.54	0.4	0.4	0	0	0.54
216600	0.54	0.4	0.4	0	0	0.54
216700	0.54	0.4	0.4	0	0	0.54
216800	0.54	0.4	0.4	0	0	0.54
216900	0.54	0.4	0.4	0	0	0.54
217000	0.54	0.4	0.4	0	0	0.54
217100	0.54	0.4	0.4	0	0	0.54
217200	0.54	0.4	0.4	0	0	0.54
217300	0.54	0.4	0.4	0	0	0.54
217400	0.54	0.4	0.4	0	0	0.54
217500	0.54	0.4	0.4	0	0	0.54
217600	0.54	0.4	0.4	0	0	0.54
217700	0.54	0.4	0.4	0	0	0.54
217800	0.54	0.4	0.4	0	0	0.54
217900	0.54	0.4	0.4	0	0	0.54
218000	0.54	0.4	0.4	0	0	0.54
218100	0.54	0.4	0.4	0	0	0.54
218200	0.54	0.4	0.4	0	0	0.54
218300	0.54	0.4	0.4	0	0	0.54
218400	0.54	0.4	0.4	0	0	0.54
218500	0.54	0.4	0.4	0	0	0.54
218600	0.54	0.4	0.4	0	0	0.54
218700	0.54	0.4	0.4	0	0	0.54
218800	0.54	0.4	0.4	0	0	0.54
218900	0.54	0.4	0.4	0	0	0.54
219000	0.54	0.4	0.4	0	0	0.54
219100	0.54	0.4	0.4	0	0	0.54
219200	0.54	0.4	0.4	0	0	0.54
219300	0.54	0.4	0.4	0	0	0.54
219400	0.54	0.4	0.4	0	0	0.54
219500	0.54	0.4	0.4	0	0	0.54
219600	0.54	0.4	0.4	0	0	0.54
219700	0.54	0.4	0.4	0	0	0.54
219800	0.54	0.4	0.4	0	0	0.54
219900	0.54	0.4	0.4	0	0	0.54
220000	0.54	0.4	0.4	0	0	0.54
220100	0.54	0.4	0.4	0	0	0.54
220200	0.54	0.4	0.4	0	0	0.54
220300	0.54	0.4	0.4	0	0	0.54
220400	0.54	0.4	0.4	0	0	0.54
220500	0.54	0.4	0.4	0	0	0.54
220600	0.54	0.4	0.4	0	0	0.54
220700	0.54	0.41	0.41	0	0	0.54
220800	0.54	0.4	0.4	0	0	0.54
220900	0.54	0.39	0.39	0	0	0.54
221000	0.54	0.38	0.38	0	0	0.54
221100	0.54	0.38	0.38	0	0	0.54
221200	0.54	0.38	0.38	0	0	0.54
221300	0.54	0.38	0.38	0	0	0.54
221400	0.54	0.38	0.38	0	0	0.54
221500	0.54	0.38	0.38	0	0	0.54
221600	0.54	0.38	0.38	0	0	0.54
221700	0.54	0.38	0.38	0	0	0.54
221800	0.54	0.38	0.38	0	0	0.54
221900	0.54	0.38	0.38	0	0	0.54
222000	0.54	0.38	0.38	0	0	0.54
222100	0.54	0.38	0.38	0	0	0.54
222200	0.54	0.38	0.38	0	0	0.54
222300	0.54	0.38	0.38	0	0	0.54
222400	0.54	0.38	0.38	0	0	0.54
222500	0.54	0.38	0.38	0	0	0.54
222600	0.54	0.38	0.38	0	0	0.54
222700	0.54	0.38	0.38	0	0	0.54
222800	0.54	0.38	0.38	0	0	0.54
222900	0.54	0.38	0.38	0	0	0.54
223000	0.54	0.39	0.39	0	0	0.54
223100	0.54	0.39	0.39	0	0	0.54
223200	0.54	0.39	0.39	0	0	0.54
223300	0.54	0.39	0.39	0	0	0.54
223400	0.54	0.39	0.39	0	0	0.54
223500	0.54	0.39	0.39	0	0	0.54
223600	0.54	0.39	0.39	0	0	0.54
223700	0.54	0.39	0.39	0	0	0.54
223800	0.54	0.39	0.39	0	0	0.54
223900	0.54	0.39	0.39	0	0	0.54
224000	0.54	0.39	0.39	0	0	0.54
224100	0.54	0.39	0.39	0	0	0.54
224200	0.54	0.39	0.39	0	0	0.54
224300	0.54	0.39	0.39	0	0	0.54
224400	0.54	0.39	0.39	0	0	0.54
224500	0.54	0.39	0.39	0	0	0.54
224600	0.54	0.39	0.39	0	0	0.54
224700	0.54	0.39	0.39	0	0	0.54
224800	0.54	0.39	0.39	0	0	0.54
224900	0.54	0.39	0.39	0	0	0.54
225000	0.54	0.39	0.39	0	0	0.54
225100	0.54	0.39	0.39	0	0	0.54
225200	0.54	0.39	0.39	0	0	0.54
225300	0.54	0.39	0.39	0	0	0.54
225400	0.54	0.39	0.39	0	0	0.54
225500	0.54	0.39	0.39	0	0	0.54
225600	0.54	0.39	0.39	0	0	0.54
225700	0.54	0.39	0.39	0	0	0.54
225800	0.54	0.39	0.39	0	0	0.54
225900	0.54	0.39	0.39	0	0	0.54
226000	0.54	0.39	0.39	0	0	0.54
226100	0.54	0.4	0.4	0	0	0.54
226200	0.54	0.39	0.39	0	0	0.54
226300	0.54	0.39	0.39	0	0	0.54
226400	0.54	0.39	0.39	0	0	0.54
226500	0.54	0.39	0.39	0	0	0.54
226600	0.54	0.39	0.39	0	0	0.54
226700	0.54	0.39	0.39	0	0	0.54
226800	0.54	0.39	0.39	0	0	0.54
226900	0.54	0.39	0.39	0	0	0.54
227000	0.54	0.39	0.39	0	0	0.54
227100	0.54	0.39	0.39	0	0	0.54
227200	0.54	0.39	0.39	0	0	0.54
227300	0.54	0.39	0.39	0	0	0.54
227400	0.54	0.39	0.39	0	0	0.54
227500	0.54	0.39	0.39	0	0	0.54
227600	0.54	0.39	0.39	0	0	0.54
227700	0.54	0.39	0.39	0	0	0.54
227800	0.54	0.39	0.39	0	0	0.54
227900	0.54	0.39	0.39	0	0	0.54
228000	0.54	0.39	0.39	0	0	0.54
228100	0.54	0.39	0.39	0	0	0.54
228200	0.53	0.39	0.39	0	0	0.53
228300	0.53	0.39	0.39	0	0	0.53
228400	0.53	0.39	0.39	0	0	0.53
228500	0.53	0.39	0.39	0	0	0.53
228600	0.53	0.39	0.39	0	0	0.53
228700	0.53	0.39	0.39	0	0	0.53
228800	0.53	0.39	0.39	0	0	0.53
228900	0.53	0.39	0.39	0	0	0.53
229000	0.53	0.39	0.39	0	0	0.53
229100	0.53	0.38	0.38	0	0	0.53
229200	0.53	0.38	0.38	0	0	0.53
229300	0.53	0.38	0.38	0	0	0.53
229400	0.53	0.38	0.38	0	0	0.53
229500	0.53	0.38	0.38	0	0	0.53
229600	0.53	0.38	0.38	0	0	0.53
229700	0.53	0.39	0.39	0	0	0.53
229800	0.53	0.39	0.39	0	0	0.53
229900	0.53	0.39	0.39	0	0	0.53
230000	0.53	0.39	0.39	0	0	0.53
230100	0.53	0.4	0.4	0	0	0.53
230200	0.53	0.4	0.4	0	0	0.53
230300	0.53	0.4	0.4	0	0	0.53
230400	0.53	0.4	0.4	0	0	0.53
230500	0.53	0.4	0.4	0	0	0.53
230600	0.53	0.4	0.4	0	0	0.53
230700	0.53	0.4	0.4	0	0	0.53
230800	0.53	0.38	0.38	0	0	0.53
230900	0.53	0.38	0.38	0	0	0.53
231000	0.53	0.38	0.38	0	0	0.53
231100	0.53	0.38	0.38	0	0	0.53
231200	0.53	0.38	0.38	0	0	0.53
231300	0.53	0.38	0.38	0	0	0.53
231400	0.53	0.38	0.38	0	0	0.53
231500	0.53	0.39	0.39	0	0	0.53
231600	0.53	0.39	0.39	0	0	0.53
231700	0.53	0.39	0.39	0	0	0.53
231800	0.53	0.39	0.39	0	0	0.53
231900	0.53	0.39	0.39	0	0	0.53
232000	0.53	0.39	0.39	0	0	0.53
232100	0.53	0.39	0.39	0	0	0.53
232200	0.53	0.39	0.39	0	0	0.53
232300	0.53	0.39	0.39	0	0	0.53
232400	0.53	0.39	0.39	0	0	0.53
232500	0.53	0.39	0.39	0	0	0.53
232600	0.53	0.39	0.39	0	0	0.53
232700	0.53	0.39	0.39	0	0	0.53
232800	0.53	0.39	0.39	0	0	0.53
232900	0.53	0.39	0.39	0	0	0.53
233000	0.53	0.39	0.39	0	0	0.53
233100	0.53	0.38	0.38	0	0	0.53
233200	0.53	0.37	0.37	0	0	0.53
233300	0.53	0.37	0.37	0	0	0.53
233400	0.53	0.37	0.37	0	0	0.53
233500	0.53	0.37	0.37	0	0	0.53
233600	0.53	0.36	0.36	0	0	0.53
233700	0.53	0.36	0.36	0	0	0.53
233800	0.53	0.36	0.36	0	0	0.53
233900	0.53	0.36	0.36	0	0	0.53
234000	0.53	0.36	0.36	0	0	0.53
234100	0.53	0.36	0.36	0	0	0.53
234200	0.53	0.36	0.36	0	0	0.53
234300	0.53	0.36	0.36	0	0	0.53
234400	0.53	0.36	0.36	0	0	0.53
234500	0.53	0.36	0.36	0	0	0.53
234600	0.53	0.36	0.36	0	0	0.53
234700	0.53	0.36	0.36	0	0	0.53
234800	0.54	0.36	0.36	0	0	0.54
234900	0.54	0.36	0.36	0	0	0.54
235000	0.54	0.36	0.36	0	0	0.54
235100	0.54	0.36	0.36	0	0	0.54
235200	0.54	0.36	0.36	0	0	0.54
235300	0.54	0.36	0.36	0	0	0.54
235400	0.54	0.36	0.36	0	0	0.54
235500	0.54	0.36	0.36	0	0	0.54
235600	0.54	0.36	0.36	0	0	0.54
235700	0.54	0.36	0.36	0	0	0.54
235800	0.54	0.36	0.36	0	0	0.54
235900	0.53	0.36	0.36	0	0	0.53
236000	0.53	0.36	0.36	0	0	0.53
236100	0.53	0.36	0.36	0	0	0.53
236200	0.53	0.36	0.36	0	0	0.53
236300	0.53	0.36	0.36	0	0	0.53
236400	0.53	0.36	0.36	0	0	0.53
236500	0.53	0.36	0.36	0	0	0.53
236600	0.53	0.36	0.36	0	0	0.53
236700	0.53	0.36	0.36	0	0	0.53
236800	0.53	0.36	0.36	0	0	0.53
236900	0.53	0.36	0.36	0	0	0.53
237000	0.53	0.36	0.36	0	0	0.53
237100	0.52	0.35	0.35	0	0	0.52
237200	0.52	0.35	0.35	0	0	0.52
237300	0.52	0.35	0.35	0	0	0.52
237400	0.52	0.35	0.35	0	0	0.52
237500	0.52	0.35	0.35	0	0	0.52
237600	0.52	0.35	0.35	0	0	0.52
237700	0.52	0.35	0.35	0	0	0.52
237800	0.52	0.35	0.35	0	0	0.52
237900	0.53	0.35	0.35	0	0	0.53
238000	0.53	0.35	0.35	0	0	0.53
238100	0.53	0.35	0.35	0	0	0.53
238200	0.54	0.35	0.35	0	0	0.54
238300	0.53	0.35	0.35	0	0	0.53
238400	0.53	0.35	0.35	0	0	0.53
238500	0.53	0.36	0.36	0	0	0.53
238600	0.53	0.36	0.36	0	0	0.53
238700	0.53	0.36	0.36	0	0	0.53
238800	0.53	0.36	0.36	0	0	0.53
238900	0.54	0.36	0.36	0	0	0.54
239000	0.54	0.36	0.36	0	0	0.54
239100	0.54	0.36	0.36	0	0	0.54
239200	0.54	0.36	0.36	0	0	0.54
239300	0.54	0.36	0.36	0	0	0.54
239400	0.54	0.36	0.36	0	0	0.54
239500	0.54	0.37	0.37	0	0	0.54
239600	0.54	0.37	0.37	0	0	0.54
239700	0.54	0.37	0.37	0	0	0.54
239800	0.54	0.37	0.37	0	0	0.54
239900	0.54	0.37	0.37	0	0	0.54
240000	0.54	0.37	0.37	0	0	0.54
240100	0.54	0.38	0.38	0	0	0.54
240200	0.54	0.38	0.38	0	0	0.54
240300	0.54	0.38	0.38	0	0	0.54
240400	0.54	0.38	0.38	0	0	0.54
240500	0.54	0.38	0.38	0	0	0.54
240600	0.54	0.38	0.38	0	0	0.54
240700	0.54	0.38	0.38	0	0	0.54
240800	0.54	0.38	0.38	0	0	0.54
240900	0.54	0.38	0.38	0	0	0.54
241000	0.54	0.38	0.38	0	0	0.54
241100	0.54	0.38	0.38	0	0	0.54
241200	0.54	0.38	0.38	0	0	0.54
241300	0.54	0.38	0.38	0	0	0.54
241400	0.54	0.38	0.38	0	0	0.54
241500	0.54	0.38	0.38	0	0	0.54
241600	0.54	0.38	0.38	0	0	0.54
241700	0.54	0.37	0.37	0	0	0.54
241800	0.54	0.35	0.35	0	0	0.54
241900	0.54	0.35	0.35	0	0	0.54
242000	0.54	0.35	0.35	0	0	0.54
242100	0.54	0.35	0.35	0	0	0.54
242200	0.54	0.34	0.34	0	0	0.54
242300	0.54	0.34	0.34	0	0	0.54
242400	0.54	0.34	0.34	0	0	0.54
242500	0.54	0.34	0.34	0	0	0.54
242600	0.54	0.34	0.34	0	0	0.54
242700	0.54	0.34	0.34	0	0	0.54
242800	0.54	0.34	0.34	0	0	0.54
242900	0.54	0.34	0.34	0	0	0.54
243000	0.54	0.34	0.34	0	0	0.54
243100	0.54	0.34	0.34	0	0	0.54
243200	0.54	0.34	0.34	0	0	0.54
243300	0.54	0.34	0.34	0	0	0.54
243400	0.54	0.34	0.34	0	0	0.54
243500	0.54	0.34	0.34	0	0	0.54
243600	0.54	0.34	0.34	0	0	0.54
243700	0.54	0.34	0.34	0	0	0.54
243800	0.54	0.34	0.34	0	0	0.54
243900	0.54	0.34	0.34	0	0	0.54
244000	0.54	0.34	0.34	0	0	0.54
244100	0.54	0.34	0.34	0	0	0.54
244200	0.54	0.34	0.34	0	0	0.54
244300	0.54	0.34	0.34	0	0	0.54
244400	0.54	0.34	0.34	0	0	0.54
244500	0.54	0.34	0.34	0	0	0.54
244600	0.54	0.34	0.34	0	0	0.54
244700	0.54	0.34	0.34	0	0	0.54
244800	0.54	0.34	0.34	0	0	0.54
244900	0.54	0.34	0.34	0	0	0.54
245000	0.54	0.34	0.34	0	0	0.54
245100	0.54	0.34	0.34	0	0	0.54
245200	0.54	0.34	0.34	0	0	0.54
245300	0.54	0.34	0.34	0	0	0.54
245400	0.55	0.34	0.34	0	0	0.55
245500	0.54	0.34	0.34	0	0	0.54
245600	0.54	0.34	0.34	0	0	0.54
245700	0.54	0.34	0.34	0	0	0.54
245800	0.54	0.33	0.33	0	0	0.54
245900	0.54	0.33	0.33	0	0	0.54
246000	0.54	0.33	0.33	0	0	0.54
246100	0.54	0.32	0.32	0	0	0.54
246200	0.54	0.32	0.32	0	0	0.54
246300	0.54	0.32	0.32	0	0	0.54
246400	0.54	0.32	0.32	0	0	0.54
246500	0.54	0.32	0.32	0	0	0.54
246600	0.54	0.32	0.32	0	0	0.54
246700	0.54	0.32	0.32	0	0	0.54
246800	0.54	0.32	0.32	0	0	0.54
246900	0.54	0.32	0.32	0	0	0.54
247000	0.54	0.32	0.32	0	0	0.54
247100	0.54	0.32	0.32	0	0	0.54
247200	0.54	0.32	0.32	0	0	0.54
247300	0.54	0.33	0.33	0	0	0.54
247400	0.55	0.33	0.33	0	0	0.55
247500	0.55	0.33	0.33	0	0	0.55
247600	0.55	0.33	0.33	0	0	0.55
247700	0.55	0.33	0.33	0	0	0.55
247800	0.55	0.33	0.33	0	0	0.55
247900	0.55	0.33	0.33	0	0	0.55
248000	0.55	0.33	0.33	0	0	0.55
248100	0.55	0.33	0.33	0	0	0.55
248200	0.55	0.34	0.34	0	0	0.55
248300	0.55	0.34	0.34	0	0	0.55
248400	0.55	0.34	0.34	0	0	0.55
248500	0.55	0.34	0.34	0	0	0.55
248600	0.55	0.34	0.34	0	0	0.55
248700	0.55	0.34	0.34	0	0	0.55
248800	0.55	0.34	0.34	0	0	0.55
248900	0.55	0.34	0.34	0	0	0.55
249000	0.55	0.34	0.34	0	0	0.55
249100	0.55	0.34	0.34	0	0	0.55
249200	0.55	0.35	0.35	0	0	0.55
249300	0.55	0.35	0.35	0	0	0.55
249400	0.55	0.35	0.35	0	0	0.55
249500	0.55	0.35	0.35	0	0	0.55
249600	0.55	0.35	0.35	0	0	0.55
249700	0.55	0.35	0.35	0	0	0.55
249800	0.55	0.35	0.35	0	0	0.55
249900	0.55	0.36	0.36	0	0	0.55
250000	0.55	0.36	0.36	0	0	0.55
250100	0.55	0.36	0.36	0	0	0.55
250200	0.55	0.36	0.36	0	0	0.55
250300	0.55	0.36	0.36	0	0	0.55
250400	0.55	0.36	0.36	0	0	0.55
250500	0.55	0.36	0.36	0	0	0.55
250600	0.55	0.36	0.36	0	0	0.55
250700	0.55	0.36	0.36	0	0	0.55
250800	0.55	0.36	0.36	0	0	0.55
250900	0.55	0.36	0.36	0	0	0.55
251000	0.55	0.35	0.35	0	0	0.55
251100	0.55	0.35	0.35	0	0	0.55
251200	0.55	0.35	0.35	0	0	0.55
251300	0.55	0.35	0.35	0	0	0.55
251400	0.55	0.35	0.35	0	0	0.55
251500	0.55	0.35	0.35	0	0	0.55
251600	0.55	0.35	0.35	0	0	0.55
251700	0.55	0.35	0.35	0	0	0.55
251800	0.55	0.35	0.35	0	0	0.55
251900	0.55	0.35	0.35	0	0	0.55
252000	0.55	0.35	0.35	0	0	0.55
252100	0.55	0.35	0.35	0	0	0.55
252200	0.55	0.35	0.35	0	0	0.55
252300	0.55	0.35	0.35	0	0	0.55
252400	0.55	0.35	0.35	0	0	0.55
252500	0.55	0.35	0.35	0	0	0.55
252600	0.55	0.35	0.35	0	0	0.55
252700	0.55	0.35	0.35	0	0	0.55
252800	0.55	0.35	0.35	0	0	0.55
252900	0.55	0.35	0.35	0	0	0.55
253000	0.55	0.35	0.35	0	0	0.55
253100	0.55	0.35	0.35	0	0	0.55
253200	0.55	0.35	0.35	0	0	0.55
253300	0.55	0.35	0.35	0	0	0.55
253400	0.55	0.35	0.35	0	0	0.55
253500	0.55	0.35	0.35	0	0	0.55
253600	0.55	0.35	0.35	0	0	0.55
253700	0.55	0.35	0.35	0	0	0.55
253800	0.56	0.35	0.35	0	0	0.56
253900	0.56	0.35	0.35	0	0	0.56
254000	0.56	0.35	0.35	0	0	0.56
254100	0.56	0.35	0.35	0	0	0.56
254200	0.56	0.35	0.35	0	0	0.56
254300	0.56	0.35	0.35	0	0	0.56
254400	0.56	0.35	0.35	0	0	0.56
254500	0.56	0.35	0.35	0	0	0.56
254600	0.55	0.35	0.35	0	0	0.55
254700	0.55	0.35	0.35	0	0	0.55
254800	0.55	0.35	0.35	0	0	0.55
254900	0.55	0.35	0.35	0	0	0.55
255000	0.56	0.35	0.35	0	0	0.56
255100	0.56	0.35	0.35	0	0	0.56
255200	0.56	0.35	0.35	0	0	0.56
255300	0.56	0.35	0.35	0	0	0.56
255400	0.56	0.35	0.35	0	0	0.56
255500	0.56	0.35	0.35	0	0	0.56
255600	0.56	0.35	0.35	0	0	0.56
255700	0.56	0.35	0.35	0	0	0.56
255800	0.56	0.35	0.35	0	0	0.56
255900	0.56	0.35	0.35	0	0	0.56
256000	0.56	0.35	0.35	0	0	0.56
256100	0.56	0.35	0.35	0	0	0.56
256200	0.56	0.35	0.35	0	0	0.56
256300	0.56	0.35	0.35	0	0	0.56
256400	0.56	0.35	0.35	0	0	0.56
256500	0.56	0.35	0.35	0	0	0.56
256600	0.56	0.35	0.35	0	0	0.56
256700	0.56	0.36	0.36	0	0	0.56
256800	0.56	0.35	0.35	0	0	0.56
256900	0.56	0.35	0.35	0	0	0.56
257000	0.56	0.35	0.35	0	0	0.56
257100	0.56	0.35	0.35	0	0	0.56
257200	0.56	0.35	0.35	0	0	0.56
257300	0.56	0.35	0.35	0	0	0.56
257400	0.56	0.35	0.35	0	0	0.56
257500	0.56	0.35	0.35	0	0	0.56
257600	0.56	0.35	0.35	0	0	0.56
257700	0.56	0.35	0.35	0	0	0.56
257800	0.56	0.35	0.35	0	0	0.56
257900	0.56	0.35	0.35	0	0	0.56
258000	0.56	0.35	0.35	0	0	0.56
258100	0.56	0.35	0.35	0	0	0.56
258200	0.56	0.35	0.35	0	0	0.56
258300	0.56	0.35	0.35	0	0	0.56
258400	0.56	0.35	0.35	0	0	0.56
258500	0.56	0.35	0.35	0	0	0.56
258600	0.56	0.35	0.35	0	0	0.56
258700	0.56	0.35	0.35	0	0	0.56
258800	0.56	0.35	0.35	0	0	0.56
258900	0.56	0.35	0.35	0	0	0.56
259000	0.56	0.35	0.35	0	0	0.56
259100	0.56	0.35	0.35	0	0	0.56
259200	0.56	0.35	0.35	0	0	0.56
259300	0.56	0.35	0.35	0	0	0.56
259400	0.56	0.35	0.35	0	0	0.56
259500	0.56	0.35	0.35	0	0	0.56
259600	0.56	0.35	0.35	0	0	0.56
259700	0.56	0.35	0.35	0	0	0.56
259800	0.57	0.35	0.35	0	0	0.57
259900	0.57	0.35	0.35	0	0	0.57
260000	0.57	0.35	0.35	0	0	0.57
260100	0.57	0.35	0.35	0	0	0.57
260200	0.57	0.35	0.35	0	0	0.57
260300	0.57	0.35	0.35	0	0	0.57
260400	0.57	0.35	0.35	0	0	0.57
260500	0.57	0.35	0.35	0	0	0.57
260600	0.57	0.35	0.35	0	0	0.57
260700	0.57	0.35	0.35	0	0	0.57
260800	0.57	0.35	0.35	0	0	0.57
260900	0.57	0.34	0.34	0	0	0.57
261000	0.57	0.34	0.34	0	0	0.57
261100	0.57	0.34	0.34	0	0	0.57
261200	0.57	0.34	0.34	0	0	0.57
261300	0.57	0.34	0.34	0	0	0.57
261400	0.57	0.34	0.34	0	0	0.57
261500	0.57	0.34	0.34	0	0	0.57
261600	0.57	0.34	0.34	0	0	0.57
261700	0.57	0.34	0.34	0	0	0.57
261800	0.57	0.34	0.34	0	0	0.57
261900	0.57	0.34	0.34	0	0	0.57
262000	0.57	0.34	0.34	0	0	0.57
262100	0.57	0.34	0.34	0	0	0.57
262200	0.57	0.34	0.34	0	0	0.57
262300	0.57	0.34	0.34	0	0	0.57
262400	0.57	0.34	0.34	0	0	0.57
262500	0.57	0.34	0.34	0	0	0.57
262600	0.57	0.34	0.34	0	0	0.57
262700	0.57	0.34	0.34	0	0	0.57
262800	0.57	0.34	0.34	0	0	0.57
262900	0.57	0.34	0.34	0	0	0.57
263000	0.57	0.34	0.34	0	0	0.57
263100	0.57	0.34	0.34	0	0	0.57
263200	0.56	0.34	0.34	0	0	0.56
263300	0.56	0.34	0.34	0	0	0.56
263400	0.56	0.34	0.34	0	0	0.56
263500	0.56	0.34	0.34	0	0	0.56
263600	0.56	0.34	0.34	0	0	0.56
263700	0.56	0.34	0.34	0	0	0.56
263800	0.56	0.34	0.34	0	0	0.56
263900	0.56	0.34	0.34	0	0	0.56
264000	0.56	0.34	0.34	0	0	0.56
264100	0.56	0.34	0.34	0	0	0.56
264200	0.56	0.34	0.34	0	0	0.56
264300	0.56	0.34	0.34	0	0	0.56
264400	0.56	0.34	0.34	0	0	0.56
264500	0.56	0.34	0.34	0	0	0.56
264600	0.56	0.34	0.34	0	0	0.56
264700	0.56	0.34	0.34	0	0	0.56
264800	0.56	0.34	0.34	0	0	0.56
264900	0.56	0.34	0.34	0	0	0.56
265000	0.56	0.34	0.34	0	0	0.56
265100	0.56	0.34	0.34	0	0	0.56
265200	0.56	0.34	0.34	0	0	0.56
265300	0.56	0.34	0.34	0	0	0.56
265400	0.56	0.34	0.34	0	0	0.56
265500	0.56	0.34	0.34	0	0	0.56
265600	0.56	0.34	0.34	0	0	0.56
265700	0.56	0.34	0.34	0	0	0.56
265800	0.56	0.34	0.34	0	0	0.56
265900	0.56	0.34	0.34	0	0	0.56
266000	0.56	0.34	0.34	0	0	0.56
266100	0.56	0.35	0.35	0	0	0.56
266200	0.56	0.35	0.35	0	0	0.56
266300	0.56	0.35	0.35	0	0	0.56
266400	0.56	0.35	0.35	0	0	0.56
266500	0.56	0.35	0.35	0	0	0.56
266600	0.56	0.35	0.35	0	0	0.56
266700	0.56	0.35	0.35	0	0	0.56
266800	0.56	0.35	0.35	0	0	0.56
266900	0.56	0.35	0.35	0	0	0.56
267000	0.56	0.35	0.35	0	0	0.56
267100	0.55	0.35	0.35	0	0	0.55
267200	0.55	0.35	0.35	0	0	0.55
267300	0.56	0.35	0.35	0	0	0.56
267400	0.56	0.35	0.35	0	0	0.56
267500	0.56	0.35	0.35	0	0	0.56
267600	0.56	0.35	0.35	0	0	0.56
267700	0.56	0.35	0.35	0	0	0.56
267800	0.56	0.35	0.35	0	0	0.56
267900	0.56	0.35	0.35	0	0	0.56
268000	0.56	0.35	0.35	0	0	0.56
268100	0.56	0.35	0.35	0	0	0.56
268200	0.56	0.35	0.35	0	0	0.56
268300	0.56	0.35	0.35	0	0	0.56
268400	0.56	0.35	0.35	0	0	0.56
268500	0.56	0.35	0.35	0	0	0.56
268600	0.56	0.35	0.35	0	0	0.56
268700	0.56	0.35	0.35	0	0	0.56
268800	0.56	0.35	0.35	0	0	0.56
268900	0.56	0.35	0.35	0	0	0.56
269000	0.56	0.35	0.35	0	0	0.56
269100	0.56	0.35	0.35	0	0	0.56
269200	0.56	0.35	0.35	0	0	0.56
269300	0.56	0.35	0.35	0	0	0.56
269400	0.55	0.35	0.35	0	0	0.55
269500	0.55	0.35	0.35	0	0	0.55
269600	0.55	0.35	0.35	0	0	0.55
269700	0.56	0.35	0.35	0	0	0.56
269800	0.56	0.35	0.35	0	0	0.56
269900	0.56	0.35	0.35	0	0	0.56
270000	0.56	0.35	0.35	0	0	0.56
270100	0.56	0.35	0.35	0	0	0.56
270200	0.56	0.35	0.35	0	0	0.56
270300	0.56	0.35	0.35	0	0	0.56
270400	0.56	0.35	0.35	0	0	0.56
270500	0.56	0.35	0.35	0	0	0.56
270600	0.56	0.35	0.35	0	0	0.56
270700	0.56	0.35	0.35	0	0	0.56
270800	0.56	0.35	0.35	0	0	0.56
270900	0.56	0.35	0.35	0	0	0.56
271000	0.56	0.35	0.35	0	0	0.56
271100	0.56	0.35	0.35	0	0	0.56
271200	0.56	0.35	0.35	0	0	0.56
271300	0.56	0.35	0.35	0	0	0.56
271400	0.56	0.35	0.35	0	0	0.56
271500	0.56	0.35	0.35	0	0	0.56
271600	0.56	0.35	0.35	0	0	0.56
271700	0.56	0.35	0.35	0	0	0.56
271800	0.56	0.35	0.35	0	0	0.56
271900	0.56	0.35	0.35	0	0	0.56
272000	0.56	0.35	0.35	0	0	0.56
272100	0.56	0.35	0.35	0	0	0.56
272200	0.56	0.35	0.35	0	0	0.56
272300	0.56	0.35	0.35	0	0	0.56
272400	0.56	0.35	0.35	0	0	0.56
272500	0.56	0.35	0.35	0	0	0.56
272600	0.56	0.35	0.35	0	0	0.56
272700	0.56	0.35	0.35	0	0	0.56
272800	0.56	0.35	0.35	0	0	0.56
272900	0.56	0.35	0.35	0	0	0.56
273000	0.56	0.35	0.35	0	0	0.56
273100	0.56	0.35	0.35	0	0	0.56
273200	0.56	0.35	0.35	0	0	0.56
273300	0.56	0.35	0.35	0	0	0.56
273400	0.56	0.35	0.35	0	0	0.56
273500	0.56	0.35	0.35	0	0	0.56
273600	0.56	0.35	0.35	0	0	0.56
273700	0.56	0.35	0.35	0	0	0.56
273800	0.55	0.35	0.35	0	0	0.55
273900	0.55	0.35	0.35	0	0	0.55
274000	0.55	0.35	0.35	0	0	0.55
274100	0.55	0.35	0.35	0	0	0.55
274200	0.55	0.35	0.35	0	0	0.55
274300	0.54	0.35	0.35	0	0	0.54
274400	0.54	0.35	0.35	0	0	0.54
274500	0.54	0.35	0.35	0	0	0.54
274600	0.54	0.35	0.35	0	0	0.54
274700	0.54	0.35	0.35	0	0	0.54
274800	0.54	0.35	0.35	0	0	0.54
274900	0.54	0.35	0.35	0	0	0.54
275000	0.54	0.35	0.35	0	0	0.54
275100	0.55	0.35	0.35	0	0	0.55
275200	0.55	0.35	0.35	0	0	0.55
275300	0.55	0.35	0.35	0	0	0.55
275400	0.55	0.35	0.35	0	0	0.55
275500	0.55	0.35	0.35	0	0	0.55
275600	0.55	0.35	0.35	0	0	0.55
275700	0.55	0.35	0.35	0	0	0.55
275800	0.55	0.35	0.35	0	0	0.55
275900	0.55	0.35	0.35	0	0	0.55
276000	0.55	0.35	0.35	0	0	0.55
276100	0.55	0.35	0.35	0	0	0.55
276200	0.55	0.35	0.35	0	0	0.55
276300	0.55	0.35	0.35	0	0	0.55
276400	0.55	0.35	0.35	0	0	0.55
276500	0.55	0.35	0.35	0	0	0.55
276600	0.55	0.35	0.35	0	0	0.55
276700	0.55	0.35	0.35	0	0	0.55
276800	0.55	0.35	0.35	0	0	0.55
276900	0.55	0.35	0.35	0	0	0.55
277000	0.55	0.35	0.35	0	0	0.55
277100	0.55	0.35	0.35	0	0	0.55
277200	0.55	0.35	0.35	0	0	0.55
277300	0.55	0.35	0.35	0	0	0.55
277400	0.55	0.35	0.35	0	0	0.55
277500	0.55	0.35	0.35	0	0	0.55
277600	0.55	0.35	0.35	0	0	0.55
277700	0.55	0.35	0.35	0	0	0.55
277800	0.55	0.35	0.35	0	0	0.55
277900	0.55	0.35	0.35	0	0	0.55
278000	0.55	0.35	0.35	0	0	0.55
278100	0.55	0.35	0.35	0	0	0.55
278200	0.55	0.35	0.35	0	0	0.55
278300	0.55	0.34	0.34	0	0	0.55
278400	0.55	0.34	0.34	0	0	0.55
278500	0.55	0.34	0.34	0	0	0.55
278600	0.55	0.34	0.34	0	0	0.55
278700	0.55	0.34	0.34	0	0	0.55
278800	0.55	0.34	0.34	0	0	0.55
278900	0.55	0.34	0.34	0	0	0.55
279000	0.55	0.34	0.34	0	0	0.55
279100	0.55	0.34	0.34	0	0	0.55
279200	0.55	0.34	0.34	0	0	0.55
279300	0.55	0.34	0.34	0	0	0.55
279400	0.55	0.34	0.34	0	0	0.55
279500	0.55	0.34	0.34	0	0	0.55
279600	0.55	0.34	0.34	0	0	0.55
279700	0.55	0.34	0.34	0	0	0.55
279800	0.55	0.34	0.34	0	0	0.55
279900	0.55	0.34	0.34	0	0	0.55
280000	0.55	0.34	0.34	0	0	0.55
280100	0.55	0.34	0.34	0	0	0.55
280200	0.55	0.34	0.34	0	0	0.55
280300	0.55	0.34	0.34	0	0	0.55
280400	0.55	0.34	0.34	0	0	0.55
280500	0.55	0.34	0.34	0	0	0.55
280600	0.55	0.34	0.34	0	0	0.55
280700	0.55	0.34	0.34	0	0	0.55
280800	0.55	0.34	0.34	0	0	0.55
280900	0.55	0.34	0.34	0	0	0.55
281000	0.55	0.34	0.34	0	0	0.55
281100	0.55	0.34	0.34	0	0	0.55
281200	0.55	0.34	0.34	0	0	0.55
281300	0.55	0.35	0.35	0	0	0.55
281400	0.56	0.35	0.35	0	0	0.56
281500	0.56	0.35	0.35	0	0	0.56
281600	0.56	0.35	0.35	0	0	0.56
281700	0.56	0.35	0.35	0	0	0.56
281800	0.56	0.35	0.35	0	0	0.56
281900	0.56	0.35	0.35	0	0	0.56
282000	0.56	0.35	0.35	0	0	0.56
282100	0.56	0.35	0.35	0	0	0.56
282200	0.56	0.35	0.35	0	0	0.56
282300	0.56	0.35	0.35	0	0	0.56
282400	0.56	0.35	0.35	0	0	0.56
282500	0.56	0.35	0.35	0	0	0.56
282600	0.56	0.34	0.34	0	0	0.56
282700	0.56	0.34	0.34	0	0	0.56
282800	0.56	0.34	0.34	0	0	0.56
282900	0.56	0.34	0.34	0	0	0.56
283000	0.56	0.35	0.35	0	0	0.56
283100	0.56	0.35	0.35	0	0	0.56
283200	0.56	0.35	0.35	0	0	0.56
283300	0.56	0.35	0.35	0	0	0.56
283400	0.56	0.35	0.35	0	0	0.56
283500	0.56	0.35	0.35	0	0	0.56
283600	0.56	0.35	0.35	0	0	0.56
283700	0.56	0.35	0.35	0	0	0.56
283800	0.56	0.35	0.35	0	0	0.56
283900	0.56	0.35	0.35	0	0	0.56
284000	0.56	0.35	0.35	0	0	0.56
284100	0.56	0.34	0.34	0	0	0.56
284200	0.56	0.34	0.34	0	0	0.56
284300	0.56	0.35	0.35	0	0	0.56
284400	0.56	0.35	0.35	0	0	0.56
284500	0.56	0.35	0.35	0	0	0.56
284600	0.56	0.35	0.35	0	0	0.56
284700	0.56	0.35	0.35	0	0	0.56
284800	0.55	0.35	0.35	0	0	0.55
284900	0.55	0.35	0.35	0	0	0.55
285000	0.55	0.35	0.35	0	0	0.55
285100	0.55	0.35	0.35	0	0	0.55
285200	0.55	0.35	0.35	0	0	0.55
285300	0.55	0.35	0.35	0	0	0.55
285400	0.55	0.35	0.35	0	0	0.55
285500	0.55	0.35	0.35	0	0	0.55
285600	0.55	0.35	0.35	0	0	0.55
285700	0.55	0.35	0.35	0	0	0.55
285800	0.55	0.35	0.35	0	0	0.55
285900	0.55	0.35	0.35	0	0	0.55
286000	0.55	0.35	0.35	0	0	0.55
286100	0.55	0.35	0.35	0	0	0.55
286200	0.55	0.35	0.35	0	0	0.55
286300	0.55	0.35	0.35	0	0	0.55
286400	0.55	0.35	0.35	0	0	0.55
286500	0.55	0.35	0.35	0	0	0.55
286600	0.55	0.35	0.35	0	0	0.55
286700	0.55	0.35	0.35	0	0	0.55
286800	0.55	0.35	0.35	0	0	0.55
286900	0.55	0.35	0.35	0	0	0.55
287000	0.55	0.35	0.35	0	0	0.55
