100	0.08	0.11	0.11	0	0	0.08
200	0.1	0.1	0.1	0	0	0.1
300	0.08	0.09	0.09	0	0	0.08
400	0.08	0.08	0.08	0	0	0.08
500	0.11	0.09	0.09	0	0	0.11
600	0.12	0.07	0.07	0	0	0.12
700	0.13	0.07	0.07	0	0	0.13
800	0.14	0.08	0.08	0	0	0.14
900	0.15	0.1	0.1	0	0	0.15
1000	0.16	0.11	0.11	0	0	0.16
1100	0.16	0.11	0.11	0	0	0.16
1200	0.16	0.12	0.12	0	0	0.16
1300	0.17	0.15	0.15	0	0	0.17
1400	0.17	0.14	0.14	0	0	0.17
1500	0.17	0.15	0.15	0	0	0.17
1600	0.16	0.15	0.15	0	0	0.16
1700	0.15	0.14	0.14	0	0	0.15
1800	0.15	0.14	0.14	0	0	0.15
1900	0.15	0.15	0.15	0	0	0.15
2000	0.15	0.13	0.13	0	0	0.15
2100	0.15	0.12	0.12	0	0	0.15
2200	0.16	0.12	0.12	0	0	0.16
2300	0.17	0.11	0.11	0	0	0.17
2400	0.18	0.12	0.12	0	0	0.18
2500	0.17	0.12	0.12	0	0	0.17
2600	0.16	0.12	0.12	0	0	0.16
2700	0.17	0.12	0.12	0	0	0.17
2800	0.18	0.13	0.13	0	0	0.18
2900	0.17	0.13	0.13	0	0	0.17
3000	0.16	0.14	0.14	0	0	0.16
3100	0.17	0.15	0.15	0	0	0.17
3200	0.19	0.15	0.15	0	0	0.19
3300	0.19	0.15	0.15	0	0	0.19
3400	0.18	0.15	0.15	0	0	0.18
3500	0.17	0.17	0.17	0	0	0.17
3600	0.17	0.19	0.19	0	0	0.17
3700	0.16	0.19	0.19	0	0	0.16
3800	0.17	0.19	0.19	0	0	0.17
3900	0.18	0.18	0.18	0	0	0.18
4000	0.18	0.2	0.2	0	0	0.18
4100	0.16	0.2	0.2	0	0	0.16
4200	0.16	0.19	0.19	0	0	0.16
4300	0.16	0.19	0.19	0	0	0.16
4400	0.16	0.19	0.19	0	0	0.16
4500	0.16	0.19	0.19	0	0	0.16
4600	0.17	0.2	0.2	0	0	0.17
4700	0.17	0.2	0.2	0	0	0.17
4800	0.18	0.2	0.2	0	0	0.18
4900	0.18	0.2	0.2	0	0	0.18
5000	0.17	0.2	0.2	0	0	0.17
5100	0.16	0.18	0.18	0	0	0.16
5200	0.15	0.18	0.18	0	0	0.15
5300	0.15	0.18	0.18	0	0	0.15
5400	0.15	0.17	0.17	0	0	0.15
5500	0.15	0.17	0.17	0	0	0.15
5600	0.14	0.18	0.18	0	0	0.14
5700	0.15	0.16	0.16	0	0	0.15
5800	0.14	0.14	0.14	0	0	0.14
5900	0.14	0.14	0.14	0	0	0.14
6000	0.14	0.13	0.13	0	0	0.14
6100	0.15	0.14	0.14	0	0	0.15
6200	0.15	0.14	0.14	0	0	0.15
6300	0.14	0.15	0.15	0	0	0.14
6400	0.14	0.16	0.16	0	0	0.14
6500	0.13	0.17	0.17	0	0	0.13
6600	0.13	0.2	0.2	0	0	0.13
6700	0.12	0.2	0.2	0	0	0.12
6800	0.12	0.19	0.19	0	0	0.12
6900	0.11	0.19	0.19	0	0	0.11
7000	0.11	0.19	0.19	0	0	0.11
7100	0.11	0.2	0.2	0	0	0.11
7200	0.11	0.2	0.2	0	0	0.11
7300	0.11	0.2	0.2	0	0	0.11
7400	0.11	0.2	0.2	0	0	0.11
7500	0.11	0.18	0.18	0	0	0.11
7600	0.13	0.18	0.18	0	0	0.13
7700	0.13	0.18	0.18	0	0	0.13
7800	0.14	0.18	0.18	0	0	0.14
7900	0.13	0.18	0.18	0	0	0.13
8000	0.13	0.18	0.18	0	0	0.13
8100	0.13	0.15	0.15	0	0	0.13
8200	0.13	0.15	0.15	0	0	0.13
8300	0.15	0.15	0.15	0	0	0.15
8400	0.15	0.16	0.16	0	0	0.15
8500	0.16	0.16	0.16	0	0	0.16
8600	0.17	0.16	0.16	0	0	0.17
8700	0.17	0.15	0.15	0	0	0.17
8800	0.16	0.15	0.15	0	0	0.16
8900	0.17	0.15	0.15	0	0	0.17
9000	0.18	0.14	0.14	0	0	0.18
9100	0.18	0.15	0.15	0	0	0.18
9200	0.18	0.15	0.15	0	0	0.18
9300	0.19	0.14	0.14	0	0	0.19
9400	0.19	0.13	0.13	0	0	0.19
9500	0.18	0.13	0.13	0	0	0.18
9600	0.21	0.14	0.14	0	0	0.21
9700	0.19	0.14	0.14	0	0	0.19
9800	0.18	0.14	0.14	0	0	0.18
9900	0.18	0.14	0.14	0	0	0.18
10000	0.18	0.15	0.15	0	0	0.18
10100	0.18	0.16	0.16	0	0	0.18
10200	0.17	0.16	0.16	0	0	0.17
10300	0.17	0.17	0.17	0	0	0.17
10400	0.18	0.17	0.17	0	0	0.18
10500	0.18	0.19	0.19	0	0	0.18
10600	0.18	0.18	0.18	0	0	0.18
10700	0.18	0.19	0.19	0	0	0.18
10800	0.18	0.19	0.19	0	0	0.18
10900	0.18	0.21	0.21	0	0	0.18
11000	0.21	0.22	0.22	0	0	0.21
11100	0.19	0.2	0.2	0	0	0.19
11200	0.21	0.2	0.2	0	0	0.21
11300	0.2	0.2	0.2	0	0	0.2
11400	0.19	0.19	0.19	0	0	0.19
11500	0.19	0.19	0.19	0	0	0.19
11600	0.17	0.19	0.19	0	0	0.17
11700	0.18	0.19	0.19	0	0	0.18
11800	0.18	0.2	0.2	0	0	0.18
11900	0.17	0.2	0.2	0	0	0.17
12000	0.17	0.19	0.19	0	0	0.17
12100	0.17	0.2	0.2	0	0	0.17
12200	0.17	0.21	0.21	0	0	0.17
12300	0.17	0.21	0.21	0	0	0.17
12400	0.17	0.22	0.22	0	0	0.17
12500	0.17	0.22	0.22	0	0	0.17
12600	0.18	0.22	0.22	0	0	0.18
12700	0.19	0.22	0.22	0	0	0.19
12800	0.19	0.22	0.22	0	0	0.19
12900	0.19	0.22	0.22	0	0	0.19
13000	0.19	0.22	0.22	0	0	0.19
13100	0.2	0.22	0.22	0	0	0.2
13200	0.2	0.22	0.22	0	0	0.2
13300	0.21	0.23	0.23	0	0	0.21
13400	0.21	0.23	0.23	0	0	0.21
13500	0.21	0.24	0.24	0	0	0.21
13600	0.21	0.24	0.24	0	0	0.21
13700	0.21	0.24	0.24	0	0	0.21
13800	0.21	0.24	0.24	0	0	0.21
13900	0.21	0.24	0.24	0	0	0.21
14000	0.21	0.24	0.24	0	0	0.21
14100	0.21	0.24	0.24	0	0	0.21
14200	0.2	0.24	0.24	0	0	0.2
14300	0.2	0.24	0.24	0	0	0.2
14400	0.2	0.23	0.23	0	0	0.2
14500	0.2	0.23	0.23	0	0	0.2
14600	0.22	0.24	0.24	0	0	0.22
14700	0.23	0.25	0.25	0	0	0.23
14800	0.24	0.26	0.26	0	0	0.24
14900	0.23	0.24	0.24	0	0	0.23
15000	0.22	0.24	0.24	0	0	0.22
15100	0.22	0.24	0.24	0	0	0.22
15200	0.21	0.23	0.23	0	0	0.21
15300	0.22	0.22	0.22	0	0	0.22
15400	0.22	0.23	0.23	0	0	0.22
15500	0.22	0.24	0.24	0	0	0.22
15600	0.22	0.21	0.21	0	0	0.22
15700	0.22	0.22	0.22	0	0	0.22
15800	0.22	0.22	0.22	0	0	0.22
15900	0.24	0.21	0.21	0	0	0.24
16000	0.23	0.2	0.2	0	0	0.23
16100	0.24	0.2	0.2	0	0	0.24
16200	0.24	0.2	0.2	0	0	0.24
16300	0.24	0.22	0.22	0	0	0.24
16400	0.24	0.21	0.21	0	0	0.24
16500	0.26	0.21	0.21	0	0	0.26
16600	0.25	0.2	0.2	0	0	0.25
16700	0.25	0.21	0.21	0	0	0.25
16800	0.25	0.24	0.24	0	0	0.25
16900	0.25	0.21	0.21	0	0	0.25
17000	0.25	0.21	0.21	0	0	0.25
17100	0.27	0.21	0.21	0	0	0.27
17200	0.26	0.21	0.21	0	0	0.26
17300	0.25	0.21	0.21	0	0	0.25
17400	0.25	0.22	0.22	0	0	0.25
17500	0.26	0.22	0.22	0	0	0.26
17600	0.25	0.21	0.21	0	0	0.25
17700	0.25	0.21	0.21	0	0	0.25
17800	0.24	0.2	0.2	0	0	0.24
17900	0.24	0.19	0.19	0	0	0.24
18000	0.23	0.19	0.19	0	0	0.23
18100	0.24	0.18	0.18	0	0	0.24
18200	0.24	0.18	0.18	0	0	0.24
18300	0.24	0.19	0.19	0	0	0.24
18400	0.24	0.19	0.19	0	0	0.24
18500	0.24	0.19	0.19	0	0	0.24
18600	0.24	0.18	0.18	0	0	0.24
18700	0.24	0.17	0.17	0	0	0.24
18800	0.24	0.17	0.17	0	0	0.24
18900	0.25	0.16	0.16	0	0	0.25
19000	0.25	0.16	0.16	0	0	0.25
19100	0.25	0.16	0.16	0	0	0.25
19200	0.25	0.17	0.17	0	0	0.25
19300	0.25	0.18	0.18	0	0	0.25
19400	0.25	0.17	0.17	0	0	0.25
19500	0.25	0.17	0.17	0	0	0.25
19600	0.25	0.17	0.17	0	0	0.25
19700	0.25	0.17	0.17	0	0	0.25
19800	0.25	0.16	0.16	0	0	0.25
19900	0.24	0.17	0.17	0	0	0.24
20000	0.24	0.18	0.18	0	0	0.24
20100	0.24	0.19	0.19	0	0	0.24
20200	0.25	0.19	0.19	0	0	0.25
20300	0.25	0.19	0.19	0	0	0.25
20400	0.25	0.19	0.19	0	0	0.25
20500	0.25	0.2	0.2	0	0	0.25
20600	0.25	0.19	0.19	0	0	0.25
20700	0.26	0.19	0.19	0	0	0.26
20800	0.25	0.19	0.19	0	0	0.25
20900	0.25	0.19	0.19	0	0	0.25
21000	0.25	0.2	0.2	0	0	0.25
21100	0.25	0.2	0.2	0	0	0.25
21200	0.25	0.19	0.19	0	0	0.25
21300	0.25	0.19	0.19	0	0	0.25
21400	0.25	0.2	0.2	0	0	0.25
21500	0.24	0.19	0.19	0	0	0.24
21600	0.24	0.2	0.2	0	0	0.24
21700	0.25	0.19	0.19	0	0	0.25
21800	0.26	0.2	0.2	0	0	0.26
21900	0.26	0.21	0.21	0	0	0.26
22000	0.26	0.21	0.21	0	0	0.26
22100	0.26	0.2	0.2	0	0	0.26
22200	0.23	0.21	0.21	0	0	0.23
22300	0.23	0.21	0.21	0	0	0.23
22400	0.23	0.21	0.21	0	0	0.23
22500	0.23	0.22	0.22	0	0	0.23
22600	0.23	0.22	0.22	0	0	0.23
22700	0.23	0.22	0.22	0	0	0.23
22800	0.23	0.22	0.22	0	0	0.23
22900	0.24	0.22	0.22	0	0	0.24
23000	0.24	0.21	0.21	0	0	0.24
23100	0.23	0.22	0.22	0	0	0.23
23200	0.22	0.21	0.21	0	0	0.22
23300	0.22	0.21	0.21	0	0	0.22
23400	0.23	0.21	0.21	0	0	0.23
23500	0.24	0.2	0.2	0	0	0.24
23600	0.24	0.21	0.21	0	0	0.24
23700	0.25	0.21	0.21	0	0	0.25
23800	0.24	0.21	0.21	0	0	0.24
23900	0.24	0.21	0.21	0	0	0.24
24000	0.24	0.22	0.22	0	0	0.24
24100	0.25	0.22	0.22	0	0	0.25
24200	0.25	0.22	0.22	0	0	0.25
24300	0.26	0.23	0.23	0	0	0.26
24400	0.27	0.21	0.21	0	0	0.27
24500	0.27	0.22	0.22	0	0	0.27
24600	0.26	0.23	0.23	0	0	0.26
24700	0.25	0.24	0.24	0	0	0.25
24800	0.25	0.24	0.24	0	0	0.25
24900	0.25	0.24	0.24	0	0	0.25
25000	0.23	0.25	0.25	0	0	0.23
25100	0.23	0.25	0.25	0	0	0.23
25200	0.23	0.26	0.26	0	0	0.23
25300	0.24	0.26	0.26	0	0	0.24
25400	0.24	0.26	0.26	0	0	0.24
25500	0.25	0.28	0.28	0	0	0.25
25600	0.25	0.29	0.29	0	0	0.25
25700	0.25	0.29	0.29	0	0	0.25
25800	0.26	0.28	0.28	0	0	0.26
25900	0.26	0.28	0.28	0	0	0.26
26000	0.26	0.27	0.27	0	0	0.26
26100	0.24	0.27	0.27	0	0	0.24
26200	0.24	0.27	0.27	0	0	0.24
26300	0.24	0.27	0.27	0	0	0.24
26400	0.24	0.28	0.28	0	0	0.24
26500	0.25	0.26	0.26	0	0	0.25
26600	0.24	0.27	0.27	0	0	0.24
26700	0.24	0.26	0.26	0	0	0.24
26800	0.23	0.25	0.25	0	0	0.23
26900	0.23	0.26	0.26	0	0	0.23
27000	0.23	0.26	0.26	0	0	0.23
27100	0.23	0.26	0.26	0	0	0.23
27200	0.26	0.25	0.25	0	0	0.26
27300	0.26	0.24	0.24	0	0	0.26
27400	0.27	0.24	0.24	0	0	0.27
27500	0.27	0.24	0.24	0	0	0.27
27600	0.27	0.24	0.24	0	0	0.27
27700	0.27	0.24	0.24	0	0	0.27
27800	0.26	0.24	0.24	0	0	0.26
27900	0.26	0.24	0.24	0	0	0.26
28000	0.26	0.24	0.24	0	0	0.26
28100	0.26	0.24	0.24	0	0	0.26
28200	0.26	0.25	0.25	0	0	0.26
28300	0.26	0.26	0.26	0	0	0.26
28400	0.27	0.26	0.26	0	0	0.27
28500	0.26	0.26	0.26	0	0	0.26
28600	0.26	0.26	0.26	0	0	0.26
28700	0.26	0.25	0.25	0	0	0.26
28800	0.26	0.24	0.24	0	0	0.26
28900	0.27	0.24	0.24	0	0	0.27
29000	0.28	0.26	0.26	0	0	0.28
29100	0.28	0.27	0.27	0	0	0.28
29200	0.28	0.26	0.26	0	0	0.28
29300	0.28	0.26	0.26	0	0	0.28
29400	0.3	0.25	0.25	0	0	0.3
29500	0.3	0.25	0.25	0	0	0.3
29600	0.31	0.25	0.25	0	0	0.31
29700	0.32	0.25	0.25	0	0	0.32
29800	0.32	0.25	0.25	0	0	0.32
29900	0.31	0.25	0.25	0	0	0.31
30000	0.31	0.25	0.25	0	0	0.31
30100	0.31	0.25	0.25	0	0	0.31
30200	0.3	0.25	0.25	0	0	0.3
30300	0.3	0.25	0.25	0	0	0.3
30400	0.3	0.26	0.26	0	0	0.3
30500	0.3	0.25	0.25	0	0	0.3
30600	0.3	0.25	0.25	0	0	0.3
30700	0.32	0.25	0.25	0	0	0.32
30800	0.32	0.25	0.25	0	0	0.32
30900	0.32	0.25	0.25	0	0	0.32
31000	0.32	0.24	0.24	0	0	0.32
31100	0.31	0.25	0.25	0	0	0.31
31200	0.32	0.26	0.26	0	0	0.32
31300	0.32	0.26	0.26	0	0	0.32
31400	0.32	0.26	0.26	0	0	0.32
31500	0.32	0.27	0.27	0	0	0.32
31600	0.33	0.25	0.25	0	0	0.33
31700	0.33	0.24	0.24	0	0	0.33
31800	0.33	0.25	0.25	0	0	0.33
31900	0.32	0.25	0.25	0	0	0.32
32000	0.33	0.25	0.25	0	0	0.33
32100	0.33	0.25	0.25	0	0	0.33
32200	0.33	0.24	0.24	0	0	0.33
32300	0.33	0.24	0.24	0	0	0.33
32400	0.32	0.24	0.24	0	0	0.32
32500	0.32	0.25	0.25	0	0	0.32
32600	0.31	0.25	0.25	0	0	0.31
32700	0.29	0.25	0.25	0	0	0.29
32800	0.26	0.25	0.25	0	0	0.26
32900	0.26	0.25	0.25	0	0	0.26
33000	0.27	0.23	0.23	0	0	0.27
33100	0.27	0.23	0.23	0	0	0.27
33200	0.26	0.23	0.23	0	0	0.26
33300	0.25	0.23	0.23	0	0	0.25
33400	0.25	0.23	0.23	0	0	0.25
33500	0.26	0.24	0.24	0	0	0.26
33600	0.26	0.24	0.24	0	0	0.26
33700	0.26	0.24	0.24	0	0	0.26
33800	0.25	0.24	0.24	0	0	0.25
33900	0.26	0.24	0.24	0	0	0.26
34000	0.29	0.24	0.24	0	0	0.29
34100	0.29	0.24	0.24	0	0	0.29
34200	0.29	0.24	0.24	0	0	0.29
34300	0.29	0.25	0.25	0	0	0.29
34400	0.29	0.27	0.27	0	0	0.29
34500	0.31	0.27	0.27	0	0	0.31
34600	0.3	0.28	0.28	0	0	0.3
34700	0.29	0.28	0.28	0	0	0.29
34800	0.29	0.27	0.27	0	0	0.29
34900	0.29	0.27	0.27	0	0	0.29
35000	0.29	0.28	0.28	0	0	0.29
35100	0.3	0.3	0.3	0	0	0.3
35200	0.31	0.3	0.3	0	0	0.31
35300	0.32	0.29	0.29	0	0	0.32
35400	0.33	0.29	0.29	0	0	0.33
35500	0.33	0.29	0.29	0	0	0.33
35600	0.33	0.29	0.29	0	0	0.33
35700	0.32	0.28	0.28	0	0	0.32
35800	0.32	0.28	0.28	0	0	0.32
35900	0.31	0.28	0.28	0	0	0.31
36000	0.32	0.28	0.28	0	0	0.32
36100	0.33	0.28	0.28	0	0	0.33
36200	0.32	0.28	0.28	0	0	0.32
36300	0.32	0.28	0.28	0	0	0.32
36400	0.33	0.28	0.28	0	0	0.33
36500	0.33	0.28	0.28	0	0	0.33
36600	0.34	0.28	0.28	0	0	0.34
36700	0.34	0.29	0.29	0	0	0.34
36800	0.34	0.29	0.29	0	0	0.34
36900	0.33	0.29	0.29	0	0	0.33
37000	0.32	0.3	0.3	0	0	0.32
37100	0.33	0.3	0.3	0	0	0.33
37200	0.33	0.3	0.3	0	0	0.33
37300	0.34	0.31	0.31	0	0	0.34
37400	0.34	0.31	0.31	0	0	0.34
37500	0.34	0.31	0.31	0	0	0.34
37600	0.34	0.3	0.3	0	0	0.34
37700	0.34	0.31	0.31	0	0	0.34
37800	0.34	0.29	0.29	0	0	0.34
37900	0.35	0.31	0.31	0	0	0.35
38000	0.35	0.29	0.29	0	0	0.35
38100	0.34	0.28	0.28	0	0	0.34
38200	0.34	0.28	0.28	0	0	0.34
38300	0.34	0.29	0.29	0	0	0.34
38400	0.34	0.29	0.29	0	0	0.34
38500	0.34	0.28	0.28	0	0	0.34
38600	0.33	0.28	0.28	0	0	0.33
38700	0.34	0.29	0.29	0	0	0.34
38800	0.34	0.27	0.27	0	0	0.34
38900	0.34	0.28	0.28	0	0	0.34
39000	0.34	0.27	0.27	0	0	0.34
39100	0.34	0.27	0.27	0	0	0.34
39200	0.34	0.28	0.28	0	0	0.34
39300	0.36	0.28	0.28	0	0	0.36
39400	0.35	0.27	0.27	0	0	0.35
39500	0.35	0.27	0.27	0	0	0.35
39600	0.35	0.28	0.28	0	0	0.35
39700	0.35	0.3	0.3	0	0	0.35
39800	0.35	0.3	0.3	0	0	0.35
39900	0.35	0.3	0.3	0	0	0.35
40000	0.35	0.29	0.29	0	0	0.35
40100	0.35	0.28	0.28	0	0	0.35
40200	0.35	0.28	0.28	0	0	0.35
40300	0.35	0.28	0.28	0	0	0.35
40400	0.34	0.27	0.27	0	0	0.34
40500	0.33	0.27	0.27	0	0	0.33
40600	0.33	0.27	0.27	0	0	0.33
40700	0.33	0.27	0.27	0	0	0.33
40800	0.33	0.27	0.27	0	0	0.33
40900	0.33	0.29	0.29	0	0	0.33
41000	0.32	0.29	0.29	0	0	0.32
41100	0.32	0.29	0.29	0	0	0.32
41200	0.32	0.3	0.3	0	0	0.32
41300	0.33	0.3	0.3	0	0	0.33
41400	0.33	0.29	0.29	0	0	0.33
41500	0.35	0.29	0.29	0	0	0.35
41600	0.37	0.29	0.29	0	0	0.37
41700	0.36	0.29	0.29	0	0	0.36
41800	0.36	0.31	0.31	0	0	0.36
41900	0.36	0.31	0.31	0	0	0.36
42000	0.36	0.3	0.3	0	0	0.36
42100	0.36	0.3	0.3	0	0	0.36
42200	0.37	0.3	0.3	0	0	0.37
42300	0.37	0.3	0.3	0	0	0.37
42400	0.37	0.3	0.3	0	0	0.37
42500	0.37	0.29	0.29	0	0	0.37
42600	0.38	0.29	0.29	0	0	0.38
42700	0.38	0.29	0.29	0	0	0.38
42800	0.37	0.29	0.29	0	0	0.37
42900	0.37	0.3	0.3	0	0	0.37
43000	0.37	0.3	0.3	0	0	0.37
43100	0.37	0.29	0.29	0	0	0.37
43200	0.37	0.29	0.29	0	0	0.37
43300	0.37	0.29	0.29	0	0	0.37
43400	0.37	0.3	0.3	0	0	0.37
43500	0.37	0.3	0.3	0	0	0.37
43600	0.37	0.29	0.29	0	0	0.37
43700	0.39	0.29	0.29	0	0	0.39
43800	0.39	0.29	0.29	0	0	0.39
43900	0.39	0.29	0.29	0	0	0.39
44000	0.39	0.29	0.29	0	0	0.39
44100	0.39	0.3	0.3	0	0	0.39
44200	0.4	0.31	0.31	0	0	0.4
44300	0.4	0.31	0.31	0	0	0.4
44400	0.4	0.31	0.31	0	0	0.4
44500	0.4	0.31	0.31	0	0	0.4
44600	0.4	0.31	0.31	0	0	0.4
44700	0.4	0.31	0.31	0	0	0.4
44800	0.4	0.31	0.31	0	0	0.4
44900	0.39	0.31	0.31	0	0	0.39
45000	0.39	0.31	0.31	0	0	0.39
45100	0.39	0.31	0.31	0	0	0.39
45200	0.39	0.31	0.31	0	0	0.39
45300	0.39	0.31	0.31	0	0	0.39
45400	0.39	0.31	0.31	0	0	0.39
45500	0.39	0.31	0.31	0	0	0.39
45600	0.38	0.31	0.31	0	0	0.38
45700	0.38	0.31	0.31	0	0	0.38
45800	0.38	0.33	0.33	0	0	0.38
45900	0.39	0.34	0.34	0	0	0.39
46000	0.38	0.35	0.35	0	0	0.38
46100	0.38	0.36	0.36	0	0	0.38
46200	0.38	0.36	0.36	0	0	0.38
46300	0.38	0.36	0.36	0	0	0.38
46400	0.37	0.36	0.36	0	0	0.37
46500	0.37	0.36	0.36	0	0	0.37
46600	0.37	0.36	0.36	0	0	0.37
46700	0.37	0.36	0.36	0	0	0.37
46800	0.37	0.36	0.36	0	0	0.37
46900	0.38	0.36	0.36	0	0	0.38
47000	0.38	0.35	0.35	0	0	0.38
47100	0.39	0.35	0.35	0	0	0.39
47200	0.39	0.36	0.36	0	0	0.39
47300	0.39	0.37	0.37	0	0	0.39
47400	0.4	0.37	0.37	0	0	0.4
47500	0.4	0.37	0.37	0	0	0.4
47600	0.41	0.37	0.37	0	0	0.41
47700	0.42	0.37	0.37	0	0	0.42
47800	0.42	0.37	0.37	0	0	0.42
47900	0.42	0.37	0.37	0	0	0.42
48000	0.42	0.37	0.37	0	0	0.42
48100	0.43	0.39	0.39	0	0	0.43
48200	0.43	0.39	0.39	0	0	0.43
48300	0.43	0.38	0.38	0	0	0.43
48400	0.43	0.38	0.38	0	0	0.43
48500	0.43	0.38	0.38	0	0	0.43
48600	0.43	0.38	0.38	0	0	0.43
48700	0.43	0.38	0.38	0	0	0.43
48800	0.43	0.37	0.37	0	0	0.43
48900	0.43	0.37	0.37	0	0	0.43
49000	0.42	0.38	0.38	0	0	0.42
49100	0.42	0.38	0.38	0	0	0.42
49200	0.42	0.38	0.38	0	0	0.42
49300	0.42	0.38	0.38	0	0	0.42
49400	0.42	0.37	0.37	0	0	0.42
49500	0.42	0.37	0.37	0	0	0.42
49600	0.42	0.36	0.36	0	0	0.42
49700	0.42	0.36	0.36	0	0	0.42
49800	0.42	0.36	0.36	0	0	0.42
49900	0.42	0.36	0.36	0	0	0.42
50000	0.42	0.37	0.37	0	0	0.42
50100	0.42	0.37	0.37	0	0	0.42
50200	0.42	0.38	0.38	0	0	0.42
50300	0.42	0.38	0.38	0	0	0.42
50400	0.42	0.39	0.39	0	0	0.42
50500	0.42	0.38	0.38	0	0	0.42
50600	0.42	0.37	0.37	0	0	0.42
50700	0.42	0.37	0.37	0	0	0.42
50800	0.42	0.37	0.37	0	0	0.42
50900	0.42	0.38	0.38	0	0	0.42
51000	0.42	0.38	0.38	0	0	0.42
51100	0.42	0.38	0.38	0	0	0.42
51200	0.42	0.38	0.38	0	0	0.42
51300	0.42	0.38	0.38	0	0	0.42
51400	0.42	0.38	0.38	0	0	0.42
51500	0.42	0.38	0.38	0	0	0.42
51600	0.42	0.38	0.38	0	0	0.42
51700	0.42	0.38	0.38	0	0	0.42
51800	0.42	0.37	0.37	0	0	0.42
51900	0.42	0.37	0.37	0	0	0.42
52000	0.42	0.37	0.37	0	0	0.42
52100	0.42	0.37	0.37	0	0	0.42
52200	0.41	0.38	0.38	0	0	0.41
52300	0.41	0.38	0.38	0	0	0.41
52400	0.41	0.38	0.38	0	0	0.41
52500	0.41	0.38	0.38	0	0	0.41
52600	0.42	0.37	0.37	0	0	0.42
52700	0.42	0.37	0.37	0	0	0.42
52800	0.41	0.39	0.39	0	0	0.41
52900	0.41	0.4	0.4	0	0	0.41
53000	0.41	0.4	0.4	0	0	0.41
53100	0.41	0.38	0.38	0	0	0.41
53200	0.42	0.38	0.38	0	0	0.42
53300	0.42	0.38	0.38	0	0	0.42
53400	0.42	0.39	0.39	0	0	0.42
53500	0.42	0.39	0.39	0	0	0.42
53600	0.43	0.4	0.4	0	0	0.43
53700	0.44	0.4	0.4	0	0	0.44
53800	0.44	0.4	0.4	0	0	0.44
53900	0.44	0.4	0.4	0	0	0.44
54000	0.43	0.39	0.39	0	0	0.43
54100	0.43	0.39	0.39	0	0	0.43
54200	0.43	0.39	0.39	0	0	0.43
54300	0.43	0.39	0.39	0	0	0.43
54400	0.44	0.39	0.39	0	0	0.44
54500	0.44	0.39	0.39	0	0	0.44
54600	0.43	0.39	0.39	0	0	0.43
54700	0.43	0.39	0.39	0	0	0.43
54800	0.43	0.39	0.39	0	0	0.43
54900	0.43	0.39	0.39	0	0	0.43
55000	0.43	0.39	0.39	0	0	0.43
55100	0.42	0.39	0.39	0	0	0.42
55200	0.42	0.39	0.39	0	0	0.42
55300	0.42	0.4	0.4	0	0	0.42
55400	0.42	0.4	0.4	0	0	0.42
55500	0.43	0.4	0.4	0	0	0.43
55600	0.42	0.41	0.41	0	0	0.42
55700	0.42	0.41	0.41	0	0	0.42
55800	0.42	0.41	0.41	0	0	0.42
55900	0.42	0.42	0.42	0	0	0.42
56000	0.42	0.42	0.42	0	0	0.42
56100	0.42	0.43	0.43	0	0	0.42
56200	0.42	0.41	0.41	0	0	0.42
56300	0.42	0.41	0.41	0	0	0.42
56400	0.42	0.4	0.4	0	0	0.42
56500	0.42	0.4	0.4	0	0	0.42
56600	0.42	0.4	0.4	0	0	0.42
56700	0.42	0.4	0.4	0	0	0.42
56800	0.42	0.4	0.4	0	0	0.42
56900	0.42	0.4	0.4	0	0	0.42
57000	0.42	0.4	0.4	0	0	0.42
57100	0.41	0.4	0.4	0	0	0.41
57200	0.41	0.4	0.4	0	0	0.41
57300	0.42	0.4	0.4	0	0	0.42
57400	0.42	0.4	0.4	0	0	0.42
57500	0.42	0.4	0.4	0	0	0.42
57600	0.42	0.4	0.4	0	0	0.42
57700	0.42	0.4	0.4	0	0	0.42
57800	0.42	0.4	0.4	0	0	0.42
57900	0.42	0.4	0.4	0	0	0.42
58000	0.42	0.4	0.4	0	0	0.42
58100	0.42	0.4	0.4	0	0	0.42
58200	0.42	0.4	0.4	0	0	0.42
58300	0.42	0.4	0.4	0	0	0.42
58400	0.42	0.4	0.4	0	0	0.42
58500	0.42	0.4	0.4	0	0	0.42
58600	0.42	0.4	0.4	0	0	0.42
58700	0.42	0.41	0.41	0	0	0.42
58800	0.42	0.42	0.42	0	0	0.42
58900	0.42	0.41	0.41	0	0	0.42
59000	0.42	0.41	0.41	0	0	0.42
59100	0.42	0.42	0.42	0	0	0.42
59200	0.42	0.42	0.42	0	0	0.42
59300	0.42	0.42	0.42	0	0	0.42
59400	0.42	0.42	0.42	0	0	0.42
59500	0.42	0.42	0.42	0	0	0.42
59600	0.42	0.42	0.42	0	0	0.42
59700	0.42	0.42	0.42	0	0	0.42
59800	0.42	0.42	0.42	0	0	0.42
59900	0.42	0.42	0.42	0	0	0.42
60000	0.42	0.41	0.41	0	0	0.42
60100	0.42	0.41	0.41	0	0	0.42
60200	0.42	0.42	0.42	0	0	0.42
60300	0.42	0.43	0.43	0	0	0.42
60400	0.42	0.43	0.43	0	0	0.42
60500	0.42	0.43	0.43	0	0	0.42
60600	0.42	0.43	0.43	0	0	0.42
60700	0.42	0.44	0.44	0	0	0.42
60800	0.42	0.43	0.43	0	0	0.42
60900	0.42	0.43	0.43	0	0	0.42
61000	0.42	0.42	0.42	0	0	0.42
61100	0.42	0.42	0.42	0	0	0.42
61200	0.43	0.42	0.42	0	0	0.43
61300	0.43	0.42	0.42	0	0	0.43
61400	0.43	0.42	0.42	0	0	0.43
61500	0.44	0.42	0.42	0	0	0.44
61600	0.44	0.42	0.42	0	0	0.44
61700	0.44	0.42	0.42	0	0	0.44
61800	0.43	0.42	0.42	0	0	0.43
61900	0.43	0.42	0.42	0	0	0.43
62000	0.43	0.42	0.42	0	0	0.43
62100	0.43	0.42	0.42	0	0	0.43
62200	0.43	0.42	0.42	0	0	0.43
62300	0.43	0.42	0.42	0	0	0.43
62400	0.43	0.42	0.42	0	0	0.43
62500	0.43	0.42	0.42	0	0	0.43
62600	0.43	0.43	0.43	0	0	0.43
62700	0.43	0.43	0.43	0	0	0.43
62800	0.43	0.43	0.43	0	0	0.43
62900	0.43	0.43	0.43	0	0	0.43
63000	0.43	0.43	0.43	0	0	0.43
63100	0.44	0.43	0.43	0	0	0.44
63200	0.44	0.43	0.43	0	0	0.44
63300	0.44	0.42	0.42	0	0	0.44
63400	0.44	0.42	0.42	0	0	0.44
63500	0.45	0.42	0.42	0	0	0.45
63600	0.45	0.42	0.42	0	0	0.45
63700	0.45	0.42	0.42	0	0	0.45
63800	0.45	0.42	0.42	0	0	0.45
63900	0.45	0.42	0.42	0	0	0.45
64000	0.46	0.44	0.44	0	0	0.46
64100	0.46	0.43	0.43	0	0	0.46
64200	0.46	0.43	0.43	0	0	0.46
64300	0.46	0.43	0.43	0	0	0.46
64400	0.47	0.43	0.43	0	0	0.47
64500	0.47	0.42	0.42	0	0	0.47
64600	0.47	0.42	0.42	0	0	0.47
64700	0.47	0.42	0.42	0	0	0.47
64800	0.47	0.43	0.43	0	0	0.47
64900	0.47	0.43	0.43	0	0	0.47
65000	0.47	0.43	0.43	0	0	0.47
65100	0.47	0.43	0.43	0	0	0.47
65200	0.46	0.43	0.43	0	0	0.46
65300	0.46	0.43	0.43	0	0	0.46
65400	0.46	0.43	0.43	0	0	0.46
65500	0.46	0.43	0.43	0	0	0.46
65600	0.46	0.43	0.43	0	0	0.46
65700	0.46	0.43	0.43	0	0	0.46
65800	0.46	0.43	0.43	0	0	0.46
65900	0.46	0.43	0.43	0	0	0.46
66000	0.46	0.43	0.43	0	0	0.46
66100	0.47	0.43	0.43	0	0	0.47
66200	0.47	0.43	0.43	0	0	0.47
66300	0.47	0.43	0.43	0	0	0.47
66400	0.46	0.43	0.43	0	0	0.46
66500	0.46	0.43	0.43	0	0	0.46
66600	0.46	0.43	0.43	0	0	0.46
66700	0.46	0.43	0.43	0	0	0.46
66800	0.46	0.44	0.44	0	0	0.46
66900	0.46	0.44	0.44	0	0	0.46
67000	0.46	0.44	0.44	0	0	0.46
67100	0.46	0.44	0.44	0	0	0.46
67200	0.46	0.44	0.44	0	0	0.46
67300	0.46	0.44	0.44	0	0	0.46
67400	0.46	0.44	0.44	0	0	0.46
67500	0.46	0.44	0.44	0	0	0.46
67600	0.46	0.44	0.44	0	0	0.46
67700	0.46	0.43	0.43	0	0	0.46
67800	0.46	0.43	0.43	0	0	0.46
67900	0.46	0.43	0.43	0	0	0.46
68000	0.46	0.43	0.43	0	0	0.46
68100	0.46	0.43	0.43	0	0	0.46
68200	0.46	0.43	0.43	0	0	0.46
68300	0.46	0.44	0.44	0	0	0.46
68400	0.46	0.43	0.43	0	0	0.46
68500	0.46	0.43	0.43	0	0	0.46
68600	0.46	0.43	0.43	0	0	0.46
68700	0.46	0.43	0.43	0	0	0.46
68800	0.46	0.43	0.43	0	0	0.46
68900	0.46	0.43	0.43	0	0	0.46
69000	0.46	0.43	0.43	0	0	0.46
69100	0.46	0.43	0.43	0	0	0.46
69200	0.46	0.44	0.44	0	0	0.46
69300	0.46	0.44	0.44	0	0	0.46
69400	0.46	0.44	0.44	0	0	0.46
69500	0.46	0.43	0.43	0	0	0.46
69600	0.46	0.44	0.44	0	0	0.46
69700	0.46	0.44	0.44	0	0	0.46
69800	0.46	0.44	0.44	0	0	0.46
69900	0.46	0.44	0.44	0	0	0.46
70000	0.46	0.44	0.44	0	0	0.46
70100	0.46	0.44	0.44	0	0	0.46
70200	0.46	0.44	0.44	0	0	0.46
70300	0.46	0.44	0.44	0	0	0.46
70400	0.46	0.44	0.44	0	0	0.46
70500	0.46	0.44	0.44	0	0	0.46
70600	0.46	0.44	0.44	0	0	0.46
70700	0.46	0.44	0.44	0	0	0.46
70800	0.46	0.44	0.44	0	0	0.46
70900	0.46	0.44	0.44	0	0	0.46
71000	0.46	0.45	0.45	0	0	0.46
71100	0.46	0.45	0.45	0	0	0.46
71200	0.46	0.45	0.45	0	0	0.46
71300	0.46	0.44	0.44	0	0	0.46
71400	0.46	0.43	0.43	0	0	0.46
71500	0.47	0.44	0.44	0	0	0.47
71600	0.47	0.44	0.44	0	0	0.47
71700	0.47	0.43	0.43	0	0	0.47
71800	0.47	0.43	0.43	0	0	0.47
71900	0.47	0.43	0.43	0	0	0.47
72000	0.47	0.43	0.43	0	0	0.47
72100	0.47	0.42	0.42	0	0	0.47
72200	0.47	0.42	0.42	0	0	0.47
72300	0.47	0.42	0.42	0	0	0.47
72400	0.46	0.42	0.42	0	0	0.46
72500	0.46	0.42	0.42	0	0	0.46
72600	0.46	0.43	0.43	0	0	0.46
72700	0.46	0.43	0.43	0	0	0.46
72800	0.47	0.43	0.43	0	0	0.47
72900	0.47	0.43	0.43	0	0	0.47
73000	0.47	0.43	0.43	0	0	0.47
73100	0.47	0.43	0.43	0	0	0.47
73200	0.45	0.43	0.43	0	0	0.45
73300	0.45	0.43	0.43	0	0	0.45
73400	0.45	0.43	0.43	0	0	0.45
73500	0.45	0.43	0.43	0	0	0.45
73600	0.45	0.43	0.43	0	0	0.45
73700	0.45	0.43	0.43	0	0	0.45
73800	0.45	0.44	0.44	0	0	0.45
73900	0.45	0.44	0.44	0	0	0.45
74000	0.45	0.44	0.44	0	0	0.45
74100	0.45	0.44	0.44	0	0	0.45
74200	0.45	0.44	0.44	0	0	0.45
74300	0.45	0.44	0.44	0	0	0.45
74400	0.45	0.44	0.44	0	0	0.45
74500	0.45	0.44	0.44	0	0	0.45
74600	0.45	0.44	0.44	0	0	0.45
74700	0.45	0.43	0.43	0	0	0.45
74800	0.45	0.43	0.43	0	0	0.45
74900	0.45	0.43	0.43	0	0	0.45
75000	0.45	0.43	0.43	0	0	0.45
75100	0.45	0.43	0.43	0	0	0.45
75200	0.45	0.43	0.43	0	0	0.45
75300	0.45	0.43	0.43	0	0	0.45
75400	0.45	0.44	0.44	0	0	0.45
75500	0.45	0.44	0.44	0	0	0.45
75600	0.45	0.44	0.44	0	0	0.45
75700	0.45	0.44	0.44	0	0	0.45
75800	0.45	0.44	0.44	0	0	0.45
75900	0.45	0.44	0.44	0	0	0.45
76000	0.45	0.44	0.44	0	0	0.45
76100	0.46	0.43	0.43	0	0	0.46
76200	0.46	0.43	0.43	0	0	0.46
76300	0.46	0.43	0.43	0	0	0.46
76400	0.46	0.44	0.44	0	0	0.46
76500	0.46	0.43	0.43	0	0	0.46
76600	0.46	0.43	0.43	0	0	0.46
76700	0.46	0.43	0.43	0	0	0.46
76800	0.47	0.43	0.43	0	0	0.47
76900	0.46	0.43	0.43	0	0	0.46
77000	0.46	0.44	0.44	0	0	0.46
77100	0.46	0.44	0.44	0	0	0.46
77200	0.46	0.44	0.44	0	0	0.46
77300	0.46	0.44	0.44	0	0	0.46
77400	0.46	0.44	0.44	0	0	0.46
77500	0.47	0.44	0.44	0	0	0.47
77600	0.47	0.44	0.44	0	0	0.47
77700	0.46	0.44	0.44	0	0	0.46
77800	0.46	0.44	0.44	0	0	0.46
77900	0.45	0.44	0.44	0	0	0.45
78000	0.45	0.44	0.44	0	0	0.45
78100	0.46	0.44	0.44	0	0	0.46
78200	0.46	0.44	0.44	0	0	0.46
78300	0.46	0.44	0.44	0	0	0.46
78400	0.46	0.44	0.44	0	0	0.46
78500	0.46	0.44	0.44	0	0	0.46
78600	0.46	0.44	0.44	0	0	0.46
78700	0.46	0.44	0.44	0	0	0.46
78800	0.47	0.44	0.44	0	0	0.47
78900	0.46	0.44	0.44	0	0	0.46
79000	0.46	0.44	0.44	0	0	0.46
79100	0.46	0.44	0.44	0	0	0.46
79200	0.46	0.44	0.44	0	0	0.46
79300	0.47	0.44	0.44	0	0	0.47
79400	0.47	0.44	0.44	0	0	0.47
79500	0.47	0.44	0.44	0	0	0.47
79600	0.47	0.44	0.44	0	0	0.47
79700	0.47	0.43	0.43	0	0	0.47
79800	0.47	0.44	0.44	0	0	0.47
79900	0.47	0.44	0.44	0	0	0.47
80000	0.47	0.45	0.45	0	0	0.47
80100	0.47	0.42	0.42	0	0	0.47
80200	0.48	0.42	0.42	0	0	0.48
80300	0.48	0.42	0.42	0	0	0.48
80400	0.48	0.41	0.41	0	0	0.48
80500	0.48	0.41	0.41	0	0	0.48
80600	0.48	0.41	0.41	0	0	0.48
80700	0.48	0.41	0.41	0	0	0.48
80800	0.48	0.41	0.41	0	0	0.48
80900	0.48	0.41	0.41	0	0	0.48
81000	0.48	0.42	0.42	0	0	0.48
81100	0.48	0.42	0.42	0	0	0.48
81200	0.48	0.42	0.42	0	0	0.48
81300	0.48	0.42	0.42	0	0	0.48
81400	0.48	0.42	0.42	0	0	0.48
81500	0.49	0.42	0.42	0	0	0.49
81600	0.49	0.42	0.42	0	0	0.49
81700	0.48	0.42	0.42	0	0	0.48
81800	0.48	0.42	0.42	0	0	0.48
81900	0.48	0.42	0.42	0	0	0.48
82000	0.48	0.43	0.43	0	0	0.48
82100	0.48	0.43	0.43	0	0	0.48
82200	0.49	0.43	0.43	0	0	0.49
82300	0.49	0.43	0.43	0	0	0.49
82400	0.49	0.43	0.43	0	0	0.49
82500	0.49	0.43	0.43	0	0	0.49
82600	0.49	0.43	0.43	0	0	0.49
82700	0.49	0.43	0.43	0	0	0.49
82800	0.49	0.43	0.43	0	0	0.49
82900	0.49	0.42	0.42	0	0	0.49
83000	0.49	0.41	0.41	0	0	0.49
83100	0.49	0.41	0.41	0	0	0.49
83200	0.49	0.41	0.41	0	0	0.49
83300	0.49	0.41	0.41	0	0	0.49
83400	0.49	0.41	0.41	0	0	0.49
83500	0.49	0.41	0.41	0	0	0.49
83600	0.49	0.41	0.41	0	0	0.49
83700	0.49	0.41	0.41	0	0	0.49
83800	0.49	0.41	0.41	0	0	0.49
83900	0.49	0.41	0.41	0	0	0.49
84000	0.49	0.41	0.41	0	0	0.49
84100	0.49	0.41	0.41	0	0	0.49
84200	0.49	0.41	0.41	0	0	0.49
84300	0.49	0.41	0.41	0	0	0.49
84400	0.49	0.41	0.41	0	0	0.49
84500	0.49	0.41	0.41	0	0	0.49
84600	0.49	0.41	0.41	0	0	0.49
84700	0.49	0.41	0.41	0	0	0.49
84800	0.49	0.41	0.41	0	0	0.49
84900	0.49	0.41	0.41	0	0	0.49
85000	0.49	0.41	0.41	0	0	0.49
85100	0.49	0.41	0.41	0	0	0.49
85200	0.49	0.41	0.41	0	0	0.49
85300	0.49	0.41	0.41	0	0	0.49
85400	0.49	0.41	0.41	0	0	0.49
85500	0.5	0.41	0.41	0	0	0.5
85600	0.5	0.41	0.41	0	0	0.5
85700	0.5	0.41	0.41	0	0	0.5
85800	0.5	0.41	0.41	0	0	0.5
85900	0.5	0.41	0.41	0	0	0.5
86000	0.5	0.41	0.41	0	0	0.5
86100	0.5	0.41	0.41	0	0	0.5
86200	0.5	0.4	0.4	0	0	0.5
86300	0.5	0.4	0.4	0	0	0.5
86400	0.5	0.4	0.4	0	0	0.5
86500	0.5	0.4	0.4	0	0	0.5
86600	0.5	0.4	0.4	0	0	0.5
86700	0.5	0.41	0.41	0	0	0.5
86800	0.49	0.41	0.41	0	0	0.49
86900	0.5	0.42	0.42	0	0	0.5
87000	0.5	0.42	0.42	0	0	0.5
87100	0.49	0.42	0.42	0	0	0.49
87200	0.49	0.42	0.42	0	0	0.49
87300	0.49	0.42	0.42	0	0	0.49
87400	0.49	0.42	0.42	0	0	0.49
87500	0.49	0.42	0.42	0	0	0.49
87600	0.49	0.42	0.42	0	0	0.49
87700	0.49	0.42	0.42	0	0	0.49
87800	0.48	0.42	0.42	0	0	0.48
87900	0.48	0.42	0.42	0	0	0.48
88000	0.48	0.42	0.42	0	0	0.48
88100	0.48	0.42	0.42	0	0	0.48
88200	0.48	0.42	0.42	0	0	0.48
88300	0.48	0.42	0.42	0	0	0.48
88400	0.48	0.42	0.42	0	0	0.48
88500	0.48	0.42	0.42	0	0	0.48
88600	0.48	0.42	0.42	0	0	0.48
88700	0.48	0.42	0.42	0	0	0.48
88800	0.48	0.42	0.42	0	0	0.48
88900	0.48	0.42	0.42	0	0	0.48
89000	0.48	0.42	0.42	0	0	0.48
89100	0.48	0.42	0.42	0	0	0.48
89200	0.48	0.41	0.41	0	0	0.48
89300	0.48	0.41	0.41	0	0	0.48
89400	0.48	0.41	0.41	0	0	0.48
89500	0.48	0.41	0.41	0	0	0.48
89600	0.48	0.41	0.41	0	0	0.48
89700	0.48	0.42	0.42	0	0	0.48
89800	0.48	0.42	0.42	0	0	0.48
89900	0.48	0.41	0.41	0	0	0.48
90000	0.48	0.41	0.41	0	0	0.48
90100	0.48	0.41	0.41	0	0	0.48
90200	0.48	0.41	0.41	0	0	0.48
90300	0.48	0.41	0.41	0	0	0.48
90400	0.48	0.41	0.41	0	0	0.48
90500	0.48	0.41	0.41	0	0	0.48
90600	0.48	0.41	0.41	0	0	0.48
90700	0.48	0.41	0.41	0	0	0.48
90800	0.48	0.4	0.4	0	0	0.48
90900	0.48	0.4	0.4	0	0	0.48
91000	0.48	0.4	0.4	0	0	0.48
91100	0.48	0.39	0.39	0	0	0.48
91200	0.48	0.39	0.39	0	0	0.48
91300	0.48	0.39	0.39	0	0	0.48
91400	0.48	0.39	0.39	0	0	0.48
91500	0.48	0.39	0.39	0	0	0.48
91600	0.48	0.38	0.38	0	0	0.48
91700	0.48	0.38	0.38	0	0	0.48
91800	0.48	0.38	0.38	0	0	0.48
91900	0.48	0.37	0.37	0	0	0.48
92000	0.48	0.37	0.37	0	0	0.48
92100	0.49	0.36	0.36	0	0	0.49
92200	0.48	0.36	0.36	0	0	0.48
92300	0.48	0.36	0.36	0	0	0.48
92400	0.48	0.36	0.36	0	0	0.48
92500	0.48	0.37	0.37	0	0	0.48
92600	0.48	0.37	0.37	0	0	0.48
92700	0.48	0.37	0.37	0	0	0.48
92800	0.48	0.38	0.38	0	0	0.48
92900	0.48	0.38	0.38	0	0	0.48
93000	0.48	0.38	0.38	0	0	0.48
93100	0.48	0.38	0.38	0	0	0.48
93200	0.48	0.38	0.38	0	0	0.48
93300	0.47	0.38	0.38	0	0	0.47
93400	0.47	0.38	0.38	0	0	0.47
93500	0.47	0.38	0.38	0	0	0.47
93600	0.47	0.38	0.38	0	0	0.47
93700	0.47	0.38	0.38	0	0	0.47
93800	0.47	0.38	0.38	0	0	0.47
93900	0.48	0.38	0.38	0	0	0.48
94000	0.49	0.38	0.38	0	0	0.49
94100	0.48	0.38	0.38	0	0	0.48
94200	0.48	0.37	0.37	0	0	0.48
94300	0.49	0.37	0.37	0	0	0.49
94400	0.48	0.37	0.37	0	0	0.48
94500	0.49	0.37	0.37	0	0	0.49
94600	0.49	0.37	0.37	0	0	0.49
94700	0.49	0.39	0.39	0	0	0.49
94800	0.49	0.39	0.39	0	0	0.49
94900	0.49	0.38	0.38	0	0	0.49
95000	0.49	0.38	0.38	0	0	0.49
95100	0.48	0.38	0.38	0	0	0.48
95200	0.48	0.38	0.38	0	0	0.48
95300	0.48	0.39	0.39	0	0	0.48
95400	0.48	0.39	0.39	0	0	0.48
95500	0.48	0.38	0.38	0	0	0.48
95600	0.48	0.39	0.39	0	0	0.48
95700	0.48	0.38	0.38	0	0	0.48
95800	0.48	0.38	0.38	0	0	0.48
95900	0.48	0.38	0.38	0	0	0.48
96000	0.48	0.38	0.38	0	0	0.48
96100	0.48	0.38	0.38	0	0	0.48
96200	0.48	0.38	0.38	0	0	0.48
96300	0.48	0.38	0.38	0	0	0.48
96400	0.48	0.38	0.38	0	0	0.48
96500	0.47	0.38	0.38	0	0	0.47
96600	0.47	0.38	0.38	0	0	0.47
96700	0.47	0.38	0.38	0	0	0.47
96800	0.47	0.39	0.39	0	0	0.47
96900	0.47	0.39	0.39	0	0	0.47
97000	0.47	0.4	0.4	0	0	0.47
97100	0.47	0.39	0.39	0	0	0.47
97200	0.47	0.39	0.39	0	0	0.47
97300	0.47	0.39	0.39	0	0	0.47
97400	0.47	0.39	0.39	0	0	0.47
97500	0.47	0.38	0.38	0	0	0.47
97600	0.47	0.37	0.37	0	0	0.47
97700	0.48	0.37	0.37	0	0	0.48
97800	0.48	0.37	0.37	0	0	0.48
97900	0.48	0.38	0.38	0	0	0.48
98000	0.48	0.38	0.38	0	0	0.48
98100	0.48	0.37	0.37	0	0	0.48
98200	0.48	0.37	0.37	0	0	0.48
98300	0.48	0.37	0.37	0	0	0.48
98400	0.48	0.37	0.37	0	0	0.48
98500	0.48	0.37	0.37	0	0	0.48
98600	0.49	0.37	0.37	0	0	0.49
98700	0.49	0.37	0.37	0	0	0.49
98800	0.5	0.37	0.37	0	0	0.5
98900	0.5	0.37	0.37	0	0	0.5
99000	0.5	0.37	0.37	0	0	0.5
99100	0.49	0.37	0.37	0	0	0.49
99200	0.49	0.37	0.37	0	0	0.49
99300	0.49	0.37	0.37	0	0	0.49
99400	0.49	0.37	0.37	0	0	0.49
99500	0.49	0.37	0.37	0	0	0.49
99600	0.49	0.37	0.37	0	0	0.49
99700	0.49	0.37	0.37	0	0	0.49
99800	0.49	0.37	0.37	0	0	0.49
99900	0.49	0.37	0.37	0	0	0.49
100000	0.49	0.37	0.37	0	0	0.49
100100	0.49	0.37	0.37	0	0	0.49
100200	0.49	0.38	0.38	0	0	0.49
100300	0.49	0.38	0.38	0	0	0.49
100400	0.49	0.38	0.38	0	0	0.49
100500	0.49	0.37	0.37	0	0	0.49
100600	0.49	0.37	0.37	0	0	0.49
100700	0.49	0.37	0.37	0	0	0.49
100800	0.49	0.35	0.35	0	0	0.49
100900	0.49	0.35	0.35	0	0	0.49
101000	0.49	0.35	0.35	0	0	0.49
101100	0.49	0.35	0.35	0	0	0.49
101200	0.48	0.35	0.35	0	0	0.48
101300	0.48	0.36	0.36	0	0	0.48
101400	0.48	0.37	0.37	0	0	0.48
101500	0.48	0.37	0.37	0	0	0.48
101600	0.48	0.36	0.36	0	0	0.48
101700	0.48	0.36	0.36	0	0	0.48
101800	0.48	0.36	0.36	0	0	0.48
101900	0.48	0.36	0.36	0	0	0.48
102000	0.48	0.36	0.36	0	0	0.48
102100	0.48	0.36	0.36	0	0	0.48
102200	0.48	0.36	0.36	0	0	0.48
102300	0.48	0.36	0.36	0	0	0.48
102400	0.48	0.36	0.36	0	0	0.48
102500	0.48	0.36	0.36	0	0	0.48
102600	0.48	0.36	0.36	0	0	0.48
102700	0.48	0.36	0.36	0	0	0.48
102800	0.48	0.36	0.36	0	0	0.48
102900	0.48	0.36	0.36	0	0	0.48
103000	0.48	0.36	0.36	0	0	0.48
103100	0.48	0.36	0.36	0	0	0.48
103200	0.48	0.36	0.36	0	0	0.48
103300	0.48	0.36	0.36	0	0	0.48
103400	0.48	0.36	0.36	0	0	0.48
103500	0.48	0.35	0.35	0	0	0.48
103600	0.48	0.35	0.35	0	0	0.48
103700	0.48	0.36	0.36	0	0	0.48
103800	0.48	0.37	0.37	0	0	0.48
103900	0.48	0.38	0.38	0	0	0.48
104000	0.49	0.39	0.39	0	0	0.49
104100	0.49	0.39	0.39	0	0	0.49
104200	0.49	0.39	0.39	0	0	0.49
104300	0.49	0.38	0.38	0	0	0.49
104400	0.49	0.38	0.38	0	0	0.49
104500	0.49	0.38	0.38	0	0	0.49
104600	0.49	0.38	0.38	0	0	0.49
104700	0.49	0.38	0.38	0	0	0.49
104800	0.49	0.38	0.38	0	0	0.49
104900	0.49	0.38	0.38	0	0	0.49
105000	0.49	0.38	0.38	0	0	0.49
105100	0.49	0.38	0.38	0	0	0.49
105200	0.49	0.38	0.38	0	0	0.49
105300	0.49	0.39	0.39	0	0	0.49
105400	0.49	0.39	0.39	0	0	0.49
105500	0.49	0.39	0.39	0	0	0.49
105600	0.49	0.39	0.39	0	0	0.49
105700	0.49	0.38	0.38	0	0	0.49
105800	0.49	0.39	0.39	0	0	0.49
105900	0.49	0.39	0.39	0	0	0.49
106000	0.49	0.39	0.39	0	0	0.49
106100	0.49	0.39	0.39	0	0	0.49
106200	0.49	0.39	0.39	0	0	0.49
106300	0.49	0.4	0.4	0	0	0.49
106400	0.49	0.4	0.4	0	0	0.49
106500	0.49	0.4	0.4	0	0	0.49
106600	0.49	0.4	0.4	0	0	0.49
106700	0.49	0.4	0.4	0	0	0.49
106800	0.49	0.4	0.4	0	0	0.49
106900	0.49	0.4	0.4	0	0	0.49
107000	0.49	0.4	0.4	0	0	0.49
107100	0.49	0.4	0.4	0	0	0.49
107200	0.5	0.4	0.4	0	0	0.5
107300	0.5	0.4	0.4	0	0	0.5
107400	0.5	0.4	0.4	0	0	0.5
107500	0.5	0.4	0.4	0	0	0.5
107600	0.5	0.4	0.4	0	0	0.5
107700	0.5	0.4	0.4	0	0	0.5
107800	0.5	0.4	0.4	0	0	0.5
107900	0.5	0.39	0.39	0	0	0.5
108000	0.5	0.39	0.39	0	0	0.5
108100	0.5	0.39	0.39	0	0	0.5
108200	0.5	0.39	0.39	0	0	0.5
108300	0.5	0.39	0.39	0	0	0.5
108400	0.51	0.39	0.39	0	0	0.51
108500	0.51	0.39	0.39	0	0	0.51
108600	0.51	0.39	0.39	0	0	0.51
108700	0.51	0.39	0.39	0	0	0.51
108800	0.5	0.39	0.39	0	0	0.5
108900	0.5	0.39	0.39	0	0	0.5
109000	0.5	0.39	0.39	0	0	0.5
109100	0.5	0.39	0.39	0	0	0.5
109200	0.5	0.39	0.39	0	0	0.5
109300	0.5	0.39	0.39	0	0	0.5
109400	0.5	0.39	0.39	0	0	0.5
109500	0.5	0.39	0.39	0	0	0.5
109600	0.5	0.39	0.39	0	0	0.5
109700	0.5	0.39	0.39	0	0	0.5
109800	0.5	0.39	0.39	0	0	0.5
109900	0.5	0.39	0.39	0	0	0.5
110000	0.5	0.39	0.39	0	0	0.5
110100	0.5	0.39	0.39	0	0	0.5
110200	0.5	0.39	0.39	0	0	0.5
110300	0.5	0.39	0.39	0	0	0.5
110400	0.49	0.39	0.39	0	0	0.49
110500	0.49	0.39	0.39	0	0	0.49
110600	0.49	0.4	0.4	0	0	0.49
110700	0.49	0.4	0.4	0	0	0.49
110800	0.49	0.39	0.39	0	0	0.49
110900	0.49	0.38	0.38	0	0	0.49
111000	0.5	0.38	0.38	0	0	0.5
111100	0.5	0.39	0.39	0	0	0.5
111200	0.5	0.39	0.39	0	0	0.5
111300	0.5	0.39	0.39	0	0	0.5
111400	0.5	0.39	0.39	0	0	0.5
111500	0.5	0.4	0.4	0	0	0.5
111600	0.5	0.39	0.39	0	0	0.5
111700	0.5	0.39	0.39	0	0	0.5
111800	0.5	0.39	0.39	0	0	0.5
111900	0.5	0.39	0.39	0	0	0.5
112000	0.5	0.38	0.38	0	0	0.5
112100	0.5	0.38	0.38	0	0	0.5
112200	0.5	0.39	0.39	0	0	0.5
112300	0.5	0.39	0.39	0	0	0.5
112400	0.5	0.39	0.39	0	0	0.5
112500	0.5	0.39	0.39	0	0	0.5
112600	0.5	0.39	0.39	0	0	0.5
112700	0.5	0.39	0.39	0	0	0.5
112800	0.5	0.39	0.39	0	0	0.5
112900	0.5	0.39	0.39	0	0	0.5
113000	0.5	0.39	0.39	0	0	0.5
113100	0.5	0.39	0.39	0	0	0.5
113200	0.5	0.39	0.39	0	0	0.5
113300	0.5	0.38	0.38	0	0	0.5
113400	0.5	0.38	0.38	0	0	0.5
113500	0.5	0.38	0.38	0	0	0.5
113600	0.5	0.38	0.38	0	0	0.5
113700	0.5	0.38	0.38	0	0	0.5
113800	0.5	0.38	0.38	0	0	0.5
113900	0.5	0.38	0.38	0	0	0.5
114000	0.5	0.38	0.38	0	0	0.5
114100	0.5	0.38	0.38	0	0	0.5
114200	0.5	0.39	0.39	0	0	0.5
114300	0.5	0.39	0.39	0	0	0.5
114400	0.5	0.39	0.39	0	0	0.5
114500	0.5	0.4	0.4	0	0	0.5
114600	0.5	0.4	0.4	0	0	0.5
114700	0.5	0.4	0.4	0	0	0.5
114800	0.5	0.4	0.4	0	0	0.5
114900	0.5	0.39	0.39	0	0	0.5
115000	0.5	0.39	0.39	0	0	0.5
115100	0.5	0.39	0.39	0	0	0.5
115200	0.5	0.39	0.39	0	0	0.5
115300	0.5	0.39	0.39	0	0	0.5
115400	0.5	0.39	0.39	0	0	0.5
115500	0.5	0.39	0.39	0	0	0.5
115600	0.5	0.39	0.39	0	0	0.5
115700	0.51	0.39	0.39	0	0	0.51
115800	0.51	0.39	0.39	0	0	0.51
115900	0.51	0.39	0.39	0	0	0.51
116000	0.51	0.39	0.39	0	0	0.51
116100	0.51	0.39	0.39	0	0	0.51
116200	0.51	0.39	0.39	0	0	0.51
116300	0.51	0.39	0.39	0	0	0.51
116400	0.51	0.39	0.39	0	0	0.51
116500	0.51	0.39	0.39	0	0	0.51
116600	0.51	0.39	0.39	0	0	0.51
116700	0.51	0.39	0.39	0	0	0.51
116800	0.51	0.39	0.39	0	0	0.51
116900	0.52	0.4	0.4	0	0	0.52
117000	0.52	0.4	0.4	0	0	0.52
117100	0.51	0.4	0.4	0	0	0.51
117200	0.51	0.4	0.4	0	0	0.51
117300	0.51	0.4	0.4	0	0	0.51
117400	0.51	0.4	0.4	0	0	0.51
117500	0.51	0.4	0.4	0	0	0.51
117600	0.51	0.4	0.4	0	0	0.51
117700	0.51	0.39	0.39	0	0	0.51
117800	0.51	0.39	0.39	0	0	0.51
117900	0.51	0.39	0.39	0	0	0.51
118000	0.51	0.39	0.39	0	0	0.51
118100	0.51	0.39	0.39	0	0	0.51
118200	0.51	0.39	0.39	0	0	0.51
118300	0.51	0.39	0.39	0	0	0.51
118400	0.52	0.39	0.39	0	0	0.52
118500	0.52	0.39	0.39	0	0	0.52
118600	0.52	0.39	0.39	0	0	0.52
118700	0.51	0.39	0.39	0	0	0.51
118800	0.51	0.39	0.39	0	0	0.51
118900	0.51	0.39	0.39	0	0	0.51
119000	0.51	0.39	0.39	0	0	0.51
119100	0.51	0.39	0.39	0	0	0.51
119200	0.51	0.39	0.39	0	0	0.51
119300	0.51	0.39	0.39	0	0	0.51
119400	0.51	0.39	0.39	0	0	0.51
119500	0.52	0.39	0.39	0	0	0.52
119600	0.52	0.39	0.39	0	0	0.52
119700	0.52	0.39	0.39	0	0	0.52
119800	0.52	0.39	0.39	0	0	0.52
119900	0.52	0.39	0.39	0	0	0.52
120000	0.51	0.39	0.39	0	0	0.51
120100	0.51	0.39	0.39	0	0	0.51
120200	0.51	0.39	0.39	0	0	0.51
120300	0.5	0.39	0.39	0	0	0.5
120400	0.5	0.39	0.39	0	0	0.5
120500	0.5	0.39	0.39	0	0	0.5
120600	0.5	0.39	0.39	0	0	0.5
120700	0.5	0.39	0.39	0	0	0.5
120800	0.5	0.39	0.39	0	0	0.5
120900	0.5	0.39	0.39	0	0	0.5
121000	0.5	0.39	0.39	0	0	0.5
121100	0.5	0.39	0.39	0	0	0.5
121200	0.5	0.39	0.39	0	0	0.5
121300	0.5	0.38	0.38	0	0	0.5
121400	0.5	0.38	0.38	0	0	0.5
121500	0.5	0.38	0.38	0	0	0.5
121600	0.5	0.38	0.38	0	0	0.5
121700	0.5	0.38	0.38	0	0	0.5
121800	0.5	0.38	0.38	0	0	0.5
121900	0.5	0.38	0.38	0	0	0.5
122000	0.5	0.38	0.38	0	0	0.5
122100	0.5	0.38	0.38	0	0	0.5
122200	0.49	0.38	0.38	0	0	0.49
122300	0.49	0.37	0.37	0	0	0.49
122400	0.49	0.37	0.37	0	0	0.49
122500	0.49	0.37	0.37	0	0	0.49
122600	0.5	0.36	0.36	0	0	0.5
122700	0.5	0.36	0.36	0	0	0.5
122800	0.51	0.37	0.37	0	0	0.51
122900	0.51	0.37	0.37	0	0	0.51
123000	0.51	0.37	0.37	0	0	0.51
123100	0.51	0.37	0.37	0	0	0.51
123200	0.5	0.36	0.36	0	0	0.5
123300	0.5	0.36	0.36	0	0	0.5
123400	0.5	0.36	0.36	0	0	0.5
123500	0.5	0.36	0.36	0	0	0.5
123600	0.5	0.36	0.36	0	0	0.5
123700	0.5	0.36	0.36	0	0	0.5
123800	0.5	0.36	0.36	0	0	0.5
123900	0.51	0.36	0.36	0	0	0.51
124000	0.51	0.36	0.36	0	0	0.51
124100	0.51	0.36	0.36	0	0	0.51
124200	0.51	0.36	0.36	0	0	0.51
124300	0.5	0.36	0.36	0	0	0.5
124400	0.5	0.36	0.36	0	0	0.5
124500	0.5	0.36	0.36	0	0	0.5
124600	0.5	0.36	0.36	0	0	0.5
124700	0.5	0.36	0.36	0	0	0.5
124800	0.5	0.36	0.36	0	0	0.5
124900	0.5	0.36	0.36	0	0	0.5
125000	0.51	0.36	0.36	0	0	0.51
125100	0.51	0.37	0.37	0	0	0.51
125200	0.51	0.37	0.37	0	0	0.51
125300	0.51	0.37	0.37	0	0	0.51
125400	0.51	0.37	0.37	0	0	0.51
125500	0.51	0.37	0.37	0	0	0.51
125600	0.51	0.37	0.37	0	0	0.51
125700	0.51	0.36	0.36	0	0	0.51
125800	0.51	0.36	0.36	0	0	0.51
125900	0.51	0.36	0.36	0	0	0.51
126000	0.5	0.36	0.36	0	0	0.5
126100	0.51	0.36	0.36	0	0	0.51
126200	0.51	0.36	0.36	0	0	0.51
126300	0.51	0.37	0.37	0	0	0.51
126400	0.5	0.37	0.37	0	0	0.5
126500	0.49	0.37	0.37	0	0	0.49
126600	0.48	0.37	0.37	0	0	0.48
126700	0.48	0.37	0.37	0	0	0.48
126800	0.48	0.36	0.36	0	0	0.48
126900	0.48	0.36	0.36	0	0	0.48
127000	0.48	0.36	0.36	0	0	0.48
127100	0.47	0.36	0.36	0	0	0.47
127200	0.46	0.36	0.36	0	0	0.46
127300	0.46	0.36	0.36	0	0	0.46
127400	0.46	0.36	0.36	0	0	0.46
127500	0.47	0.35	0.35	0	0	0.47
127600	0.47	0.35	0.35	0	0	0.47
127700	0.47	0.35	0.35	0	0	0.47
127800	0.47	0.35	0.35	0	0	0.47
127900	0.47	0.37	0.37	0	0	0.47
128000	0.47	0.37	0.37	0	0	0.47
128100	0.47	0.37	0.37	0	0	0.47
128200	0.47	0.37	0.37	0	0	0.47
128300	0.47	0.37	0.37	0	0	0.47
128400	0.48	0.37	0.37	0	0	0.48
128500	0.48	0.37	0.37	0	0	0.48
128600	0.48	0.38	0.38	0	0	0.48
128700	0.48	0.38	0.38	0	0	0.48
128800	0.48	0.38	0.38	0	0	0.48
128900	0.49	0.38	0.38	0	0	0.49
129000	0.48	0.39	0.39	0	0	0.48
129100	0.48	0.38	0.38	0	0	0.48
129200	0.48	0.38	0.38	0	0	0.48
129300	0.48	0.39	0.39	0	0	0.48
129400	0.48	0.4	0.4	0	0	0.48
129500	0.48	0.4	0.4	0	0	0.48
129600	0.48	0.4	0.4	0	0	0.48
129700	0.49	0.4	0.4	0	0	0.49
129800	0.49	0.39	0.39	0	0	0.49
129900	0.49	0.39	0.39	0	0	0.49
130000	0.49	0.4	0.4	0	0	0.49
130100	0.49	0.4	0.4	0	0	0.49
130200	0.49	0.41	0.41	0	0	0.49
130300	0.49	0.4	0.4	0	0	0.49
130400	0.49	0.4	0.4	0	0	0.49
130500	0.49	0.41	0.41	0	0	0.49
130600	0.49	0.41	0.41	0	0	0.49
130700	0.49	0.41	0.41	0	0	0.49
130800	0.49	0.41	0.41	0	0	0.49
130900	0.49	0.41	0.41	0	0	0.49
131000	0.49	0.41	0.41	0	0	0.49
131100	0.49	0.41	0.41	0	0	0.49
131200	0.49	0.41	0.41	0	0	0.49
131300	0.49	0.41	0.41	0	0	0.49
131400	0.49	0.41	0.41	0	0	0.49
131500	0.49	0.41	0.41	0	0	0.49
131600	0.49	0.41	0.41	0	0	0.49
131700	0.49	0.41	0.41	0	0	0.49
131800	0.49	0.42	0.42	0	0	0.49
131900	0.49	0.42	0.42	0	0	0.49
132000	0.49	0.43	0.43	0	0	0.49
132100	0.49	0.43	0.43	0	0	0.49
132200	0.49	0.43	0.43	0	0	0.49
132300	0.49	0.43	0.43	0	0	0.49
132400	0.49	0.43	0.43	0	0	0.49
132500	0.49	0.43	0.43	0	0	0.49
132600	0.49	0.45	0.45	0	0	0.49
132700	0.49	0.45	0.45	0	0	0.49
132800	0.49	0.45	0.45	0	0	0.49
132900	0.48	0.45	0.45	0	0	0.48
133000	0.48	0.44	0.44	0	0	0.48
133100	0.48	0.42	0.42	0	0	0.48
133200	0.48	0.42	0.42	0	0	0.48
133300	0.48	0.42	0.42	0	0	0.48
133400	0.48	0.42	0.42	0	0	0.48
133500	0.48	0.42	0.42	0	0	0.48
133600	0.48	0.42	0.42	0	0	0.48
133700	0.48	0.42	0.42	0	0	0.48
133800	0.48	0.42	0.42	0	0	0.48
133900	0.49	0.42	0.42	0	0	0.49
134000	0.49	0.42	0.42	0	0	0.49
134100	0.49	0.42	0.42	0	0	0.49
134200	0.49	0.42	0.42	0	0	0.49
134300	0.49	0.42	0.42	0	0	0.49
134400	0.49	0.42	0.42	0	0	0.49
134500	0.49	0.42	0.42	0	0	0.49
134600	0.49	0.42	0.42	0	0	0.49
134700	0.49	0.42	0.42	0	0	0.49
134800	0.49	0.42	0.42	0	0	0.49
134900	0.49	0.42	0.42	0	0	0.49
135000	0.49	0.42	0.42	0	0	0.49
135100	0.49	0.42	0.42	0	0	0.49
135200	0.49	0.42	0.42	0	0	0.49
135300	0.49	0.42	0.42	0	0	0.49
135400	0.49	0.42	0.42	0	0	0.49
135500	0.5	0.42	0.42	0	0	0.5
135600	0.5	0.42	0.42	0	0	0.5
135700	0.5	0.43	0.43	0	0	0.5
135800	0.5	0.43	0.43	0	0	0.5
135900	0.5	0.43	0.43	0	0	0.5
136000	0.5	0.43	0.43	0	0	0.5
136100	0.5	0.43	0.43	0	0	0.5
136200	0.5	0.43	0.43	0	0	0.5
136300	0.5	0.43	0.43	0	0	0.5
136400	0.5	0.43	0.43	0	0	0.5
136500	0.5	0.43	0.43	0	0	0.5
136600	0.49	0.43	0.43	0	0	0.49
136700	0.49	0.43	0.43	0	0	0.49
136800	0.49	0.43	0.43	0	0	0.49
136900	0.49	0.43	0.43	0	0	0.49
137000	0.49	0.43	0.43	0	0	0.49
137100	0.49	0.43	0.43	0	0	0.49
137200	0.49	0.43	0.43	0	0	0.49
137300	0.49	0.43	0.43	0	0	0.49
137400	0.49	0.43	0.43	0	0	0.49
137500	0.49	0.43	0.43	0	0	0.49
137600	0.49	0.43	0.43	0	0	0.49
137700	0.49	0.43	0.43	0	0	0.49
137800	0.49	0.43	0.43	0	0	0.49
137900	0.49	0.43	0.43	0	0	0.49
138000	0.49	0.43	0.43	0	0	0.49
138100	0.49	0.43	0.43	0	0	0.49
138200	0.49	0.43	0.43	0	0	0.49
138300	0.49	0.43	0.43	0	0	0.49
138400	0.49	0.43	0.43	0	0	0.49
138500	0.49	0.43	0.43	0	0	0.49
138600	0.48	0.43	0.43	0	0	0.48
138700	0.48	0.43	0.43	0	0	0.48
138800	0.48	0.43	0.43	0	0	0.48
138900	0.48	0.43	0.43	0	0	0.48
139000	0.48	0.43	0.43	0	0	0.48
139100	0.48	0.43	0.43	0	0	0.48
139200	0.48	0.43	0.43	0	0	0.48
139300	0.48	0.43	0.43	0	0	0.48
139400	0.49	0.43	0.43	0	0	0.49
139500	0.49	0.43	0.43	0	0	0.49
139600	0.49	0.43	0.43	0	0	0.49
139700	0.49	0.43	0.43	0	0	0.49
139800	0.49	0.43	0.43	0	0	0.49
139900	0.49	0.43	0.43	0	0	0.49
140000	0.49	0.43	0.43	0	0	0.49
140100	0.49	0.43	0.43	0	0	0.49
140200	0.49	0.43	0.43	0	0	0.49
140300	0.49	0.43	0.43	0	0	0.49
140400	0.49	0.43	0.43	0	0	0.49
140500	0.49	0.43	0.43	0	0	0.49
140600	0.49	0.43	0.43	0	0	0.49
140700	0.49	0.43	0.43	0	0	0.49
140800	0.49	0.43	0.43	0	0	0.49
140900	0.49	0.43	0.43	0	0	0.49
141000	0.49	0.43	0.43	0	0	0.49
141100	0.49	0.43	0.43	0	0	0.49
141200	0.49	0.43	0.43	0	0	0.49
141300	0.5	0.43	0.43	0	0	0.5
141400	0.48	0.43	0.43	0	0	0.48
141500	0.48	0.43	0.43	0	0	0.48
141600	0.48	0.43	0.43	0	0	0.48
141700	0.48	0.43	0.43	0	0	0.48
141800	0.48	0.43	0.43	0	0	0.48
141900	0.48	0.42	0.42	0	0	0.48
142000	0.48	0.42	0.42	0	0	0.48
142100	0.48	0.42	0.42	0	0	0.48
142200	0.48	0.42	0.42	0	0	0.48
142300	0.48	0.42	0.42	0	0	0.48
142400	0.48	0.42	0.42	0	0	0.48
142500	0.48	0.42	0.42	0	0	0.48
142600	0.48	0.42	0.42	0	0	0.48
142700	0.48	0.42	0.42	0	0	0.48
142800	0.49	0.43	0.43	0	0	0.49
142900	0.49	0.43	0.43	0	0	0.49
143000	0.49	0.43	0.43	0	0	0.49
143100	0.49	0.43	0.43	0	0	0.49
143200	0.49	0.43	0.43	0	0	0.49
143300	0.49	0.43	0.43	0	0	0.49
143400	0.49	0.43	0.43	0	0	0.49
143500	0.49	0.43	0.43	0	0	0.49
143600	0.49	0.43	0.43	0	0	0.49
143700	0.49	0.43	0.43	0	0	0.49
143800	0.49	0.43	0.43	0	0	0.49
143900	0.49	0.43	0.43	0	0	0.49
144000	0.49	0.43	0.43	0	0	0.49
144100	0.49	0.43	0.43	0	0	0.49
144200	0.49	0.43	0.43	0	0	0.49
144300	0.49	0.43	0.43	0	0	0.49
144400	0.49	0.43	0.43	0	0	0.49
144500	0.49	0.43	0.43	0	0	0.49
144600	0.49	0.43	0.43	0	0	0.49
144700	0.49	0.43	0.43	0	0	0.49
144800	0.49	0.42	0.42	0	0	0.49
144900	0.49	0.42	0.42	0	0	0.49
145000	0.49	0.42	0.42	0	0	0.49
145100	0.49	0.42	0.42	0	0	0.49
145200	0.49	0.43	0.43	0	0	0.49
145300	0.49	0.43	0.43	0	0	0.49
145400	0.49	0.43	0.43	0	0	0.49
145500	0.49	0.44	0.44	0	0	0.49
145600	0.49	0.44	0.44	0	0	0.49
145700	0.49	0.44	0.44	0	0	0.49
145800	0.49	0.44	0.44	0	0	0.49
145900	0.49	0.44	0.44	0	0	0.49
146000	0.49	0.44	0.44	0	0	0.49
146100	0.49	0.44	0.44	0	0	0.49
146200	0.49	0.44	0.44	0	0	0.49
146300	0.49	0.44	0.44	0	0	0.49
146400	0.49	0.44	0.44	0	0	0.49
146500	0.49	0.44	0.44	0	0	0.49
146600	0.48	0.44	0.44	0	0	0.48
146700	0.48	0.44	0.44	0	0	0.48
146800	0.48	0.44	0.44	0	0	0.48
146900	0.48	0.44	0.44	0	0	0.48
147000	0.48	0.44	0.44	0	0	0.48
147100	0.48	0.45	0.45	0	0	0.48
147200	0.48	0.45	0.45	0	0	0.48
147300	0.48	0.45	0.45	0	0	0.48
147400	0.48	0.43	0.43	0	0	0.48
147500	0.48	0.43	0.43	0	0	0.48
147600	0.48	0.43	0.43	0	0	0.48
147700	0.48	0.43	0.43	0	0	0.48
147800	0.48	0.42	0.42	0	0	0.48
147900	0.48	0.42	0.42	0	0	0.48
148000	0.48	0.42	0.42	0	0	0.48
148100	0.48	0.42	0.42	0	0	0.48
148200	0.48	0.42	0.42	0	0	0.48
148300	0.48	0.42	0.42	0	0	0.48
148400	0.48	0.42	0.42	0	0	0.48
148500	0.48	0.42	0.42	0	0	0.48
148600	0.48	0.42	0.42	0	0	0.48
148700	0.48	0.42	0.42	0	0	0.48
148800	0.48	0.42	0.42	0	0	0.48
148900	0.48	0.42	0.42	0	0	0.48
149000	0.47	0.42	0.42	0	0	0.47
149100	0.47	0.42	0.42	0	0	0.47
149200	0.47	0.42	0.42	0	0	0.47
149300	0.47	0.42	0.42	0	0	0.47
149400	0.47	0.42	0.42	0	0	0.47
149500	0.48	0.42	0.42	0	0	0.48
149600	0.48	0.42	0.42	0	0	0.48
149700	0.49	0.42	0.42	0	0	0.49
149800	0.49	0.42	0.42	0	0	0.49
149900	0.49	0.42	0.42	0	0	0.49
150000	0.49	0.42	0.42	0	0	0.49
150100	0.49	0.42	0.42	0	0	0.49
150200	0.49	0.43	0.43	0	0	0.49
150300	0.49	0.43	0.43	0	0	0.49
150400	0.49	0.43	0.43	0	0	0.49
150500	0.49	0.43	0.43	0	0	0.49
150600	0.49	0.43	0.43	0	0	0.49
150700	0.49	0.43	0.43	0	0	0.49
150800	0.49	0.43	0.43	0	0	0.49
150900	0.49	0.43	0.43	0	0	0.49
151000	0.49	0.43	0.43	0	0	0.49
151100	0.49	0.43	0.43	0	0	0.49
151200	0.49	0.43	0.43	0	0	0.49
151300	0.49	0.43	0.43	0	0	0.49
151400	0.49	0.43	0.43	0	0	0.49
151500	0.48	0.43	0.43	0	0	0.48
151600	0.48	0.43	0.43	0	0	0.48
151700	0.47	0.43	0.43	0	0	0.47
151800	0.47	0.43	0.43	0	0	0.47
151900	0.47	0.43	0.43	0	0	0.47
152000	0.47	0.43	0.43	0	0	0.47
152100	0.47	0.43	0.43	0	0	0.47
152200	0.47	0.43	0.43	0	0	0.47
152300	0.47	0.43	0.43	0	0	0.47
152400	0.47	0.43	0.43	0	0	0.47
152500	0.47	0.43	0.43	0	0	0.47
152600	0.47	0.43	0.43	0	0	0.47
152700	0.47	0.43	0.43	0	0	0.47
152800	0.47	0.43	0.43	0	0	0.47
152900	0.47	0.43	0.43	0	0	0.47
153000	0.47	0.43	0.43	0	0	0.47
153100	0.47	0.43	0.43	0	0	0.47
153200	0.47	0.43	0.43	0	0	0.47
153300	0.47	0.43	0.43	0	0	0.47
153400	0.47	0.43	0.43	0	0	0.47
153500	0.47	0.43	0.43	0	0	0.47
153600	0.47	0.43	0.43	0	0	0.47
153700	0.47	0.43	0.43	0	0	0.47
153800	0.47	0.43	0.43	0	0	0.47
153900	0.47	0.43	0.43	0	0	0.47
154000	0.47	0.43	0.43	0	0	0.47
154100	0.48	0.43	0.43	0	0	0.48
154200	0.49	0.43	0.43	0	0	0.49
154300	0.49	0.43	0.43	0	0	0.49
154400	0.49	0.43	0.43	0	0	0.49
154500	0.49	0.43	0.43	0	0	0.49
154600	0.49	0.43	0.43	0	0	0.49
154700	0.49	0.43	0.43	0	0	0.49
154800	0.49	0.43	0.43	0	0	0.49
154900	0.49	0.43	0.43	0	0	0.49
155000	0.49	0.43	0.43	0	0	0.49
155100	0.49	0.43	0.43	0	0	0.49
155200	0.49	0.43	0.43	0	0	0.49
155300	0.49	0.43	0.43	0	0	0.49
155400	0.49	0.43	0.43	0	0	0.49
155500	0.49	0.43	0.43	0	0	0.49
155600	0.48	0.43	0.43	0	0	0.48
155700	0.48	0.43	0.43	0	0	0.48
155800	0.48	0.43	0.43	0	0	0.48
155900	0.48	0.42	0.42	0	0	0.48
156000	0.48	0.42	0.42	0	0	0.48
156100	0.48	0.43	0.43	0	0	0.48
156200	0.48	0.43	0.43	0	0	0.48
156300	0.48	0.43	0.43	0	0	0.48
156400	0.48	0.43	0.43	0	0	0.48
156500	0.48	0.42	0.42	0	0	0.48
156600	0.48	0.42	0.42	0	0	0.48
156700	0.48	0.42	0.42	0	0	0.48
156800	0.48	0.42	0.42	0	0	0.48
156900	0.48	0.42	0.42	0	0	0.48
157000	0.48	0.43	0.43	0	0	0.48
157100	0.48	0.43	0.43	0	0	0.48
157200	0.48	0.42	0.42	0	0	0.48
157300	0.47	0.42	0.42	0	0	0.47
157400	0.47	0.42	0.42	0	0	0.47
157500	0.47	0.43	0.43	0	0	0.47
157600	0.47	0.43	0.43	0	0	0.47
157700	0.47	0.43	0.43	0	0	0.47
157800	0.47	0.43	0.43	0	0	0.47
157900	0.47	0.42	0.42	0	0	0.47
158000	0.47	0.42	0.42	0	0	0.47
158100	0.47	0.42	0.42	0	0	0.47
158200	0.47	0.42	0.42	0	0	0.47
158300	0.47	0.42	0.42	0	0	0.47
158400	0.47	0.42	0.42	0	0	0.47
158500	0.47	0.42	0.42	0	0	0.47
158600	0.47	0.42	0.42	0	0	0.47
158700	0.47	0.42	0.42	0	0	0.47
158800	0.47	0.44	0.44	0	0	0.47
158900	0.47	0.44	0.44	0	0	0.47
159000	0.47	0.44	0.44	0	0	0.47
159100	0.47	0.44	0.44	0	0	0.47
159200	0.47	0.44	0.44	0	0	0.47
159300	0.47	0.44	0.44	0	0	0.47
159400	0.47	0.44	0.44	0	0	0.47
159500	0.47	0.45	0.45	0	0	0.47
159600	0.47	0.45	0.45	0	0	0.47
159700	0.47	0.45	0.45	0	0	0.47
159800	0.47	0.44	0.44	0	0	0.47
159900	0.47	0.44	0.44	0	0	0.47
160000	0.47	0.45	0.45	0	0	0.47
160100	0.47	0.45	0.45	0	0	0.47
160200	0.47	0.44	0.44	0	0	0.47
160300	0.47	0.44	0.44	0	0	0.47
160400	0.45	0.43	0.43	0	0	0.45
160500	0.45	0.43	0.43	0	0	0.45
160600	0.45	0.43	0.43	0	0	0.45
160700	0.45	0.43	0.43	0	0	0.45
160800	0.45	0.43	0.43	0	0	0.45
160900	0.45	0.43	0.43	0	0	0.45
161000	0.45	0.43	0.43	0	0	0.45
161100	0.45	0.43	0.43	0	0	0.45
161200	0.45	0.43	0.43	0	0	0.45
161300	0.45	0.43	0.43	0	0	0.45
161400	0.44	0.43	0.43	0	0	0.44
161500	0.44	0.43	0.43	0	0	0.44
161600	0.44	0.43	0.43	0	0	0.44
161700	0.45	0.43	0.43	0	0	0.45
161800	0.44	0.43	0.43	0	0	0.44
161900	0.43	0.43	0.43	0	0	0.43
162000	0.43	0.43	0.43	0	0	0.43
162100	0.42	0.43	0.43	0	0	0.42
162200	0.42	0.43	0.43	0	0	0.42
162300	0.42	0.43	0.43	0	0	0.42
162400	0.44	0.43	0.43	0	0	0.44
162500	0.44	0.43	0.43	0	0	0.44
162600	0.44	0.43	0.43	0	0	0.44
162700	0.44	0.43	0.43	0	0	0.44
162800	0.44	0.43	0.43	0	0	0.44
162900	0.44	0.44	0.44	0	0	0.44
163000	0.44	0.45	0.45	0	0	0.44
163100	0.45	0.45	0.45	0	0	0.45
163200	0.44	0.44	0.44	0	0	0.44
163300	0.44	0.44	0.44	0	0	0.44
163400	0.44	0.44	0.44	0	0	0.44
163500	0.44	0.43	0.43	0	0	0.44
163600	0.44	0.43	0.43	0	0	0.44
163700	0.44	0.43	0.43	0	0	0.44
163800	0.43	0.43	0.43	0	0	0.43
163900	0.43	0.44	0.44	0	0	0.43
164000	0.43	0.44	0.44	0	0	0.43
164100	0.43	0.44	0.44	0	0	0.43
164200	0.43	0.44	0.44	0	0	0.43
164300	0.44	0.44	0.44	0	0	0.44
164400	0.44	0.44	0.44	0	0	0.44
164500	0.44	0.44	0.44	0	0	0.44
164600	0.44	0.44	0.44	0	0	0.44
164700	0.44	0.43	0.43	0	0	0.44
164800	0.44	0.43	0.43	0	0	0.44
164900	0.44	0.43	0.43	0	0	0.44
165000	0.44	0.43	0.43	0	0	0.44
165100	0.44	0.43	0.43	0	0	0.44
165200	0.44	0.43	0.43	0	0	0.44
165300	0.45	0.43	0.43	0	0	0.45
165400	0.45	0.43	0.43	0	0	0.45
165500	0.45	0.43	0.43	0	0	0.45
165600	0.45	0.43	0.43	0	0	0.45
165700	0.45	0.43	0.43	0	0	0.45
165800	0.45	0.43	0.43	0	0	0.45
165900	0.45	0.43	0.43	0	0	0.45
166000	0.45	0.45	0.45	0	0	0.45
166100	0.45	0.45	0.45	0	0	0.45
166200	0.45	0.45	0.45	0	0	0.45
166300	0.46	0.45	0.45	0	0	0.46
166400	0.46	0.45	0.45	0	0	0.46
166500	0.45	0.45	0.45	0	0	0.45
166600	0.45	0.45	0.45	0	0	0.45
166700	0.45	0.45	0.45	0	0	0.45
166800	0.45	0.45	0.45	0	0	0.45
166900	0.45	0.45	0.45	0	0	0.45
167000	0.45	0.45	0.45	0	0	0.45
167100	0.45	0.45	0.45	0	0	0.45
167200	0.45	0.46	0.46	0	0	0.45
167300	0.45	0.46	0.46	0	0	0.45
167400	0.45	0.46	0.46	0	0	0.45
167500	0.45	0.46	0.46	0	0	0.45
167600	0.46	0.46	0.46	0	0	0.46
167700	0.46	0.46	0.46	0	0	0.46
167800	0.46	0.46	0.46	0	0	0.46
167900	0.46	0.46	0.46	0	0	0.46
168000	0.46	0.46	0.46	0	0	0.46
168100	0.46	0.46	0.46	0	0	0.46
168200	0.46	0.46	0.46	0	0	0.46
168300	0.46	0.46	0.46	0	0	0.46
168400	0.46	0.47	0.47	0	0	0.46
168500	0.46	0.47	0.47	0	0	0.46
168600	0.46	0.46	0.46	0	0	0.46
168700	0.46	0.46	0.46	0	0	0.46
168800	0.45	0.46	0.46	0	0	0.45
168900	0.45	0.46	0.46	0	0	0.45
169000	0.45	0.46	0.46	0	0	0.45
169100	0.45	0.46	0.46	0	0	0.45
169200	0.45	0.46	0.46	0	0	0.45
169300	0.45	0.46	0.46	0	0	0.45
169400	0.45	0.46	0.46	0	0	0.45
169500	0.45	0.45	0.45	0	0	0.45
169600	0.45	0.45	0.45	0	0	0.45
169700	0.45	0.45	0.45	0	0	0.45
169800	0.45	0.45	0.45	0	0	0.45
169900	0.45	0.45	0.45	0	0	0.45
170000	0.45	0.45	0.45	0	0	0.45
170100	0.45	0.45	0.45	0	0	0.45
170200	0.45	0.45	0.45	0	0	0.45
170300	0.45	0.45	0.45	0	0	0.45
170400	0.45	0.45	0.45	0	0	0.45
170500	0.45	0.45	0.45	0	0	0.45
170600	0.45	0.45	0.45	0	0	0.45
170700	0.45	0.45	0.45	0	0	0.45
170800	0.45	0.45	0.45	0	0	0.45
170900	0.45	0.45	0.45	0	0	0.45
171000	0.45	0.46	0.46	0	0	0.45
171100	0.45	0.46	0.46	0	0	0.45
171200	0.45	0.46	0.46	0	0	0.45
171300	0.45	0.46	0.46	0	0	0.45
171400	0.45	0.46	0.46	0	0	0.45
171500	0.45	0.46	0.46	0	0	0.45
171600	0.45	0.46	0.46	0	0	0.45
171700	0.45	0.46	0.46	0	0	0.45
171800	0.45	0.46	0.46	0	0	0.45
171900	0.45	0.46	0.46	0	0	0.45
172000	0.45	0.47	0.47	0	0	0.45
172100	0.45	0.47	0.47	0	0	0.45
172200	0.45	0.47	0.47	0	0	0.45
172300	0.45	0.47	0.47	0	0	0.45
172400	0.45	0.46	0.46	0	0	0.45
172500	0.45	0.46	0.46	0	0	0.45
172600	0.45	0.47	0.47	0	0	0.45
172700	0.45	0.47	0.47	0	0	0.45
172800	0.45	0.47	0.47	0	0	0.45
172900	0.45	0.47	0.47	0	0	0.45
173000	0.45	0.47	0.47	0	0	0.45
173100	0.45	0.47	0.47	0	0	0.45
173200	0.45	0.47	0.47	0	0	0.45
173300	0.46	0.47	0.47	0	0	0.46
173400	0.46	0.47	0.47	0	0	0.46
173500	0.47	0.47	0.47	0	0	0.47
173600	0.47	0.47	0.47	0	0	0.47
173700	0.46	0.47	0.47	0	0	0.46
173800	0.46	0.47	0.47	0	0	0.46
173900	0.46	0.47	0.47	0	0	0.46
174000	0.46	0.47	0.47	0	0	0.46
174100	0.47	0.47	0.47	0	0	0.47
174200	0.47	0.47	0.47	0	0	0.47
174300	0.47	0.47	0.47	0	0	0.47
174400	0.47	0.47	0.47	0	0	0.47
174500	0.47	0.47	0.47	0	0	0.47
174600	0.47	0.47	0.47	0	0	0.47
174700	0.47	0.47	0.47	0	0	0.47
174800	0.47	0.47	0.47	0	0	0.47
174900	0.47	0.47	0.47	0	0	0.47
175000	0.47	0.47	0.47	0	0	0.47
175100	0.48	0.47	0.47	0	0	0.48
175200	0.48	0.47	0.47	0	0	0.48
175300	0.48	0.46	0.46	0	0	0.48
175400	0.48	0.47	0.47	0	0	0.48
175500	0.48	0.47	0.47	0	0	0.48
175600	0.48	0.47	0.47	0	0	0.48
175700	0.48	0.47	0.47	0	0	0.48
175800	0.48	0.47	0.47	0	0	0.48
175900	0.48	0.47	0.47	0	0	0.48
176000	0.48	0.47	0.47	0	0	0.48
176100	0.48	0.47	0.47	0	0	0.48
176200	0.48	0.47	0.47	0	0	0.48
176300	0.47	0.47	0.47	0	0	0.47
176400	0.47	0.47	0.47	0	0	0.47
176500	0.48	0.47	0.47	0	0	0.48
176600	0.48	0.46	0.46	0	0	0.48
176700	0.48	0.46	0.46	0	0	0.48
176800	0.48	0.46	0.46	0	0	0.48
176900	0.48	0.46	0.46	0	0	0.48
177000	0.48	0.46	0.46	0	0	0.48
177100	0.48	0.46	0.46	0	0	0.48
177200	0.48	0.46	0.46	0	0	0.48
177300	0.48	0.46	0.46	0	0	0.48
177400	0.48	0.47	0.47	0	0	0.48
177500	0.48	0.47	0.47	0	0	0.48
177600	0.48	0.47	0.47	0	0	0.48
177700	0.48	0.47	0.47	0	0	0.48
177800	0.48	0.47	0.47	0	0	0.48
177900	0.48	0.47	0.47	0	0	0.48
178000	0.48	0.47	0.47	0	0	0.48
178100	0.48	0.47	0.47	0	0	0.48
178200	0.48	0.47	0.47	0	0	0.48
178300	0.48	0.47	0.47	0	0	0.48
178400	0.48	0.47	0.47	0	0	0.48
178500	0.48	0.47	0.47	0	0	0.48
178600	0.48	0.47	0.47	0	0	0.48
178700	0.48	0.47	0.47	0	0	0.48
178800	0.48	0.47	0.47	0	0	0.48
178900	0.48	0.47	0.47	0	0	0.48
179000	0.48	0.47	0.47	0	0	0.48
179100	0.48	0.46	0.46	0	0	0.48
179200	0.48	0.46	0.46	0	0	0.48
179300	0.48	0.46	0.46	0	0	0.48
179400	0.48	0.46	0.46	0	0	0.48
179500	0.48	0.46	0.46	0	0	0.48
179600	0.48	0.46	0.46	0	0	0.48
179700	0.48	0.46	0.46	0	0	0.48
179800	0.48	0.46	0.46	0	0	0.48
179900	0.48	0.46	0.46	0	0	0.48
180000	0.48	0.46	0.46	0	0	0.48
180100	0.48	0.46	0.46	0	0	0.48
180200	0.48	0.46	0.46	0	0	0.48
180300	0.48	0.47	0.47	0	0	0.48
180400	0.48	0.47	0.47	0	0	0.48
180500	0.48	0.47	0.47	0	0	0.48
180600	0.48	0.46	0.46	0	0	0.48
180700	0.48	0.46	0.46	0	0	0.48
180800	0.48	0.46	0.46	0	0	0.48
180900	0.48	0.46	0.46	0	0	0.48
181000	0.48	0.46	0.46	0	0	0.48
181100	0.48	0.46	0.46	0	0	0.48
181200	0.48	0.46	0.46	0	0	0.48
181300	0.48	0.46	0.46	0	0	0.48
181400	0.48	0.47	0.47	0	0	0.48
181500	0.48	0.46	0.46	0	0	0.48
181600	0.48	0.45	0.45	0	0	0.48
181700	0.48	0.45	0.45	0	0	0.48
181800	0.48	0.45	0.45	0	0	0.48
181900	0.48	0.45	0.45	0	0	0.48
182000	0.48	0.44	0.44	0	0	0.48
182100	0.48	0.44	0.44	0	0	0.48
182200	0.48	0.44	0.44	0	0	0.48
182300	0.48	0.44	0.44	0	0	0.48
182400	0.48	0.44	0.44	0	0	0.48
182500	0.48	0.44	0.44	0	0	0.48
182600	0.48	0.44	0.44	0	0	0.48
182700	0.48	0.44	0.44	0	0	0.48
182800	0.49	0.44	0.44	0	0	0.49
182900	0.48	0.44	0.44	0	0	0.48
183000	0.48	0.44	0.44	0	0	0.48
183100	0.48	0.44	0.44	0	0	0.48
183200	0.48	0.44	0.44	0	0	0.48
183300	0.48	0.44	0.44	0	0	0.48
183400	0.48	0.44	0.44	0	0	0.48
183500	0.48	0.44	0.44	0	0	0.48
183600	0.48	0.44	0.44	0	0	0.48
183700	0.48	0.45	0.45	0	0	0.48
183800	0.48	0.45	0.45	0	0	0.48
183900	0.48	0.45	0.45	0	0	0.48
184000	0.48	0.46	0.46	0	0	0.48
184100	0.48	0.46	0.46	0	0	0.48
184200	0.47	0.46	0.46	0	0	0.47
184300	0.47	0.47	0.47	0	0	0.47
184400	0.47	0.47	0.47	0	0	0.47
184500	0.47	0.46	0.46	0	0	0.47
184600	0.48	0.46	0.46	0	0	0.48
184700	0.49	0.46	0.46	0	0	0.49
184800	0.5	0.46	0.46	0	0	0.5
184900	0.5	0.46	0.46	0	0	0.5
185000	0.5	0.46	0.46	0	0	0.5
185100	0.5	0.46	0.46	0	0	0.5
185200	0.5	0.46	0.46	0	0	0.5
185300	0.49	0.46	0.46	0	0	0.49
185400	0.49	0.46	0.46	0	0	0.49
185500	0.49	0.46	0.46	0	0	0.49
185600	0.49	0.46	0.46	0	0	0.49
185700	0.49	0.46	0.46	0	0	0.49
185800	0.49	0.46	0.46	0	0	0.49
185900	0.49	0.46	0.46	0	0	0.49
186000	0.49	0.46	0.46	0	0	0.49
186100	0.49	0.46	0.46	0	0	0.49
186200	0.49	0.46	0.46	0	0	0.49
186300	0.49	0.46	0.46	0	0	0.49
186400	0.49	0.46	0.46	0	0	0.49
186500	0.49	0.45	0.45	0	0	0.49
186600	0.49	0.45	0.45	0	0	0.49
186700	0.49	0.45	0.45	0	0	0.49
186800	0.49	0.45	0.45	0	0	0.49
186900	0.49	0.45	0.45	0	0	0.49
187000	0.49	0.45	0.45	0	0	0.49
187100	0.49	0.45	0.45	0	0	0.49
187200	0.49	0.45	0.45	0	0	0.49
187300	0.49	0.45	0.45	0	0	0.49
187400	0.49	0.45	0.45	0	0	0.49
187500	0.49	0.45	0.45	0	0	0.49
187600	0.49	0.45	0.45	0	0	0.49
187700	0.5	0.45	0.45	0	0	0.5
187800	0.5	0.45	0.45	0	0	0.5
187900	0.49	0.45	0.45	0	0	0.49
188000	0.49	0.45	0.45	0	0	0.49
188100	0.48	0.45	0.45	0	0	0.48
188200	0.48	0.45	0.45	0	0	0.48
188300	0.48	0.45	0.45	0	0	0.48
188400	0.48	0.46	0.46	0	0	0.48
188500	0.48	0.46	0.46	0	0	0.48
188600	0.48	0.46	0.46	0	0	0.48
188700	0.48	0.46	0.46	0	0	0.48
188800	0.48	0.44	0.44	0	0	0.48
188900	0.48	0.44	0.44	0	0	0.48
189000	0.48	0.44	0.44	0	0	0.48
189100	0.48	0.44	0.44	0	0	0.48
189200	0.48	0.44	0.44	0	0	0.48
189300	0.48	0.44	0.44	0	0	0.48
189400	0.48	0.44	0.44	0	0	0.48
189500	0.48	0.44	0.44	0	0	0.48
189600	0.48	0.44	0.44	0	0	0.48
189700	0.48	0.44	0.44	0	0	0.48
189800	0.48	0.44	0.44	0	0	0.48
189900	0.48	0.44	0.44	0	0	0.48
190000	0.48	0.44	0.44	0	0	0.48
190100	0.48	0.44	0.44	0	0	0.48
190200	0.48	0.44	0.44	0	0	0.48
190300	0.48	0.44	0.44	0	0	0.48
190400	0.48	0.44	0.44	0	0	0.48
190500	0.48	0.44	0.44	0	0	0.48
190600	0.48	0.44	0.44	0	0	0.48
190700	0.48	0.44	0.44	0	0	0.48
190800	0.48	0.44	0.44	0	0	0.48
190900	0.48	0.44	0.44	0	0	0.48
191000	0.48	0.44	0.44	0	0	0.48
191100	0.48	0.44	0.44	0	0	0.48
191200	0.49	0.43	0.43	0	0	0.49
191300	0.48	0.43	0.43	0	0	0.48
191400	0.48	0.43	0.43	0	0	0.48
191500	0.48	0.44	0.44	0	0	0.48
191600	0.48	0.44	0.44	0	0	0.48
191700	0.48	0.44	0.44	0	0	0.48
191800	0.48	0.44	0.44	0	0	0.48
191900	0.48	0.43	0.43	0	0	0.48
192000	0.48	0.43	0.43	0	0	0.48
192100	0.48	0.43	0.43	0	0	0.48
192200	0.48	0.44	0.44	0	0	0.48
192300	0.48	0.44	0.44	0	0	0.48
192400	0.48	0.44	0.44	0	0	0.48
192500	0.48	0.44	0.44	0	0	0.48
192600	0.48	0.44	0.44	0	0	0.48
192700	0.48	0.44	0.44	0	0	0.48
192800	0.48	0.44	0.44	0	0	0.48
192900	0.49	0.44	0.44	0	0	0.49
193000	0.49	0.44	0.44	0	0	0.49
193100	0.49	0.44	0.44	0	0	0.49
193200	0.49	0.44	0.44	0	0	0.49
193300	0.49	0.44	0.44	0	0	0.49
193400	0.49	0.44	0.44	0	0	0.49
193500	0.49	0.44	0.44	0	0	0.49
193600	0.49	0.44	0.44	0	0	0.49
193700	0.49	0.44	0.44	0	0	0.49
