100	0.11	0.04	0.04	0	0	0.11
200	0.11	0.05	0.05	0	0	0.11
300	0.11	0.07	0.07	0	0	0.11
400	0.13	0.09	0.09	0	0	0.13
500	0.11	0.09	0.09	0	0	0.11
600	0.11	0.1	0.1	0	0	0.11
700	0.11	0.11	0.11	0	0	0.11
800	0.13	0.1	0.1	0	0	0.13
900	0.14	0.09	0.09	0	0	0.14
1000	0.15	0.09	0.09	0	0	0.15
1100	0.13	0.09	0.09	0	0	0.13
1200	0.13	0.09	0.09	0	0	0.13
1300	0.13	0.09	0.09	0	0	0.13
1400	0.13	0.09	0.09	0	0	0.13
1500	0.14	0.08	0.08	0	0	0.14
1600	0.17	0.09	0.09	0	0	0.17
1700	0.18	0.09	0.09	0	0	0.18
1800	0.19	0.07	0.07	0	0	0.19
1900	0.18	0.08	0.08	0	0	0.18
2000	0.18	0.08	0.08	0	0	0.18
2100	0.17	0.08	0.08	0	0	0.17
2200	0.17	0.08	0.08	0	0	0.17
2300	0.16	0.07	0.07	0	0	0.16
2400	0.16	0.09	0.09	0	0	0.16
2500	0.16	0.11	0.11	0	0	0.16
2600	0.15	0.11	0.11	0	0	0.15
2700	0.18	0.13	0.13	0	0	0.18
2800	0.17	0.13	0.13	0	0	0.17
2900	0.18	0.13	0.13	0	0	0.18
3000	0.17	0.13	0.13	0	0	0.17
3100	0.18	0.14	0.14	0	0	0.18
3200	0.17	0.14	0.14	0	0	0.17
3300	0.17	0.14	0.14	0	0	0.17
3400	0.18	0.15	0.15	0	0	0.18
3500	0.17	0.15	0.15	0	0	0.17
3600	0.18	0.16	0.16	0	0	0.18
3700	0.2	0.15	0.15	0	0	0.2
3800	0.21	0.14	0.14	0	0	0.21
3900	0.21	0.14	0.14	0	0	0.21
4000	0.21	0.14	0.14	0	0	0.21
4100	0.21	0.14	0.14	0	0	0.21
4200	0.21	0.16	0.16	0	0	0.21
4300	0.22	0.16	0.16	0	0	0.22
4400	0.22	0.17	0.17	0	0	0.22
4500	0.2	0.18	0.18	0	0	0.2
4600	0.2	0.17	0.17	0	0	0.2
4700	0.21	0.18	0.18	0	0	0.21
4800	0.22	0.18	0.18	0	0	0.22
4900	0.23	0.17	0.17	0	0	0.23
5000	0.23	0.16	0.16	0	0	0.23
5100	0.22	0.16	0.16	0	0	0.22
5200	0.22	0.16	0.16	0	0	0.22
5300	0.21	0.16	0.16	0	0	0.21
5400	0.21	0.16	0.16	0	0	0.21
5500	0.21	0.16	0.16	0	0	0.21
5600	0.21	0.16	0.16	0	0	0.21
5700	0.2	0.17	0.17	0	0	0.2
5800	0.18	0.17	0.17	0	0	0.18
5900	0.16	0.18	0.18	0	0	0.16
6000	0.18	0.18	0.18	0	0	0.18
6100	0.19	0.18	0.18	0	0	0.19
6200	0.2	0.16	0.16	0	0	0.2
6300	0.2	0.17	0.17	0	0	0.2
6400	0.18	0.17	0.17	0	0	0.18
6500	0.18	0.17	0.17	0	0	0.18
6600	0.19	0.16	0.16	0	0	0.19
6700	0.2	0.16	0.16	0	0	0.2
6800	0.2	0.15	0.15	0	0	0.2
6900	0.2	0.15	0.15	0	0	0.2
7000	0.22	0.15	0.15	0	0	0.22
7100	0.22	0.15	0.15	0	0	0.22
7200	0.24	0.15	0.15	0	0	0.24
7300	0.24	0.15	0.15	0	0	0.24
7400	0.24	0.17	0.17	0	0	0.24
7500	0.24	0.18	0.18	0	0	0.24
7600	0.25	0.18	0.18	0	0	0.25
7700	0.25	0.18	0.18	0	0	0.25
7800	0.25	0.18	0.18	0	0	0.25
7900	0.26	0.18	0.18	0	0	0.26
8000	0.25	0.16	0.16	0	0	0.25
8100	0.24	0.15	0.15	0	0	0.24
8200	0.22	0.15	0.15	0	0	0.22
8300	0.22	0.15	0.15	0	0	0.22
8400	0.22	0.16	0.16	0	0	0.22
8500	0.22	0.16	0.16	0	0	0.22
8600	0.22	0.15	0.15	0	0	0.22
8700	0.22	0.15	0.15	0	0	0.22
8800	0.22	0.16	0.16	0	0	0.22
8900	0.22	0.16	0.16	0	0	0.22
9000	0.23	0.16	0.16	0	0	0.23
9100	0.23	0.16	0.16	0	0	0.23
9200	0.23	0.16	0.16	0	0	0.23
9300	0.24	0.15	0.15	0	0	0.24
9400	0.24	0.16	0.16	0	0	0.24
9500	0.24	0.18	0.18	0	0	0.24
9600	0.24	0.18	0.18	0	0	0.24
9700	0.24	0.18	0.18	0	0	0.24
9800	0.24	0.18	0.18	0	0	0.24
9900	0.24	0.2	0.2	0	0	0.24
10000	0.26	0.21	0.21	0	0	0.26
10100	0.26	0.21	0.21	0	0	0.26
10200	0.26	0.19	0.19	0	0	0.26
10300	0.26	0.2	0.2	0	0	0.26
10400	0.26	0.21	0.21	0	0	0.26
10500	0.26	0.22	0.22	0	0	0.26
10600	0.26	0.21	0.21	0	0	0.26
10700	0.25	0.21	0.21	0	0	0.25
10800	0.25	0.21	0.21	0	0	0.25
10900	0.25	0.22	0.22	0	0	0.25
11000	0.26	0.21	0.21	0	0	0.26
11100	0.26	0.21	0.21	0	0	0.26
11200	0.27	0.2	0.2	0	0	0.27
11300	0.26	0.21	0.21	0	0	0.26
11400	0.26	0.22	0.22	0	0	0.26
11500	0.26	0.22	0.22	0	0	0.26
11600	0.26	0.22	0.22	0	0	0.26
11700	0.27	0.21	0.21	0	0	0.27
11800	0.28	0.21	0.21	0	0	0.28
11900	0.27	0.22	0.22	0	0	0.27
12000	0.29	0.22	0.22	0	0	0.29
12100	0.29	0.23	0.23	0	0	0.29
12200	0.3	0.23	0.23	0	0	0.3
12300	0.3	0.23	0.23	0	0	0.3
12400	0.29	0.23	0.23	0	0	0.29
12500	0.29	0.23	0.23	0	0	0.29
12600	0.3	0.22	0.22	0	0	0.3
12700	0.31	0.24	0.24	0	0	0.31
12800	0.31	0.25	0.25	0	0	0.31
12900	0.32	0.23	0.23	0	0	0.32
13000	0.32	0.24	0.24	0	0	0.32
13100	0.32	0.23	0.23	0	0	0.32
13200	0.32	0.23	0.23	0	0	0.32
13300	0.32	0.24	0.24	0	0	0.32
13400	0.32	0.24	0.24	0	0	0.32
13500	0.31	0.23	0.23	0	0	0.31
13600	0.3	0.23	0.23	0	0	0.3
13700	0.3	0.23	0.23	0	0	0.3
13800	0.29	0.22	0.22	0	0	0.29
13900	0.31	0.22	0.22	0	0	0.31
14000	0.31	0.22	0.22	0	0	0.31
14100	0.31	0.22	0.22	0	0	0.31
14200	0.31	0.23	0.23	0	0	0.31
14300	0.31	0.23	0.23	0	0	0.31
14400	0.31	0.23	0.23	0	0	0.31
14500	0.32	0.24	0.24	0	0	0.32
14600	0.31	0.24	0.24	0	0	0.31
14700	0.31	0.24	0.24	0	0	0.31
14800	0.31	0.24	0.24	0	0	0.31
14900	0.31	0.24	0.24	0	0	0.31
15000	0.31	0.25	0.25	0	0	0.31
15100	0.31	0.25	0.25	0	0	0.31
15200	0.31	0.25	0.25	0	0	0.31
15300	0.31	0.26	0.26	0	0	0.31
15400	0.3	0.26	0.26	0	0	0.3
15500	0.3	0.27	0.27	0	0	0.3
15600	0.3	0.27	0.27	0	0	0.3
15700	0.3	0.26	0.26	0	0	0.3
15800	0.3	0.26	0.26	0	0	0.3
15900	0.3	0.26	0.26	0	0	0.3
16000	0.3	0.27	0.27	0	0	0.3
16100	0.3	0.27	0.27	0	0	0.3
16200	0.29	0.27	0.27	0	0	0.29
16300	0.28	0.26	0.26	0	0	0.28
16400	0.29	0.25	0.25	0	0	0.29
16500	0.29	0.24	0.24	0	0	0.29
16600	0.3	0.25	0.25	0	0	0.3
16700	0.3	0.27	0.27	0	0	0.3
16800	0.3	0.26	0.26	0	0	0.3
16900	0.31	0.26	0.26	0	0	0.31
17000	0.3	0.25	0.25	0	0	0.3
17100	0.3	0.25	0.25	0	0	0.3
17200	0.27	0.25	0.25	0	0	0.27
17300	0.27	0.26	0.26	0	0	0.27
17400	0.29	0.27	0.27	0	0	0.29
17500	0.29	0.27	0.27	0	0	0.29
17600	0.3	0.23	0.23	0	0	0.3
17700	0.29	0.22	0.22	0	0	0.29
17800	0.29	0.23	0.23	0	0	0.29
17900	0.29	0.23	0.23	0	0	0.29
18000	0.29	0.24	0.24	0	0	0.29
18100	0.28	0.24	0.24	0	0	0.28
18200	0.28	0.24	0.24	0	0	0.28
18300	0.29	0.23	0.23	0	0	0.29
18400	0.29	0.22	0.22	0	0	0.29
18500	0.29	0.22	0.22	0	0	0.29
18600	0.29	0.23	0.23	0	0	0.29
18700	0.29	0.23	0.23	0	0	0.29
18800	0.31	0.23	0.23	0	0	0.31
18900	0.31	0.23	0.23	0	0	0.31
19000	0.29	0.23	0.23	0	0	0.29
19100	0.28	0.23	0.23	0	0	0.28
19200	0.28	0.23	0.23	0	0	0.28
19300	0.29	0.23	0.23	0	0	0.29
19400	0.29	0.24	0.24	0	0	0.29
19500	0.29	0.24	0.24	0	0	0.29
19600	0.29	0.25	0.25	0	0	0.29
19700	0.3	0.25	0.25	0	0	0.3
19800	0.3	0.25	0.25	0	0	0.3
19900	0.3	0.25	0.25	0	0	0.3
20000	0.3	0.25	0.25	0	0	0.3
20100	0.3	0.28	0.28	0	0	0.3
20200	0.3	0.28	0.28	0	0	0.3
20300	0.31	0.29	0.29	0	0	0.31
20400	0.3	0.28	0.28	0	0	0.3
20500	0.3	0.28	0.28	0	0	0.3
20600	0.3	0.28	0.28	0	0	0.3
20700	0.31	0.27	0.27	0	0	0.31
20800	0.32	0.28	0.28	0	0	0.32
20900	0.32	0.28	0.28	0	0	0.32
21000	0.32	0.27	0.27	0	0	0.32
21100	0.32	0.27	0.27	0	0	0.32
21200	0.32	0.27	0.27	0	0	0.32
21300	0.33	0.27	0.27	0	0	0.33
21400	0.33	0.27	0.27	0	0	0.33
21500	0.33	0.27	0.27	0	0	0.33
21600	0.33	0.27	0.27	0	0	0.33
21700	0.34	0.29	0.29	0	0	0.34
21800	0.34	0.28	0.28	0	0	0.34
21900	0.35	0.28	0.28	0	0	0.35
22000	0.36	0.28	0.28	0	0	0.36
22100	0.36	0.28	0.28	0	0	0.36
22200	0.36	0.28	0.28	0	0	0.36
22300	0.37	0.28	0.28	0	0	0.37
22400	0.36	0.29	0.29	0	0	0.36
22500	0.36	0.3	0.3	0	0	0.36
22600	0.36	0.3	0.3	0	0	0.36
22700	0.36	0.3	0.3	0	0	0.36
22800	0.36	0.3	0.3	0	0	0.36
22900	0.36	0.3	0.3	0	0	0.36
23000	0.36	0.3	0.3	0	0	0.36
23100	0.37	0.3	0.3	0	0	0.37
23200	0.36	0.31	0.31	0	0	0.36
23300	0.35	0.32	0.32	0	0	0.35
23400	0.36	0.32	0.32	0	0	0.36
23500	0.36	0.32	0.32	0	0	0.36
23600	0.35	0.32	0.32	0	0	0.35
23700	0.36	0.32	0.32	0	0	0.36
23800	0.36	0.32	0.32	0	0	0.36
23900	0.36	0.33	0.33	0	0	0.36
24000	0.36	0.33	0.33	0	0	0.36
24100	0.36	0.33	0.33	0	0	0.36
24200	0.37	0.32	0.32	0	0	0.37
24300	0.37	0.33	0.33	0	0	0.37
24400	0.38	0.34	0.34	0	0	0.38
24500	0.39	0.34	0.34	0	0	0.39
24600	0.39	0.34	0.34	0	0	0.39
24700	0.38	0.34	0.34	0	0	0.38
24800	0.38	0.34	0.34	0	0	0.38
24900	0.38	0.34	0.34	0	0	0.38
25000	0.38	0.34	0.34	0	0	0.38
25100	0.37	0.34	0.34	0	0	0.37
25200	0.37	0.34	0.34	0	0	0.37
25300	0.37	0.35	0.35	0	0	0.37
25400	0.37	0.35	0.35	0	0	0.37
25500	0.37	0.36	0.36	0	0	0.37
25600	0.38	0.36	0.36	0	0	0.38
25700	0.38	0.37	0.37	0	0	0.38
25800	0.38	0.36	0.36	0	0	0.38
25900	0.39	0.35	0.35	0	0	0.39
26000	0.4	0.35	0.35	0	0	0.4
26100	0.4	0.35	0.35	0	0	0.4
26200	0.39	0.35	0.35	0	0	0.39
26300	0.39	0.35	0.35	0	0	0.39
26400	0.39	0.35	0.35	0	0	0.39
26500	0.39	0.35	0.35	0	0	0.39
26600	0.39	0.35	0.35	0	0	0.39
26700	0.39	0.36	0.36	0	0	0.39
26800	0.4	0.37	0.37	0	0	0.4
26900	0.4	0.38	0.38	0	0	0.4
27000	0.4	0.38	0.38	0	0	0.4
27100	0.4	0.38	0.38	0	0	0.4
27200	0.41	0.38	0.38	0	0	0.41
27300	0.41	0.37	0.37	0	0	0.41
27400	0.41	0.37	0.37	0	0	0.41
27500	0.41	0.37	0.37	0	0	0.41
27600	0.42	0.37	0.37	0	0	0.42
27700	0.42	0.37	0.37	0	0	0.42
27800	0.42	0.37	0.37	0	0	0.42
27900	0.42	0.37	0.37	0	0	0.42
28000	0.42	0.36	0.36	0	0	0.42
28100	0.42	0.37	0.37	0	0	0.42
28200	0.42	0.37	0.37	0	0	0.42
28300	0.42	0.37	0.37	0	0	0.42
28400	0.42	0.37	0.37	0	0	0.42
28500	0.42	0.37	0.37	0	0	0.42
28600	0.42	0.37	0.37	0	0	0.42
28700	0.41	0.37	0.37	0	0	0.41
28800	0.41	0.37	0.37	0	0	0.41
28900	0.41	0.37	0.37	0	0	0.41
29000	0.41	0.37	0.37	0	0	0.41
29100	0.41	0.37	0.37	0	0	0.41
29200	0.41	0.37	0.37	0	0	0.41
29300	0.41	0.38	0.38	0	0	0.41
29400	0.41	0.39	0.39	0	0	0.41
29500	0.41	0.39	0.39	0	0	0.41
29600	0.41	0.39	0.39	0	0	0.41
29700	0.41	0.39	0.39	0	0	0.41
29800	0.4	0.38	0.38	0	0	0.4
29900	0.4	0.39	0.39	0	0	0.4
30000	0.4	0.39	0.39	0	0	0.4
30100	0.4	0.4	0.4	0	0	0.4
30200	0.4	0.39	0.39	0	0	0.4
30300	0.39	0.39	0.39	0	0	0.39
30400	0.39	0.37	0.37	0	0	0.39
30500	0.39	0.37	0.37	0	0	0.39
30600	0.4	0.37	0.37	0	0	0.4
30700	0.4	0.37	0.37	0	0	0.4
30800	0.4	0.37	0.37	0	0	0.4
30900	0.41	0.37	0.37	0	0	0.41
31000	0.4	0.37	0.37	0	0	0.4
31100	0.38	0.37	0.37	0	0	0.38
31200	0.38	0.37	0.37	0	0	0.38
31300	0.38	0.37	0.37	0	0	0.38
31400	0.39	0.37	0.37	0	0	0.39
31500	0.38	0.37	0.37	0	0	0.38
31600	0.38	0.37	0.37	0	0	0.38
31700	0.37	0.37	0.37	0	0	0.37
31800	0.36	0.37	0.37	0	0	0.36
31900	0.36	0.37	0.37	0	0	0.36
32000	0.36	0.37	0.37	0	0	0.36
32100	0.36	0.37	0.37	0	0	0.36
32200	0.37	0.37	0.37	0	0	0.37
32300	0.37	0.37	0.37	0	0	0.37
32400	0.37	0.37	0.37	0	0	0.37
32500	0.37	0.37	0.37	0	0	0.37
32600	0.4	0.37	0.37	0	0	0.4
32700	0.4	0.37	0.37	0	0	0.4
32800	0.4	0.37	0.37	0	0	0.4
32900	0.4	0.37	0.37	0	0	0.4
33000	0.39	0.37	0.37	0	0	0.39
33100	0.38	0.37	0.37	0	0	0.38
33200	0.38	0.37	0.37	0	0	0.38
33300	0.38	0.37	0.37	0	0	0.38
33400	0.38	0.37	0.37	0	0	0.38
33500	0.38	0.36	0.36	0	0	0.38
33600	0.38	0.36	0.36	0	0	0.38
33700	0.38	0.36	0.36	0	0	0.38
33800	0.39	0.36	0.36	0	0	0.39
33900	0.39	0.37	0.37	0	0	0.39
34000	0.38	0.37	0.37	0	0	0.38
34100	0.38	0.36	0.36	0	0	0.38
34200	0.38	0.36	0.36	0	0	0.38
34300	0.39	0.36	0.36	0	0	0.39
34400	0.4	0.36	0.36	0	0	0.4
34500	0.39	0.36	0.36	0	0	0.39
34600	0.39	0.36	0.36	0	0	0.39
34700	0.39	0.36	0.36	0	0	0.39
34800	0.39	0.36	0.36	0	0	0.39
34900	0.39	0.36	0.36	0	0	0.39
35000	0.38	0.36	0.36	0	0	0.38
35100	0.39	0.36	0.36	0	0	0.39
35200	0.39	0.36	0.36	0	0	0.39
35300	0.39	0.36	0.36	0	0	0.39
35400	0.38	0.36	0.36	0	0	0.38
35500	0.38	0.36	0.36	0	0	0.38
35600	0.37	0.36	0.36	0	0	0.37
35700	0.37	0.37	0.37	0	0	0.37
35800	0.37	0.37	0.37	0	0	0.37
35900	0.37	0.38	0.38	0	0	0.37
36000	0.38	0.38	0.38	0	0	0.38
36100	0.38	0.38	0.38	0	0	0.38
36200	0.38	0.38	0.38	0	0	0.38
36300	0.38	0.39	0.39	0	0	0.38
36400	0.37	0.39	0.39	0	0	0.37
36500	0.38	0.39	0.39	0	0	0.38
36600	0.39	0.39	0.39	0	0	0.39
36700	0.39	0.39	0.39	0	0	0.39
36800	0.39	0.39	0.39	0	0	0.39
36900	0.39	0.39	0.39	0	0	0.39
37000	0.4	0.4	0.4	0	0	0.4
37100	0.4	0.39	0.39	0	0	0.4
37200	0.4	0.39	0.39	0	0	0.4
37300	0.41	0.39	0.39	0	0	0.41
37400	0.41	0.39	0.39	0	0	0.41
37500	0.41	0.39	0.39	0	0	0.41
37600	0.41	0.4	0.4	0	0	0.41
37700	0.41	0.4	0.4	0	0	0.41
37800	0.42	0.4	0.4	0	0	0.42
37900	0.41	0.4	0.4	0	0	0.41
38000	0.41	0.4	0.4	0	0	0.41
38100	0.41	0.4	0.4	0	0	0.41
38200	0.4	0.4	0.4	0	0	0.4
38300	0.4	0.4	0.4	0	0	0.4
38400	0.39	0.4	0.4	0	0	0.39
38500	0.39	0.4	0.4	0	0	0.39
38600	0.39	0.4	0.4	0	0	0.39
38700	0.37	0.4	0.4	0	0	0.37
38800	0.38	0.41	0.41	0	0	0.38
38900	0.37	0.4	0.4	0	0	0.37
39000	0.37	0.4	0.4	0	0	0.37
39100	0.37	0.4	0.4	0	0	0.37
39200	0.37	0.4	0.4	0	0	0.37
39300	0.36	0.4	0.4	0	0	0.36
39400	0.37	0.4	0.4	0	0	0.37
39500	0.37	0.39	0.39	0	0	0.37
39600	0.37	0.39	0.39	0	0	0.37
39700	0.37	0.4	0.4	0	0	0.37
39800	0.37	0.4	0.4	0	0	0.37
39900	0.37	0.41	0.41	0	0	0.37
40000	0.37	0.41	0.41	0	0	0.37
40100	0.38	0.41	0.41	0	0	0.38
40200	0.39	0.41	0.41	0	0	0.39
40300	0.39	0.42	0.42	0	0	0.39
40400	0.39	0.41	0.41	0	0	0.39
40500	0.39	0.41	0.41	0	0	0.39
40600	0.39	0.41	0.41	0	0	0.39
40700	0.39	0.42	0.42	0	0	0.39
40800	0.38	0.41	0.41	0	0	0.38
40900	0.37	0.41	0.41	0	0	0.37
41000	0.37	0.41	0.41	0	0	0.37
41100	0.36	0.41	0.41	0	0	0.36
41200	0.36	0.41	0.41	0	0	0.36
41300	0.36	0.41	0.41	0	0	0.36
41400	0.36	0.42	0.42	0	0	0.36
41500	0.36	0.42	0.42	0	0	0.36
41600	0.36	0.42	0.42	0	0	0.36
41700	0.36	0.43	0.43	0	0	0.36
41800	0.36	0.43	0.43	0	0	0.36
41900	0.36	0.43	0.43	0	0	0.36
42000	0.36	0.43	0.43	0	0	0.36
42100	0.36	0.43	0.43	0	0	0.36
42200	0.36	0.43	0.43	0	0	0.36
42300	0.36	0.43	0.43	0	0	0.36
42400	0.35	0.43	0.43	0	0	0.35
42500	0.35	0.43	0.43	0	0	0.35
42600	0.34	0.43	0.43	0	0	0.34
42700	0.34	0.43	0.43	0	0	0.34
42800	0.34	0.43	0.43	0	0	0.34
42900	0.34	0.43	0.43	0	0	0.34
43000	0.34	0.43	0.43	0	0	0.34
43100	0.34	0.43	0.43	0	0	0.34
43200	0.33	0.44	0.44	0	0	0.33
43300	0.33	0.45	0.45	0	0	0.33
43400	0.33	0.45	0.45	0	0	0.33
43500	0.33	0.44	0.44	0	0	0.33
43600	0.33	0.45	0.45	0	0	0.33
43700	0.33	0.45	0.45	0	0	0.33
43800	0.33	0.45	0.45	0	0	0.33
43900	0.33	0.45	0.45	0	0	0.33
44000	0.33	0.44	0.44	0	0	0.33
44100	0.33	0.42	0.42	0	0	0.33
44200	0.33	0.41	0.41	0	0	0.33
44300	0.33	0.39	0.39	0	0	0.33
44400	0.34	0.39	0.39	0	0	0.34
44500	0.33	0.38	0.38	0	0	0.33
44600	0.33	0.38	0.38	0	0	0.33
44700	0.34	0.37	0.37	0	0	0.34
44800	0.34	0.37	0.37	0	0	0.34
44900	0.34	0.38	0.38	0	0	0.34
45000	0.35	0.37	0.37	0	0	0.35
45100	0.36	0.37	0.37	0	0	0.36
45200	0.35	0.37	0.37	0	0	0.35
45300	0.35	0.38	0.38	0	0	0.35
45400	0.35	0.38	0.38	0	0	0.35
45500	0.35	0.38	0.38	0	0	0.35
45600	0.35	0.39	0.39	0	0	0.35
45700	0.35	0.39	0.39	0	0	0.35
45800	0.35	0.39	0.39	0	0	0.35
45900	0.35	0.39	0.39	0	0	0.35
46000	0.35	0.39	0.39	0	0	0.35
46100	0.35	0.4	0.4	0	0	0.35
46200	0.35	0.41	0.41	0	0	0.35
46300	0.35	0.41	0.41	0	0	0.35
46400	0.35	0.41	0.41	0	0	0.35
46500	0.35	0.41	0.41	0	0	0.35
46600	0.36	0.41	0.41	0	0	0.36
46700	0.36	0.41	0.41	0	0	0.36
46800	0.36	0.41	0.41	0	0	0.36
46900	0.36	0.42	0.42	0	0	0.36
47000	0.36	0.42	0.42	0	0	0.36
47100	0.36	0.42	0.42	0	0	0.36
47200	0.37	0.42	0.42	0	0	0.37
47300	0.37	0.41	0.41	0	0	0.37
47400	0.37	0.41	0.41	0	0	0.37
47500	0.37	0.42	0.42	0	0	0.37
47600	0.37	0.4	0.4	0	0	0.37
47700	0.37	0.4	0.4	0	0	0.37
47800	0.37	0.4	0.4	0	0	0.37
47900	0.37	0.42	0.42	0	0	0.37
48000	0.36	0.41	0.41	0	0	0.36
48100	0.36	0.41	0.41	0	0	0.36
48200	0.36	0.41	0.41	0	0	0.36
48300	0.36	0.41	0.41	0	0	0.36
48400	0.35	0.42	0.42	0	0	0.35
48500	0.35	0.41	0.41	0	0	0.35
48600	0.35	0.41	0.41	0	0	0.35
48700	0.35	0.43	0.43	0	0	0.35
48800	0.35	0.43	0.43	0	0	0.35
48900	0.35	0.43	0.43	0	0	0.35
49000	0.35	0.43	0.43	0	0	0.35
49100	0.35	0.44	0.44	0	0	0.35
49200	0.35	0.44	0.44	0	0	0.35
49300	0.36	0.45	0.45	0	0	0.36
49400	0.36	0.44	0.44	0	0	0.36
49500	0.36	0.44	0.44	0	0	0.36
49600	0.36	0.44	0.44	0	0	0.36
49700	0.37	0.44	0.44	0	0	0.37
49800	0.37	0.44	0.44	0	0	0.37
49900	0.37	0.44	0.44	0	0	0.37
50000	0.37	0.44	0.44	0	0	0.37
50100	0.37	0.44	0.44	0	0	0.37
50200	0.37	0.44	0.44	0	0	0.37
50300	0.38	0.44	0.44	0	0	0.38
50400	0.37	0.45	0.45	0	0	0.37
50500	0.37	0.45	0.45	0	0	0.37
50600	0.37	0.45	0.45	0	0	0.37
50700	0.36	0.45	0.45	0	0	0.36
50800	0.37	0.46	0.46	0	0	0.37
50900	0.38	0.45	0.45	0	0	0.38
51000	0.37	0.45	0.45	0	0	0.37
51100	0.37	0.45	0.45	0	0	0.37
51200	0.38	0.45	0.45	0	0	0.38
51300	0.37	0.45	0.45	0	0	0.37
51400	0.37	0.45	0.45	0	0	0.37
51500	0.37	0.45	0.45	0	0	0.37
51600	0.37	0.45	0.45	0	0	0.37
51700	0.37	0.45	0.45	0	0	0.37
51800	0.37	0.45	0.45	0	0	0.37
51900	0.38	0.45	0.45	0	0	0.38
52000	0.38	0.45	0.45	0	0	0.38
52100	0.38	0.45	0.45	0	0	0.38
52200	0.38	0.45	0.45	0	0	0.38
52300	0.38	0.45	0.45	0	0	0.38
52400	0.38	0.45	0.45	0	0	0.38
52500	0.38	0.45	0.45	0	0	0.38
52600	0.38	0.45	0.45	0	0	0.38
52700	0.38	0.45	0.45	0	0	0.38
52800	0.38	0.45	0.45	0	0	0.38
52900	0.38	0.46	0.46	0	0	0.38
53000	0.37	0.46	0.46	0	0	0.37
53100	0.37	0.46	0.46	0	0	0.37
53200	0.36	0.46	0.46	0	0	0.36
53300	0.36	0.46	0.46	0	0	0.36
53400	0.36	0.45	0.45	0	0	0.36
53500	0.35	0.45	0.45	0	0	0.35
53600	0.35	0.45	0.45	0	0	0.35
53700	0.35	0.45	0.45	0	0	0.35
53800	0.35	0.45	0.45	0	0	0.35
53900	0.36	0.45	0.45	0	0	0.36
54000	0.36	0.44	0.44	0	0	0.36
54100	0.37	0.44	0.44	0	0	0.37
54200	0.37	0.45	0.45	0	0	0.37
54300	0.37	0.45	0.45	0	0	0.37
54400	0.38	0.45	0.45	0	0	0.38
54500	0.38	0.45	0.45	0	0	0.38
54600	0.38	0.45	0.45	0	0	0.38
54700	0.38	0.45	0.45	0	0	0.38
54800	0.38	0.45	0.45	0	0	0.38
54900	0.38	0.45	0.45	0	0	0.38
55000	0.37	0.45	0.45	0	0	0.37
55100	0.38	0.45	0.45	0	0	0.38
55200	0.38	0.45	0.45	0	0	0.38
55300	0.39	0.45	0.45	0	0	0.39
55400	0.39	0.45	0.45	0	0	0.39
55500	0.38	0.45	0.45	0	0	0.38
55600	0.38	0.45	0.45	0	0	0.38
55700	0.38	0.45	0.45	0	0	0.38
55800	0.38	0.45	0.45	0	0	0.38
55900	0.38	0.45	0.45	0	0	0.38
56000	0.38	0.45	0.45	0	0	0.38
56100	0.38	0.44	0.44	0	0	0.38
56200	0.39	0.44	0.44	0	0	0.39
56300	0.39	0.44	0.44	0	0	0.39
56400	0.39	0.44	0.44	0	0	0.39
56500	0.39	0.44	0.44	0	0	0.39
56600	0.39	0.43	0.43	0	0	0.39
56700	0.39	0.43	0.43	0	0	0.39
56800	0.39	0.43	0.43	0	0	0.39
56900	0.39	0.43	0.43	0	0	0.39
57000	0.38	0.43	0.43	0	0	0.38
57100	0.38	0.43	0.43	0	0	0.38
57200	0.38	0.43	0.43	0	0	0.38
57300	0.38	0.44	0.44	0	0	0.38
57400	0.38	0.44	0.44	0	0	0.38
57500	0.38	0.43	0.43	0	0	0.38
57600	0.38	0.44	0.44	0	0	0.38
57700	0.39	0.44	0.44	0	0	0.39
57800	0.39	0.44	0.44	0	0	0.39
57900	0.39	0.45	0.45	0	0	0.39
58000	0.39	0.45	0.45	0	0	0.39
58100	0.38	0.45	0.45	0	0	0.38
58200	0.38	0.45	0.45	0	0	0.38
58300	0.38	0.45	0.45	0	0	0.38
58400	0.38	0.45	0.45	0	0	0.38
58500	0.37	0.45	0.45	0	0	0.37
58600	0.37	0.45	0.45	0	0	0.37
58700	0.37	0.45	0.45	0	0	0.37
58800	0.38	0.45	0.45	0	0	0.38
58900	0.39	0.45	0.45	0	0	0.39
59000	0.39	0.45	0.45	0	0	0.39
59100	0.39	0.45	0.45	0	0	0.39
59200	0.39	0.45	0.45	0	0	0.39
59300	0.39	0.45	0.45	0	0	0.39
59400	0.38	0.45	0.45	0	0	0.38
59500	0.38	0.44	0.44	0	0	0.38
59600	0.38	0.44	0.44	0	0	0.38
59700	0.38	0.43	0.43	0	0	0.38
59800	0.38	0.43	0.43	0	0	0.38
59900	0.37	0.43	0.43	0	0	0.37
60000	0.37	0.43	0.43	0	0	0.37
60100	0.37	0.42	0.42	0	0	0.37
60200	0.37	0.42	0.42	0	0	0.37
60300	0.37	0.42	0.42	0	0	0.37
60400	0.37	0.42	0.42	0	0	0.37
60500	0.37	0.42	0.42	0	0	0.37
60600	0.37	0.42	0.42	0	0	0.37
60700	0.37	0.42	0.42	0	0	0.37
60800	0.37	0.42	0.42	0	0	0.37
60900	0.37	0.42	0.42	0	0	0.37
61000	0.37	0.42	0.42	0	0	0.37
61100	0.36	0.42	0.42	0	0	0.36
61200	0.36	0.43	0.43	0	0	0.36
61300	0.36	0.43	0.43	0	0	0.36
61400	0.36	0.43	0.43	0	0	0.36
61500	0.36	0.43	0.43	0	0	0.36
61600	0.36	0.43	0.43	0	0	0.36
61700	0.36	0.43	0.43	0	0	0.36
61800	0.36	0.43	0.43	0	0	0.36
61900	0.36	0.43	0.43	0	0	0.36
62000	0.36	0.43	0.43	0	0	0.36
62100	0.36	0.43	0.43	0	0	0.36
62200	0.36	0.43	0.43	0	0	0.36
62300	0.36	0.44	0.44	0	0	0.36
62400	0.37	0.44	0.44	0	0	0.37
62500	0.37	0.44	0.44	0	0	0.37
62600	0.37	0.44	0.44	0	0	0.37
62700	0.37	0.44	0.44	0	0	0.37
62800	0.36	0.44	0.44	0	0	0.36
62900	0.36	0.44	0.44	0	0	0.36
63000	0.36	0.44	0.44	0	0	0.36
63100	0.36	0.44	0.44	0	0	0.36
63200	0.36	0.44	0.44	0	0	0.36
63300	0.36	0.45	0.45	0	0	0.36
63400	0.35	0.46	0.46	0	0	0.35
63500	0.35	0.45	0.45	0	0	0.35
63600	0.35	0.45	0.45	0	0	0.35
63700	0.34	0.45	0.45	0	0	0.34
63800	0.34	0.46	0.46	0	0	0.34
63900	0.34	0.45	0.45	0	0	0.34
64000	0.34	0.45	0.45	0	0	0.34
64100	0.34	0.45	0.45	0	0	0.34
64200	0.34	0.45	0.45	0	0	0.34
64300	0.34	0.45	0.45	0	0	0.34
64400	0.34	0.45	0.45	0	0	0.34
64500	0.34	0.45	0.45	0	0	0.34
64600	0.33	0.46	0.46	0	0	0.33
64700	0.33	0.46	0.46	0	0	0.33
64800	0.33	0.46	0.46	0	0	0.33
64900	0.33	0.46	0.46	0	0	0.33
65000	0.33	0.46	0.46	0	0	0.33
65100	0.33	0.46	0.46	0	0	0.33
65200	0.33	0.46	0.46	0	0	0.33
65300	0.33	0.47	0.47	0	0	0.33
65400	0.33	0.48	0.48	0	0	0.33
65500	0.34	0.48	0.48	0	0	0.34
65600	0.34	0.48	0.48	0	0	0.34
65700	0.34	0.48	0.48	0	0	0.34
65800	0.34	0.48	0.48	0	0	0.34
65900	0.35	0.47	0.47	0	0	0.35
66000	0.34	0.47	0.47	0	0	0.34
66100	0.34	0.47	0.47	0	0	0.34
66200	0.34	0.47	0.47	0	0	0.34
66300	0.34	0.47	0.47	0	0	0.34
66400	0.36	0.47	0.47	0	0	0.36
66500	0.36	0.47	0.47	0	0	0.36
66600	0.37	0.47	0.47	0	0	0.37
66700	0.37	0.47	0.47	0	0	0.37
66800	0.36	0.47	0.47	0	0	0.36
66900	0.35	0.47	0.47	0	0	0.35
67000	0.35	0.47	0.47	0	0	0.35
67100	0.35	0.47	0.47	0	0	0.35
67200	0.35	0.47	0.47	0	0	0.35
67300	0.35	0.47	0.47	0	0	0.35
67400	0.35	0.48	0.48	0	0	0.35
67500	0.34	0.48	0.48	0	0	0.34
67600	0.34	0.49	0.49	0	0	0.34
67700	0.34	0.48	0.48	0	0	0.34
67800	0.34	0.49	0.49	0	0	0.34
67900	0.34	0.49	0.49	0	0	0.34
68000	0.35	0.48	0.48	0	0	0.35
68100	0.35	0.48	0.48	0	0	0.35
68200	0.35	0.48	0.48	0	0	0.35
68300	0.36	0.48	0.48	0	0	0.36
68400	0.36	0.48	0.48	0	0	0.36
68500	0.36	0.47	0.47	0	0	0.36
68600	0.36	0.47	0.47	0	0	0.36
68700	0.36	0.47	0.47	0	0	0.36
68800	0.36	0.47	0.47	0	0	0.36
68900	0.37	0.47	0.47	0	0	0.37
69000	0.37	0.47	0.47	0	0	0.37
69100	0.37	0.47	0.47	0	0	0.37
69200	0.37	0.47	0.47	0	0	0.37
69300	0.37	0.47	0.47	0	0	0.37
69400	0.37	0.48	0.48	0	0	0.37
69500	0.36	0.48	0.48	0	0	0.36
69600	0.36	0.48	0.48	0	0	0.36
69700	0.36	0.48	0.48	0	0	0.36
69800	0.36	0.49	0.49	0	0	0.36
69900	0.36	0.48	0.48	0	0	0.36
70000	0.36	0.48	0.48	0	0	0.36
70100	0.36	0.48	0.48	0	0	0.36
70200	0.36	0.48	0.48	0	0	0.36
70300	0.37	0.49	0.49	0	0	0.37
70400	0.36	0.49	0.49	0	0	0.36
70500	0.37	0.47	0.47	0	0	0.37
70600	0.37	0.47	0.47	0	0	0.37
70700	0.37	0.47	0.47	0	0	0.37
70800	0.37	0.47	0.47	0	0	0.37
70900	0.37	0.47	0.47	0	0	0.37
71000	0.37	0.48	0.48	0	0	0.37
71100	0.37	0.48	0.48	0	0	0.37
71200	0.38	0.48	0.48	0	0	0.38
71300	0.39	0.49	0.49	0	0	0.39
71400	0.38	0.49	0.49	0	0	0.38
71500	0.37	0.5	0.5	0	0	0.37
71600	0.36	0.5	0.5	0	0	0.36
71700	0.36	0.5	0.5	0	0	0.36
71800	0.35	0.5	0.5	0	0	0.35
71900	0.35	0.5	0.5	0	0	0.35
72000	0.35	0.49	0.49	0	0	0.35
72100	0.34	0.49	0.49	0	0	0.34
72200	0.35	0.49	0.49	0	0	0.35
72300	0.37	0.49	0.49	0	0	0.37
72400	0.37	0.49	0.49	0	0	0.37
72500	0.37	0.49	0.49	0	0	0.37
72600	0.37	0.49	0.49	0	0	0.37
72700	0.36	0.49	0.49	0	0	0.36
72800	0.36	0.49	0.49	0	0	0.36
72900	0.36	0.49	0.49	0	0	0.36
73000	0.35	0.49	0.49	0	0	0.35
73100	0.34	0.49	0.49	0	0	0.34
73200	0.34	0.49	0.49	0	0	0.34
73300	0.34	0.49	0.49	0	0	0.34
73400	0.35	0.49	0.49	0	0	0.35
73500	0.36	0.49	0.49	0	0	0.36
73600	0.36	0.49	0.49	0	0	0.36
73700	0.36	0.49	0.49	0	0	0.36
73800	0.36	0.49	0.49	0	0	0.36
73900	0.36	0.49	0.49	0	0	0.36
74000	0.36	0.49	0.49	0	0	0.36
74100	0.36	0.48	0.48	0	0	0.36
74200	0.36	0.48	0.48	0	0	0.36
74300	0.36	0.48	0.48	0	0	0.36
74400	0.37	0.48	0.48	0	0	0.37
74500	0.37	0.48	0.48	0	0	0.37
74600	0.37	0.48	0.48	0	0	0.37
74700	0.36	0.48	0.48	0	0	0.36
74800	0.35	0.49	0.49	0	0	0.35
74900	0.35	0.49	0.49	0	0	0.35
75000	0.35	0.49	0.49	0	0	0.35
75100	0.35	0.49	0.49	0	0	0.35
75200	0.35	0.5	0.5	0	0	0.35
75300	0.35	0.5	0.5	0	0	0.35
75400	0.35	0.5	0.5	0	0	0.35
75500	0.36	0.5	0.5	0	0	0.36
75600	0.35	0.5	0.5	0	0	0.35
75700	0.35	0.5	0.5	0	0	0.35
75800	0.35	0.5	0.5	0	0	0.35
75900	0.35	0.49	0.49	0	0	0.35
76000	0.35	0.49	0.49	0	0	0.35
76100	0.34	0.49	0.49	0	0	0.34
76200	0.35	0.49	0.49	0	0	0.35
76300	0.35	0.49	0.49	0	0	0.35
76400	0.35	0.49	0.49	0	0	0.35
76500	0.35	0.49	0.49	0	0	0.35
76600	0.35	0.49	0.49	0	0	0.35
76700	0.34	0.49	0.49	0	0	0.34
76800	0.34	0.49	0.49	0	0	0.34
76900	0.34	0.49	0.49	0	0	0.34
77000	0.34	0.5	0.5	0	0	0.34
77100	0.34	0.5	0.5	0	0	0.34
77200	0.34	0.5	0.5	0	0	0.34
77300	0.34	0.5	0.5	0	0	0.34
77400	0.34	0.5	0.5	0	0	0.34
77500	0.35	0.5	0.5	0	0	0.35
77600	0.35	0.5	0.5	0	0	0.35
77700	0.35	0.5	0.5	0	0	0.35
77800	0.35	0.5	0.5	0	0	0.35
77900	0.35	0.5	0.5	0	0	0.35
78000	0.35	0.5	0.5	0	0	0.35
78100	0.35	0.5	0.5	0	0	0.35
78200	0.35	0.5	0.5	0	0	0.35
78300	0.35	0.5	0.5	0	0	0.35
78400	0.35	0.5	0.5	0	0	0.35
78500	0.35	0.5	0.5	0	0	0.35
78600	0.35	0.5	0.5	0	0	0.35
78700	0.35	0.5	0.5	0	0	0.35
78800	0.36	0.5	0.5	0	0	0.36
78900	0.36	0.5	0.5	0	0	0.36
79000	0.35	0.5	0.5	0	0	0.35
79100	0.35	0.5	0.5	0	0	0.35
79200	0.35	0.5	0.5	0	0	0.35
79300	0.35	0.5	0.5	0	0	0.35
79400	0.35	0.5	0.5	0	0	0.35
79500	0.35	0.5	0.5	0	0	0.35
79600	0.35	0.5	0.5	0	0	0.35
79700	0.35	0.5	0.5	0	0	0.35
79800	0.36	0.5	0.5	0	0	0.36
79900	0.36	0.5	0.5	0	0	0.36
80000	0.37	0.5	0.5	0	0	0.37
80100	0.37	0.5	0.5	0	0	0.37
80200	0.38	0.5	0.5	0	0	0.38
80300	0.38	0.5	0.5	0	0	0.38
80400	0.38	0.49	0.49	0	0	0.38
80500	0.39	0.49	0.49	0	0	0.39
80600	0.4	0.49	0.49	0	0	0.4
80700	0.39	0.49	0.49	0	0	0.39
80800	0.4	0.49	0.49	0	0	0.4
80900	0.4	0.49	0.49	0	0	0.4
81000	0.39	0.49	0.49	0	0	0.39
81100	0.39	0.49	0.49	0	0	0.39
81200	0.4	0.49	0.49	0	0	0.4
81300	0.4	0.49	0.49	0	0	0.4
81400	0.4	0.49	0.49	0	0	0.4
81500	0.39	0.49	0.49	0	0	0.39
81600	0.39	0.5	0.5	0	0	0.39
81700	0.39	0.5	0.5	0	0	0.39
81800	0.4	0.5	0.5	0	0	0.4
81900	0.4	0.49	0.49	0	0	0.4
82000	0.39	0.49	0.49	0	0	0.39
82100	0.39	0.49	0.49	0	0	0.39
82200	0.39	0.49	0.49	0	0	0.39
82300	0.38	0.49	0.49	0	0	0.38
82400	0.39	0.49	0.49	0	0	0.39
82500	0.39	0.49	0.49	0	0	0.39
82600	0.39	0.48	0.48	0	0	0.39
82700	0.4	0.48	0.48	0	0	0.4
82800	0.4	0.48	0.48	0	0	0.4
82900	0.4	0.48	0.48	0	0	0.4
83000	0.39	0.48	0.48	0	0	0.39
83100	0.39	0.48	0.48	0	0	0.39
83200	0.39	0.48	0.48	0	0	0.39
83300	0.39	0.48	0.48	0	0	0.39
83400	0.38	0.48	0.48	0	0	0.38
83500	0.38	0.49	0.49	0	0	0.38
83600	0.38	0.49	0.49	0	0	0.38
83700	0.39	0.49	0.49	0	0	0.39
83800	0.39	0.5	0.5	0	0	0.39
83900	0.39	0.5	0.5	0	0	0.39
84000	0.39	0.5	0.5	0	0	0.39
84100	0.39	0.49	0.49	0	0	0.39
84200	0.4	0.5	0.5	0	0	0.4
84300	0.4	0.5	0.5	0	0	0.4
84400	0.4	0.5	0.5	0	0	0.4
84500	0.4	0.5	0.5	0	0	0.4
84600	0.41	0.5	0.5	0	0	0.41
84700	0.41	0.5	0.5	0	0	0.41
84800	0.41	0.5	0.5	0	0	0.41
84900	0.41	0.5	0.5	0	0	0.41
85000	0.41	0.5	0.5	0	0	0.41
85100	0.41	0.51	0.51	0	0	0.41
85200	0.41	0.51	0.51	0	0	0.41
85300	0.41	0.51	0.51	0	0	0.41
85400	0.41	0.51	0.51	0	0	0.41
85500	0.41	0.51	0.51	0	0	0.41
85600	0.41	0.51	0.51	0	0	0.41
85700	0.41	0.51	0.51	0	0	0.41
85800	0.41	0.51	0.51	0	0	0.41
85900	0.41	0.51	0.51	0	0	0.41
86000	0.41	0.51	0.51	0	0	0.41
86100	0.41	0.51	0.51	0	0	0.41
86200	0.41	0.5	0.5	0	0	0.41
86300	0.41	0.5	0.5	0	0	0.41
86400	0.4	0.48	0.48	0	0	0.4
86500	0.4	0.48	0.48	0	0	0.4
86600	0.4	0.48	0.48	0	0	0.4
86700	0.4	0.49	0.49	0	0	0.4
86800	0.41	0.49	0.49	0	0	0.41
86900	0.41	0.49	0.49	0	0	0.41
87000	0.4	0.49	0.49	0	0	0.4
87100	0.4	0.49	0.49	0	0	0.4
87200	0.4	0.49	0.49	0	0	0.4
87300	0.4	0.5	0.5	0	0	0.4
87400	0.41	0.5	0.5	0	0	0.41
87500	0.41	0.5	0.5	0	0	0.41
87600	0.41	0.5	0.5	0	0	0.41
87700	0.41	0.5	0.5	0	0	0.41
87800	0.41	0.51	0.51	0	0	0.41
87900	0.41	0.51	0.51	0	0	0.41
88000	0.41	0.51	0.51	0	0	0.41
88100	0.41	0.51	0.51	0	0	0.41
88200	0.41	0.51	0.51	0	0	0.41
88300	0.41	0.51	0.51	0	0	0.41
88400	0.41	0.51	0.51	0	0	0.41
88500	0.41	0.51	0.51	0	0	0.41
88600	0.41	0.51	0.51	0	0	0.41
88700	0.41	0.51	0.51	0	0	0.41
88800	0.41	0.51	0.51	0	0	0.41
88900	0.41	0.51	0.51	0	0	0.41
89000	0.41	0.52	0.52	0	0	0.41
89100	0.41	0.52	0.52	0	0	0.41
89200	0.4	0.51	0.51	0	0	0.4
89300	0.41	0.51	0.51	0	0	0.41
89400	0.41	0.51	0.51	0	0	0.41
89500	0.42	0.51	0.51	0	0	0.42
89600	0.41	0.51	0.51	0	0	0.41
89700	0.42	0.5	0.5	0	0	0.42
89800	0.42	0.5	0.5	0	0	0.42
89900	0.42	0.5	0.5	0	0	0.42
90000	0.42	0.5	0.5	0	0	0.42
90100	0.42	0.5	0.5	0	0	0.42
90200	0.42	0.5	0.5	0	0	0.42
90300	0.42	0.5	0.5	0	0	0.42
90400	0.42	0.5	0.5	0	0	0.42
90500	0.42	0.5	0.5	0	0	0.42
90600	0.42	0.49	0.49	0	0	0.42
90700	0.42	0.49	0.49	0	0	0.42
90800	0.42	0.49	0.49	0	0	0.42
90900	0.42	0.49	0.49	0	0	0.42
91000	0.42	0.49	0.49	0	0	0.42
91100	0.42	0.49	0.49	0	0	0.42
91200	0.42	0.49	0.49	0	0	0.42
91300	0.42	0.49	0.49	0	0	0.42
91400	0.42	0.49	0.49	0	0	0.42
91500	0.42	0.49	0.49	0	0	0.42
91600	0.42	0.49	0.49	0	0	0.42
91700	0.42	0.49	0.49	0	0	0.42
91800	0.42	0.49	0.49	0	0	0.42
91900	0.42	0.49	0.49	0	0	0.42
92000	0.42	0.49	0.49	0	0	0.42
92100	0.42	0.49	0.49	0	0	0.42
92200	0.42	0.49	0.49	0	0	0.42
92300	0.42	0.49	0.49	0	0	0.42
92400	0.42	0.49	0.49	0	0	0.42
92500	0.42	0.49	0.49	0	0	0.42
92600	0.42	0.49	0.49	0	0	0.42
92700	0.42	0.49	0.49	0	0	0.42
92800	0.42	0.49	0.49	0	0	0.42
92900	0.42	0.49	0.49	0	0	0.42
93000	0.42	0.49	0.49	0	0	0.42
93100	0.41	0.49	0.49	0	0	0.41
93200	0.39	0.49	0.49	0	0	0.39
93300	0.39	0.49	0.49	0	0	0.39
93400	0.39	0.49	0.49	0	0	0.39
93500	0.38	0.49	0.49	0	0	0.38
93600	0.38	0.49	0.49	0	0	0.38
93700	0.38	0.49	0.49	0	0	0.38
93800	0.38	0.49	0.49	0	0	0.38
93900	0.38	0.49	0.49	0	0	0.38
94000	0.38	0.49	0.49	0	0	0.38
94100	0.39	0.49	0.49	0	0	0.39
94200	0.38	0.49	0.49	0	0	0.38
94300	0.38	0.49	0.49	0	0	0.38
94400	0.38	0.5	0.5	0	0	0.38
94500	0.37	0.5	0.5	0	0	0.37
94600	0.37	0.5	0.5	0	0	0.37
94700	0.37	0.5	0.5	0	0	0.37
94800	0.38	0.5	0.5	0	0	0.38
94900	0.38	0.5	0.5	0	0	0.38
95000	0.38	0.5	0.5	0	0	0.38
95100	0.37	0.49	0.49	0	0	0.37
95200	0.37	0.5	0.5	0	0	0.37
95300	0.37	0.5	0.5	0	0	0.37
95400	0.37	0.5	0.5	0	0	0.37
95500	0.37	0.5	0.5	0	0	0.37
95600	0.37	0.51	0.51	0	0	0.37
95700	0.36	0.51	0.51	0	0	0.36
95800	0.36	0.51	0.51	0	0	0.36
95900	0.36	0.51	0.51	0	0	0.36
96000	0.36	0.51	0.51	0	0	0.36
96100	0.36	0.53	0.53	0	0	0.36
96200	0.36	0.53	0.53	0	0	0.36
96300	0.36	0.52	0.52	0	0	0.36
96400	0.36	0.51	0.51	0	0	0.36
96500	0.36	0.51	0.51	0	0	0.36
96600	0.37	0.51	0.51	0	0	0.37
96700	0.36	0.51	0.51	0	0	0.36
96800	0.36	0.51	0.51	0	0	0.36
96900	0.36	0.51	0.51	0	0	0.36
97000	0.36	0.51	0.51	0	0	0.36
97100	0.36	0.51	0.51	0	0	0.36
97200	0.35	0.51	0.51	0	0	0.35
97300	0.35	0.51	0.51	0	0	0.35
97400	0.36	0.51	0.51	0	0	0.36
97500	0.36	0.51	0.51	0	0	0.36
97600	0.36	0.51	0.51	0	0	0.36
97700	0.36	0.51	0.51	0	0	0.36
97800	0.36	0.51	0.51	0	0	0.36
97900	0.36	0.51	0.51	0	0	0.36
98000	0.36	0.51	0.51	0	0	0.36
98100	0.36	0.51	0.51	0	0	0.36
98200	0.36	0.51	0.51	0	0	0.36
98300	0.37	0.51	0.51	0	0	0.37
98400	0.37	0.51	0.51	0	0	0.37
98500	0.37	0.51	0.51	0	0	0.37
98600	0.37	0.51	0.51	0	0	0.37
98700	0.36	0.51	0.51	0	0	0.36
98800	0.36	0.51	0.51	0	0	0.36
98900	0.36	0.5	0.5	0	0	0.36
99000	0.35	0.5	0.5	0	0	0.35
99100	0.35	0.5	0.5	0	0	0.35
99200	0.35	0.5	0.5	0	0	0.35
99300	0.36	0.5	0.5	0	0	0.36
99400	0.36	0.5	0.5	0	0	0.36
99500	0.34	0.5	0.5	0	0	0.34
99600	0.34	0.5	0.5	0	0	0.34
99700	0.34	0.5	0.5	0	0	0.34
99800	0.34	0.49	0.49	0	0	0.34
99900	0.34	0.5	0.5	0	0	0.34
100000	0.34	0.51	0.51	0	0	0.34
100100	0.34	0.51	0.51	0	0	0.34
100200	0.34	0.5	0.5	0	0	0.34
100300	0.34	0.5	0.5	0	0	0.34
100400	0.34	0.51	0.51	0	0	0.34
100500	0.34	0.51	0.51	0	0	0.34
100600	0.34	0.51	0.51	0	0	0.34
100700	0.34	0.51	0.51	0	0	0.34
100800	0.35	0.49	0.49	0	0	0.35
100900	0.35	0.48	0.48	0	0	0.35
101000	0.35	0.47	0.47	0	0	0.35
101100	0.36	0.47	0.47	0	0	0.36
101200	0.36	0.47	0.47	0	0	0.36
101300	0.36	0.47	0.47	0	0	0.36
101400	0.35	0.46	0.46	0	0	0.35
101500	0.35	0.45	0.45	0	0	0.35
101600	0.36	0.45	0.45	0	0	0.36
101700	0.36	0.45	0.45	0	0	0.36
101800	0.36	0.45	0.45	0	0	0.36
101900	0.36	0.45	0.45	0	0	0.36
102000	0.36	0.47	0.47	0	0	0.36
102100	0.36	0.47	0.47	0	0	0.36
102200	0.36	0.45	0.45	0	0	0.36
102300	0.36	0.46	0.46	0	0	0.36
102400	0.36	0.44	0.44	0	0	0.36
102500	0.36	0.44	0.44	0	0	0.36
102600	0.35	0.44	0.44	0	0	0.35
102700	0.35	0.44	0.44	0	0	0.35
102800	0.35	0.44	0.44	0	0	0.35
102900	0.35	0.44	0.44	0	0	0.35
103000	0.35	0.44	0.44	0	0	0.35
103100	0.35	0.44	0.44	0	0	0.35
103200	0.35	0.45	0.45	0	0	0.35
103300	0.36	0.45	0.45	0	0	0.36
103400	0.35	0.45	0.45	0	0	0.35
103500	0.35	0.45	0.45	0	0	0.35
103600	0.35	0.45	0.45	0	0	0.35
103700	0.35	0.46	0.46	0	0	0.35
103800	0.35	0.46	0.46	0	0	0.35
103900	0.36	0.45	0.45	0	0	0.36
104000	0.37	0.45	0.45	0	0	0.37
104100	0.37	0.45	0.45	0	0	0.37
104200	0.36	0.45	0.45	0	0	0.36
104300	0.36	0.45	0.45	0	0	0.36
104400	0.36	0.45	0.45	0	0	0.36
104500	0.36	0.45	0.45	0	0	0.36
104600	0.36	0.46	0.46	0	0	0.36
104700	0.36	0.47	0.47	0	0	0.36
104800	0.37	0.46	0.46	0	0	0.37
104900	0.38	0.46	0.46	0	0	0.38
105000	0.38	0.45	0.45	0	0	0.38
105100	0.38	0.44	0.44	0	0	0.38
105200	0.38	0.45	0.45	0	0	0.38
105300	0.39	0.45	0.45	0	0	0.39
105400	0.39	0.45	0.45	0	0	0.39
105500	0.39	0.45	0.45	0	0	0.39
105600	0.39	0.45	0.45	0	0	0.39
105700	0.38	0.45	0.45	0	0	0.38
105800	0.37	0.45	0.45	0	0	0.37
105900	0.37	0.45	0.45	0	0	0.37
106000	0.37	0.45	0.45	0	0	0.37
106100	0.37	0.45	0.45	0	0	0.37
106200	0.37	0.45	0.45	0	0	0.37
106300	0.37	0.45	0.45	0	0	0.37
106400	0.37	0.45	0.45	0	0	0.37
106500	0.37	0.45	0.45	0	0	0.37
106600	0.37	0.45	0.45	0	0	0.37
106700	0.38	0.45	0.45	0	0	0.38
106800	0.38	0.45	0.45	0	0	0.38
106900	0.38	0.45	0.45	0	0	0.38
107000	0.38	0.45	0.45	0	0	0.38
107100	0.38	0.45	0.45	0	0	0.38
107200	0.38	0.45	0.45	0	0	0.38
107300	0.38	0.45	0.45	0	0	0.38
107400	0.38	0.45	0.45	0	0	0.38
107500	0.38	0.45	0.45	0	0	0.38
107600	0.39	0.45	0.45	0	0	0.39
107700	0.39	0.45	0.45	0	0	0.39
107800	0.39	0.45	0.45	0	0	0.39
107900	0.39	0.45	0.45	0	0	0.39
108000	0.39	0.45	0.45	0	0	0.39
108100	0.39	0.45	0.45	0	0	0.39
108200	0.39	0.45	0.45	0	0	0.39
108300	0.39	0.45	0.45	0	0	0.39
108400	0.39	0.45	0.45	0	0	0.39
108500	0.39	0.45	0.45	0	0	0.39
108600	0.39	0.45	0.45	0	0	0.39
108700	0.39	0.46	0.46	0	0	0.39
108800	0.39	0.46	0.46	0	0	0.39
108900	0.4	0.46	0.46	0	0	0.4
109000	0.4	0.47	0.47	0	0	0.4
109100	0.4	0.47	0.47	0	0	0.4
109200	0.4	0.47	0.47	0	0	0.4
109300	0.4	0.47	0.47	0	0	0.4
109400	0.4	0.47	0.47	0	0	0.4
109500	0.4	0.47	0.47	0	0	0.4
109600	0.4	0.45	0.45	0	0	0.4
109700	0.41	0.45	0.45	0	0	0.41
109800	0.41	0.45	0.45	0	0	0.41
109900	0.41	0.45	0.45	0	0	0.41
110000	0.42	0.45	0.45	0	0	0.42
110100	0.42	0.45	0.45	0	0	0.42
110200	0.42	0.45	0.45	0	0	0.42
110300	0.41	0.45	0.45	0	0	0.41
110400	0.4	0.45	0.45	0	0	0.4
110500	0.4	0.45	0.45	0	0	0.4
110600	0.4	0.45	0.45	0	0	0.4
110700	0.38	0.45	0.45	0	0	0.38
110800	0.38	0.45	0.45	0	0	0.38
110900	0.39	0.46	0.46	0	0	0.39
111000	0.38	0.46	0.46	0	0	0.38
111100	0.38	0.46	0.46	0	0	0.38
111200	0.38	0.46	0.46	0	0	0.38
111300	0.38	0.46	0.46	0	0	0.38
111400	0.38	0.46	0.46	0	0	0.38
111500	0.38	0.46	0.46	0	0	0.38
111600	0.38	0.46	0.46	0	0	0.38
111700	0.38	0.46	0.46	0	0	0.38
111800	0.38	0.46	0.46	0	0	0.38
111900	0.38	0.46	0.46	0	0	0.38
112000	0.38	0.47	0.47	0	0	0.38
112100	0.38	0.47	0.47	0	0	0.38
112200	0.39	0.47	0.47	0	0	0.39
112300	0.38	0.47	0.47	0	0	0.38
112400	0.38	0.47	0.47	0	0	0.38
112500	0.38	0.47	0.47	0	0	0.38
112600	0.39	0.47	0.47	0	0	0.39
112700	0.4	0.47	0.47	0	0	0.4
112800	0.4	0.48	0.48	0	0	0.4
112900	0.41	0.47	0.47	0	0	0.41
113000	0.41	0.47	0.47	0	0	0.41
113100	0.41	0.47	0.47	0	0	0.41
113200	0.41	0.47	0.47	0	0	0.41
113300	0.41	0.47	0.47	0	0	0.41
113400	0.41	0.47	0.47	0	0	0.41
113500	0.41	0.47	0.47	0	0	0.41
113600	0.41	0.48	0.48	0	0	0.41
113700	0.41	0.48	0.48	0	0	0.41
113800	0.41	0.47	0.47	0	0	0.41
113900	0.41	0.47	0.47	0	0	0.41
114000	0.41	0.47	0.47	0	0	0.41
114100	0.41	0.47	0.47	0	0	0.41
114200	0.41	0.48	0.48	0	0	0.41
114300	0.41	0.48	0.48	0	0	0.41
114400	0.42	0.48	0.48	0	0	0.42
114500	0.41	0.48	0.48	0	0	0.41
114600	0.41	0.48	0.48	0	0	0.41
114700	0.41	0.48	0.48	0	0	0.41
114800	0.41	0.48	0.48	0	0	0.41
114900	0.41	0.48	0.48	0	0	0.41
115000	0.41	0.48	0.48	0	0	0.41
115100	0.41	0.48	0.48	0	0	0.41
115200	0.41	0.48	0.48	0	0	0.41
115300	0.4	0.48	0.48	0	0	0.4
115400	0.39	0.48	0.48	0	0	0.39
115500	0.39	0.47	0.47	0	0	0.39
115600	0.39	0.47	0.47	0	0	0.39
115700	0.39	0.47	0.47	0	0	0.39
115800	0.39	0.47	0.47	0	0	0.39
115900	0.39	0.47	0.47	0	0	0.39
116000	0.39	0.47	0.47	0	0	0.39
116100	0.4	0.47	0.47	0	0	0.4
116200	0.41	0.47	0.47	0	0	0.41
116300	0.42	0.47	0.47	0	0	0.42
116400	0.42	0.47	0.47	0	0	0.42
116500	0.42	0.47	0.47	0	0	0.42
116600	0.41	0.47	0.47	0	0	0.41
116700	0.4	0.47	0.47	0	0	0.4
116800	0.41	0.46	0.46	0	0	0.41
116900	0.4	0.46	0.46	0	0	0.4
117000	0.4	0.46	0.46	0	0	0.4
117100	0.4	0.46	0.46	0	0	0.4
117200	0.39	0.46	0.46	0	0	0.39
117300	0.39	0.46	0.46	0	0	0.39
117400	0.39	0.46	0.46	0	0	0.39
117500	0.39	0.46	0.46	0	0	0.39
117600	0.39	0.46	0.46	0	0	0.39
117700	0.39	0.46	0.46	0	0	0.39
117800	0.39	0.46	0.46	0	0	0.39
117900	0.39	0.46	0.46	0	0	0.39
118000	0.39	0.46	0.46	0	0	0.39
118100	0.39	0.46	0.46	0	0	0.39
118200	0.39	0.46	0.46	0	0	0.39
118300	0.39	0.46	0.46	0	0	0.39
118400	0.39	0.46	0.46	0	0	0.39
118500	0.39	0.46	0.46	0	0	0.39
118600	0.39	0.47	0.47	0	0	0.39
118700	0.39	0.47	0.47	0	0	0.39
118800	0.39	0.47	0.47	0	0	0.39
118900	0.39	0.47	0.47	0	0	0.39
119000	0.4	0.47	0.47	0	0	0.4
119100	0.4	0.48	0.48	0	0	0.4
119200	0.4	0.48	0.48	0	0	0.4
119300	0.41	0.48	0.48	0	0	0.41
119400	0.41	0.48	0.48	0	0	0.41
119500	0.41	0.48	0.48	0	0	0.41
119600	0.41	0.48	0.48	0	0	0.41
119700	0.41	0.48	0.48	0	0	0.41
119800	0.41	0.48	0.48	0	0	0.41
119900	0.42	0.48	0.48	0	0	0.42
120000	0.42	0.48	0.48	0	0	0.42
120100	0.42	0.48	0.48	0	0	0.42
120200	0.42	0.48	0.48	0	0	0.42
120300	0.42	0.48	0.48	0	0	0.42
120400	0.42	0.48	0.48	0	0	0.42
120500	0.42	0.48	0.48	0	0	0.42
120600	0.43	0.48	0.48	0	0	0.43
120700	0.43	0.49	0.49	0	0	0.43
120800	0.43	0.48	0.48	0	0	0.43
120900	0.43	0.47	0.47	0	0	0.43
121000	0.44	0.47	0.47	0	0	0.44
121100	0.44	0.47	0.47	0	0	0.44
121200	0.44	0.47	0.47	0	0	0.44
121300	0.44	0.47	0.47	0	0	0.44
121400	0.44	0.47	0.47	0	0	0.44
121500	0.44	0.47	0.47	0	0	0.44
121600	0.44	0.48	0.48	0	0	0.44
121700	0.44	0.48	0.48	0	0	0.44
121800	0.44	0.48	0.48	0	0	0.44
121900	0.44	0.48	0.48	0	0	0.44
122000	0.45	0.48	0.48	0	0	0.45
122100	0.45	0.48	0.48	0	0	0.45
122200	0.45	0.48	0.48	0	0	0.45
122300	0.44	0.48	0.48	0	0	0.44
122400	0.44	0.48	0.48	0	0	0.44
122500	0.44	0.48	0.48	0	0	0.44
122600	0.44	0.48	0.48	0	0	0.44
122700	0.43	0.48	0.48	0	0	0.43
122800	0.42	0.47	0.47	0	0	0.42
122900	0.42	0.47	0.47	0	0	0.42
123000	0.42	0.47	0.47	0	0	0.42
123100	0.41	0.47	0.47	0	0	0.41
123200	0.42	0.47	0.47	0	0	0.42
123300	0.42	0.47	0.47	0	0	0.42
123400	0.42	0.47	0.47	0	0	0.42
123500	0.42	0.47	0.47	0	0	0.42
123600	0.42	0.47	0.47	0	0	0.42
123700	0.41	0.48	0.48	0	0	0.41
123800	0.41	0.48	0.48	0	0	0.41
123900	0.41	0.48	0.48	0	0	0.41
124000	0.41	0.48	0.48	0	0	0.41
124100	0.41	0.48	0.48	0	0	0.41
124200	0.41	0.48	0.48	0	0	0.41
124300	0.42	0.48	0.48	0	0	0.42
124400	0.42	0.48	0.48	0	0	0.42
124500	0.42	0.48	0.48	0	0	0.42
124600	0.42	0.48	0.48	0	0	0.42
124700	0.42	0.48	0.48	0	0	0.42
124800	0.42	0.48	0.48	0	0	0.42
124900	0.42	0.48	0.48	0	0	0.42
125000	0.42	0.48	0.48	0	0	0.42
125100	0.42	0.48	0.48	0	0	0.42
125200	0.42	0.47	0.47	0	0	0.42
125300	0.42	0.47	0.47	0	0	0.42
125400	0.43	0.47	0.47	0	0	0.43
125500	0.43	0.47	0.47	0	0	0.43
125600	0.43	0.47	0.47	0	0	0.43
125700	0.43	0.47	0.47	0	0	0.43
125800	0.43	0.47	0.47	0	0	0.43
125900	0.44	0.47	0.47	0	0	0.44
126000	0.44	0.47	0.47	0	0	0.44
126100	0.44	0.47	0.47	0	0	0.44
126200	0.44	0.47	0.47	0	0	0.44
126300	0.44	0.47	0.47	0	0	0.44
126400	0.44	0.47	0.47	0	0	0.44
126500	0.44	0.47	0.47	0	0	0.44
126600	0.44	0.47	0.47	0	0	0.44
126700	0.44	0.47	0.47	0	0	0.44
126800	0.44	0.47	0.47	0	0	0.44
126900	0.44	0.47	0.47	0	0	0.44
127000	0.44	0.47	0.47	0	0	0.44
127100	0.45	0.47	0.47	0	0	0.45
127200	0.45	0.47	0.47	0	0	0.45
127300	0.45	0.47	0.47	0	0	0.45
127400	0.45	0.47	0.47	0	0	0.45
127500	0.45	0.47	0.47	0	0	0.45
127600	0.45	0.47	0.47	0	0	0.45
127700	0.45	0.47	0.47	0	0	0.45
127800	0.45	0.47	0.47	0	0	0.45
127900	0.45	0.47	0.47	0	0	0.45
128000	0.45	0.47	0.47	0	0	0.45
128100	0.45	0.47	0.47	0	0	0.45
128200	0.46	0.47	0.47	0	0	0.46
128300	0.46	0.47	0.47	0	0	0.46
128400	0.46	0.47	0.47	0	0	0.46
128500	0.46	0.47	0.47	0	0	0.46
128600	0.46	0.47	0.47	0	0	0.46
128700	0.46	0.47	0.47	0	0	0.46
128800	0.47	0.47	0.47	0	0	0.47
128900	0.47	0.47	0.47	0	0	0.47
129000	0.46	0.47	0.47	0	0	0.46
129100	0.46	0.47	0.47	0	0	0.46
129200	0.46	0.47	0.47	0	0	0.46
129300	0.46	0.47	0.47	0	0	0.46
129400	0.46	0.48	0.48	0	0	0.46
129500	0.46	0.48	0.48	0	0	0.46
129600	0.46	0.48	0.48	0	0	0.46
129700	0.46	0.47	0.47	0	0	0.46
129800	0.46	0.47	0.47	0	0	0.46
129900	0.45	0.47	0.47	0	0	0.45
130000	0.45	0.47	0.47	0	0	0.45
130100	0.45	0.47	0.47	0	0	0.45
130200	0.45	0.47	0.47	0	0	0.45
130300	0.45	0.47	0.47	0	0	0.45
130400	0.45	0.47	0.47	0	0	0.45
130500	0.45	0.47	0.47	0	0	0.45
130600	0.45	0.47	0.47	0	0	0.45
130700	0.45	0.47	0.47	0	0	0.45
130800	0.45	0.47	0.47	0	0	0.45
130900	0.44	0.47	0.47	0	0	0.44
131000	0.44	0.47	0.47	0	0	0.44
131100	0.45	0.47	0.47	0	0	0.45
131200	0.45	0.47	0.47	0	0	0.45
131300	0.45	0.47	0.47	0	0	0.45
131400	0.45	0.47	0.47	0	0	0.45
131500	0.45	0.47	0.47	0	0	0.45
131600	0.45	0.47	0.47	0	0	0.45
131700	0.44	0.47	0.47	0	0	0.44
131800	0.44	0.47	0.47	0	0	0.44
131900	0.44	0.47	0.47	0	0	0.44
132000	0.44	0.47	0.47	0	0	0.44
132100	0.43	0.47	0.47	0	0	0.43
132200	0.43	0.47	0.47	0	0	0.43
132300	0.43	0.47	0.47	0	0	0.43
132400	0.43	0.47	0.47	0	0	0.43
132500	0.43	0.47	0.47	0	0	0.43
132600	0.43	0.47	0.47	0	0	0.43
132700	0.43	0.47	0.47	0	0	0.43
132800	0.43	0.47	0.47	0	0	0.43
132900	0.43	0.47	0.47	0	0	0.43
133000	0.43	0.47	0.47	0	0	0.43
133100	0.44	0.47	0.47	0	0	0.44
133200	0.44	0.47	0.47	0	0	0.44
133300	0.44	0.47	0.47	0	0	0.44
133400	0.43	0.47	0.47	0	0	0.43
133500	0.43	0.47	0.47	0	0	0.43
133600	0.43	0.47	0.47	0	0	0.43
133700	0.43	0.47	0.47	0	0	0.43
133800	0.44	0.47	0.47	0	0	0.44
133900	0.44	0.47	0.47	0	0	0.44
134000	0.44	0.47	0.47	0	0	0.44
134100	0.43	0.47	0.47	0	0	0.43
134200	0.43	0.47	0.47	0	0	0.43
134300	0.44	0.47	0.47	0	0	0.44
134400	0.43	0.47	0.47	0	0	0.43
134500	0.43	0.47	0.47	0	0	0.43
134600	0.43	0.47	0.47	0	0	0.43
134700	0.43	0.47	0.47	0	0	0.43
134800	0.43	0.47	0.47	0	0	0.43
134900	0.44	0.47	0.47	0	0	0.44
135000	0.44	0.47	0.47	0	0	0.44
135100	0.44	0.47	0.47	0	0	0.44
135200	0.44	0.47	0.47	0	0	0.44
135300	0.44	0.47	0.47	0	0	0.44
135400	0.42	0.47	0.47	0	0	0.42
135500	0.42	0.47	0.47	0	0	0.42
135600	0.42	0.47	0.47	0	0	0.42
135700	0.42	0.47	0.47	0	0	0.42
135800	0.42	0.47	0.47	0	0	0.42
135900	0.42	0.47	0.47	0	0	0.42
136000	0.42	0.47	0.47	0	0	0.42
136100	0.43	0.47	0.47	0	0	0.43
136200	0.43	0.47	0.47	0	0	0.43
136300	0.43	0.47	0.47	0	0	0.43
136400	0.43	0.47	0.47	0	0	0.43
136500	0.43	0.47	0.47	0	0	0.43
136600	0.43	0.47	0.47	0	0	0.43
136700	0.43	0.47	0.47	0	0	0.43
136800	0.43	0.48	0.48	0	0	0.43
136900	0.43	0.48	0.48	0	0	0.43
137000	0.43	0.48	0.48	0	0	0.43
137100	0.43	0.47	0.47	0	0	0.43
137200	0.43	0.47	0.47	0	0	0.43
137300	0.43	0.47	0.47	0	0	0.43
137400	0.43	0.47	0.47	0	0	0.43
137500	0.43	0.47	0.47	0	0	0.43
137600	0.43	0.47	0.47	0	0	0.43
137700	0.43	0.47	0.47	0	0	0.43
137800	0.43	0.47	0.47	0	0	0.43
137900	0.43	0.47	0.47	0	0	0.43
138000	0.42	0.47	0.47	0	0	0.42
138100	0.42	0.47	0.47	0	0	0.42
138200	0.42	0.47	0.47	0	0	0.42
138300	0.42	0.47	0.47	0	0	0.42
138400	0.42	0.47	0.47	0	0	0.42
138500	0.42	0.48	0.48	0	0	0.42
138600	0.42	0.48	0.48	0	0	0.42
138700	0.42	0.47	0.47	0	0	0.42
138800	0.42	0.47	0.47	0	0	0.42
138900	0.42	0.47	0.47	0	0	0.42
139000	0.42	0.47	0.47	0	0	0.42
139100	0.42	0.47	0.47	0	0	0.42
139200	0.42	0.47	0.47	0	0	0.42
139300	0.42	0.47	0.47	0	0	0.42
139400	0.42	0.47	0.47	0	0	0.42
139500	0.43	0.47	0.47	0	0	0.43
139600	0.43	0.47	0.47	0	0	0.43
139700	0.43	0.47	0.47	0	0	0.43
139800	0.43	0.47	0.47	0	0	0.43
139900	0.44	0.47	0.47	0	0	0.44
140000	0.44	0.47	0.47	0	0	0.44
140100	0.43	0.47	0.47	0	0	0.43
140200	0.43	0.47	0.47	0	0	0.43
140300	0.43	0.47	0.47	0	0	0.43
140400	0.42	0.47	0.47	0	0	0.42
140500	0.42	0.47	0.47	0	0	0.42
140600	0.42	0.47	0.47	0	0	0.42
140700	0.42	0.47	0.47	0	0	0.42
140800	0.42	0.47	0.47	0	0	0.42
140900	0.42	0.47	0.47	0	0	0.42
141000	0.41	0.47	0.47	0	0	0.41
141100	0.41	0.47	0.47	0	0	0.41
141200	0.42	0.47	0.47	0	0	0.42
141300	0.42	0.47	0.47	0	0	0.42
141400	0.42	0.47	0.47	0	0	0.42
141500	0.41	0.47	0.47	0	0	0.41
141600	0.41	0.47	0.47	0	0	0.41
141700	0.41	0.47	0.47	0	0	0.41
141800	0.41	0.47	0.47	0	0	0.41
141900	0.41	0.48	0.48	0	0	0.41
142000	0.41	0.48	0.48	0	0	0.41
142100	0.41	0.48	0.48	0	0	0.41
142200	0.41	0.48	0.48	0	0	0.41
142300	0.41	0.46	0.46	0	0	0.41
142400	0.41	0.46	0.46	0	0	0.41
142500	0.41	0.46	0.46	0	0	0.41
142600	0.42	0.46	0.46	0	0	0.42
142700	0.42	0.46	0.46	0	0	0.42
142800	0.41	0.46	0.46	0	0	0.41
142900	0.42	0.46	0.46	0	0	0.42
143000	0.42	0.46	0.46	0	0	0.42
143100	0.42	0.46	0.46	0	0	0.42
143200	0.44	0.46	0.46	0	0	0.44
143300	0.44	0.46	0.46	0	0	0.44
143400	0.44	0.46	0.46	0	0	0.44
143500	0.44	0.46	0.46	0	0	0.44
143600	0.43	0.46	0.46	0	0	0.43
143700	0.43	0.46	0.46	0	0	0.43
143800	0.43	0.46	0.46	0	0	0.43
143900	0.43	0.46	0.46	0	0	0.43
144000	0.43	0.46	0.46	0	0	0.43
144100	0.43	0.46	0.46	0	0	0.43
144200	0.43	0.46	0.46	0	0	0.43
144300	0.43	0.46	0.46	0	0	0.43
144400	0.43	0.46	0.46	0	0	0.43
144500	0.43	0.46	0.46	0	0	0.43
144600	0.43	0.46	0.46	0	0	0.43
144700	0.43	0.46	0.46	0	0	0.43
144800	0.43	0.46	0.46	0	0	0.43
144900	0.43	0.46	0.46	0	0	0.43
145000	0.44	0.46	0.46	0	0	0.44
145100	0.44	0.46	0.46	0	0	0.44
145200	0.44	0.46	0.46	0	0	0.44
145300	0.44	0.46	0.46	0	0	0.44
145400	0.44	0.46	0.46	0	0	0.44
145500	0.44	0.46	0.46	0	0	0.44
145600	0.44	0.46	0.46	0	0	0.44
145700	0.44	0.46	0.46	0	0	0.44
145800	0.44	0.46	0.46	0	0	0.44
145900	0.44	0.46	0.46	0	0	0.44
146000	0.44	0.46	0.46	0	0	0.44
146100	0.45	0.46	0.46	0	0	0.45
146200	0.45	0.46	0.46	0	0	0.45
146300	0.45	0.46	0.46	0	0	0.45
146400	0.45	0.46	0.46	0	0	0.45
146500	0.45	0.46	0.46	0	0	0.45
146600	0.45	0.46	0.46	0	0	0.45
146700	0.44	0.46	0.46	0	0	0.44
146800	0.44	0.46	0.46	0	0	0.44
146900	0.44	0.46	0.46	0	0	0.44
147000	0.44	0.46	0.46	0	0	0.44
147100	0.44	0.46	0.46	0	0	0.44
147200	0.44	0.46	0.46	0	0	0.44
147300	0.44	0.46	0.46	0	0	0.44
147400	0.44	0.46	0.46	0	0	0.44
147500	0.44	0.46	0.46	0	0	0.44
147600	0.44	0.46	0.46	0	0	0.44
147700	0.44	0.46	0.46	0	0	0.44
147800	0.44	0.46	0.46	0	0	0.44
147900	0.45	0.46	0.46	0	0	0.45
148000	0.45	0.46	0.46	0	0	0.45
148100	0.45	0.46	0.46	0	0	0.45
148200	0.45	0.46	0.46	0	0	0.45
148300	0.45	0.45	0.45	0	0	0.45
148400	0.45	0.45	0.45	0	0	0.45
148500	0.45	0.46	0.46	0	0	0.45
148600	0.45	0.46	0.46	0	0	0.45
148700	0.45	0.46	0.46	0	0	0.45
148800	0.45	0.46	0.46	0	0	0.45
148900	0.45	0.46	0.46	0	0	0.45
149000	0.45	0.46	0.46	0	0	0.45
149100	0.46	0.46	0.46	0	0	0.46
149200	0.46	0.46	0.46	0	0	0.46
149300	0.46	0.46	0.46	0	0	0.46
149400	0.46	0.46	0.46	0	0	0.46
149500	0.46	0.46	0.46	0	0	0.46
149600	0.46	0.46	0.46	0	0	0.46
149700	0.46	0.46	0.46	0	0	0.46
149800	0.46	0.46	0.46	0	0	0.46
149900	0.46	0.46	0.46	0	0	0.46
150000	0.46	0.46	0.46	0	0	0.46
150100	0.46	0.46	0.46	0	0	0.46
150200	0.46	0.46	0.46	0	0	0.46
150300	0.46	0.46	0.46	0	0	0.46
150400	0.46	0.46	0.46	0	0	0.46
150500	0.47	0.46	0.46	0	0	0.47
150600	0.47	0.46	0.46	0	0	0.47
150700	0.45	0.46	0.46	0	0	0.45
150800	0.44	0.46	0.46	0	0	0.44
150900	0.45	0.46	0.46	0	0	0.45
151000	0.45	0.46	0.46	0	0	0.45
151100	0.45	0.46	0.46	0	0	0.45
151200	0.45	0.46	0.46	0	0	0.45
151300	0.45	0.47	0.47	0	0	0.45
151400	0.45	0.47	0.47	0	0	0.45
151500	0.45	0.47	0.47	0	0	0.45
151600	0.44	0.47	0.47	0	0	0.44
151700	0.45	0.47	0.47	0	0	0.45
151800	0.45	0.47	0.47	0	0	0.45
151900	0.45	0.46	0.46	0	0	0.45
152000	0.45	0.46	0.46	0	0	0.45
152100	0.45	0.46	0.46	0	0	0.45
152200	0.42	0.46	0.46	0	0	0.42
152300	0.42	0.46	0.46	0	0	0.42
152400	0.42	0.46	0.46	0	0	0.42
152500	0.42	0.46	0.46	0	0	0.42
152600	0.43	0.46	0.46	0	0	0.43
152700	0.43	0.46	0.46	0	0	0.43
152800	0.43	0.46	0.46	0	0	0.43
152900	0.45	0.46	0.46	0	0	0.45
153000	0.44	0.46	0.46	0	0	0.44
153100	0.44	0.46	0.46	0	0	0.44
153200	0.44	0.46	0.46	0	0	0.44
153300	0.44	0.46	0.46	0	0	0.44
153400	0.43	0.46	0.46	0	0	0.43
153500	0.43	0.46	0.46	0	0	0.43
153600	0.43	0.46	0.46	0	0	0.43
153700	0.43	0.46	0.46	0	0	0.43
153800	0.43	0.46	0.46	0	0	0.43
153900	0.43	0.46	0.46	0	0	0.43
154000	0.43	0.47	0.47	0	0	0.43
154100	0.43	0.47	0.47	0	0	0.43
154200	0.43	0.47	0.47	0	0	0.43
154300	0.43	0.47	0.47	0	0	0.43
154400	0.43	0.47	0.47	0	0	0.43
154500	0.43	0.47	0.47	0	0	0.43
154600	0.43	0.47	0.47	0	0	0.43
154700	0.43	0.47	0.47	0	0	0.43
154800	0.43	0.47	0.47	0	0	0.43
154900	0.42	0.47	0.47	0	0	0.42
155000	0.42	0.47	0.47	0	0	0.42
155100	0.42	0.47	0.47	0	0	0.42
155200	0.42	0.47	0.47	0	0	0.42
155300	0.42	0.47	0.47	0	0	0.42
155400	0.42	0.47	0.47	0	0	0.42
155500	0.42	0.47	0.47	0	0	0.42
155600	0.43	0.47	0.47	0	0	0.43
155700	0.43	0.47	0.47	0	0	0.43
155800	0.43	0.47	0.47	0	0	0.43
155900	0.42	0.47	0.47	0	0	0.42
156000	0.42	0.47	0.47	0	0	0.42
156100	0.42	0.47	0.47	0	0	0.42
156200	0.42	0.47	0.47	0	0	0.42
156300	0.43	0.47	0.47	0	0	0.43
156400	0.43	0.47	0.47	0	0	0.43
156500	0.43	0.47	0.47	0	0	0.43
156600	0.43	0.47	0.47	0	0	0.43
156700	0.43	0.47	0.47	0	0	0.43
156800	0.43	0.47	0.47	0	0	0.43
156900	0.44	0.47	0.47	0	0	0.44
157000	0.44	0.47	0.47	0	0	0.44
157100	0.44	0.47	0.47	0	0	0.44
157200	0.45	0.47	0.47	0	0	0.45
157300	0.45	0.47	0.47	0	0	0.45
157400	0.45	0.47	0.47	0	0	0.45
157500	0.45	0.47	0.47	0	0	0.45
157600	0.45	0.47	0.47	0	0	0.45
157700	0.45	0.47	0.47	0	0	0.45
157800	0.45	0.47	0.47	0	0	0.45
157900	0.45	0.47	0.47	0	0	0.45
158000	0.45	0.47	0.47	0	0	0.45
158100	0.45	0.47	0.47	0	0	0.45
158200	0.45	0.47	0.47	0	0	0.45
158300	0.45	0.47	0.47	0	0	0.45
158400	0.45	0.47	0.47	0	0	0.45
158500	0.45	0.47	0.47	0	0	0.45
158600	0.45	0.47	0.47	0	0	0.45
158700	0.45	0.47	0.47	0	0	0.45
158800	0.45	0.47	0.47	0	0	0.45
158900	0.46	0.47	0.47	0	0	0.46
159000	0.46	0.47	0.47	0	0	0.46
159100	0.46	0.47	0.47	0	0	0.46
159200	0.46	0.47	0.47	0	0	0.46
159300	0.46	0.47	0.47	0	0	0.46
159400	0.46	0.47	0.47	0	0	0.46
159500	0.46	0.47	0.47	0	0	0.46
159600	0.46	0.47	0.47	0	0	0.46
159700	0.46	0.47	0.47	0	0	0.46
159800	0.46	0.47	0.47	0	0	0.46
159900	0.46	0.47	0.47	0	0	0.46
160000	0.46	0.47	0.47	0	0	0.46
160100	0.46	0.47	0.47	0	0	0.46
160200	0.46	0.47	0.47	0	0	0.46
160300	0.46	0.47	0.47	0	0	0.46
160400	0.46	0.47	0.47	0	0	0.46
160500	0.46	0.47	0.47	0	0	0.46
160600	0.45	0.47	0.47	0	0	0.45
160700	0.45	0.47	0.47	0	0	0.45
160800	0.45	0.47	0.47	0	0	0.45
160900	0.44	0.47	0.47	0	0	0.44
161000	0.44	0.47	0.47	0	0	0.44
161100	0.44	0.47	0.47	0	0	0.44
161200	0.44	0.47	0.47	0	0	0.44
161300	0.44	0.47	0.47	0	0	0.44
161400	0.44	0.47	0.47	0	0	0.44
161500	0.44	0.47	0.47	0	0	0.44
161600	0.44	0.47	0.47	0	0	0.44
161700	0.44	0.47	0.47	0	0	0.44
161800	0.44	0.47	0.47	0	0	0.44
161900	0.44	0.47	0.47	0	0	0.44
162000	0.44	0.47	0.47	0	0	0.44
162100	0.44	0.47	0.47	0	0	0.44
162200	0.44	0.47	0.47	0	0	0.44
162300	0.44	0.47	0.47	0	0	0.44
162400	0.44	0.47	0.47	0	0	0.44
162500	0.44	0.47	0.47	0	0	0.44
162600	0.44	0.47	0.47	0	0	0.44
162700	0.45	0.47	0.47	0	0	0.45
162800	0.45	0.47	0.47	0	0	0.45
162900	0.45	0.47	0.47	0	0	0.45
163000	0.45	0.47	0.47	0	0	0.45
163100	0.45	0.47	0.47	0	0	0.45
163200	0.45	0.47	0.47	0	0	0.45
163300	0.45	0.47	0.47	0	0	0.45
163400	0.45	0.47	0.47	0	0	0.45
163500	0.45	0.47	0.47	0	0	0.45
163600	0.45	0.47	0.47	0	0	0.45
163700	0.45	0.47	0.47	0	0	0.45
163800	0.45	0.47	0.47	0	0	0.45
163900	0.45	0.47	0.47	0	0	0.45
164000	0.45	0.47	0.47	0	0	0.45
164100	0.44	0.47	0.47	0	0	0.44
164200	0.44	0.47	0.47	0	0	0.44
164300	0.44	0.47	0.47	0	0	0.44
164400	0.44	0.47	0.47	0	0	0.44
164500	0.44	0.47	0.47	0	0	0.44
164600	0.45	0.47	0.47	0	0	0.45
164700	0.45	0.47	0.47	0	0	0.45
164800	0.45	0.47	0.47	0	0	0.45
164900	0.45	0.47	0.47	0	0	0.45
165000	0.45	0.47	0.47	0	0	0.45
165100	0.45	0.47	0.47	0	0	0.45
165200	0.45	0.47	0.47	0	0	0.45
165300	0.45	0.47	0.47	0	0	0.45
165400	0.45	0.47	0.47	0	0	0.45
165500	0.44	0.47	0.47	0	0	0.44
165600	0.44	0.47	0.47	0	0	0.44
165700	0.44	0.47	0.47	0	0	0.44
165800	0.44	0.47	0.47	0	0	0.44
165900	0.44	0.47	0.47	0	0	0.44
166000	0.44	0.47	0.47	0	0	0.44
166100	0.44	0.47	0.47	0	0	0.44
166200	0.44	0.47	0.47	0	0	0.44
166300	0.44	0.47	0.47	0	0	0.44
166400	0.45	0.47	0.47	0	0	0.45
166500	0.45	0.47	0.47	0	0	0.45
166600	0.45	0.47	0.47	0	0	0.45
166700	0.45	0.47	0.47	0	0	0.45
166800	0.45	0.47	0.47	0	0	0.45
166900	0.45	0.47	0.47	0	0	0.45
167000	0.45	0.47	0.47	0	0	0.45
167100	0.45	0.47	0.47	0	0	0.45
167200	0.45	0.47	0.47	0	0	0.45
167300	0.45	0.47	0.47	0	0	0.45
167400	0.45	0.47	0.47	0	0	0.45
167500	0.45	0.47	0.47	0	0	0.45
167600	0.45	0.47	0.47	0	0	0.45
167700	0.45	0.47	0.47	0	0	0.45
167800	0.45	0.47	0.47	0	0	0.45
167900	0.45	0.47	0.47	0	0	0.45
168000	0.45	0.47	0.47	0	0	0.45
168100	0.45	0.48	0.48	0	0	0.45
168200	0.45	0.48	0.48	0	0	0.45
168300	0.45	0.47	0.47	0	0	0.45
168400	0.45	0.47	0.47	0	0	0.45
168500	0.45	0.47	0.47	0	0	0.45
168600	0.45	0.47	0.47	0	0	0.45
168700	0.45	0.47	0.47	0	0	0.45
168800	0.45	0.47	0.47	0	0	0.45
168900	0.45	0.47	0.47	0	0	0.45
169000	0.45	0.47	0.47	0	0	0.45
169100	0.45	0.47	0.47	0	0	0.45
169200	0.45	0.47	0.47	0	0	0.45
169300	0.45	0.47	0.47	0	0	0.45
169400	0.45	0.48	0.48	0	0	0.45
169500	0.45	0.48	0.48	0	0	0.45
169600	0.45	0.48	0.48	0	0	0.45
169700	0.45	0.48	0.48	0	0	0.45
169800	0.45	0.48	0.48	0	0	0.45
169900	0.44	0.48	0.48	0	0	0.44
170000	0.44	0.48	0.48	0	0	0.44
170100	0.44	0.48	0.48	0	0	0.44
170200	0.44	0.48	0.48	0	0	0.44
170300	0.44	0.48	0.48	0	0	0.44
170400	0.44	0.48	0.48	0	0	0.44
170500	0.44	0.48	0.48	0	0	0.44
170600	0.44	0.48	0.48	0	0	0.44
170700	0.44	0.48	0.48	0	0	0.44
170800	0.44	0.48	0.48	0	0	0.44
170900	0.44	0.48	0.48	0	0	0.44
171000	0.44	0.48	0.48	0	0	0.44
171100	0.44	0.48	0.48	0	0	0.44
171200	0.44	0.48	0.48	0	0	0.44
171300	0.44	0.48	0.48	0	0	0.44
171400	0.44	0.48	0.48	0	0	0.44
171500	0.44	0.48	0.48	0	0	0.44
171600	0.44	0.48	0.48	0	0	0.44
171700	0.44	0.48	0.48	0	0	0.44
171800	0.44	0.48	0.48	0	0	0.44
171900	0.44	0.48	0.48	0	0	0.44
172000	0.44	0.48	0.48	0	0	0.44
172100	0.44	0.48	0.48	0	0	0.44
172200	0.45	0.48	0.48	0	0	0.45
172300	0.45	0.48	0.48	0	0	0.45
172400	0.46	0.48	0.48	0	0	0.46
172500	0.45	0.48	0.48	0	0	0.45
172600	0.45	0.48	0.48	0	0	0.45
172700	0.45	0.48	0.48	0	0	0.45
172800	0.45	0.48	0.48	0	0	0.45
172900	0.46	0.48	0.48	0	0	0.46
173000	0.45	0.48	0.48	0	0	0.45
173100	0.45	0.48	0.48	0	0	0.45
173200	0.45	0.48	0.48	0	0	0.45
173300	0.45	0.48	0.48	0	0	0.45
173400	0.45	0.48	0.48	0	0	0.45
173500	0.45	0.48	0.48	0	0	0.45
173600	0.45	0.48	0.48	0	0	0.45
173700	0.45	0.48	0.48	0	0	0.45
173800	0.46	0.49	0.49	0	0	0.46
173900	0.46	0.49	0.49	0	0	0.46
174000	0.46	0.49	0.49	0	0	0.46
174100	0.45	0.49	0.49	0	0	0.45
174200	0.45	0.49	0.49	0	0	0.45
174300	0.45	0.49	0.49	0	0	0.45
174400	0.45	0.49	0.49	0	0	0.45
174500	0.45	0.49	0.49	0	0	0.45
174600	0.45	0.49	0.49	0	0	0.45
174700	0.45	0.49	0.49	0	0	0.45
174800	0.45	0.49	0.49	0	0	0.45
174900	0.45	0.49	0.49	0	0	0.45
175000	0.45	0.49	0.49	0	0	0.45
175100	0.45	0.49	0.49	0	0	0.45
175200	0.45	0.49	0.49	0	0	0.45
175300	0.45	0.49	0.49	0	0	0.45
175400	0.45	0.49	0.49	0	0	0.45
175500	0.45	0.49	0.49	0	0	0.45
175600	0.45	0.49	0.49	0	0	0.45
175700	0.45	0.49	0.49	0	0	0.45
175800	0.45	0.49	0.49	0	0	0.45
175900	0.45	0.49	0.49	0	0	0.45
176000	0.45	0.49	0.49	0	0	0.45
176100	0.45	0.49	0.49	0	0	0.45
176200	0.45	0.49	0.49	0	0	0.45
176300	0.45	0.49	0.49	0	0	0.45
176400	0.45	0.49	0.49	0	0	0.45
176500	0.45	0.49	0.49	0	0	0.45
176600	0.45	0.49	0.49	0	0	0.45
176700	0.46	0.49	0.49	0	0	0.46
176800	0.46	0.49	0.49	0	0	0.46
176900	0.46	0.49	0.49	0	0	0.46
177000	0.46	0.49	0.49	0	0	0.46
177100	0.46	0.49	0.49	0	0	0.46
177200	0.46	0.49	0.49	0	0	0.46
177300	0.46	0.49	0.49	0	0	0.46
177400	0.46	0.49	0.49	0	0	0.46
177500	0.46	0.49	0.49	0	0	0.46
177600	0.46	0.49	0.49	0	0	0.46
177700	0.46	0.49	0.49	0	0	0.46
177800	0.46	0.49	0.49	0	0	0.46
177900	0.46	0.49	0.49	0	0	0.46
178000	0.46	0.49	0.49	0	0	0.46
178100	0.46	0.49	0.49	0	0	0.46
178200	0.46	0.49	0.49	0	0	0.46
178300	0.45	0.49	0.49	0	0	0.45
178400	0.45	0.49	0.49	0	0	0.45
178500	0.45	0.49	0.49	0	0	0.45
178600	0.45	0.49	0.49	0	0	0.45
178700	0.46	0.49	0.49	0	0	0.46
178800	0.46	0.49	0.49	0	0	0.46
178900	0.46	0.49	0.49	0	0	0.46
179000	0.46	0.49	0.49	0	0	0.46
179100	0.46	0.49	0.49	0	0	0.46
179200	0.45	0.49	0.49	0	0	0.45
179300	0.45	0.49	0.49	0	0	0.45
179400	0.45	0.49	0.49	0	0	0.45
179500	0.44	0.49	0.49	0	0	0.44
179600	0.44	0.49	0.49	0	0	0.44
179700	0.44	0.49	0.49	0	0	0.44
179800	0.44	0.49	0.49	0	0	0.44
179900	0.44	0.49	0.49	0	0	0.44
180000	0.44	0.49	0.49	0	0	0.44
180100	0.44	0.49	0.49	0	0	0.44
180200	0.44	0.49	0.49	0	0	0.44
180300	0.44	0.49	0.49	0	0	0.44
180400	0.44	0.49	0.49	0	0	0.44
180500	0.44	0.49	0.49	0	0	0.44
180600	0.44	0.49	0.49	0	0	0.44
180700	0.44	0.49	0.49	0	0	0.44
180800	0.44	0.48	0.48	0	0	0.44
180900	0.44	0.48	0.48	0	0	0.44
181000	0.44	0.48	0.48	0	0	0.44
181100	0.44	0.48	0.48	0	0	0.44
181200	0.44	0.48	0.48	0	0	0.44
181300	0.44	0.48	0.48	0	0	0.44
181400	0.44	0.48	0.48	0	0	0.44
181500	0.44	0.48	0.48	0	0	0.44
181600	0.43	0.48	0.48	0	0	0.43
181700	0.43	0.48	0.48	0	0	0.43
181800	0.43	0.48	0.48	0	0	0.43
181900	0.43	0.48	0.48	0	0	0.43
182000	0.43	0.48	0.48	0	0	0.43
182100	0.42	0.48	0.48	0	0	0.42
182200	0.42	0.48	0.48	0	0	0.42
182300	0.42	0.48	0.48	0	0	0.42
182400	0.42	0.48	0.48	0	0	0.42
182500	0.42	0.48	0.48	0	0	0.42
182600	0.42	0.48	0.48	0	0	0.42
182700	0.42	0.48	0.48	0	0	0.42
182800	0.42	0.48	0.48	0	0	0.42
182900	0.42	0.48	0.48	0	0	0.42
183000	0.42	0.48	0.48	0	0	0.42
183100	0.42	0.48	0.48	0	0	0.42
183200	0.42	0.48	0.48	0	0	0.42
183300	0.42	0.48	0.48	0	0	0.42
183400	0.42	0.48	0.48	0	0	0.42
183500	0.42	0.48	0.48	0	0	0.42
183600	0.42	0.48	0.48	0	0	0.42
183700	0.42	0.48	0.48	0	0	0.42
183800	0.42	0.48	0.48	0	0	0.42
183900	0.42	0.48	0.48	0	0	0.42
184000	0.42	0.48	0.48	0	0	0.42
184100	0.42	0.48	0.48	0	0	0.42
184200	0.42	0.48	0.48	0	0	0.42
184300	0.43	0.48	0.48	0	0	0.43
184400	0.43	0.48	0.48	0	0	0.43
184500	0.43	0.48	0.48	0	0	0.43
184600	0.43	0.48	0.48	0	0	0.43
184700	0.43	0.48	0.48	0	0	0.43
184800	0.43	0.48	0.48	0	0	0.43
184900	0.43	0.48	0.48	0	0	0.43
185000	0.43	0.48	0.48	0	0	0.43
185100	0.43	0.48	0.48	0	0	0.43
185200	0.43	0.48	0.48	0	0	0.43
185300	0.43	0.48	0.48	0	0	0.43
185400	0.43	0.48	0.48	0	0	0.43
185500	0.42	0.48	0.48	0	0	0.42
185600	0.42	0.48	0.48	0	0	0.42
185700	0.41	0.48	0.48	0	0	0.41
185800	0.41	0.48	0.48	0	0	0.41
185900	0.41	0.48	0.48	0	0	0.41
186000	0.41	0.48	0.48	0	0	0.41
186100	0.41	0.48	0.48	0	0	0.41
186200	0.41	0.48	0.48	0	0	0.41
186300	0.42	0.48	0.48	0	0	0.42
186400	0.43	0.48	0.48	0	0	0.43
186500	0.43	0.48	0.48	0	0	0.43
186600	0.43	0.48	0.48	0	0	0.43
186700	0.44	0.48	0.48	0	0	0.44
186800	0.44	0.49	0.49	0	0	0.44
186900	0.44	0.49	0.49	0	0	0.44
187000	0.43	0.49	0.49	0	0	0.43
187100	0.43	0.49	0.49	0	0	0.43
187200	0.43	0.49	0.49	0	0	0.43
187300	0.43	0.49	0.49	0	0	0.43
187400	0.43	0.49	0.49	0	0	0.43
187500	0.43	0.49	0.49	0	0	0.43
187600	0.43	0.49	0.49	0	0	0.43
187700	0.43	0.49	0.49	0	0	0.43
187800	0.44	0.49	0.49	0	0	0.44
187900	0.44	0.49	0.49	0	0	0.44
188000	0.44	0.49	0.49	0	0	0.44
188100	0.44	0.49	0.49	0	0	0.44
188200	0.44	0.49	0.49	0	0	0.44
188300	0.43	0.49	0.49	0	0	0.43
188400	0.42	0.49	0.49	0	0	0.42
188500	0.42	0.49	0.49	0	0	0.42
188600	0.42	0.49	0.49	0	0	0.42
188700	0.42	0.49	0.49	0	0	0.42
188800	0.43	0.49	0.49	0	0	0.43
188900	0.43	0.49	0.49	0	0	0.43
189000	0.43	0.49	0.49	0	0	0.43
189100	0.43	0.49	0.49	0	0	0.43
189200	0.43	0.49	0.49	0	0	0.43
189300	0.43	0.49	0.49	0	0	0.43
189400	0.43	0.49	0.49	0	0	0.43
189500	0.43	0.49	0.49	0	0	0.43
189600	0.43	0.49	0.49	0	0	0.43
189700	0.43	0.49	0.49	0	0	0.43
189800	0.43	0.49	0.49	0	0	0.43
189900	0.44	0.49	0.49	0	0	0.44
190000	0.44	0.49	0.49	0	0	0.44
190100	0.44	0.49	0.49	0	0	0.44
190200	0.44	0.49	0.49	0	0	0.44
190300	0.44	0.49	0.49	0	0	0.44
190400	0.45	0.49	0.49	0	0	0.45
190500	0.45	0.49	0.49	0	0	0.45
190600	0.45	0.49	0.49	0	0	0.45
190700	0.45	0.49	0.49	0	0	0.45
190800	0.45	0.49	0.49	0	0	0.45
190900	0.45	0.49	0.49	0	0	0.45
191000	0.45	0.49	0.49	0	0	0.45
191100	0.45	0.49	0.49	0	0	0.45
191200	0.45	0.49	0.49	0	0	0.45
191300	0.45	0.49	0.49	0	0	0.45
191400	0.45	0.49	0.49	0	0	0.45
191500	0.45	0.49	0.49	0	0	0.45
191600	0.45	0.49	0.49	0	0	0.45
191700	0.46	0.49	0.49	0	0	0.46
191800	0.46	0.49	0.49	0	0	0.46
191900	0.47	0.49	0.49	0	0	0.47
192000	0.47	0.49	0.49	0	0	0.47
192100	0.47	0.49	0.49	0	0	0.47
192200	0.47	0.49	0.49	0	0	0.47
192300	0.47	0.49	0.49	0	0	0.47
192400	0.47	0.49	0.49	0	0	0.47
192500	0.47	0.49	0.49	0	0	0.47
192600	0.47	0.49	0.49	0	0	0.47
192700	0.47	0.49	0.49	0	0	0.47
192800	0.47	0.49	0.49	0	0	0.47
192900	0.46	0.49	0.49	0	0	0.46
193000	0.46	0.49	0.49	0	0	0.46
193100	0.46	0.49	0.49	0	0	0.46
193200	0.46	0.49	0.49	0	0	0.46
193300	0.46	0.49	0.49	0	0	0.46
193400	0.46	0.49	0.49	0	0	0.46
193500	0.46	0.49	0.49	0	0	0.46
193600	0.46	0.49	0.49	0	0	0.46
193700	0.46	0.49	0.49	0	0	0.46
193800	0.46	0.49	0.49	0	0	0.46
193900	0.46	0.49	0.49	0	0	0.46
194000	0.46	0.49	0.49	0	0	0.46
194100	0.46	0.49	0.49	0	0	0.46
194200	0.46	0.49	0.49	0	0	0.46
194300	0.46	0.49	0.49	0	0	0.46
194400	0.46	0.49	0.49	0	0	0.46
194500	0.46	0.49	0.49	0	0	0.46
194600	0.46	0.49	0.49	0	0	0.46
194700	0.46	0.49	0.49	0	0	0.46
194800	0.46	0.49	0.49	0	0	0.46
194900	0.46	0.49	0.49	0	0	0.46
195000	0.46	0.48	0.48	0	0	0.46
195100	0.46	0.48	0.48	0	0	0.46
195200	0.46	0.48	0.48	0	0	0.46
195300	0.46	0.48	0.48	0	0	0.46
195400	0.46	0.48	0.48	0	0	0.46
195500	0.46	0.48	0.48	0	0	0.46
195600	0.46	0.48	0.48	0	0	0.46
195700	0.46	0.48	0.48	0	0	0.46
195800	0.46	0.48	0.48	0	0	0.46
195900	0.46	0.48	0.48	0	0	0.46
196000	0.46	0.48	0.48	0	0	0.46
196100	0.46	0.48	0.48	0	0	0.46
196200	0.46	0.48	0.48	0	0	0.46
196300	0.46	0.48	0.48	0	0	0.46
196400	0.47	0.48	0.48	0	0	0.47
196500	0.47	0.48	0.48	0	0	0.47
196600	0.47	0.48	0.48	0	0	0.47
196700	0.47	0.48	0.48	0	0	0.47
196800	0.47	0.48	0.48	0	0	0.47
196900	0.46	0.48	0.48	0	0	0.46
197000	0.46	0.48	0.48	0	0	0.46
197100	0.46	0.48	0.48	0	0	0.46
197200	0.46	0.48	0.48	0	0	0.46
197300	0.46	0.48	0.48	0	0	0.46
197400	0.46	0.48	0.48	0	0	0.46
197500	0.46	0.48	0.48	0	0	0.46
197600	0.46	0.48	0.48	0	0	0.46
197700	0.45	0.48	0.48	0	0	0.45
197800	0.45	0.48	0.48	0	0	0.45
197900	0.45	0.48	0.48	0	0	0.45
198000	0.45	0.48	0.48	0	0	0.45
198100	0.45	0.48	0.48	0	0	0.45
198200	0.46	0.48	0.48	0	0	0.46
198300	0.46	0.48	0.48	0	0	0.46
198400	0.46	0.48	0.48	0	0	0.46
198500	0.46	0.48	0.48	0	0	0.46
198600	0.46	0.48	0.48	0	0	0.46
198700	0.46	0.48	0.48	0	0	0.46
198800	0.46	0.48	0.48	0	0	0.46
198900	0.46	0.48	0.48	0	0	0.46
199000	0.46	0.48	0.48	0	0	0.46
199100	0.46	0.48	0.48	0	0	0.46
199200	0.46	0.48	0.48	0	0	0.46
199300	0.46	0.48	0.48	0	0	0.46
199400	0.46	0.48	0.48	0	0	0.46
199500	0.46	0.48	0.48	0	0	0.46
199600	0.46	0.48	0.48	0	0	0.46
199700	0.46	0.48	0.48	0	0	0.46
199800	0.46	0.48	0.48	0	0	0.46
199900	0.46	0.48	0.48	0	0	0.46
200000	0.46	0.48	0.48	0	0	0.46
200100	0.46	0.48	0.48	0	0	0.46
200200	0.46	0.48	0.48	0	0	0.46
200300	0.46	0.48	0.48	0	0	0.46
200400	0.46	0.48	0.48	0	0	0.46
200500	0.46	0.48	0.48	0	0	0.46
200600	0.46	0.48	0.48	0	0	0.46
200700	0.46	0.48	0.48	0	0	0.46
200800	0.46	0.48	0.48	0	0	0.46
200900	0.46	0.48	0.48	0	0	0.46
201000	0.46	0.48	0.48	0	0	0.46
201100	0.46	0.48	0.48	0	0	0.46
201200	0.46	0.48	0.48	0	0	0.46
201300	0.46	0.48	0.48	0	0	0.46
201400	0.46	0.48	0.48	0	0	0.46
201500	0.46	0.48	0.48	0	0	0.46
201600	0.46	0.48	0.48	0	0	0.46
201700	0.46	0.48	0.48	0	0	0.46
201800	0.46	0.48	0.48	0	0	0.46
201900	0.46	0.48	0.48	0	0	0.46
202000	0.46	0.48	0.48	0	0	0.46
202100	0.47	0.48	0.48	0	0	0.47
202200	0.47	0.48	0.48	0	0	0.47
202300	0.47	0.48	0.48	0	0	0.47
202400	0.47	0.48	0.48	0	0	0.47
202500	0.47	0.48	0.48	0	0	0.47
202600	0.47	0.48	0.48	0	0	0.47
202700	0.47	0.48	0.48	0	0	0.47
202800	0.47	0.48	0.48	0	0	0.47
202900	0.47	0.48	0.48	0	0	0.47
203000	0.47	0.48	0.48	0	0	0.47
203100	0.47	0.48	0.48	0	0	0.47
203200	0.47	0.48	0.48	0	0	0.47
203300	0.47	0.48	0.48	0	0	0.47
203400	0.47	0.48	0.48	0	0	0.47
203500	0.47	0.48	0.48	0	0	0.47
203600	0.47	0.48	0.48	0	0	0.47
203700	0.47	0.48	0.48	0	0	0.47
203800	0.47	0.48	0.48	0	0	0.47
203900	0.47	0.48	0.48	0	0	0.47
204000	0.47	0.48	0.48	0	0	0.47
204100	0.47	0.48	0.48	0	0	0.47
204200	0.47	0.48	0.48	0	0	0.47
204300	0.47	0.48	0.48	0	0	0.47
204400	0.47	0.48	0.48	0	0	0.47
204500	0.47	0.48	0.48	0	0	0.47
204600	0.47	0.48	0.48	0	0	0.47
204700	0.47	0.48	0.48	0	0	0.47
204800	0.47	0.48	0.48	0	0	0.47
204900	0.47	0.48	0.48	0	0	0.47
205000	0.47	0.48	0.48	0	0	0.47
205100	0.47	0.48	0.48	0	0	0.47
205200	0.47	0.48	0.48	0	0	0.47
205300	0.47	0.48	0.48	0	0	0.47
205400	0.47	0.48	0.48	0	0	0.47
205500	0.47	0.49	0.49	0	0	0.47
205600	0.47	0.49	0.49	0	0	0.47
205700	0.47	0.49	0.49	0	0	0.47
205800	0.47	0.49	0.49	0	0	0.47
205900	0.47	0.49	0.49	0	0	0.47
206000	0.47	0.49	0.49	0	0	0.47
206100	0.47	0.48	0.48	0	0	0.47
206200	0.47	0.48	0.48	0	0	0.47
206300	0.47	0.48	0.48	0	0	0.47
206400	0.47	0.48	0.48	0	0	0.47
206500	0.47	0.48	0.48	0	0	0.47
206600	0.47	0.48	0.48	0	0	0.47
206700	0.47	0.48	0.48	0	0	0.47
206800	0.47	0.48	0.48	0	0	0.47
206900	0.46	0.48	0.48	0	0	0.46
207000	0.46	0.48	0.48	0	0	0.46
207100	0.46	0.48	0.48	0	0	0.46
207200	0.46	0.48	0.48	0	0	0.46
207300	0.46	0.48	0.48	0	0	0.46
207400	0.46	0.48	0.48	0	0	0.46
207500	0.46	0.48	0.48	0	0	0.46
207600	0.46	0.48	0.48	0	0	0.46
207700	0.46	0.48	0.48	0	0	0.46
207800	0.46	0.49	0.49	0	0	0.46
207900	0.46	0.48	0.48	0	0	0.46
208000	0.46	0.48	0.48	0	0	0.46
208100	0.46	0.48	0.48	0	0	0.46
208200	0.46	0.48	0.48	0	0	0.46
208300	0.46	0.47	0.47	0	0	0.46
208400	0.46	0.47	0.47	0	0	0.46
208500	0.46	0.47	0.47	0	0	0.46
208600	0.46	0.47	0.47	0	0	0.46
208700	0.46	0.47	0.47	0	0	0.46
208800	0.46	0.47	0.47	0	0	0.46
208900	0.46	0.47	0.47	0	0	0.46
209000	0.46	0.48	0.48	0	0	0.46
209100	0.46	0.48	0.48	0	0	0.46
209200	0.46	0.48	0.48	0	0	0.46
209300	0.46	0.48	0.48	0	0	0.46
209400	0.46	0.48	0.48	0	0	0.46
209500	0.46	0.48	0.48	0	0	0.46
209600	0.46	0.48	0.48	0	0	0.46
209700	0.46	0.48	0.48	0	0	0.46
209800	0.45	0.48	0.48	0	0	0.45
209900	0.45	0.48	0.48	0	0	0.45
210000	0.45	0.49	0.49	0	0	0.45
210100	0.45	0.49	0.49	0	0	0.45
210200	0.45	0.49	0.49	0	0	0.45
210300	0.45	0.49	0.49	0	0	0.45
210400	0.45	0.5	0.5	0	0	0.45
210500	0.45	0.5	0.5	0	0	0.45
210600	0.45	0.49	0.49	0	0	0.45
210700	0.45	0.49	0.49	0	0	0.45
210800	0.45	0.49	0.49	0	0	0.45
210900	0.45	0.49	0.49	0	0	0.45
211000	0.45	0.49	0.49	0	0	0.45
211100	0.45	0.49	0.49	0	0	0.45
211200	0.45	0.49	0.49	0	0	0.45
211300	0.45	0.49	0.49	0	0	0.45
211400	0.46	0.49	0.49	0	0	0.46
211500	0.46	0.49	0.49	0	0	0.46
211600	0.46	0.48	0.48	0	0	0.46
211700	0.46	0.48	0.48	0	0	0.46
211800	0.46	0.48	0.48	0	0	0.46
211900	0.46	0.48	0.48	0	0	0.46
212000	0.46	0.48	0.48	0	0	0.46
212100	0.46	0.48	0.48	0	0	0.46
212200	0.46	0.48	0.48	0	0	0.46
212300	0.45	0.48	0.48	0	0	0.45
212400	0.45	0.48	0.48	0	0	0.45
212500	0.45	0.48	0.48	0	0	0.45
212600	0.45	0.49	0.49	0	0	0.45
212700	0.45	0.48	0.48	0	0	0.45
212800	0.45	0.48	0.48	0	0	0.45
212900	0.45	0.48	0.48	0	0	0.45
213000	0.45	0.48	0.48	0	0	0.45
213100	0.45	0.48	0.48	0	0	0.45
213200	0.45	0.48	0.48	0	0	0.45
213300	0.46	0.48	0.48	0	0	0.46
213400	0.46	0.48	0.48	0	0	0.46
213500	0.46	0.48	0.48	0	0	0.46
213600	0.46	0.48	0.48	0	0	0.46
213700	0.47	0.48	0.48	0	0	0.47
213800	0.47	0.48	0.48	0	0	0.47
213900	0.47	0.48	0.48	0	0	0.47
214000	0.47	0.48	0.48	0	0	0.47
214100	0.47	0.48	0.48	0	0	0.47
214200	0.47	0.48	0.48	0	0	0.47
214300	0.47	0.48	0.48	0	0	0.47
214400	0.47	0.48	0.48	0	0	0.47
214500	0.47	0.48	0.48	0	0	0.47
214600	0.47	0.48	0.48	0	0	0.47
214700	0.47	0.48	0.48	0	0	0.47
214800	0.47	0.48	0.48	0	0	0.47
214900	0.47	0.49	0.49	0	0	0.47
215000	0.47	0.49	0.49	0	0	0.47
215100	0.47	0.49	0.49	0	0	0.47
215200	0.47	0.48	0.48	0	0	0.47
215300	0.47	0.48	0.48	0	0	0.47
215400	0.47	0.48	0.48	0	0	0.47
215500	0.47	0.48	0.48	0	0	0.47
215600	0.47	0.48	0.48	0	0	0.47
215700	0.47	0.48	0.48	0	0	0.47
215800	0.48	0.48	0.48	0	0	0.48
215900	0.48	0.48	0.48	0	0	0.48
216000	0.48	0.48	0.48	0	0	0.48
216100	0.48	0.48	0.48	0	0	0.48
216200	0.48	0.48	0.48	0	0	0.48
216300	0.48	0.48	0.48	0	0	0.48
216400	0.48	0.48	0.48	0	0	0.48
216500	0.48	0.48	0.48	0	0	0.48
216600	0.48	0.48	0.48	0	0	0.48
216700	0.48	0.48	0.48	0	0	0.48
216800	0.48	0.48	0.48	0	0	0.48
216900	0.48	0.48	0.48	0	0	0.48
217000	0.48	0.48	0.48	0	0	0.48
217100	0.49	0.48	0.48	0	0	0.49
217200	0.49	0.48	0.48	0	0	0.49
217300	0.49	0.48	0.48	0	0	0.49
217400	0.49	0.48	0.48	0	0	0.49
217500	0.49	0.48	0.48	0	0	0.49
217600	0.49	0.48	0.48	0	0	0.49
217700	0.49	0.48	0.48	0	0	0.49
217800	0.49	0.48	0.48	0	0	0.49
217900	0.49	0.48	0.48	0	0	0.49
218000	0.49	0.48	0.48	0	0	0.49
218100	0.49	0.48	0.48	0	0	0.49
218200	0.49	0.48	0.48	0	0	0.49
218300	0.48	0.48	0.48	0	0	0.48
218400	0.47	0.48	0.48	0	0	0.47
218500	0.47	0.48	0.48	0	0	0.47
218600	0.47	0.48	0.48	0	0	0.47
218700	0.47	0.48	0.48	0	0	0.47
218800	0.47	0.48	0.48	0	0	0.47
218900	0.47	0.48	0.48	0	0	0.47
219000	0.47	0.48	0.48	0	0	0.47
219100	0.47	0.48	0.48	0	0	0.47
219200	0.47	0.48	0.48	0	0	0.47
219300	0.46	0.48	0.48	0	0	0.46
219400	0.46	0.48	0.48	0	0	0.46
219500	0.46	0.48	0.48	0	0	0.46
219600	0.46	0.48	0.48	0	0	0.46
219700	0.46	0.48	0.48	0	0	0.46
219800	0.46	0.48	0.48	0	0	0.46
219900	0.46	0.48	0.48	0	0	0.46
220000	0.46	0.48	0.48	0	0	0.46
220100	0.46	0.48	0.48	0	0	0.46
220200	0.46	0.48	0.48	0	0	0.46
220300	0.46	0.48	0.48	0	0	0.46
220400	0.47	0.48	0.48	0	0	0.47
220500	0.47	0.48	0.48	0	0	0.47
220600	0.47	0.48	0.48	0	0	0.47
220700	0.46	0.48	0.48	0	0	0.46
220800	0.46	0.48	0.48	0	0	0.46
220900	0.46	0.49	0.49	0	0	0.46
221000	0.46	0.49	0.49	0	0	0.46
221100	0.47	0.5	0.5	0	0	0.47
221200	0.47	0.5	0.5	0	0	0.47
221300	0.47	0.5	0.5	0	0	0.47
221400	0.47	0.5	0.5	0	0	0.47
221500	0.47	0.5	0.5	0	0	0.47
221600	0.47	0.5	0.5	0	0	0.47
221700	0.47	0.5	0.5	0	0	0.47
221800	0.47	0.5	0.5	0	0	0.47
221900	0.47	0.5	0.5	0	0	0.47
222000	0.47	0.5	0.5	0	0	0.47
222100	0.47	0.5	0.5	0	0	0.47
222200	0.47	0.5	0.5	0	0	0.47
222300	0.47	0.5	0.5	0	0	0.47
222400	0.47	0.5	0.5	0	0	0.47
222500	0.47	0.5	0.5	0	0	0.47
222600	0.47	0.5	0.5	0	0	0.47
222700	0.47	0.5	0.5	0	0	0.47
222800	0.47	0.5	0.5	0	0	0.47
222900	0.47	0.5	0.5	0	0	0.47
223000	0.47	0.5	0.5	0	0	0.47
223100	0.47	0.5	0.5	0	0	0.47
223200	0.47	0.5	0.5	0	0	0.47
223300	0.47	0.5	0.5	0	0	0.47
223400	0.47	0.5	0.5	0	0	0.47
223500	0.47	0.5	0.5	0	0	0.47
223600	0.47	0.5	0.5	0	0	0.47
223700	0.47	0.5	0.5	0	0	0.47
223800	0.47	0.5	0.5	0	0	0.47
223900	0.47	0.5	0.5	0	0	0.47
224000	0.47	0.5	0.5	0	0	0.47
224100	0.47	0.5	0.5	0	0	0.47
224200	0.47	0.5	0.5	0	0	0.47
224300	0.47	0.5	0.5	0	0	0.47
224400	0.47	0.5	0.5	0	0	0.47
224500	0.47	0.5	0.5	0	0	0.47
224600	0.47	0.5	0.5	0	0	0.47
224700	0.47	0.5	0.5	0	0	0.47
224800	0.47	0.5	0.5	0	0	0.47
224900	0.47	0.5	0.5	0	0	0.47
225000	0.47	0.5	0.5	0	0	0.47
225100	0.47	0.5	0.5	0	0	0.47
225200	0.47	0.5	0.5	0	0	0.47
225300	0.47	0.5	0.5	0	0	0.47
225400	0.47	0.5	0.5	0	0	0.47
225500	0.47	0.5	0.5	0	0	0.47
225600	0.47	0.5	0.5	0	0	0.47
225700	0.47	0.5	0.5	0	0	0.47
225800	0.47	0.5	0.5	0	0	0.47
225900	0.47	0.5	0.5	0	0	0.47
226000	0.47	0.5	0.5	0	0	0.47
226100	0.47	0.5	0.5	0	0	0.47
226200	0.47	0.5	0.5	0	0	0.47
226300	0.47	0.5	0.5	0	0	0.47
226400	0.47	0.5	0.5	0	0	0.47
226500	0.47	0.5	0.5	0	0	0.47
226600	0.46	0.5	0.5	0	0	0.46
226700	0.46	0.5	0.5	0	0	0.46
226800	0.46	0.5	0.5	0	0	0.46
226900	0.46	0.5	0.5	0	0	0.46
227000	0.46	0.5	0.5	0	0	0.46
227100	0.46	0.5	0.5	0	0	0.46
227200	0.46	0.5	0.5	0	0	0.46
227300	0.46	0.5	0.5	0	0	0.46
227400	0.46	0.5	0.5	0	0	0.46
227500	0.46	0.5	0.5	0	0	0.46
227600	0.46	0.5	0.5	0	0	0.46
227700	0.46	0.5	0.5	0	0	0.46
227800	0.46	0.5	0.5	0	0	0.46
227900	0.46	0.5	0.5	0	0	0.46
228000	0.46	0.5	0.5	0	0	0.46
228100	0.46	0.5	0.5	0	0	0.46
228200	0.47	0.5	0.5	0	0	0.47
228300	0.47	0.5	0.5	0	0	0.47
228400	0.47	0.5	0.5	0	0	0.47
228500	0.47	0.5	0.5	0	0	0.47
228600	0.47	0.5	0.5	0	0	0.47
228700	0.47	0.5	0.5	0	0	0.47
228800	0.47	0.5	0.5	0	0	0.47
228900	0.47	0.5	0.5	0	0	0.47
229000	0.47	0.5	0.5	0	0	0.47
229100	0.47	0.5	0.5	0	0	0.47
229200	0.47	0.5	0.5	0	0	0.47
229300	0.47	0.5	0.5	0	0	0.47
229400	0.47	0.5	0.5	0	0	0.47
229500	0.47	0.5	0.5	0	0	0.47
229600	0.47	0.5	0.5	0	0	0.47
229700	0.47	0.5	0.5	0	0	0.47
229800	0.47	0.5	0.5	0	0	0.47
229900	0.47	0.5	0.5	0	0	0.47
230000	0.47	0.5	0.5	0	0	0.47
230100	0.47	0.5	0.5	0	0	0.47
230200	0.47	0.5	0.5	0	0	0.47
230300	0.47	0.5	0.5	0	0	0.47
230400	0.47	0.5	0.5	0	0	0.47
230500	0.47	0.5	0.5	0	0	0.47
230600	0.47	0.5	0.5	0	0	0.47
230700	0.47	0.5	0.5	0	0	0.47
230800	0.47	0.5	0.5	0	0	0.47
230900	0.47	0.5	0.5	0	0	0.47
231000	0.47	0.5	0.5	0	0	0.47
231100	0.47	0.5	0.5	0	0	0.47
231200	0.47	0.5	0.5	0	0	0.47
231300	0.47	0.5	0.5	0	0	0.47
231400	0.47	0.5	0.5	0	0	0.47
231500	0.47	0.5	0.5	0	0	0.47
231600	0.47	0.5	0.5	0	0	0.47
231700	0.47	0.5	0.5	0	0	0.47
231800	0.47	0.5	0.5	0	0	0.47
231900	0.47	0.5	0.5	0	0	0.47
232000	0.47	0.5	0.5	0	0	0.47
232100	0.47	0.5	0.5	0	0	0.47
232200	0.47	0.49	0.49	0	0	0.47
232300	0.47	0.49	0.49	0	0	0.47
232400	0.47	0.49	0.49	0	0	0.47
232500	0.47	0.49	0.49	0	0	0.47
232600	0.47	0.49	0.49	0	0	0.47
232700	0.47	0.49	0.49	0	0	0.47
232800	0.47	0.49	0.49	0	0	0.47
232900	0.47	0.49	0.49	0	0	0.47
233000	0.47	0.49	0.49	0	0	0.47
233100	0.47	0.49	0.49	0	0	0.47
233200	0.47	0.49	0.49	0	0	0.47
233300	0.47	0.49	0.49	0	0	0.47
233400	0.47	0.49	0.49	0	0	0.47
233500	0.47	0.49	0.49	0	0	0.47
233600	0.47	0.49	0.49	0	0	0.47
233700	0.47	0.49	0.49	0	0	0.47
233800	0.47	0.49	0.49	0	0	0.47
233900	0.47	0.49	0.49	0	0	0.47
234000	0.47	0.49	0.49	0	0	0.47
234100	0.47	0.49	0.49	0	0	0.47
234200	0.47	0.49	0.49	0	0	0.47
234300	0.47	0.49	0.49	0	0	0.47
234400	0.47	0.49	0.49	0	0	0.47
234500	0.47	0.49	0.49	0	0	0.47
234600	0.47	0.5	0.5	0	0	0.47
234700	0.47	0.5	0.5	0	0	0.47
234800	0.47	0.5	0.5	0	0	0.47
234900	0.47	0.5	0.5	0	0	0.47
235000	0.47	0.5	0.5	0	0	0.47
235100	0.47	0.5	0.5	0	0	0.47
235200	0.47	0.5	0.5	0	0	0.47
235300	0.47	0.5	0.5	0	0	0.47
235400	0.47	0.5	0.5	0	0	0.47
235500	0.47	0.49	0.49	0	0	0.47
235600	0.47	0.49	0.49	0	0	0.47
235700	0.47	0.49	0.49	0	0	0.47
235800	0.47	0.49	0.49	0	0	0.47
235900	0.47	0.49	0.49	0	0	0.47
236000	0.47	0.49	0.49	0	0	0.47
236100	0.47	0.49	0.49	0	0	0.47
236200	0.47	0.49	0.49	0	0	0.47
236300	0.47	0.49	0.49	0	0	0.47
236400	0.47	0.5	0.5	0	0	0.47
236500	0.47	0.5	0.5	0	0	0.47
236600	0.47	0.5	0.5	0	0	0.47
236700	0.47	0.5	0.5	0	0	0.47
236800	0.47	0.5	0.5	0	0	0.47
236900	0.47	0.5	0.5	0	0	0.47
237000	0.47	0.5	0.5	0	0	0.47
237100	0.47	0.5	0.5	0	0	0.47
237200	0.47	0.5	0.5	0	0	0.47
237300	0.47	0.5	0.5	0	0	0.47
237400	0.47	0.5	0.5	0	0	0.47
237500	0.47	0.5	0.5	0	0	0.47
237600	0.47	0.5	0.5	0	0	0.47
237700	0.47	0.5	0.5	0	0	0.47
237800	0.47	0.5	0.5	0	0	0.47
237900	0.47	0.51	0.51	0	0	0.47
238000	0.47	0.51	0.51	0	0	0.47
238100	0.47	0.51	0.51	0	0	0.47
238200	0.47	0.51	0.51	0	0	0.47
238300	0.47	0.51	0.51	0	0	0.47
238400	0.47	0.51	0.51	0	0	0.47
238500	0.47	0.51	0.51	0	0	0.47
238600	0.47	0.51	0.51	0	0	0.47
238700	0.47	0.51	0.51	0	0	0.47
238800	0.47	0.51	0.51	0	0	0.47
238900	0.47	0.51	0.51	0	0	0.47
239000	0.47	0.51	0.51	0	0	0.47
239100	0.47	0.51	0.51	0	0	0.47
239200	0.47	0.51	0.51	0	0	0.47
239300	0.47	0.51	0.51	0	0	0.47
239400	0.46	0.51	0.51	0	0	0.46
239500	0.46	0.51	0.51	0	0	0.46
239600	0.46	0.51	0.51	0	0	0.46
239700	0.46	0.5	0.5	0	0	0.46
239800	0.46	0.5	0.5	0	0	0.46
239900	0.46	0.5	0.5	0	0	0.46
240000	0.46	0.5	0.5	0	0	0.46
240100	0.46	0.5	0.5	0	0	0.46
240200	0.46	0.5	0.5	0	0	0.46
240300	0.46	0.49	0.49	0	0	0.46
240400	0.46	0.49	0.49	0	0	0.46
240500	0.46	0.49	0.49	0	0	0.46
240600	0.46	0.49	0.49	0	0	0.46
240700	0.46	0.49	0.49	0	0	0.46
240800	0.46	0.49	0.49	0	0	0.46
240900	0.46	0.49	0.49	0	0	0.46
241000	0.46	0.49	0.49	0	0	0.46
241100	0.46	0.49	0.49	0	0	0.46
241200	0.46	0.49	0.49	0	0	0.46
241300	0.46	0.49	0.49	0	0	0.46
241400	0.46	0.49	0.49	0	0	0.46
241500	0.46	0.49	0.49	0	0	0.46
241600	0.46	0.49	0.49	0	0	0.46
241700	0.47	0.49	0.49	0	0	0.47
241800	0.47	0.49	0.49	0	0	0.47
241900	0.47	0.49	0.49	0	0	0.47
242000	0.47	0.49	0.49	0	0	0.47
242100	0.47	0.49	0.49	0	0	0.47
242200	0.47	0.49	0.49	0	0	0.47
242300	0.47	0.49	0.49	0	0	0.47
242400	0.47	0.49	0.49	0	0	0.47
242500	0.47	0.49	0.49	0	0	0.47
242600	0.47	0.49	0.49	0	0	0.47
242700	0.47	0.49	0.49	0	0	0.47
242800	0.47	0.49	0.49	0	0	0.47
242900	0.47	0.49	0.49	0	0	0.47
243000	0.46	0.49	0.49	0	0	0.46
243100	0.46	0.49	0.49	0	0	0.46
243200	0.46	0.49	0.49	0	0	0.46
243300	0.46	0.49	0.49	0	0	0.46
243400	0.46	0.49	0.49	0	0	0.46
243500	0.46	0.49	0.49	0	0	0.46
243600	0.46	0.49	0.49	0	0	0.46
243700	0.46	0.49	0.49	0	0	0.46
243800	0.46	0.49	0.49	0	0	0.46
243900	0.46	0.49	0.49	0	0	0.46
244000	0.46	0.49	0.49	0	0	0.46
244100	0.46	0.49	0.49	0	0	0.46
244200	0.46	0.49	0.49	0	0	0.46
244300	0.46	0.49	0.49	0	0	0.46
244400	0.46	0.49	0.49	0	0	0.46
244500	0.46	0.49	0.49	0	0	0.46
244600	0.46	0.49	0.49	0	0	0.46
244700	0.46	0.49	0.49	0	0	0.46
244800	0.46	0.49	0.49	0	0	0.46
244900	0.47	0.49	0.49	0	0	0.47
245000	0.47	0.49	0.49	0	0	0.47
245100	0.47	0.49	0.49	0	0	0.47
245200	0.47	0.49	0.49	0	0	0.47
245300	0.47	0.49	0.49	0	0	0.47
245400	0.47	0.49	0.49	0	0	0.47
245500	0.47	0.49	0.49	0	0	0.47
245600	0.47	0.49	0.49	0	0	0.47
245700	0.47	0.49	0.49	0	0	0.47
245800	0.47	0.49	0.49	0	0	0.47
245900	0.47	0.49	0.49	0	0	0.47
246000	0.47	0.49	0.49	0	0	0.47
246100	0.47	0.49	0.49	0	0	0.47
246200	0.47	0.49	0.49	0	0	0.47
246300	0.47	0.49	0.49	0	0	0.47
246400	0.47	0.49	0.49	0	0	0.47
246500	0.47	0.49	0.49	0	0	0.47
246600	0.47	0.49	0.49	0	0	0.47
246700	0.47	0.49	0.49	0	0	0.47
246800	0.47	0.49	0.49	0	0	0.47
246900	0.47	0.49	0.49	0	0	0.47
247000	0.47	0.49	0.49	0	0	0.47
247100	0.47	0.49	0.49	0	0	0.47
247200	0.47	0.49	0.49	0	0	0.47
247300	0.47	0.49	0.49	0	0	0.47
247400	0.47	0.49	0.49	0	0	0.47
247500	0.47	0.49	0.49	0	0	0.47
247600	0.47	0.49	0.49	0	0	0.47
247700	0.47	0.49	0.49	0	0	0.47
247800	0.46	0.49	0.49	0	0	0.46
247900	0.46	0.49	0.49	0	0	0.46
248000	0.46	0.49	0.49	0	0	0.46
248100	0.46	0.49	0.49	0	0	0.46
248200	0.46	0.49	0.49	0	0	0.46
248300	0.46	0.49	0.49	0	0	0.46
248400	0.46	0.49	0.49	0	0	0.46
248500	0.46	0.49	0.49	0	0	0.46
248600	0.46	0.49	0.49	0	0	0.46
248700	0.46	0.49	0.49	0	0	0.46
248800	0.46	0.49	0.49	0	0	0.46
248900	0.46	0.49	0.49	0	0	0.46
249000	0.47	0.5	0.5	0	0	0.47
249100	0.47	0.49	0.49	0	0	0.47
249200	0.47	0.49	0.49	0	0	0.47
249300	0.47	0.49	0.49	0	0	0.47
249400	0.47	0.49	0.49	0	0	0.47
249500	0.47	0.49	0.49	0	0	0.47
249600	0.47	0.49	0.49	0	0	0.47
249700	0.47	0.49	0.49	0	0	0.47
249800	0.47	0.49	0.49	0	0	0.47
249900	0.47	0.49	0.49	0	0	0.47
250000	0.47	0.49	0.49	0	0	0.47
250100	0.47	0.49	0.49	0	0	0.47
250200	0.47	0.49	0.49	0	0	0.47
250300	0.47	0.49	0.49	0	0	0.47
250400	0.47	0.49	0.49	0	0	0.47
250500	0.47	0.49	0.49	0	0	0.47
250600	0.47	0.49	0.49	0	0	0.47
250700	0.47	0.49	0.49	0	0	0.47
250800	0.47	0.49	0.49	0	0	0.47
250900	0.47	0.49	0.49	0	0	0.47
251000	0.46	0.5	0.5	0	0	0.46
251100	0.46	0.5	0.5	0	0	0.46
251200	0.46	0.5	0.5	0	0	0.46
251300	0.46	0.5	0.5	0	0	0.46
251400	0.46	0.5	0.5	0	0	0.46
251500	0.46	0.5	0.5	0	0	0.46
251600	0.46	0.5	0.5	0	0	0.46
251700	0.46	0.5	0.5	0	0	0.46
251800	0.46	0.5	0.5	0	0	0.46
251900	0.46	0.5	0.5	0	0	0.46
252000	0.46	0.5	0.5	0	0	0.46
252100	0.46	0.5	0.5	0	0	0.46
252200	0.46	0.5	0.5	0	0	0.46
252300	0.46	0.5	0.5	0	0	0.46
252400	0.46	0.5	0.5	0	0	0.46
252500	0.46	0.51	0.51	0	0	0.46
252600	0.46	0.51	0.51	0	0	0.46
252700	0.46	0.51	0.51	0	0	0.46
252800	0.46	0.51	0.51	0	0	0.46
252900	0.46	0.51	0.51	0	0	0.46
253000	0.46	0.51	0.51	0	0	0.46
253100	0.46	0.51	0.51	0	0	0.46
253200	0.46	0.51	0.51	0	0	0.46
253300	0.46	0.51	0.51	0	0	0.46
253400	0.46	0.51	0.51	0	0	0.46
253500	0.46	0.51	0.51	0	0	0.46
253600	0.46	0.51	0.51	0	0	0.46
253700	0.46	0.51	0.51	0	0	0.46
253800	0.46	0.51	0.51	0	0	0.46
253900	0.46	0.51	0.51	0	0	0.46
254000	0.46	0.51	0.51	0	0	0.46
254100	0.46	0.51	0.51	0	0	0.46
254200	0.46	0.51	0.51	0	0	0.46
254300	0.46	0.51	0.51	0	0	0.46
254400	0.46	0.52	0.52	0	0	0.46
254500	0.46	0.52	0.52	0	0	0.46
254600	0.46	0.52	0.52	0	0	0.46
254700	0.46	0.52	0.52	0	0	0.46
254800	0.46	0.52	0.52	0	0	0.46
254900	0.46	0.52	0.52	0	0	0.46
255000	0.46	0.52	0.52	0	0	0.46
255100	0.46	0.52	0.52	0	0	0.46
255200	0.46	0.52	0.52	0	0	0.46
255300	0.46	0.52	0.52	0	0	0.46
255400	0.46	0.52	0.52	0	0	0.46
255500	0.46	0.52	0.52	0	0	0.46
255600	0.46	0.52	0.52	0	0	0.46
255700	0.46	0.51	0.51	0	0	0.46
255800	0.46	0.51	0.51	0	0	0.46
255900	0.46	0.51	0.51	0	0	0.46
256000	0.46	0.51	0.51	0	0	0.46
256100	0.46	0.51	0.51	0	0	0.46
256200	0.46	0.51	0.51	0	0	0.46
256300	0.46	0.51	0.51	0	0	0.46
256400	0.46	0.51	0.51	0	0	0.46
256500	0.46	0.51	0.51	0	0	0.46
256600	0.46	0.51	0.51	0	0	0.46
256700	0.46	0.51	0.51	0	0	0.46
256800	0.46	0.51	0.51	0	0	0.46
256900	0.46	0.51	0.51	0	0	0.46
257000	0.46	0.51	0.51	0	0	0.46
257100	0.46	0.51	0.51	0	0	0.46
257200	0.46	0.51	0.51	0	0	0.46
257300	0.46	0.51	0.51	0	0	0.46
257400	0.46	0.51	0.51	0	0	0.46
257500	0.46	0.5	0.5	0	0	0.46
257600	0.46	0.5	0.5	0	0	0.46
257700	0.46	0.5	0.5	0	0	0.46
257800	0.46	0.5	0.5	0	0	0.46
257900	0.46	0.5	0.5	0	0	0.46
258000	0.46	0.5	0.5	0	0	0.46
258100	0.46	0.5	0.5	0	0	0.46
258200	0.46	0.5	0.5	0	0	0.46
258300	0.46	0.5	0.5	0	0	0.46
258400	0.45	0.5	0.5	0	0	0.45
258500	0.45	0.5	0.5	0	0	0.45
258600	0.45	0.5	0.5	0	0	0.45
258700	0.45	0.5	0.5	0	0	0.45
258800	0.45	0.5	0.5	0	0	0.45
258900	0.45	0.5	0.5	0	0	0.45
259000	0.45	0.5	0.5	0	0	0.45
259100	0.45	0.5	0.5	0	0	0.45
259200	0.45	0.5	0.5	0	0	0.45
259300	0.45	0.5	0.5	0	0	0.45
259400	0.45	0.5	0.5	0	0	0.45
259500	0.45	0.5	0.5	0	0	0.45
259600	0.45	0.5	0.5	0	0	0.45
259700	0.45	0.5	0.5	0	0	0.45
259800	0.45	0.5	0.5	0	0	0.45
259900	0.45	0.5	0.5	0	0	0.45
260000	0.45	0.5	0.5	0	0	0.45
260100	0.45	0.5	0.5	0	0	0.45
260200	0.45	0.5	0.5	0	0	0.45
260300	0.45	0.5	0.5	0	0	0.45
260400	0.45	0.5	0.5	0	0	0.45
260500	0.45	0.5	0.5	0	0	0.45
260600	0.45	0.5	0.5	0	0	0.45
260700	0.45	0.5	0.5	0	0	0.45
260800	0.45	0.5	0.5	0	0	0.45
260900	0.45	0.5	0.5	0	0	0.45
261000	0.45	0.5	0.5	0	0	0.45
261100	0.46	0.5	0.5	0	0	0.46
261200	0.46	0.5	0.5	0	0	0.46
261300	0.46	0.5	0.5	0	0	0.46
261400	0.46	0.5	0.5	0	0	0.46
261500	0.45	0.5	0.5	0	0	0.45
261600	0.45	0.5	0.5	0	0	0.45
261700	0.45	0.5	0.5	0	0	0.45
261800	0.45	0.5	0.5	0	0	0.45
261900	0.45	0.5	0.5	0	0	0.45
262000	0.45	0.5	0.5	0	0	0.45
262100	0.45	0.5	0.5	0	0	0.45
262200	0.45	0.5	0.5	0	0	0.45
262300	0.45	0.5	0.5	0	0	0.45
262400	0.45	0.5	0.5	0	0	0.45
262500	0.45	0.5	0.5	0	0	0.45
262600	0.45	0.5	0.5	0	0	0.45
262700	0.45	0.5	0.5	0	0	0.45
262800	0.45	0.5	0.5	0	0	0.45
262900	0.45	0.5	0.5	0	0	0.45
263000	0.45	0.5	0.5	0	0	0.45
263100	0.45	0.5	0.5	0	0	0.45
263200	0.45	0.5	0.5	0	0	0.45
263300	0.46	0.5	0.5	0	0	0.46
263400	0.46	0.5	0.5	0	0	0.46
263500	0.46	0.5	0.5	0	0	0.46
263600	0.46	0.5	0.5	0	0	0.46
263700	0.46	0.5	0.5	0	0	0.46
263800	0.46	0.5	0.5	0	0	0.46
263900	0.46	0.5	0.5	0	0	0.46
264000	0.46	0.5	0.5	0	0	0.46
264100	0.46	0.5	0.5	0	0	0.46
264200	0.46	0.5	0.5	0	0	0.46
264300	0.46	0.5	0.5	0	0	0.46
264400	0.46	0.5	0.5	0	0	0.46
264500	0.47	0.5	0.5	0	0	0.47
264600	0.47	0.5	0.5	0	0	0.47
264700	0.47	0.49	0.49	0	0	0.47
264800	0.47	0.49	0.49	0	0	0.47
264900	0.47	0.49	0.49	0	0	0.47
265000	0.47	0.49	0.49	0	0	0.47
265100	0.47	0.49	0.49	0	0	0.47
265200	0.47	0.49	0.49	0	0	0.47
265300	0.47	0.49	0.49	0	0	0.47
265400	0.48	0.49	0.49	0	0	0.48
265500	0.48	0.49	0.49	0	0	0.48
265600	0.48	0.49	0.49	0	0	0.48
265700	0.48	0.49	0.49	0	0	0.48
265800	0.48	0.49	0.49	0	0	0.48
265900	0.48	0.49	0.49	0	0	0.48
266000	0.48	0.49	0.49	0	0	0.48
266100	0.48	0.49	0.49	0	0	0.48
266200	0.48	0.49	0.49	0	0	0.48
266300	0.48	0.49	0.49	0	0	0.48
266400	0.48	0.49	0.49	0	0	0.48
266500	0.48	0.49	0.49	0	0	0.48
266600	0.48	0.49	0.49	0	0	0.48
266700	0.48	0.49	0.49	0	0	0.48
266800	0.48	0.49	0.49	0	0	0.48
266900	0.48	0.49	0.49	0	0	0.48
267000	0.48	0.49	0.49	0	0	0.48
267100	0.48	0.49	0.49	0	0	0.48
267200	0.48	0.49	0.49	0	0	0.48
267300	0.48	0.49	0.49	0	0	0.48
267400	0.48	0.49	0.49	0	0	0.48
267500	0.48	0.49	0.49	0	0	0.48
267600	0.48	0.49	0.49	0	0	0.48
267700	0.48	0.49	0.49	0	0	0.48
267800	0.48	0.49	0.49	0	0	0.48
267900	0.48	0.49	0.49	0	0	0.48
268000	0.48	0.49	0.49	0	0	0.48
268100	0.48	0.49	0.49	0	0	0.48
268200	0.49	0.49	0.49	0	0	0.49
268300	0.49	0.49	0.49	0	0	0.49
268400	0.49	0.49	0.49	0	0	0.49
268500	0.49	0.49	0.49	0	0	0.49
268600	0.49	0.49	0.49	0	0	0.49
268700	0.49	0.49	0.49	0	0	0.49
268800	0.49	0.49	0.49	0	0	0.49
268900	0.49	0.49	0.49	0	0	0.49
269000	0.49	0.49	0.49	0	0	0.49
269100	0.5	0.49	0.49	0	0	0.5
269200	0.5	0.49	0.49	0	0	0.5
269300	0.5	0.49	0.49	0	0	0.5
269400	0.5	0.49	0.49	0	0	0.5
269500	0.5	0.49	0.49	0	0	0.5
269600	0.5	0.49	0.49	0	0	0.5
269700	0.5	0.49	0.49	0	0	0.5
269800	0.5	0.49	0.49	0	0	0.5
269900	0.5	0.49	0.49	0	0	0.5
270000	0.5	0.49	0.49	0	0	0.5
270100	0.5	0.49	0.49	0	0	0.5
270200	0.5	0.49	0.49	0	0	0.5
270300	0.5	0.49	0.49	0	0	0.5
270400	0.5	0.49	0.49	0	0	0.5
270500	0.5	0.49	0.49	0	0	0.5
270600	0.5	0.49	0.49	0	0	0.5
270700	0.5	0.49	0.49	0	0	0.5
270800	0.5	0.49	0.49	0	0	0.5
270900	0.5	0.49	0.49	0	0	0.5
271000	0.5	0.49	0.49	0	0	0.5
271100	0.5	0.49	0.49	0	0	0.5
271200	0.5	0.49	0.49	0	0	0.5
271300	0.5	0.49	0.49	0	0	0.5
271400	0.5	0.49	0.49	0	0	0.5
271500	0.5	0.49	0.49	0	0	0.5
271600	0.5	0.49	0.49	0	0	0.5
271700	0.5	0.49	0.49	0	0	0.5
271800	0.5	0.49	0.49	0	0	0.5
271900	0.5	0.49	0.49	0	0	0.5
272000	0.5	0.49	0.49	0	0	0.5
272100	0.5	0.49	0.49	0	0	0.5
272200	0.5	0.49	0.49	0	0	0.5
272300	0.5	0.49	0.49	0	0	0.5
272400	0.5	0.49	0.49	0	0	0.5
272500	0.5	0.49	0.49	0	0	0.5
272600	0.5	0.49	0.49	0	0	0.5
272700	0.5	0.49	0.49	0	0	0.5
272800	0.5	0.49	0.49	0	0	0.5
272900	0.5	0.49	0.49	0	0	0.5
273000	0.5	0.49	0.49	0	0	0.5
273100	0.5	0.49	0.49	0	0	0.5
273200	0.5	0.49	0.49	0	0	0.5
273300	0.5	0.49	0.49	0	0	0.5
273400	0.5	0.49	0.49	0	0	0.5
273500	0.5	0.49	0.49	0	0	0.5
273600	0.5	0.49	0.49	0	0	0.5
273700	0.5	0.49	0.49	0	0	0.5
273800	0.5	0.49	0.49	0	0	0.5
273900	0.5	0.49	0.49	0	0	0.5
274000	0.5	0.49	0.49	0	0	0.5
274100	0.5	0.48	0.48	0	0	0.5
274200	0.5	0.48	0.48	0	0	0.5
274300	0.5	0.48	0.48	0	0	0.5
274400	0.5	0.48	0.48	0	0	0.5
274500	0.5	0.48	0.48	0	0	0.5
274600	0.5	0.48	0.48	0	0	0.5
274700	0.49	0.48	0.48	0	0	0.49
274800	0.49	0.48	0.48	0	0	0.49
274900	0.49	0.48	0.48	0	0	0.49
275000	0.49	0.48	0.48	0	0	0.49
275100	0.49	0.48	0.48	0	0	0.49
275200	0.49	0.48	0.48	0	0	0.49
275300	0.49	0.48	0.48	0	0	0.49
275400	0.49	0.48	0.48	0	0	0.49
275500	0.49	0.48	0.48	0	0	0.49
275600	0.49	0.48	0.48	0	0	0.49
275700	0.49	0.48	0.48	0	0	0.49
275800	0.49	0.48	0.48	0	0	0.49
275900	0.49	0.48	0.48	0	0	0.49
276000	0.49	0.48	0.48	0	0	0.49
276100	0.49	0.48	0.48	0	0	0.49
276200	0.49	0.48	0.48	0	0	0.49
276300	0.49	0.48	0.48	0	0	0.49
276400	0.49	0.48	0.48	0	0	0.49
276500	0.49	0.48	0.48	0	0	0.49
276600	0.49	0.48	0.48	0	0	0.49
276700	0.49	0.48	0.48	0	0	0.49
276800	0.49	0.48	0.48	0	0	0.49
276900	0.49	0.48	0.48	0	0	0.49
277000	0.49	0.48	0.48	0	0	0.49
277100	0.49	0.48	0.48	0	0	0.49
277200	0.49	0.48	0.48	0	0	0.49
277300	0.49	0.48	0.48	0	0	0.49
277400	0.5	0.48	0.48	0	0	0.5
277500	0.5	0.48	0.48	0	0	0.5
277600	0.5	0.48	0.48	0	0	0.5
277700	0.5	0.48	0.48	0	0	0.5
277800	0.5	0.48	0.48	0	0	0.5
277900	0.5	0.48	0.48	0	0	0.5
278000	0.5	0.48	0.48	0	0	0.5
278100	0.5	0.48	0.48	0	0	0.5
278200	0.5	0.48	0.48	0	0	0.5
278300	0.5	0.48	0.48	0	0	0.5
278400	0.5	0.48	0.48	0	0	0.5
278500	0.5	0.48	0.48	0	0	0.5
278600	0.5	0.48	0.48	0	0	0.5
278700	0.5	0.48	0.48	0	0	0.5
278800	0.5	0.48	0.48	0	0	0.5
278900	0.5	0.48	0.48	0	0	0.5
279000	0.5	0.48	0.48	0	0	0.5
279100	0.5	0.48	0.48	0	0	0.5
279200	0.5	0.48	0.48	0	0	0.5
279300	0.5	0.48	0.48	0	0	0.5
279400	0.5	0.48	0.48	0	0	0.5
279500	0.5	0.48	0.48	0	0	0.5
279600	0.5	0.48	0.48	0	0	0.5
279700	0.5	0.48	0.48	0	0	0.5
279800	0.5	0.48	0.48	0	0	0.5
279900	0.5	0.48	0.48	0	0	0.5
280000	0.5	0.48	0.48	0	0	0.5
280100	0.49	0.48	0.48	0	0	0.49
280200	0.49	0.48	0.48	0	0	0.49
280300	0.49	0.48	0.48	0	0	0.49
280400	0.49	0.48	0.48	0	0	0.49
280500	0.49	0.48	0.48	0	0	0.49
280600	0.49	0.48	0.48	0	0	0.49
280700	0.49	0.48	0.48	0	0	0.49
280800	0.49	0.48	0.48	0	0	0.49
280900	0.49	0.48	0.48	0	0	0.49
281000	0.49	0.48	0.48	0	0	0.49
281100	0.49	0.48	0.48	0	0	0.49
281200	0.49	0.48	0.48	0	0	0.49
281300	0.49	0.48	0.48	0	0	0.49
281400	0.49	0.48	0.48	0	0	0.49
281500	0.49	0.48	0.48	0	0	0.49
281600	0.49	0.48	0.48	0	0	0.49
281700	0.49	0.48	0.48	0	0	0.49
281800	0.49	0.48	0.48	0	0	0.49
281900	0.49	0.48	0.48	0	0	0.49
282000	0.49	0.48	0.48	0	0	0.49
282100	0.49	0.48	0.48	0	0	0.49
282200	0.49	0.48	0.48	0	0	0.49
282300	0.49	0.48	0.48	0	0	0.49
282400	0.49	0.48	0.48	0	0	0.49
282500	0.49	0.48	0.48	0	0	0.49
282600	0.49	0.48	0.48	0	0	0.49
282700	0.49	0.48	0.48	0	0	0.49
282800	0.49	0.48	0.48	0	0	0.49
282900	0.49	0.48	0.48	0	0	0.49
283000	0.49	0.48	0.48	0	0	0.49
283100	0.49	0.48	0.48	0	0	0.49
283200	0.49	0.48	0.48	0	0	0.49
283300	0.49	0.48	0.48	0	0	0.49
283400	0.49	0.48	0.48	0	0	0.49
283500	0.49	0.48	0.48	0	0	0.49
283600	0.49	0.48	0.48	0	0	0.49
283700	0.49	0.48	0.48	0	0	0.49
283800	0.49	0.48	0.48	0	0	0.49
283900	0.49	0.48	0.48	0	0	0.49
284000	0.5	0.48	0.48	0	0	0.5
284100	0.5	0.48	0.48	0	0	0.5
284200	0.5	0.48	0.48	0	0	0.5
284300	0.5	0.48	0.48	0	0	0.5
284400	0.5	0.48	0.48	0	0	0.5
284500	0.5	0.48	0.48	0	0	0.5
284600	0.5	0.48	0.48	0	0	0.5
284700	0.5	0.48	0.48	0	0	0.5
284800	0.5	0.48	0.48	0	0	0.5
284900	0.5	0.48	0.48	0	0	0.5
285000	0.5	0.48	0.48	0	0	0.5
285100	0.5	0.48	0.48	0	0	0.5
285200	0.51	0.48	0.48	0	0	0.51
285300	0.51	0.48	0.48	0	0	0.51
285400	0.51	0.48	0.48	0	0	0.51
285500	0.5	0.48	0.48	0	0	0.5
285600	0.5	0.48	0.48	0	0	0.5
285700	0.5	0.48	0.48	0	0	0.5
285800	0.5	0.48	0.48	0	0	0.5
285900	0.5	0.48	0.48	0	0	0.5
286000	0.5	0.48	0.48	0	0	0.5
286100	0.5	0.48	0.48	0	0	0.5
286200	0.5	0.48	0.48	0	0	0.5
286300	0.5	0.48	0.48	0	0	0.5
286400	0.5	0.48	0.48	0	0	0.5
286500	0.5	0.48	0.48	0	0	0.5
286600	0.5	0.48	0.48	0	0	0.5
286700	0.5	0.48	0.48	0	0	0.5
286800	0.5	0.48	0.48	0	0	0.5
286900	0.5	0.48	0.48	0	0	0.5
287000	0.5	0.48	0.48	0	0	0.5
287100	0.5	0.48	0.48	0	0	0.5
287200	0.5	0.48	0.48	0	0	0.5
287300	0.5	0.48	0.48	0	0	0.5
287400	0.5	0.48	0.48	0	0	0.5
287500	0.5	0.48	0.48	0	0	0.5
287600	0.5	0.48	0.48	0	0	0.5
287700	0.5	0.48	0.48	0	0	0.5
287800	0.5	0.48	0.48	0	0	0.5
287900	0.5	0.48	0.48	0	0	0.5
288000	0.5	0.48	0.48	0	0	0.5
288100	0.5	0.48	0.48	0	0	0.5
288200	0.5	0.48	0.48	0	0	0.5
288300	0.5	0.48	0.48	0	0	0.5
288400	0.5	0.48	0.48	0	0	0.5
288500	0.5	0.48	0.48	0	0	0.5
288600	0.5	0.48	0.48	0	0	0.5
288700	0.5	0.48	0.48	0	0	0.5
288800	0.5	0.48	0.48	0	0	0.5
288900	0.5	0.48	0.48	0	0	0.5
289000	0.5	0.49	0.49	0	0	0.5
289100	0.5	0.48	0.48	0	0	0.5
289200	0.5	0.48	0.48	0	0	0.5
289300	0.5	0.48	0.48	0	0	0.5
289400	0.5	0.48	0.48	0	0	0.5
289500	0.5	0.48	0.48	0	0	0.5
289600	0.5	0.48	0.48	0	0	0.5
289700	0.5	0.48	0.48	0	0	0.5
289800	0.5	0.48	0.48	0	0	0.5
289900	0.5	0.48	0.48	0	0	0.5
290000	0.5	0.48	0.48	0	0	0.5
290100	0.5	0.48	0.48	0	0	0.5
290200	0.5	0.48	0.48	0	0	0.5
290300	0.5	0.49	0.49	0	0	0.5
290400	0.5	0.49	0.49	0	0	0.5
290500	0.5	0.48	0.48	0	0	0.5
290600	0.5	0.48	0.48	0	0	0.5
290700	0.5	0.48	0.48	0	0	0.5
290800	0.5	0.48	0.48	0	0	0.5
290900	0.5	0.48	0.48	0	0	0.5
291000	0.5	0.48	0.48	0	0	0.5
291100	0.5	0.48	0.48	0	0	0.5
