100	0.01	0.04	0.04	0	0	0.01
200	0.02	0.05	0.05	0	0	0.02
300	0.01	0.05	0.05	0	0	0.01
400	0.01	0.03	0.03	0	0	0.01
500	0.01	0.04	0.04	0	0	0.01
600	0.01	0.06	0.06	0	0	0.01
700	0	0.09	0.09	0	0	0
800	0	0.1	0.1	0	0	0
900	0	0.1	0.1	0	0	0
1000	0	0.08	0.08	0	0	0
1100	0.01	0.08	0.08	0	0	0.01
1200	0.01	0.1	0.1	0	0	0.01
1300	0.01	0.1	0.1	0	0	0.01
1400	0	0.07	0.07	0	0	0
1500	0.01	0.08	0.08	0	0	0.01
1600	0.02	0.07	0.07	0	0	0.02
1700	0.02	0.07	0.07	0	0	0.02
1800	0.02	0.08	0.08	0	0	0.02
1900	0.01	0.06	0.06	0	0	0.01
2000	0	0.06	0.06	0	0	0
2100	0	0.08	0.08	0	0	0
2200	0.02	0.08	0.08	0	0	0.02
2300	0.02	0.08	0.08	0	0	0.02
2400	0.02	0.08	0.08	0	0	0.02
2500	0.01	0.08	0.08	0	0	0.01
2600	0.01	0.08	0.08	0	0	0.01
2700	0.01	0.06	0.06	0	0	0.01
2800	0.01	0.05	0.05	0	0	0.01
2900	0.01	0.07	0.07	0	0	0.01
3000	0	0.07	0.07	0	0	0
3100	0.01	0.07	0.07	0	0	0.01
3200	0.01	0.08	0.08	0	0	0.01
3300	0.01	0.07	0.07	0	0	0.01
3400	0.01	0.07	0.07	0	0	0.01
3500	0.01	0.08	0.08	0	0	0.01
3600	0.01	0.07	0.07	0	0	0.01
3700	0.01	0.08	0.08	0	0	0.01
3800	0.01	0.09	0.09	0	0	0.01
3900	0	0.09	0.09	0	0	0
4000	0	0.09	0.09	0	0	0
4100	0.01	0.08	0.08	0	0	0.01
4200	0.02	0.06	0.06	0	0	0.02
4300	0.02	0.06	0.06	0	0	0.02
4400	0.02	0.07	0.07	0	0	0.02
4500	0.02	0.09	0.09	0	0	0.02
4600	0.01	0.07	0.07	0	0	0.01
4700	0	0.08	0.08	0	0	0
4800	0	0.06	0.06	0	0	0
4900	0	0.05	0.05	0	0	0
5000	0	0.06	0.06	0	0	0
5100	0	0.07	0.07	0	0	0
5200	0	0.05	0.05	0	0	0
5300	0	0.06	0.06	0	0	0
5400	0.02	0.05	0.05	0	0	0.02
5500	0.02	0.03	0.03	0	0	0.02
5600	0.02	0.02	0.02	0	0	0.02
5700	0.01	0.01	0.01	0	0	0.01
5800	0.01	0.01	0.01	0	0	0.01
5900	0.01	0.02	0.02	0	0	0.01
6000	0.02	0.02	0.02	0	0	0.02
6100	0.02	0.02	0.02	0	0	0.02
6200	0.02	0.02	0.02	0	0	0.02
6300	0.03	0.03	0.03	0	0	0.03
6400	0.02	0.02	0.02	0	0	0.02
6500	0.03	0.04	0.04	0	0	0.03
6600	0.03	0.06	0.06	0	0	0.03
6700	0.02	0.06	0.06	0	0	0.02
6800	0.02	0.05	0.05	0	0	0.02
6900	0.01	0.02	0.02	0	0	0.01
7000	0.01	0.04	0.04	0	0	0.01
7100	0	0.04	0.04	0	0	0
7200	0	0.03	0.03	0	0	0
7300	0	0.05	0.05	0	0	0
7400	0	0.06	0.06	0	0	0
7500	0.01	0.02	0.02	0	0	0.01
7600	0.01	0.02	0.02	0	0	0.01
7700	0.01	0.01	0.01	0	0	0.01
7800	0.01	0.03	0.03	0	0	0.01
7900	0.05	0.04	0.04	0	0	0.05
8000	0.06	0.06	0.06	0	0	0.06
8100	0.05	0.05	0.05	0	0	0.05
8200	0.06	0.06	0.06	0	0	0.06
8300	0.03	0.05	0.05	0	0	0.03
8400	0.02	0.05	0.05	0	0	0.02
8500	0	0.05	0.05	0	0	0
8600	0	0.04	0.04	0	0	0
8700	0	0.03	0.03	0	0	0
8800	0	0.03	0.03	0	0	0
8900	0	0.04	0.04	0	0	0
9000	0	0.03	0.03	0	0	0
9100	0	0.03	0.03	0	0	0
9200	0.01	0.03	0.03	0	0	0.01
9300	0.01	0.03	0.03	0	0	0.01
9400	0.02	0.04	0.04	0	0	0.02
9500	0.03	0.08	0.08	0	0	0.03
9600	0.03	0.08	0.08	0	0	0.03
9700	0.01	0.08	0.08	0	0	0.01
9800	0.01	0.08	0.08	0	0	0.01
9900	0.02	0.04	0.04	0	0	0.02
10000	0.02	0.03	0.03	0	0	0.02
10100	0.02	0.05	0.05	0	0	0.02
10200	0.02	0.03	0.03	0	0	0.02
10300	0.02	0.04	0.04	0	0	0.02
10400	0.01	0.03	0.03	0	0	0.01
10500	0	0.06	0.06	0	0	0
10600	0.01	0.05	0.05	0	0	0.01
10700	0.02	0.05	0.05	0	0	0.02
10800	0.02	0.05	0.05	0	0	0.02
10900	0.02	0.04	0.04	0	0	0.02
11000	0.01	0.03	0.03	0	0	0.01
11100	0.02	0.04	0.04	0	0	0.02
11200	0.02	0.06	0.06	0	0	0.02
11300	0.02	0.06	0.06	0	0	0.02
11400	0.03	0.07	0.07	0	0	0.03
11500	0.03	0.07	0.07	0	0	0.03
11600	0.03	0.07	0.07	0	0	0.03
11700	0.02	0.07	0.07	0	0	0.02
11800	0.02	0.06	0.06	0	0	0.02
11900	0.02	0.03	0.03	0	0	0.02
12000	0.01	0	0	0	0	0.01
12100	0.02	0	0	0	0	0.02
12200	0.01	0.03	0.03	0	0	0.01
12300	0.01	0.05	0.05	0	0	0.01
12400	0.02	0.08	0.08	0	0	0.02
12500	0.03	0.05	0.05	0	0	0.03
12600	0.01	0.04	0.04	0	0	0.01
12700	0.01	0.05	0.05	0	0	0.01
12800	0.01	0.05	0.05	0	0	0.01
12900	0.01	0.04	0.04	0	0	0.01
13000	0.01	0.04	0.04	0	0	0.01
13100	0.01	0.04	0.04	0	0	0.01
13200	0.02	0.02	0.02	0	0	0.02
13300	0.02	0	0	0	0	0.02
13400	0.01	0	0	0	0	0.01
13500	0.01	0.02	0.02	0	0	0.01
13600	0.02	0.07	0.07	0	0	0.02
13700	0.02	0.08	0.08	0	0	0.02
13800	0.01	0.09	0.09	0	0	0.01
13900	0	0.08	0.08	0	0	0
14000	0	0.08	0.08	0	0	0
14100	0	0.07	0.07	0	0	0
14200	0	0.07	0.07	0	0	0
14300	0	0.07	0.07	0	0	0
14400	0.01	0.1	0.1	0	0	0.01
14500	0.02	0.11	0.11	0	0	0.02
14600	0.03	0.1	0.1	0	0	0.03
14700	0	0.1	0.1	0	0	0
14800	0	0.1	0.1	0	0	0
14900	0	0.1	0.1	0	0	0
15000	0.01	0.13	0.13	0	0	0.01
15100	0.02	0.13	0.13	0	0	0.02
15200	0.02	0.12	0.12	0	0	0.02
15300	0.02	0.13	0.13	0	0	0.02
15400	0.02	0.13	0.13	0	0	0.02
15500	0.03	0.12	0.12	0	0	0.03
15600	0.02	0.13	0.13	0	0	0.02
15700	0.04	0.14	0.14	0	0	0.04
15800	0.05	0.13	0.13	0	0	0.05
15900	0.04	0.11	0.11	0	0	0.04
16000	0.05	0.1	0.1	0	0	0.05
16100	0.04	0.09	0.09	0	0	0.04
16200	0.02	0.1	0.1	0	0	0.02
16300	0.01	0.12	0.12	0	0	0.01
16400	0.01	0.12	0.12	0	0	0.01
16500	0	0.1	0.1	0	0	0
16600	0	0.09	0.09	0	0	0
16700	0	0.09	0.09	0	0	0
16800	0	0.09	0.09	0	0	0
16900	0.01	0.09	0.09	0	0	0.01
17000	0.02	0.08	0.08	0	0	0.02
17100	0.03	0.11	0.11	0	0	0.03
17200	0.03	0.12	0.12	0	0	0.03
17300	0.03	0.11	0.11	0	0	0.03
17400	0.02	0.11	0.11	0	0	0.02
17500	0.02	0.09	0.09	0	0	0.02
17600	0.02	0.08	0.08	0	0	0.02
17700	0.03	0.08	0.08	0	0	0.03
17800	0.03	0.1	0.1	0	0	0.03
17900	0.02	0.11	0.11	0	0	0.02
18000	0.03	0.11	0.11	0	0	0.03
18100	0.02	0.11	0.11	0	0	0.02
18200	0	0.12	0.12	0	0	0
18300	0.01	0.11	0.11	0	0	0.01
18400	0.02	0.11	0.11	0	0	0.02
18500	0.02	0.12	0.12	0	0	0.02
18600	0	0.13	0.13	0	0	0
18700	0.01	0.14	0.14	0	0	0.01
18800	0.01	0.15	0.15	0	0	0.01
18900	0.01	0.16	0.16	0	0	0.01
19000	0.01	0.16	0.16	0	0	0.01
19100	0.01	0.14	0.14	0	0	0.01
19200	0.01	0.14	0.14	0	0	0.01
19300	0	0.13	0.13	0	0	0
19400	0	0.11	0.11	0	0	0
19500	0	0.11	0.11	0	0	0
19600	0.01	0.1	0.1	0	0	0.01
19700	0.01	0.1	0.1	0	0	0.01
19800	0.01	0.1	0.1	0	0	0.01
19900	0.01	0.1	0.1	0	0	0.01
20000	0.01	0.11	0.11	0	0	0.01
20100	0.02	0.12	0.12	0	0	0.02
20200	0.01	0.13	0.13	0	0	0.01
20300	0.01	0.13	0.13	0	0	0.01
20400	0.02	0.13	0.13	0	0	0.02
20500	0.02	0.12	0.12	0	0	0.02
20600	0.02	0.14	0.14	0	0	0.02
20700	0.03	0.15	0.15	0	0	0.03
20800	0.03	0.16	0.16	0	0	0.03
20900	0.01	0.15	0.15	0	0	0.01
21000	0	0.15	0.15	0	0	0
21100	0	0.14	0.14	0	0	0
21200	0	0.15	0.15	0	0	0
21300	0.01	0.14	0.14	0	0	0.01
21400	0.01	0.14	0.14	0	0	0.01
21500	0.02	0.11	0.11	0	0	0.02
21600	0.02	0.11	0.11	0	0	0.02
21700	0.01	0.11	0.11	0	0	0.01
21800	0	0.12	0.12	0	0	0
21900	0	0.12	0.12	0	0	0
22000	0	0.14	0.14	0	0	0
22100	0	0.16	0.16	0	0	0
22200	0	0.17	0.17	0	0	0
22300	0	0.16	0.16	0	0	0
22400	0	0.16	0.16	0	0	0
22500	0	0.18	0.18	0	0	0
22600	0	0.16	0.16	0	0	0
22700	0	0.17	0.17	0	0	0
22800	0	0.17	0.17	0	0	0
22900	0.01	0.16	0.16	0	0	0.01
23000	0.01	0.17	0.17	0	0	0.01
23100	0.01	0.18	0.18	0	0	0.01
23200	0.01	0.17	0.17	0	0	0.01
23300	0	0.2	0.2	0	0	0
23400	0.01	0.21	0.21	0	0	0.01
23500	0.01	0.21	0.21	0	0	0.01
23600	0.01	0.24	0.24	0	0	0.01
23700	0.02	0.24	0.24	0	0	0.02
23800	0.01	0.23	0.23	0	0	0.01
23900	0.01	0.22	0.22	0	0	0.01
24000	0.01	0.19	0.19	0	0	0.01
24100	0	0.2	0.2	0	0	0
24200	0.01	0.2	0.2	0	0	0.01
24300	0.01	0.2	0.2	0	0	0.01
24400	0.01	0.22	0.22	0	0	0.01
24500	0.02	0.23	0.23	0	0	0.02
24600	0.02	0.23	0.23	0	0	0.02
24700	0.02	0.23	0.23	0	0	0.02
24800	0.02	0.24	0.24	0	0	0.02
24900	0.01	0.27	0.27	0	0	0.01
25000	0.01	0.26	0.26	0	0	0.01
25100	0.01	0.25	0.25	0	0	0.01
25200	0.01	0.26	0.26	0	0	0.01
25300	0	0.26	0.26	0	0	0
25400	0	0.25	0.25	0	0	0
25500	0	0.25	0.25	0	0	0
25600	0	0.25	0.25	0	0	0
25700	0	0.25	0.25	0	0	0
25800	0	0.25	0.25	0	0	0
25900	0	0.25	0.25	0	0	0
26000	0	0.25	0.25	0	0	0
26100	0	0.26	0.26	0	0	0
26200	0.02	0.26	0.26	0	0	0.02
26300	0.02	0.27	0.27	0	0	0.02
26400	0.02	0.28	0.28	0	0	0.02
26500	0.02	0.29	0.29	0	0	0.02
26600	0	0.28	0.28	0	0	0
26700	0	0.28	0.28	0	0	0
26800	0	0.28	0.28	0	0	0
26900	0	0.29	0.29	0	0	0
27000	0	0.29	0.29	0	0	0
27100	0	0.29	0.29	0	0	0
27200	0	0.28	0.28	0	0	0
27300	0	0.28	0.28	0	0	0
27400	0	0.29	0.29	0	0	0
27500	0	0.3	0.3	0	0	0
27600	0	0.31	0.31	0	0	0
27700	0.01	0.32	0.32	0	0	0.01
27800	0.01	0.31	0.31	0	0	0.01
27900	0.01	0.32	0.32	0	0	0.01
28000	0.01	0.32	0.32	0	0	0.01
28100	0.02	0.31	0.31	0	0	0.02
28200	0.01	0.31	0.31	0	0	0.01
28300	0.02	0.31	0.31	0	0	0.02
28400	0.01	0.31	0.31	0	0	0.01
28500	0.01	0.32	0.32	0	0	0.01
28600	0.02	0.32	0.32	0	0	0.02
28700	0.02	0.31	0.31	0	0	0.02
28800	0.02	0.32	0.32	0	0	0.02
28900	0.01	0.32	0.32	0	0	0.01
29000	0.02	0.34	0.34	0	0	0.02
29100	0.02	0.34	0.34	0	0	0.02
29200	0.02	0.34	0.34	0	0	0.02
29300	0.01	0.34	0.34	0	0	0.01
29400	0.01	0.35	0.35	0	0	0.01
29500	0.01	0.35	0.35	0	0	0.01
29600	0.01	0.34	0.34	0	0	0.01
29700	0	0.34	0.34	0	0	0
29800	0	0.37	0.37	0	0	0
29900	0	0.37	0.37	0	0	0
30000	0	0.37	0.37	0	0	0
30100	0	0.37	0.37	0	0	0
30200	0	0.37	0.37	0	0	0
30300	0	0.37	0.37	0	0	0
30400	0	0.36	0.36	0	0	0
30500	0.01	0.37	0.37	0	0	0.01
30600	0.01	0.37	0.37	0	0	0.01
30700	0.01	0.35	0.35	0	0	0.01
30800	0.02	0.36	0.36	0	0	0.02
30900	0.02	0.4	0.4	0	0	0.02
31000	0.02	0.4	0.4	0	0	0.02
31100	0.02	0.4	0.4	0	0	0.02
31200	0.01	0.39	0.39	0	0	0.01
31300	0.01	0.39	0.39	0	0	0.01
31400	0	0.39	0.39	0	0	0
31500	0	0.4	0.4	0	0	0
31600	0	0.4	0.4	0	0	0
31700	0	0.41	0.41	0	0	0
31800	0	0.4	0.4	0	0	0
31900	0	0.4	0.4	0	0	0
32000	0	0.42	0.42	0	0	0
32100	0	0.42	0.42	0	0	0
32200	0.01	0.42	0.42	0	0	0.01
32300	0.01	0.42	0.42	0	0	0.01
32400	0.01	0.43	0.43	0	0	0.01
32500	0.02	0.43	0.43	0	0	0.02
32600	0.01	0.43	0.43	0	0	0.01
32700	0.01	0.43	0.43	0	0	0.01
32800	0.01	0.43	0.43	0	0	0.01
32900	0.02	0.43	0.43	0	0	0.02
33000	0.01	0.44	0.44	0	0	0.01
33100	0.01	0.43	0.43	0	0	0.01
33200	0.01	0.44	0.44	0	0	0.01
33300	0	0.45	0.45	0	0	0
33400	0	0.45	0.45	0	0	0
33500	0	0.46	0.46	0	0	0
33600	0	0.46	0.46	0	0	0
33700	0	0.46	0.46	0	0	0
33800	0	0.46	0.46	0	0	0
33900	0	0.46	0.46	0	0	0
34000	0	0.46	0.46	0	0	0
34100	0.02	0.47	0.47	0	0	0.02
34200	0.01	0.47	0.47	0	0	0.01
34300	0.03	0.48	0.48	0	0	0.03
34400	0.04	0.48	0.48	0	0	0.04
34500	0.04	0.48	0.48	0	0	0.04
34600	0.04	0.48	0.48	0	0	0.04
34700	0.03	0.48	0.48	0	0	0.03
34800	0.01	0.48	0.48	0	0	0.01
34900	0.02	0.48	0.48	0	0	0.02
35000	0.02	0.48	0.48	0	0	0.02
35100	0.03	0.49	0.49	0	0	0.03
35200	0.04	0.5	0.5	0	0	0.04
35300	0.04	0.5	0.5	0	0	0.04
35400	0.02	0.5	0.5	0	0	0.02
35500	0.01	0.49	0.49	0	0	0.01
35600	0.01	0.49	0.49	0	0	0.01
35700	0	0.49	0.49	0	0	0
35800	0	0.49	0.49	0	0	0
35900	0	0.49	0.49	0	0	0
36000	0	0.49	0.49	0	0	0
36100	0	0.49	0.49	0	0	0
36200	0	0.49	0.49	0	0	0
36300	0	0.49	0.49	0	0	0
36400	0	0.49	0.49	0	0	0
36500	0	0.5	0.5	0	0	0
36600	0	0.5	0.5	0	0	0
36700	0.02	0.5	0.5	0	0	0.02
36800	0.02	0.5	0.5	0	0	0.02
36900	0.01	0.5	0.5	0	0	0.01
37000	0.01	0.51	0.51	0	0	0.01
37100	0.02	0.51	0.51	0	0	0.02
37200	0.01	0.51	0.51	0	0	0.01
37300	0	0.51	0.51	0	0	0
37400	0.01	0.52	0.52	0	0	0.01
37500	0.03	0.52	0.52	0	0	0.03
37600	0.03	0.52	0.52	0	0	0.03
37700	0.03	0.51	0.51	0	0	0.03
37800	0.02	0.51	0.51	0	0	0.02
37900	0	0.51	0.51	0	0	0
38000	0.01	0.51	0.51	0	0	0.01
38100	0	0.51	0.51	0	0	0
38200	0.01	0.51	0.51	0	0	0.01
38300	0.01	0.51	0.51	0	0	0.01
38400	0	0.52	0.52	0	0	0
38500	0.02	0.53	0.53	0	0	0.02
38600	0.01	0.53	0.53	0	0	0.01
38700	0.02	0.52	0.52	0	0	0.02
38800	0.02	0.52	0.52	0	0	0.02
38900	0.02	0.52	0.52	0	0	0.02
39000	0.02	0.52	0.52	0	0	0.02
39100	0	0.52	0.52	0	0	0
39200	0	0.53	0.53	0	0	0
39300	0	0.53	0.53	0	0	0
39400	0	0.53	0.53	0	0	0
39500	0	0.53	0.53	0	0	0
39600	0.01	0.54	0.54	0	0	0.01
39700	0.01	0.54	0.54	0	0	0.01
39800	0.01	0.55	0.55	0	0	0.01
39900	0.01	0.54	0.54	0	0	0.01
40000	0.01	0.54	0.54	0	0	0.01
40100	0.01	0.54	0.54	0	0	0.01
40200	0.01	0.54	0.54	0	0	0.01
40300	0.01	0.54	0.54	0	0	0.01
40400	0	0.54	0.54	0	0	0
40500	0	0.54	0.54	0	0	0
40600	0	0.54	0.54	0	0	0
40700	0	0.54	0.54	0	0	0
40800	0	0.54	0.54	0	0	0
40900	0	0.55	0.55	0	0	0
41000	0.01	0.55	0.55	0	0	0.01
41100	0.01	0.55	0.55	0	0	0.01
41200	0.01	0.55	0.55	0	0	0.01
41300	0.02	0.55	0.55	0	0	0.02
41400	0.02	0.55	0.55	0	0	0.02
41500	0.02	0.56	0.56	0	0	0.02
41600	0.02	0.57	0.57	0	0	0.02
41700	0.01	0.58	0.58	0	0	0.01
41800	0.01	0.57	0.57	0	0	0.01
41900	0.01	0.57	0.57	0	0	0.01
42000	0	0.57	0.57	0	0	0
42100	0	0.58	0.58	0	0	0
42200	0	0.58	0.58	0	0	0
42300	0	0.59	0.59	0	0	0
42400	0	0.59	0.59	0	0	0
42500	0	0.59	0.59	0	0	0
42600	0	0.59	0.59	0	0	0
42700	0.01	0.59	0.59	0	0	0.01
42800	0.01	0.59	0.59	0	0	0.01
42900	0.01	0.59	0.59	0	0	0.01
43000	0.01	0.6	0.6	0	0	0.01
43100	0.01	0.6	0.6	0	0	0.01
43200	0.01	0.6	0.6	0	0	0.01
43300	0	0.6	0.6	0	0	0
43400	0	0.6	0.6	0	0	0
43500	0	0.6	0.6	0	0	0
43600	0.01	0.6	0.6	0	0	0.01
43700	0.02	0.6	0.6	0	0	0.02
43800	0.02	0.6	0.6	0	0	0.02
43900	0.03	0.6	0.6	0	0	0.03
44000	0.01	0.6	0.6	0	0	0.01
44100	0.01	0.6	0.6	0	0	0.01
44200	0	0.6	0.6	0	0	0
44300	0	0.59	0.59	0	0	0
44400	0.02	0.59	0.59	0	0	0.02
44500	0.01	0.59	0.59	0	0	0.01
44600	0	0.59	0.59	0	0	0
44700	0	0.6	0.6	0	0	0
44800	0.01	0.61	0.61	0	0	0.01
44900	0.01	0.61	0.61	0	0	0.01
45000	0.02	0.61	0.61	0	0	0.02
45100	0.02	0.62	0.62	0	0	0.02
45200	0.02	0.62	0.62	0	0	0.02
45300	0.01	0.62	0.62	0	0	0.01
45400	0	0.63	0.63	0	0	0
45500	0	0.63	0.63	0	0	0
45600	0.01	0.62	0.62	0	0	0.01
45700	0	0.62	0.62	0	0	0
45800	0	0.62	0.62	0	0	0
45900	0	0.61	0.61	0	0	0
46000	0	0.61	0.61	0	0	0
46100	0.01	0.62	0.62	0	0	0.01
46200	0.01	0.62	0.62	0	0	0.01
46300	0.02	0.61	0.61	0	0	0.02
46400	0.02	0.61	0.61	0	0	0.02
46500	0.02	0.6	0.6	0	0	0.02
46600	0.02	0.6	0.6	0	0	0.02
46700	0.01	0.6	0.6	0	0	0.01
46800	0.01	0.6	0.6	0	0	0.01
46900	0.01	0.6	0.6	0	0	0.01
47000	0.02	0.6	0.6	0	0	0.02
47100	0.02	0.6	0.6	0	0	0.02
47200	0.02	0.6	0.6	0	0	0.02
47300	0.02	0.61	0.61	0	0	0.02
47400	0.03	0.61	0.61	0	0	0.03
47500	0.02	0.61	0.61	0	0	0.02
47600	0.02	0.61	0.61	0	0	0.02
47700	0.02	0.61	0.61	0	0	0.02
47800	0.01	0.61	0.61	0	0	0.01
47900	0.01	0.61	0.61	0	0	0.01
48000	0.01	0.61	0.61	0	0	0.01
48100	0	0.61	0.61	0	0	0
48200	0	0.61	0.61	0	0	0
48300	0	0.61	0.61	0	0	0
48400	0	0.61	0.61	0	0	0
48500	0.01	0.61	0.61	0	0	0.01
48600	0.01	0.61	0.61	0	0	0.01
48700	0.01	0.62	0.62	0	0	0.01
48800	0.01	0.62	0.62	0	0	0.01
48900	0.01	0.62	0.62	0	0	0.01
49000	0.01	0.62	0.62	0	0	0.01
49100	0	0.62	0.62	0	0	0
49200	0	0.62	0.62	0	0	0
49300	0	0.62	0.62	0	0	0
49400	0	0.62	0.62	0	0	0
49500	0	0.62	0.62	0	0	0
49600	0.02	0.62	0.62	0	0	0.02
49700	0.02	0.62	0.62	0	0	0.02
49800	0.01	0.62	0.62	0	0	0.01
49900	0.02	0.62	0.62	0	0	0.02
50000	0.01	0.62	0.62	0	0	0.01
50100	0.01	0.62	0.62	0	0	0.01
50200	0.01	0.62	0.62	0	0	0.01
50300	0.02	0.62	0.62	0	0	0.02
50400	0.02	0.62	0.62	0	0	0.02
50500	0.01	0.63	0.63	0	0	0.01
50600	0.01	0.63	0.63	0	0	0.01
50700	0.01	0.62	0.62	0	0	0.01
50800	0.01	0.62	0.62	0	0	0.01
50900	0.01	0.62	0.62	0	0	0.01
51000	0	0.62	0.62	0	0	0
51100	0	0.63	0.63	0	0	0
51200	0	0.63	0.63	0	0	0
51300	0	0.63	0.63	0	0	0
51400	0	0.63	0.63	0	0	0
51500	0	0.64	0.64	0	0	0
51600	0.02	0.64	0.64	0	0	0.02
51700	0.02	0.64	0.64	0	0	0.02
51800	0.02	0.65	0.65	0	0	0.02
51900	0.03	0.65	0.65	0	0	0.03
52000	0.05	0.66	0.66	0	0	0.05
52100	0.05	0.66	0.66	0	0	0.05
52200	0.02	0.66	0.66	0	0	0.02
52300	0.02	0.66	0.66	0	0	0.02
52400	0.02	0.66	0.66	0	0	0.02
52500	0.01	0.66	0.66	0	0	0.01
52600	0.01	0.66	0.66	0	0	0.01
52700	0.01	0.66	0.66	0	0	0.01
52800	0.02	0.66	0.66	0	0	0.02
52900	0.03	0.66	0.66	0	0	0.03
53000	0.03	0.66	0.66	0	0	0.03
53100	0.02	0.66	0.66	0	0	0.02
53200	0.02	0.66	0.66	0	0	0.02
53300	0.04	0.67	0.67	0	0	0.04
53400	0.04	0.68	0.68	0	0	0.04
53500	0.04	0.68	0.68	0	0	0.04
53600	0.05	0.68	0.68	0	0	0.05
53700	0.04	0.68	0.68	0	0	0.04
53800	0.03	0.68	0.68	0	0	0.03
53900	0.01	0.68	0.68	0	0	0.01
54000	0.01	0.68	0.68	0	0	0.01
54100	0	0.68	0.68	0	0	0
54200	0	0.68	0.68	0	0	0
54300	0	0.68	0.68	0	0	0
54400	0.01	0.68	0.68	0	0	0.01
54500	0.02	0.68	0.68	0	0	0.02
54600	0.02	0.67	0.67	0	0	0.02
54700	0.02	0.68	0.68	0	0	0.02
54800	0.02	0.68	0.68	0	0	0.02
54900	0.03	0.68	0.68	0	0	0.03
55000	0.02	0.68	0.68	0	0	0.02
55100	0.03	0.68	0.68	0	0	0.03
55200	0.02	0.68	0.68	0	0	0.02
55300	0.02	0.68	0.68	0	0	0.02
55400	0.03	0.68	0.68	0	0	0.03
55500	0.04	0.68	0.68	0	0	0.04
55600	0.02	0.68	0.68	0	0	0.02
55700	0.02	0.68	0.68	0	0	0.02
55800	0.02	0.68	0.68	0	0	0.02
55900	0.02	0.68	0.68	0	0	0.02
56000	0.02	0.68	0.68	0	0	0.02
56100	0.02	0.68	0.68	0	0	0.02
56200	0.02	0.68	0.68	0	0	0.02
56300	0.02	0.68	0.68	0	0	0.02
56400	0.01	0.68	0.68	0	0	0.01
56500	0	0.68	0.68	0	0	0
56600	0	0.68	0.68	0	0	0
56700	0	0.68	0.68	0	0	0
56800	0.01	0.68	0.68	0	0	0.01
56900	0.01	0.68	0.68	0	0	0.01
57000	0.01	0.69	0.69	0	0	0.01
57100	0.01	0.69	0.69	0	0	0.01
57200	0.01	0.69	0.69	0	0	0.01
57300	0.01	0.69	0.69	0	0	0.01
57400	0	0.69	0.69	0	0	0
57500	0	0.69	0.69	0	0	0
57600	0.02	0.69	0.69	0	0	0.02
57700	0.02	0.69	0.69	0	0	0.02
57800	0.03	0.69	0.69	0	0	0.03
57900	0.01	0.69	0.69	0	0	0.01
58000	0.02	0.69	0.69	0	0	0.02
58100	0.02	0.69	0.69	0	0	0.02
58200	0.01	0.69	0.69	0	0	0.01
58300	0.03	0.69	0.69	0	0	0.03
58400	0.03	0.7	0.7	0	0	0.03
58500	0.03	0.7	0.7	0	0	0.03
58600	0.03	0.7	0.7	0	0	0.03
58700	0.02	0.7	0.7	0	0	0.02
58800	0.04	0.7	0.7	0	0	0.04
58900	0.03	0.7	0.7	0	0	0.03
59000	0.04	0.7	0.7	0	0	0.04
59100	0.03	0.7	0.7	0	0	0.03
59200	0.03	0.7	0.7	0	0	0.03
59300	0.03	0.7	0.7	0	0	0.03
59400	0.01	0.7	0.7	0	0	0.01
59500	0.01	0.7	0.7	0	0	0.01
59600	0	0.7	0.7	0	0	0
59700	0	0.7	0.7	0	0	0
59800	0	0.7	0.7	0	0	0
59900	0.01	0.7	0.7	0	0	0.01
60000	0.01	0.7	0.7	0	0	0.01
60100	0.03	0.71	0.71	0	0	0.03
60200	0.03	0.7	0.7	0	0	0.03
60300	0.03	0.7	0.7	0	0	0.03
60400	0.02	0.7	0.7	0	0	0.02
60500	0.03	0.7	0.7	0	0	0.03
60600	0.03	0.69	0.69	0	0	0.03
60700	0.02	0.69	0.69	0	0	0.02
60800	0.03	0.69	0.69	0	0	0.03
60900	0.01	0.69	0.69	0	0	0.01
61000	0.02	0.69	0.69	0	0	0.02
61100	0.02	0.69	0.69	0	0	0.02
61200	0.02	0.69	0.69	0	0	0.02
61300	0.01	0.69	0.69	0	0	0.01
61400	0.01	0.69	0.69	0	0	0.01
61500	0.02	0.69	0.69	0	0	0.02
61600	0	0.69	0.69	0	0	0
61700	0.02	0.69	0.69	0	0	0.02
61800	0.02	0.69	0.69	0	0	0.02
61900	0.01	0.69	0.69	0	0	0.01
62000	0.01	0.7	0.7	0	0	0.01
62100	0.02	0.7	0.7	0	0	0.02
62200	0.01	0.7	0.7	0	0	0.01
62300	0.01	0.7	0.7	0	0	0.01
62400	0.01	0.7	0.7	0	0	0.01
62500	0.01	0.7	0.7	0	0	0.01
62600	0.01	0.7	0.7	0	0	0.01
62700	0	0.7	0.7	0	0	0
62800	0	0.7	0.7	0	0	0
62900	0	0.7	0.7	0	0	0
63000	0	0.7	0.7	0	0	0
63100	0.01	0.7	0.7	0	0	0.01
63200	0.03	0.7	0.7	0	0	0.03
63300	0.04	0.7	0.7	0	0	0.04
63400	0.03	0.7	0.7	0	0	0.03
63500	0.03	0.7	0.7	0	0	0.03
63600	0.02	0.71	0.71	0	0	0.02
63700	0.01	0.71	0.71	0	0	0.01
63800	0	0.72	0.72	0	0	0
63900	0	0.71	0.71	0	0	0
64000	0.01	0.71	0.71	0	0	0.01
64100	0.01	0.71	0.71	0	0	0.01
64200	0.01	0.71	0.71	0	0	0.01
64300	0.01	0.71	0.71	0	0	0.01
64400	0.01	0.71	0.71	0	0	0.01
64500	0.01	0.71	0.71	0	0	0.01
64600	0.01	0.71	0.71	0	0	0.01
64700	0	0.71	0.71	0	0	0
64800	0	0.71	0.71	0	0	0
64900	0	0.71	0.71	0	0	0
65000	0	0.71	0.71	0	0	0
65100	0.01	0.71	0.71	0	0	0.01
65200	0.01	0.71	0.71	0	0	0.01
65300	0.01	0.71	0.71	0	0	0.01
65400	0.01	0.71	0.71	0	0	0.01
65500	0.01	0.71	0.71	0	0	0.01
65600	0.01	0.71	0.71	0	0	0.01
65700	0.01	0.71	0.71	0	0	0.01
65800	0.02	0.71	0.71	0	0	0.02
65900	0.01	0.71	0.71	0	0	0.01
66000	0.01	0.71	0.71	0	0	0.01
66100	0.01	0.71	0.71	0	0	0.01
66200	0.01	0.71	0.71	0	0	0.01
66300	0.02	0.71	0.71	0	0	0.02
66400	0	0.71	0.71	0	0	0
66500	0	0.71	0.71	0	0	0
66600	0	0.71	0.71	0	0	0
66700	0.01	0.71	0.71	0	0	0.01
66800	0.01	0.71	0.71	0	0	0.01
66900	0.02	0.72	0.72	0	0	0.02
67000	0.01	0.72	0.72	0	0	0.01
67100	0.02	0.72	0.72	0	0	0.02
67200	0.02	0.72	0.72	0	0	0.02
67300	0.02	0.72	0.72	0	0	0.02
67400	0.02	0.72	0.72	0	0	0.02
67500	0.01	0.72	0.72	0	0	0.01
67600	0.01	0.72	0.72	0	0	0.01
67700	0.02	0.72	0.72	0	0	0.02
67800	0.03	0.72	0.72	0	0	0.03
67900	0.02	0.72	0.72	0	0	0.02
68000	0.02	0.72	0.72	0	0	0.02
68100	0.02	0.72	0.72	0	0	0.02
68200	0.01	0.72	0.72	0	0	0.01
68300	0.01	0.72	0.72	0	0	0.01
68400	0.02	0.72	0.72	0	0	0.02
68500	0.02	0.72	0.72	0	0	0.02
68600	0.01	0.72	0.72	0	0	0.01
68700	0.01	0.72	0.72	0	0	0.01
68800	0.01	0.72	0.72	0	0	0.01
68900	0.02	0.72	0.72	0	0	0.02
69000	0.02	0.72	0.72	0	0	0.02
69100	0.02	0.72	0.72	0	0	0.02
69200	0.02	0.72	0.72	0	0	0.02
69300	0.01	0.73	0.73	0	0	0.01
69400	0	0.73	0.73	0	0	0
69500	0.01	0.73	0.73	0	0	0.01
69600	0.01	0.73	0.73	0	0	0.01
69700	0.02	0.73	0.73	0	0	0.02
69800	0.02	0.73	0.73	0	0	0.02
69900	0.03	0.73	0.73	0	0	0.03
70000	0.04	0.73	0.73	0	0	0.04
70100	0.02	0.73	0.73	0	0	0.02
70200	0.02	0.73	0.73	0	0	0.02
70300	0.02	0.73	0.73	0	0	0.02
70400	0.02	0.73	0.73	0	0	0.02
70500	0.01	0.73	0.73	0	0	0.01
70600	0.01	0.73	0.73	0	0	0.01
70700	0.01	0.73	0.73	0	0	0.01
70800	0.01	0.73	0.73	0	0	0.01
70900	0.01	0.73	0.73	0	0	0.01
71000	0	0.74	0.74	0	0	0
71100	0	0.74	0.74	0	0	0
71200	0.01	0.73	0.73	0	0	0.01
71300	0.01	0.73	0.73	0	0	0.01
71400	0.01	0.73	0.73	0	0	0.01
71500	0.01	0.73	0.73	0	0	0.01
71600	0.02	0.73	0.73	0	0	0.02
71700	0.02	0.73	0.73	0	0	0.02
71800	0.03	0.73	0.73	0	0	0.03
71900	0.02	0.73	0.73	0	0	0.02
72000	0.02	0.73	0.73	0	0	0.02
72100	0.02	0.73	0.73	0	0	0.02
72200	0.01	0.73	0.73	0	0	0.01
72300	0.01	0.73	0.73	0	0	0.01
72400	0.01	0.73	0.73	0	0	0.01
72500	0.02	0.73	0.73	0	0	0.02
72600	0.02	0.73	0.73	0	0	0.02
72700	0.01	0.73	0.73	0	0	0.01
72800	0.01	0.73	0.73	0	0	0.01
72900	0.01	0.73	0.73	0	0	0.01
73000	0.01	0.73	0.73	0	0	0.01
73100	0.02	0.73	0.73	0	0	0.02
73200	0.02	0.73	0.73	0	0	0.02
73300	0.02	0.73	0.73	0	0	0.02
73400	0.02	0.73	0.73	0	0	0.02
73500	0.02	0.73	0.73	0	0	0.02
73600	0.01	0.73	0.73	0	0	0.01
73700	0.01	0.73	0.73	0	0	0.01
73800	0.01	0.73	0.73	0	0	0.01
73900	0.01	0.73	0.73	0	0	0.01
74000	0	0.73	0.73	0	0	0
74100	0.01	0.73	0.73	0	0	0.01
74200	0.01	0.73	0.73	0	0	0.01
74300	0.01	0.73	0.73	0	0	0.01
74400	0.01	0.73	0.73	0	0	0.01
74500	0.01	0.73	0.73	0	0	0.01
74600	0.01	0.73	0.73	0	0	0.01
74700	0.01	0.73	0.73	0	0	0.01
74800	0.02	0.73	0.73	0	0	0.02
74900	0.03	0.73	0.73	0	0	0.03
75000	0.04	0.73	0.73	0	0	0.04
75100	0.04	0.73	0.73	0	0	0.04
75200	0.02	0.73	0.73	0	0	0.02
75300	0.01	0.73	0.73	0	0	0.01
75400	0.01	0.73	0.73	0	0	0.01
75500	0.01	0.73	0.73	0	0	0.01
75600	0	0.74	0.74	0	0	0
75700	0	0.73	0.73	0	0	0
75800	0	0.73	0.73	0	0	0
75900	0	0.73	0.73	0	0	0
76000	0.02	0.73	0.73	0	0	0.02
76100	0.02	0.73	0.73	0	0	0.02
76200	0.02	0.73	0.73	0	0	0.02
76300	0	0.73	0.73	0	0	0
76400	0	0.73	0.73	0	0	0
76500	0	0.73	0.73	0	0	0
76600	0	0.73	0.73	0	0	0
76700	0	0.73	0.73	0	0	0
76800	0.01	0.73	0.73	0	0	0.01
76900	0.01	0.73	0.73	0	0	0.01
77000	0.01	0.73	0.73	0	0	0.01
77100	0.01	0.73	0.73	0	0	0.01
77200	0.01	0.73	0.73	0	0	0.01
77300	0.01	0.73	0.73	0	0	0.01
77400	0	0.73	0.73	0	0	0
77500	0	0.73	0.73	0	0	0
77600	0	0.73	0.73	0	0	0
77700	0.01	0.73	0.73	0	0	0.01
77800	0.02	0.73	0.73	0	0	0.02
77900	0.03	0.73	0.73	0	0	0.03
78000	0.02	0.73	0.73	0	0	0.02
78100	0.02	0.73	0.73	0	0	0.02
78200	0.01	0.73	0.73	0	0	0.01
78300	0.01	0.73	0.73	0	0	0.01
78400	0	0.73	0.73	0	0	0
78500	0	0.73	0.73	0	0	0
78600	0.01	0.73	0.73	0	0	0.01
78700	0.01	0.73	0.73	0	0	0.01
78800	0.01	0.73	0.73	0	0	0.01
78900	0.01	0.73	0.73	0	0	0.01
79000	0.01	0.73	0.73	0	0	0.01
79100	0.02	0.73	0.73	0	0	0.02
79200	0.01	0.73	0.73	0	0	0.01
79300	0.01	0.73	0.73	0	0	0.01
79400	0.01	0.73	0.73	0	0	0.01
79500	0.02	0.73	0.73	0	0	0.02
79600	0.01	0.73	0.73	0	0	0.01
79700	0.01	0.73	0.73	0	0	0.01
79800	0.02	0.73	0.73	0	0	0.02
79900	0.01	0.73	0.73	0	0	0.01
80000	0.01	0.73	0.73	0	0	0.01
80100	0.02	0.73	0.73	0	0	0.02
80200	0.01	0.73	0.73	0	0	0.01
80300	0.01	0.73	0.73	0	0	0.01
80400	0.01	0.73	0.73	0	0	0.01
80500	0.02	0.73	0.73	0	0	0.02
80600	0.02	0.73	0.73	0	0	0.02
80700	0.01	0.73	0.73	0	0	0.01
80800	0.02	0.73	0.73	0	0	0.02
80900	0.02	0.73	0.73	0	0	0.02
81000	0.01	0.73	0.73	0	0	0.01
81100	0.01	0.73	0.73	0	0	0.01
81200	0.01	0.73	0.73	0	0	0.01
81300	0.01	0.73	0.73	0	0	0.01
81400	0.01	0.73	0.73	0	0	0.01
81500	0.01	0.73	0.73	0	0	0.01
81600	0.01	0.73	0.73	0	0	0.01
81700	0.02	0.73	0.73	0	0	0.02
81800	0.02	0.73	0.73	0	0	0.02
81900	0.02	0.72	0.72	0	0	0.02
82000	0.03	0.72	0.72	0	0	0.03
82100	0.03	0.72	0.72	0	0	0.03
82200	0.02	0.72	0.72	0	0	0.02
82300	0.01	0.72	0.72	0	0	0.01
82400	0.01	0.72	0.72	0	0	0.01
82500	0.01	0.72	0.72	0	0	0.01
82600	0.01	0.72	0.72	0	0	0.01
82700	0.01	0.72	0.72	0	0	0.01
82800	0.01	0.72	0.72	0	0	0.01
82900	0	0.72	0.72	0	0	0
83000	0	0.72	0.72	0	0	0
83100	0	0.72	0.72	0	0	0
83200	0	0.72	0.72	0	0	0
83300	0	0.72	0.72	0	0	0
83400	0.01	0.72	0.72	0	0	0.01
83500	0.01	0.72	0.72	0	0	0.01
83600	0.02	0.72	0.72	0	0	0.02
83700	0.02	0.72	0.72	0	0	0.02
83800	0.02	0.72	0.72	0	0	0.02
83900	0.03	0.72	0.72	0	0	0.03
84000	0.03	0.72	0.72	0	0	0.03
84100	0.04	0.72	0.72	0	0	0.04
84200	0.04	0.72	0.72	0	0	0.04
84300	0.03	0.72	0.72	0	0	0.03
84400	0.01	0.72	0.72	0	0	0.01
84500	0.01	0.72	0.72	0	0	0.01
84600	0.01	0.72	0.72	0	0	0.01
84700	0.02	0.72	0.72	0	0	0.02
84800	0.01	0.73	0.73	0	0	0.01
84900	0	0.73	0.73	0	0	0
85000	0	0.73	0.73	0	0	0
85100	0.01	0.73	0.73	0	0	0.01
85200	0.01	0.73	0.73	0	0	0.01
85300	0.01	0.73	0.73	0	0	0.01
85400	0.03	0.73	0.73	0	0	0.03
85500	0.03	0.73	0.73	0	0	0.03
85600	0.04	0.73	0.73	0	0	0.04
85700	0.03	0.73	0.73	0	0	0.03
85800	0.04	0.73	0.73	0	0	0.04
85900	0.06	0.73	0.73	0	0	0.06
86000	0.03	0.73	0.73	0	0	0.03
86100	0.03	0.73	0.73	0	0	0.03
86200	0.01	0.73	0.73	0	0	0.01
86300	0.01	0.73	0.73	0	0	0.01
86400	0	0.73	0.73	0	0	0
86500	0	0.73	0.73	0	0	0
86600	0.01	0.73	0.73	0	0	0.01
86700	0.01	0.73	0.73	0	0	0.01
86800	0.01	0.73	0.73	0	0	0.01
86900	0.01	0.73	0.73	0	0	0.01
87000	0.01	0.73	0.73	0	0	0.01
87100	0	0.73	0.73	0	0	0
87200	0	0.73	0.73	0	0	0
87300	0	0.73	0.73	0	0	0
87400	0	0.73	0.73	0	0	0
87500	0	0.73	0.73	0	0	0
87600	0.01	0.73	0.73	0	0	0.01
87700	0.01	0.73	0.73	0	0	0.01
87800	0.01	0.73	0.73	0	0	0.01
87900	0.02	0.73	0.73	0	0	0.02
88000	0.02	0.73	0.73	0	0	0.02
88100	0.04	0.73	0.73	0	0	0.04
88200	0.04	0.73	0.73	0	0	0.04
88300	0.03	0.73	0.73	0	0	0.03
88400	0.01	0.73	0.73	0	0	0.01
88500	0.02	0.73	0.73	0	0	0.02
88600	0.02	0.73	0.73	0	0	0.02
88700	0.02	0.73	0.73	0	0	0.02
88800	0.02	0.73	0.73	0	0	0.02
88900	0.02	0.73	0.73	0	0	0.02
89000	0.02	0.73	0.73	0	0	0.02
89100	0	0.73	0.73	0	0	0
89200	0	0.73	0.73	0	0	0
89300	0.01	0.73	0.73	0	0	0.01
89400	0.01	0.73	0.73	0	0	0.01
89500	0.01	0.73	0.73	0	0	0.01
89600	0.01	0.73	0.73	0	0	0.01
89700	0	0.73	0.73	0	0	0
89800	0.01	0.73	0.73	0	0	0.01
89900	0.01	0.72	0.72	0	0	0.01
90000	0.01	0.72	0.72	0	0	0.01
90100	0.01	0.72	0.72	0	0	0.01
90200	0.01	0.72	0.72	0	0	0.01
90300	0	0.72	0.72	0	0	0
90400	0	0.72	0.72	0	0	0
90500	0	0.72	0.72	0	0	0
90600	0	0.72	0.72	0	0	0
90700	0	0.72	0.72	0	0	0
90800	0	0.72	0.72	0	0	0
90900	0.01	0.72	0.72	0	0	0.01
91000	0.01	0.72	0.72	0	0	0.01
91100	0.01	0.72	0.72	0	0	0.01
91200	0.01	0.72	0.72	0	0	0.01
91300	0.01	0.72	0.72	0	0	0.01
91400	0.01	0.72	0.72	0	0	0.01
91500	0.02	0.72	0.72	0	0	0.02
91600	0.02	0.72	0.72	0	0	0.02
91700	0.01	0.72	0.72	0	0	0.01
91800	0.01	0.72	0.72	0	0	0.01
91900	0	0.72	0.72	0	0	0
92000	0	0.72	0.72	0	0	0
92100	0	0.72	0.72	0	0	0
92200	0	0.72	0.72	0	0	0
92300	0	0.72	0.72	0	0	0
92400	0	0.72	0.72	0	0	0
92500	0	0.72	0.72	0	0	0
92600	0.01	0.72	0.72	0	0	0.01
92700	0.02	0.72	0.72	0	0	0.02
92800	0.02	0.72	0.72	0	0	0.02
92900	0.01	0.72	0.72	0	0	0.01
93000	0.01	0.72	0.72	0	0	0.01
93100	0.01	0.72	0.72	0	0	0.01
93200	0.01	0.72	0.72	0	0	0.01
93300	0.01	0.72	0.72	0	0	0.01
93400	0.02	0.72	0.72	0	0	0.02
93500	0.01	0.72	0.72	0	0	0.01
93600	0.01	0.72	0.72	0	0	0.01
93700	0.01	0.72	0.72	0	0	0.01
93800	0.01	0.72	0.72	0	0	0.01
93900	0.01	0.72	0.72	0	0	0.01
94000	0	0.72	0.72	0	0	0
94100	0	0.72	0.72	0	0	0
94200	0	0.72	0.72	0	0	0
94300	0	0.72	0.72	0	0	0
94400	0	0.72	0.72	0	0	0
94500	0	0.72	0.72	0	0	0
94600	0.01	0.72	0.72	0	0	0.01
94700	0.01	0.72	0.72	0	0	0.01
94800	0.01	0.72	0.72	0	0	0.01
94900	0.01	0.72	0.72	0	0	0.01
95000	0.01	0.72	0.72	0	0	0.01
95100	0.02	0.72	0.72	0	0	0.02
95200	0.02	0.72	0.72	0	0	0.02
95300	0.01	0.72	0.72	0	0	0.01
95400	0.01	0.72	0.72	0	0	0.01
95500	0.01	0.72	0.72	0	0	0.01
95600	0.01	0.72	0.72	0	0	0.01
95700	0.03	0.72	0.72	0	0	0.03
95800	0.03	0.72	0.72	0	0	0.03
95900	0.02	0.72	0.72	0	0	0.02
96000	0.02	0.72	0.72	0	0	0.02
96100	0.02	0.72	0.72	0	0	0.02
96200	0.02	0.72	0.72	0	0	0.02
96300	0.01	0.72	0.72	0	0	0.01
96400	0.02	0.72	0.72	0	0	0.02
96500	0.02	0.72	0.72	0	0	0.02
96600	0.03	0.72	0.72	0	0	0.03
96700	0.02	0.72	0.72	0	0	0.02
96800	0.03	0.72	0.72	0	0	0.03
96900	0.03	0.72	0.72	0	0	0.03
97000	0.02	0.72	0.72	0	0	0.02
97100	0.02	0.72	0.72	0	0	0.02
97200	0	0.72	0.72	0	0	0
97300	0	0.72	0.72	0	0	0
97400	0	0.72	0.72	0	0	0
97500	0	0.72	0.72	0	0	0
97600	0.01	0.72	0.72	0	0	0.01
97700	0.01	0.72	0.72	0	0	0.01
97800	0.02	0.72	0.72	0	0	0.02
97900	0.02	0.72	0.72	0	0	0.02
98000	0.03	0.72	0.72	0	0	0.03
98100	0.03	0.72	0.72	0	0	0.03
98200	0.03	0.72	0.72	0	0	0.03
98300	0.01	0.72	0.72	0	0	0.01
98400	0.01	0.72	0.72	0	0	0.01
98500	0.01	0.72	0.72	0	0	0.01
98600	0.01	0.72	0.72	0	0	0.01
98700	0.01	0.72	0.72	0	0	0.01
98800	0.01	0.72	0.72	0	0	0.01
98900	0.01	0.72	0.72	0	0	0.01
99000	0.01	0.72	0.72	0	0	0.01
99100	0.01	0.73	0.73	0	0	0.01
99200	0.01	0.73	0.73	0	0	0.01
99300	0.02	0.73	0.73	0	0	0.02
99400	0.02	0.73	0.73	0	0	0.02
99500	0.01	0.74	0.74	0	0	0.01
99600	0.01	0.74	0.74	0	0	0.01
99700	0.01	0.74	0.74	0	0	0.01
99800	0.01	0.74	0.74	0	0	0.01
99900	0.01	0.74	0.74	0	0	0.01
100000	0.01	0.74	0.74	0	0	0.01
100100	0	0.74	0.74	0	0	0
100200	0	0.74	0.74	0	0	0
100300	0	0.74	0.74	0	0	0
100400	0	0.74	0.74	0	0	0
100500	0	0.74	0.74	0	0	0
100600	0	0.74	0.74	0	0	0
100700	0	0.74	0.74	0	0	0
100800	0	0.74	0.74	0	0	0
100900	0	0.74	0.74	0	0	0
101000	0	0.74	0.74	0	0	0
101100	0	0.74	0.74	0	0	0
101200	0	0.74	0.74	0	0	0
101300	0	0.74	0.74	0	0	0
101400	0	0.74	0.74	0	0	0
101500	0.01	0.74	0.74	0	0	0.01
101600	0.01	0.74	0.74	0	0	0.01
101700	0.01	0.74	0.74	0	0	0.01
101800	0.02	0.74	0.74	0	0	0.02
101900	0.02	0.74	0.74	0	0	0.02
102000	0.02	0.74	0.74	0	0	0.02
102100	0.01	0.74	0.74	0	0	0.01
102200	0.01	0.74	0.74	0	0	0.01
102300	0	0.74	0.74	0	0	0
102400	0	0.74	0.74	0	0	0
102500	0	0.74	0.74	0	0	0
102600	0	0.74	0.74	0	0	0
102700	0	0.74	0.74	0	0	0
102800	0.01	0.74	0.74	0	0	0.01
102900	0.01	0.74	0.74	0	0	0.01
103000	0.01	0.74	0.74	0	0	0.01
103100	0.02	0.74	0.74	0	0	0.02
103200	0.02	0.74	0.74	0	0	0.02
103300	0.02	0.74	0.74	0	0	0.02
103400	0.01	0.74	0.74	0	0	0.01
103500	0.01	0.74	0.74	0	0	0.01
103600	0.01	0.74	0.74	0	0	0.01
103700	0	0.74	0.74	0	0	0
103800	0.01	0.74	0.74	0	0	0.01
103900	0.01	0.74	0.74	0	0	0.01
104000	0.01	0.74	0.74	0	0	0.01
104100	0.02	0.74	0.74	0	0	0.02
104200	0.02	0.74	0.74	0	0	0.02
104300	0.02	0.74	0.74	0	0	0.02
104400	0.03	0.74	0.74	0	0	0.03
104500	0.03	0.74	0.74	0	0	0.03
104600	0.03	0.74	0.74	0	0	0.03
104700	0.03	0.74	0.74	0	0	0.03
104800	0.03	0.74	0.74	0	0	0.03
104900	0.03	0.74	0.74	0	0	0.03
105000	0.02	0.74	0.74	0	0	0.02
105100	0.01	0.74	0.74	0	0	0.01
105200	0.02	0.74	0.74	0	0	0.02
105300	0.02	0.74	0.74	0	0	0.02
105400	0.01	0.74	0.74	0	0	0.01
105500	0	0.74	0.74	0	0	0
105600	0	0.74	0.74	0	0	0
105700	0	0.74	0.74	0	0	0
105800	0	0.73	0.73	0	0	0
105900	0	0.73	0.73	0	0	0
106000	0.01	0.73	0.73	0	0	0.01
106100	0.01	0.73	0.73	0	0	0.01
106200	0.01	0.73	0.73	0	0	0.01
106300	0.01	0.73	0.73	0	0	0.01
106400	0.01	0.73	0.73	0	0	0.01
106500	0	0.73	0.73	0	0	0
106600	0.01	0.73	0.73	0	0	0.01
106700	0.01	0.73	0.73	0	0	0.01
106800	0.01	0.73	0.73	0	0	0.01
106900	0.01	0.73	0.73	0	0	0.01
107000	0.01	0.73	0.73	0	0	0.01
107100	0	0.73	0.73	0	0	0
107200	0	0.73	0.73	0	0	0
107300	0	0.73	0.73	0	0	0
107400	0.01	0.73	0.73	0	0	0.01
107500	0.01	0.73	0.73	0	0	0.01
107600	0.01	0.73	0.73	0	0	0.01
107700	0.01	0.73	0.73	0	0	0.01
107800	0.01	0.73	0.73	0	0	0.01
107900	0.01	0.73	0.73	0	0	0.01
108000	0	0.73	0.73	0	0	0
108100	0	0.73	0.73	0	0	0
108200	0	0.73	0.73	0	0	0
108300	0.01	0.73	0.73	0	0	0.01
108400	0.01	0.73	0.73	0	0	0.01
108500	0.01	0.73	0.73	0	0	0.01
108600	0.01	0.73	0.73	0	0	0.01
108700	0.01	0.73	0.73	0	0	0.01
108800	0.01	0.73	0.73	0	0	0.01
108900	0	0.73	0.73	0	0	0
109000	0.02	0.74	0.74	0	0	0.02
109100	0.02	0.74	0.74	0	0	0.02
109200	0.02	0.74	0.74	0	0	0.02
109300	0.02	0.74	0.74	0	0	0.02
109400	0.02	0.75	0.75	0	0	0.02
109500	0.01	0.75	0.75	0	0	0.01
109600	0	0.75	0.75	0	0	0
109700	0	0.75	0.75	0	0	0
109800	0.01	0.75	0.75	0	0	0.01
109900	0.02	0.75	0.75	0	0	0.02
110000	0.03	0.75	0.75	0	0	0.03
110100	0.03	0.75	0.75	0	0	0.03
110200	0.02	0.75	0.75	0	0	0.02
110300	0.02	0.75	0.75	0	0	0.02
110400	0.01	0.75	0.75	0	0	0.01
110500	0	0.75	0.75	0	0	0
110600	0.01	0.75	0.75	0	0	0.01
110700	0.02	0.75	0.75	0	0	0.02
110800	0.02	0.74	0.74	0	0	0.02
110900	0.02	0.74	0.74	0	0	0.02
111000	0.03	0.74	0.74	0	0	0.03
111100	0.02	0.74	0.74	0	0	0.02
111200	0.02	0.74	0.74	0	0	0.02
111300	0.01	0.74	0.74	0	0	0.01
111400	0.02	0.74	0.74	0	0	0.02
111500	0.02	0.74	0.74	0	0	0.02
111600	0.01	0.74	0.74	0	0	0.01
111700	0.01	0.74	0.74	0	0	0.01
111800	0.01	0.74	0.74	0	0	0.01
111900	0.01	0.74	0.74	0	0	0.01
112000	0	0.74	0.74	0	0	0
112100	0	0.74	0.74	0	0	0
112200	0.01	0.74	0.74	0	0	0.01
112300	0.01	0.74	0.74	0	0	0.01
112400	0.01	0.74	0.74	0	0	0.01
112500	0.01	0.74	0.74	0	0	0.01
112600	0	0.74	0.74	0	0	0
112700	0	0.74	0.74	0	0	0
112800	0	0.74	0.74	0	0	0
112900	0	0.74	0.74	0	0	0
113000	0	0.75	0.75	0	0	0
113100	0.01	0.75	0.75	0	0	0.01
113200	0.01	0.75	0.75	0	0	0.01
113300	0.01	0.75	0.75	0	0	0.01
113400	0.02	0.75	0.75	0	0	0.02
113500	0.02	0.75	0.75	0	0	0.02
113600	0.02	0.75	0.75	0	0	0.02
113700	0.01	0.75	0.75	0	0	0.01
113800	0.03	0.75	0.75	0	0	0.03
113900	0.03	0.75	0.75	0	0	0.03
114000	0.03	0.75	0.75	0	0	0.03
114100	0.03	0.75	0.75	0	0	0.03
114200	0.02	0.75	0.75	0	0	0.02
114300	0.01	0.75	0.75	0	0	0.01
114400	0	0.75	0.75	0	0	0
114500	0	0.75	0.75	0	0	0
114600	0	0.75	0.75	0	0	0
114700	0	0.75	0.75	0	0	0
114800	0	0.75	0.75	0	0	0
114900	0	0.75	0.75	0	0	0
115000	0	0.75	0.75	0	0	0
115100	0	0.75	0.75	0	0	0
115200	0	0.75	0.75	0	0	0
115300	0	0.75	0.75	0	0	0
115400	0.01	0.75	0.75	0	0	0.01
115500	0.01	0.75	0.75	0	0	0.01
115600	0.01	0.75	0.75	0	0	0.01
115700	0.02	0.75	0.75	0	0	0.02
115800	0.02	0.75	0.75	0	0	0.02
115900	0.02	0.75	0.75	0	0	0.02
116000	0.01	0.75	0.75	0	0	0.01
116100	0.01	0.75	0.75	0	0	0.01
116200	0	0.75	0.75	0	0	0
116300	0	0.75	0.75	0	0	0
116400	0	0.75	0.75	0	0	0
116500	0.01	0.75	0.75	0	0	0.01
116600	0.02	0.75	0.75	0	0	0.02
116700	0.02	0.75	0.75	0	0	0.02
116800	0.04	0.75	0.75	0	0	0.04
116900	0.03	0.75	0.75	0	0	0.03
117000	0.03	0.75	0.75	0	0	0.03
117100	0.02	0.75	0.75	0	0	0.02
117200	0.01	0.75	0.75	0	0	0.01
117300	0.02	0.75	0.75	0	0	0.02
117400	0.01	0.75	0.75	0	0	0.01
117500	0.01	0.75	0.75	0	0	0.01
117600	0.01	0.75	0.75	0	0	0.01
117700	0.02	0.75	0.75	0	0	0.02
117800	0.01	0.75	0.75	0	0	0.01
117900	0	0.75	0.75	0	0	0
118000	0	0.75	0.75	0	0	0
118100	0	0.75	0.75	0	0	0
118200	0.01	0.75	0.75	0	0	0.01
118300	0.01	0.75	0.75	0	0	0.01
118400	0.01	0.75	0.75	0	0	0.01
118500	0.02	0.75	0.75	0	0	0.02
118600	0.01	0.75	0.75	0	0	0.01
118700	0.01	0.75	0.75	0	0	0.01
118800	0.02	0.75	0.75	0	0	0.02
118900	0.02	0.75	0.75	0	0	0.02
119000	0.03	0.75	0.75	0	0	0.03
119100	0.01	0.75	0.75	0	0	0.01
119200	0.01	0.75	0.75	0	0	0.01
119300	0.01	0.75	0.75	0	0	0.01
119400	0.04	0.75	0.75	0	0	0.04
119500	0.02	0.75	0.75	0	0	0.02
119600	0.02	0.75	0.75	0	0	0.02
119700	0.02	0.75	0.75	0	0	0.02
119800	0.01	0.75	0.75	0	0	0.01
119900	0	0.75	0.75	0	0	0
120000	0	0.75	0.75	0	0	0
120100	0	0.75	0.75	0	0	0
120200	0	0.75	0.75	0	0	0
120300	0	0.75	0.75	0	0	0
120400	0	0.75	0.75	0	0	0
120500	0.01	0.75	0.75	0	0	0.01
120600	0.01	0.75	0.75	0	0	0.01
120700	0.01	0.75	0.75	0	0	0.01
120800	0.01	0.75	0.75	0	0	0.01
120900	0.01	0.75	0.75	0	0	0.01
121000	0.01	0.75	0.75	0	0	0.01
121100	0	0.75	0.75	0	0	0
121200	0	0.75	0.75	0	0	0
121300	0	0.75	0.75	0	0	0
121400	0.01	0.75	0.75	0	0	0.01
121500	0.02	0.75	0.75	0	0	0.02
121600	0.02	0.75	0.75	0	0	0.02
121700	0.01	0.75	0.75	0	0	0.01
121800	0.02	0.75	0.75	0	0	0.02
121900	0.01	0.75	0.75	0	0	0.01
122000	0.02	0.75	0.75	0	0	0.02
122100	0.02	0.75	0.75	0	0	0.02
122200	0.03	0.75	0.75	0	0	0.03
122300	0.03	0.75	0.75	0	0	0.03
122400	0.03	0.75	0.75	0	0	0.03
122500	0.03	0.75	0.75	0	0	0.03
122600	0.01	0.75	0.75	0	0	0.01
122700	0	0.75	0.75	0	0	0
122800	0	0.75	0.75	0	0	0
122900	0.01	0.75	0.75	0	0	0.01
123000	0.01	0.75	0.75	0	0	0.01
123100	0.01	0.75	0.75	0	0	0.01
123200	0.01	0.75	0.75	0	0	0.01
123300	0.01	0.75	0.75	0	0	0.01
123400	0.03	0.75	0.75	0	0	0.03
123500	0.03	0.75	0.75	0	0	0.03
123600	0.03	0.75	0.75	0	0	0.03
123700	0.03	0.75	0.75	0	0	0.03
123800	0.02	0.75	0.75	0	0	0.02
123900	0.01	0.75	0.75	0	0	0.01
124000	0.01	0.75	0.75	0	0	0.01
124100	0.01	0.75	0.75	0	0	0.01
124200	0.01	0.75	0.75	0	0	0.01
124300	0.01	0.75	0.75	0	0	0.01
124400	0.01	0.75	0.75	0	0	0.01
124500	0.01	0.75	0.75	0	0	0.01
124600	0	0.75	0.75	0	0	0
124700	0	0.75	0.75	0	0	0
124800	0	0.75	0.75	0	0	0
124900	0	0.75	0.75	0	0	0
125000	0	0.75	0.75	0	0	0
125100	0	0.75	0.75	0	0	0
125200	0.01	0.75	0.75	0	0	0.01
125300	0.01	0.75	0.75	0	0	0.01
125400	0.02	0.75	0.75	0	0	0.02
125500	0.02	0.75	0.75	0	0	0.02
125600	0.02	0.75	0.75	0	0	0.02
125700	0.02	0.75	0.75	0	0	0.02
125800	0.02	0.75	0.75	0	0	0.02
125900	0.01	0.75	0.75	0	0	0.01
126000	0.01	0.75	0.75	0	0	0.01
126100	0	0.75	0.75	0	0	0
126200	0	0.75	0.75	0	0	0
126300	0	0.75	0.75	0	0	0
126400	0.01	0.75	0.75	0	0	0.01
126500	0.02	0.75	0.75	0	0	0.02
126600	0.02	0.75	0.75	0	0	0.02
126700	0.03	0.75	0.75	0	0	0.03
126800	0.03	0.75	0.75	0	0	0.03
126900	0.02	0.75	0.75	0	0	0.02
127000	0.01	0.75	0.75	0	0	0.01
127100	0.01	0.75	0.75	0	0	0.01
127200	0.01	0.75	0.75	0	0	0.01
127300	0	0.75	0.75	0	0	0
127400	0	0.75	0.75	0	0	0
127500	0	0.75	0.75	0	0	0
127600	0	0.75	0.75	0	0	0
127700	0	0.75	0.75	0	0	0
127800	0	0.75	0.75	0	0	0
127900	0.01	0.75	0.75	0	0	0.01
128000	0.01	0.75	0.75	0	0	0.01
128100	0.01	0.75	0.75	0	0	0.01
128200	0.02	0.75	0.75	0	0	0.02
128300	0.03	0.75	0.75	0	0	0.03
128400	0.02	0.75	0.75	0	0	0.02
128500	0.04	0.75	0.75	0	0	0.04
128600	0.01	0.75	0.75	0	0	0.01
128700	0.01	0.75	0.75	0	0	0.01
128800	0	0.75	0.75	0	0	0
128900	0	0.75	0.75	0	0	0
129000	0	0.75	0.75	0	0	0
129100	0	0.75	0.75	0	0	0
129200	0	0.75	0.75	0	0	0
129300	0	0.75	0.75	0	0	0
129400	0	0.75	0.75	0	0	0
129500	0	0.75	0.75	0	0	0
129600	0.01	0.75	0.75	0	0	0.01
129700	0.01	0.75	0.75	0	0	0.01
129800	0.01	0.75	0.75	0	0	0.01
129900	0.01	0.75	0.75	0	0	0.01
130000	0.01	0.75	0.75	0	0	0.01
130100	0.01	0.75	0.75	0	0	0.01
130200	0	0.75	0.75	0	0	0
130300	0	0.75	0.75	0	0	0
130400	0	0.75	0.75	0	0	0
130500	0	0.75	0.75	0	0	0
130600	0	0.75	0.75	0	0	0
130700	0.02	0.75	0.75	0	0	0.02
130800	0.01	0.75	0.75	0	0	0.01
130900	0.02	0.75	0.75	0	0	0.02
131000	0.02	0.75	0.75	0	0	0.02
131100	0.01	0.75	0.75	0	0	0.01
131200	0.01	0.75	0.75	0	0	0.01
131300	0.02	0.75	0.75	0	0	0.02
131400	0.02	0.75	0.75	0	0	0.02
131500	0.03	0.75	0.75	0	0	0.03
131600	0.03	0.75	0.75	0	0	0.03
131700	0.02	0.75	0.75	0	0	0.02
131800	0.02	0.75	0.75	0	0	0.02
131900	0.02	0.75	0.75	0	0	0.02
132000	0.02	0.75	0.75	0	0	0.02
132100	0.01	0.75	0.75	0	0	0.01
132200	0.01	0.75	0.75	0	0	0.01
132300	0.01	0.75	0.75	0	0	0.01
132400	0.01	0.75	0.75	0	0	0.01
132500	0.01	0.75	0.75	0	0	0.01
132600	0.01	0.75	0.75	0	0	0.01
132700	0.01	0.75	0.75	0	0	0.01
132800	0	0.75	0.75	0	0	0
132900	0	0.75	0.75	0	0	0
133000	0	0.75	0.75	0	0	0
133100	0	0.74	0.74	0	0	0
133200	0.01	0.74	0.74	0	0	0.01
133300	0.02	0.74	0.74	0	0	0.02
133400	0.02	0.74	0.74	0	0	0.02
133500	0.02	0.74	0.74	0	0	0.02
133600	0.03	0.74	0.74	0	0	0.03
133700	0.03	0.74	0.74	0	0	0.03
133800	0.01	0.74	0.74	0	0	0.01
133900	0.02	0.74	0.74	0	0	0.02
134000	0.02	0.74	0.74	0	0	0.02
134100	0.02	0.74	0.74	0	0	0.02
134200	0.01	0.74	0.74	0	0	0.01
134300	0.01	0.74	0.74	0	0	0.01
134400	0.01	0.74	0.74	0	0	0.01
134500	0.01	0.74	0.74	0	0	0.01
134600	0.01	0.74	0.74	0	0	0.01
134700	0.01	0.74	0.74	0	0	0.01
134800	0.01	0.74	0.74	0	0	0.01
134900	0.01	0.74	0.74	0	0	0.01
135000	0	0.74	0.74	0	0	0
135100	0	0.74	0.74	0	0	0
135200	0	0.74	0.74	0	0	0
135300	0.01	0.74	0.74	0	0	0.01
135400	0.01	0.74	0.74	0	0	0.01
135500	0.01	0.74	0.74	0	0	0.01
135600	0.01	0.74	0.74	0	0	0.01
135700	0.01	0.74	0.74	0	0	0.01
135800	0	0.74	0.74	0	0	0
135900	0	0.74	0.74	0	0	0
136000	0	0.74	0.74	0	0	0
136100	0	0.74	0.74	0	0	0
136200	0	0.74	0.74	0	0	0
136300	0	0.74	0.74	0	0	0
136400	0.01	0.74	0.74	0	0	0.01
136500	0.01	0.74	0.74	0	0	0.01
136600	0.01	0.74	0.74	0	0	0.01
136700	0.03	0.74	0.74	0	0	0.03
136800	0.03	0.74	0.74	0	0	0.03
136900	0.02	0.74	0.74	0	0	0.02
137000	0.01	0.74	0.74	0	0	0.01
137100	0.01	0.74	0.74	0	0	0.01
137200	0.01	0.74	0.74	0	0	0.01
137300	0	0.74	0.74	0	0	0
137400	0.01	0.74	0.74	0	0	0.01
137500	0.01	0.74	0.74	0	0	0.01
137600	0.01	0.74	0.74	0	0	0.01
137700	0.02	0.74	0.74	0	0	0.02
137800	0.02	0.74	0.74	0	0	0.02
137900	0.02	0.74	0.74	0	0	0.02
138000	0.02	0.74	0.74	0	0	0.02
138100	0.02	0.74	0.74	0	0	0.02
138200	0.02	0.74	0.74	0	0	0.02
138300	0.01	0.74	0.74	0	0	0.01
138400	0.01	0.74	0.74	0	0	0.01
138500	0.01	0.74	0.74	0	0	0.01
138600	0.02	0.74	0.74	0	0	0.02
138700	0.03	0.74	0.74	0	0	0.03
138800	0.02	0.74	0.74	0	0	0.02
138900	0.02	0.74	0.74	0	0	0.02
139000	0.02	0.74	0.74	0	0	0.02
139100	0.02	0.74	0.74	0	0	0.02
139200	0.01	0.74	0.74	0	0	0.01
139300	0	0.74	0.74	0	0	0
139400	0	0.74	0.74	0	0	0
139500	0.01	0.74	0.74	0	0	0.01
139600	0.01	0.74	0.74	0	0	0.01
139700	0.02	0.75	0.75	0	0	0.02
139800	0.02	0.75	0.75	0	0	0.02
139900	0.04	0.74	0.74	0	0	0.04
140000	0.04	0.74	0.74	0	0	0.04
140100	0.01	0.74	0.74	0	0	0.01
140200	0.01	0.73	0.73	0	0	0.01
140300	0.01	0.73	0.73	0	0	0.01
140400	0.01	0.73	0.73	0	0	0.01
140500	0.01	0.73	0.73	0	0	0.01
140600	0.01	0.73	0.73	0	0	0.01
140700	0.01	0.73	0.73	0	0	0.01
140800	0.01	0.73	0.73	0	0	0.01
140900	0.01	0.73	0.73	0	0	0.01
141000	0	0.73	0.73	0	0	0
141100	0.01	0.73	0.73	0	0	0.01
141200	0.02	0.73	0.73	0	0	0.02
141300	0.02	0.73	0.73	0	0	0.02
141400	0.03	0.74	0.74	0	0	0.03
141500	0.03	0.74	0.74	0	0	0.03
141600	0.02	0.74	0.74	0	0	0.02
141700	0.02	0.74	0.74	0	0	0.02
141800	0.01	0.74	0.74	0	0	0.01
141900	0	0.74	0.74	0	0	0
142000	0.01	0.74	0.74	0	0	0.01
142100	0.02	0.74	0.74	0	0	0.02
142200	0.02	0.74	0.74	0	0	0.02
142300	0.03	0.74	0.74	0	0	0.03
142400	0.03	0.74	0.74	0	0	0.03
142500	0.03	0.74	0.74	0	0	0.03
142600	0.04	0.74	0.74	0	0	0.04
142700	0.03	0.74	0.74	0	0	0.03
142800	0.02	0.74	0.74	0	0	0.02
142900	0.01	0.74	0.74	0	0	0.01
143000	0	0.74	0.74	0	0	0
143100	0	0.74	0.74	0	0	0
143200	0	0.74	0.74	0	0	0
143300	0.01	0.74	0.74	0	0	0.01
143400	0.02	0.74	0.74	0	0	0.02
143500	0.02	0.74	0.74	0	0	0.02
143600	0.02	0.74	0.74	0	0	0.02
143700	0.01	0.74	0.74	0	0	0.01
143800	0.02	0.74	0.74	0	0	0.02
143900	0.03	0.74	0.74	0	0	0.03
144000	0.03	0.74	0.74	0	0	0.03
144100	0.02	0.74	0.74	0	0	0.02
144200	0.02	0.74	0.74	0	0	0.02
144300	0.01	0.74	0.74	0	0	0.01
144400	0.01	0.74	0.74	0	0	0.01
144500	0	0.74	0.74	0	0	0
144600	0.01	0.74	0.74	0	0	0.01
144700	0.01	0.74	0.74	0	0	0.01
144800	0.01	0.74	0.74	0	0	0.01
144900	0.01	0.74	0.74	0	0	0.01
145000	0.02	0.74	0.74	0	0	0.02
145100	0.01	0.74	0.74	0	0	0.01
145200	0.01	0.74	0.74	0	0	0.01
145300	0.01	0.74	0.74	0	0	0.01
145400	0.02	0.75	0.75	0	0	0.02
145500	0.02	0.75	0.75	0	0	0.02
145600	0.01	0.75	0.75	0	0	0.01
145700	0.01	0.75	0.75	0	0	0.01
145800	0	0.75	0.75	0	0	0
145900	0.01	0.75	0.75	0	0	0.01
146000	0	0.75	0.75	0	0	0
146100	0	0.75	0.75	0	0	0
146200	0.01	0.75	0.75	0	0	0.01
146300	0.02	0.75	0.75	0	0	0.02
146400	0.02	0.75	0.75	0	0	0.02
146500	0.02	0.75	0.75	0	0	0.02
146600	0.02	0.75	0.75	0	0	0.02
146700	0.01	0.75	0.75	0	0	0.01
146800	0.03	0.75	0.75	0	0	0.03
146900	0.03	0.75	0.75	0	0	0.03
147000	0.02	0.75	0.75	0	0	0.02
147100	0.02	0.75	0.75	0	0	0.02
147200	0.02	0.75	0.75	0	0	0.02
147300	0.02	0.75	0.75	0	0	0.02
147400	0.02	0.75	0.75	0	0	0.02
147500	0.02	0.75	0.75	0	0	0.02
147600	0.02	0.75	0.75	0	0	0.02
147700	0.02	0.75	0.75	0	0	0.02
147800	0.01	0.75	0.75	0	0	0.01
147900	0	0.75	0.75	0	0	0
148000	0	0.75	0.75	0	0	0
148100	0	0.75	0.75	0	0	0
148200	0	0.75	0.75	0	0	0
148300	0.02	0.75	0.75	0	0	0.02
148400	0.03	0.75	0.75	0	0	0.03
148500	0.04	0.75	0.75	0	0	0.04
148600	0.03	0.75	0.75	0	0	0.03
148700	0.02	0.75	0.75	0	0	0.02
148800	0.01	0.75	0.75	0	0	0.01
148900	0	0.75	0.75	0	0	0
149000	0	0.75	0.75	0	0	0
149100	0	0.75	0.75	0	0	0
149200	0	0.75	0.75	0	0	0
149300	0	0.75	0.75	0	0	0
149400	0	0.75	0.75	0	0	0
149500	0	0.75	0.75	0	0	0
149600	0.01	0.75	0.75	0	0	0.01
149700	0.02	0.75	0.75	0	0	0.02
149800	0.03	0.75	0.75	0	0	0.03
149900	0.03	0.75	0.75	0	0	0.03
150000	0.03	0.75	0.75	0	0	0.03
150100	0.03	0.75	0.75	0	0	0.03
150200	0.03	0.75	0.75	0	0	0.03
150300	0.02	0.75	0.75	0	0	0.02
150400	0.02	0.75	0.75	0	0	0.02
150500	0.03	0.75	0.75	0	0	0.03
150600	0.02	0.75	0.75	0	0	0.02
150700	0.01	0.75	0.75	0	0	0.01
150800	0.01	0.75	0.75	0	0	0.01
150900	0	0.75	0.75	0	0	0
151000	0.01	0.75	0.75	0	0	0.01
151100	0.01	0.75	0.75	0	0	0.01
151200	0.02	0.75	0.75	0	0	0.02
151300	0.03	0.75	0.75	0	0	0.03
151400	0.03	0.75	0.75	0	0	0.03
151500	0.02	0.75	0.75	0	0	0.02
151600	0.04	0.75	0.75	0	0	0.04
151700	0.03	0.75	0.75	0	0	0.03
151800	0.02	0.75	0.75	0	0	0.02
151900	0.01	0.75	0.75	0	0	0.01
152000	0.01	0.75	0.75	0	0	0.01
152100	0.01	0.75	0.75	0	0	0.01
152200	0	0.75	0.75	0	0	0
152300	0.01	0.75	0.75	0	0	0.01
152400	0.01	0.75	0.75	0	0	0.01
152500	0.03	0.75	0.75	0	0	0.03
152600	0.01	0.75	0.75	0	0	0.01
152700	0.01	0.75	0.75	0	0	0.01
152800	0.02	0.75	0.75	0	0	0.02
152900	0.02	0.75	0.75	0	0	0.02
153000	0.02	0.75	0.75	0	0	0.02
153100	0.01	0.75	0.75	0	0	0.01
153200	0	0.75	0.75	0	0	0
153300	0	0.75	0.75	0	0	0
153400	0	0.75	0.75	0	0	0
153500	0.01	0.75	0.75	0	0	0.01
153600	0.01	0.75	0.75	0	0	0.01
153700	0.01	0.75	0.75	0	0	0.01
153800	0.02	0.75	0.75	0	0	0.02
153900	0.03	0.75	0.75	0	0	0.03
154000	0.03	0.75	0.75	0	0	0.03
154100	0.02	0.75	0.75	0	0	0.02
154200	0.02	0.75	0.75	0	0	0.02
154300	0.02	0.75	0.75	0	0	0.02
154400	0.02	0.75	0.75	0	0	0.02
154500	0.03	0.75	0.75	0	0	0.03
154600	0.02	0.75	0.75	0	0	0.02
154700	0.02	0.75	0.75	0	0	0.02
154800	0.02	0.75	0.75	0	0	0.02
154900	0.03	0.75	0.75	0	0	0.03
155000	0.03	0.75	0.75	0	0	0.03
155100	0.02	0.75	0.75	0	0	0.02
155200	0.01	0.75	0.75	0	0	0.01
155300	0	0.75	0.75	0	0	0
155400	0.01	0.75	0.75	0	0	0.01
155500	0.02	0.75	0.75	0	0	0.02
155600	0.02	0.75	0.75	0	0	0.02
155700	0.02	0.75	0.75	0	0	0.02
155800	0.01	0.75	0.75	0	0	0.01
155900	0.01	0.75	0.75	0	0	0.01
156000	0	0.75	0.75	0	0	0
156100	0.02	0.75	0.75	0	0	0.02
156200	0.01	0.75	0.75	0	0	0.01
156300	0.01	0.75	0.75	0	0	0.01
156400	0.01	0.75	0.75	0	0	0.01
156500	0	0.75	0.75	0	0	0
156600	0	0.75	0.75	0	0	0
156700	0	0.75	0.75	0	0	0
156800	0.01	0.75	0.75	0	0	0.01
156900	0.01	0.75	0.75	0	0	0.01
157000	0.01	0.75	0.75	0	0	0.01
157100	0.01	0.75	0.75	0	0	0.01
157200	0.02	0.75	0.75	0	0	0.02
157300	0.02	0.75	0.75	0	0	0.02
157400	0.02	0.75	0.75	0	0	0.02
157500	0.01	0.75	0.75	0	0	0.01
157600	0.03	0.75	0.75	0	0	0.03
157700	0.03	0.75	0.75	0	0	0.03
157800	0.03	0.75	0.75	0	0	0.03
157900	0.03	0.75	0.75	0	0	0.03
158000	0.02	0.75	0.75	0	0	0.02
158100	0.01	0.75	0.75	0	0	0.01
158200	0.01	0.75	0.75	0	0	0.01
158300	0.01	0.75	0.75	0	0	0.01
158400	0.01	0.75	0.75	0	0	0.01
158500	0.01	0.75	0.75	0	0	0.01
158600	0	0.75	0.75	0	0	0
158700	0.01	0.75	0.75	0	0	0.01
158800	0.01	0.75	0.75	0	0	0.01
158900	0.02	0.75	0.75	0	0	0.02
159000	0.02	0.75	0.75	0	0	0.02
159100	0.03	0.75	0.75	0	0	0.03
159200	0.02	0.75	0.75	0	0	0.02
159300	0.02	0.75	0.75	0	0	0.02
159400	0.02	0.75	0.75	0	0	0.02
159500	0.02	0.75	0.75	0	0	0.02
159600	0.01	0.75	0.75	0	0	0.01
159700	0	0.75	0.75	0	0	0
159800	0	0.75	0.75	0	0	0
159900	0	0.75	0.75	0	0	0
160000	0	0.75	0.75	0	0	0
160100	0	0.75	0.75	0	0	0
160200	0	0.75	0.75	0	0	0
160300	0.02	0.75	0.75	0	0	0.02
160400	0.02	0.75	0.75	0	0	0.02
160500	0.03	0.75	0.75	0	0	0.03
160600	0.02	0.75	0.75	0	0	0.02
160700	0.01	0.75	0.75	0	0	0.01
160800	0.02	0.75	0.75	0	0	0.02
160900	0.04	0.75	0.75	0	0	0.04
161000	0.03	0.75	0.75	0	0	0.03
161100	0.03	0.75	0.75	0	0	0.03
161200	0.03	0.75	0.75	0	0	0.03
161300	0.03	0.75	0.75	0	0	0.03
161400	0.02	0.75	0.75	0	0	0.02
161500	0	0.75	0.75	0	0	0
161600	0	0.75	0.75	0	0	0
161700	0	0.75	0.75	0	0	0
161800	0.01	0.75	0.75	0	0	0.01
161900	0.02	0.75	0.75	0	0	0.02
162000	0.04	0.75	0.75	0	0	0.04
162100	0.04	0.75	0.75	0	0	0.04
162200	0.03	0.75	0.75	0	0	0.03
162300	0.03	0.75	0.75	0	0	0.03
162400	0.03	0.75	0.75	0	0	0.03
162500	0	0.75	0.75	0	0	0
162600	0	0.75	0.75	0	0	0
162700	0.01	0.75	0.75	0	0	0.01
162800	0.03	0.75	0.75	0	0	0.03
162900	0.03	0.75	0.75	0	0	0.03
163000	0.03	0.75	0.75	0	0	0.03
163100	0.02	0.75	0.75	0	0	0.02
163200	0.02	0.75	0.75	0	0	0.02
163300	0.01	0.75	0.75	0	0	0.01
163400	0	0.75	0.75	0	0	0
163500	0	0.75	0.75	0	0	0
163600	0	0.75	0.75	0	0	0
163700	0	0.75	0.75	0	0	0
163800	0.01	0.75	0.75	0	0	0.01
163900	0.01	0.75	0.75	0	0	0.01
164000	0.02	0.75	0.75	0	0	0.02
164100	0.02	0.75	0.75	0	0	0.02
164200	0.01	0.75	0.75	0	0	0.01
164300	0.01	0.75	0.75	0	0	0.01
164400	0.01	0.75	0.75	0	0	0.01
164500	0.01	0.75	0.75	0	0	0.01
164600	0	0.75	0.75	0	0	0
164700	0.01	0.75	0.75	0	0	0.01
164800	0.01	0.75	0.75	0	0	0.01
164900	0.01	0.75	0.75	0	0	0.01
165000	0.01	0.75	0.75	0	0	0.01
165100	0.01	0.74	0.74	0	0	0.01
165200	0	0.74	0.74	0	0	0
165300	0	0.74	0.74	0	0	0
165400	0.01	0.74	0.74	0	0	0.01
165500	0.02	0.74	0.74	0	0	0.02
165600	0.02	0.74	0.74	0	0	0.02
165700	0.01	0.74	0.74	0	0	0.01
165800	0.01	0.74	0.74	0	0	0.01
165900	0.01	0.74	0.74	0	0	0.01
166000	0.01	0.74	0.74	0	0	0.01
166100	0.02	0.74	0.74	0	0	0.02
166200	0.01	0.74	0.74	0	0	0.01
166300	0.02	0.74	0.74	0	0	0.02
166400	0.01	0.74	0.74	0	0	0.01
166500	0	0.74	0.74	0	0	0
166600	0	0.75	0.75	0	0	0
166700	0.01	0.75	0.75	0	0	0.01
166800	0.02	0.74	0.74	0	0	0.02
166900	0.01	0.74	0.74	0	0	0.01
167000	0.01	0.74	0.74	0	0	0.01
167100	0.01	0.74	0.74	0	0	0.01
167200	0	0.74	0.74	0	0	0
167300	0	0.74	0.74	0	0	0
167400	0	0.74	0.74	0	0	0
167500	0	0.74	0.74	0	0	0
167600	0	0.74	0.74	0	0	0
167700	0	0.74	0.74	0	0	0
167800	0	0.74	0.74	0	0	0
167900	0	0.74	0.74	0	0	0
168000	0	0.74	0.74	0	0	0
168100	0	0.74	0.74	0	0	0
168200	0.02	0.74	0.74	0	0	0.02
168300	0.02	0.74	0.74	0	0	0.02
168400	0.02	0.74	0.74	0	0	0.02
168500	0.02	0.74	0.74	0	0	0.02
168600	0.02	0.74	0.74	0	0	0.02
168700	0.02	0.74	0.74	0	0	0.02
168800	0	0.74	0.74	0	0	0
168900	0	0.74	0.74	0	0	0
169000	0	0.74	0.74	0	0	0
169100	0	0.74	0.74	0	0	0
169200	0	0.74	0.74	0	0	0
169300	0.01	0.74	0.74	0	0	0.01
169400	0.01	0.74	0.74	0	0	0.01
169500	0.01	0.74	0.74	0	0	0.01
169600	0.01	0.74	0.74	0	0	0.01
169700	0	0.74	0.74	0	0	0
169800	0.01	0.74	0.74	0	0	0.01
169900	0.02	0.73	0.73	0	0	0.02
170000	0.02	0.73	0.73	0	0	0.02
170100	0.03	0.73	0.73	0	0	0.03
170200	0.03	0.73	0.73	0	0	0.03
170300	0.03	0.73	0.73	0	0	0.03
170400	0.02	0.73	0.73	0	0	0.02
170500	0.01	0.73	0.73	0	0	0.01
170600	0.01	0.73	0.73	0	0	0.01
170700	0	0.73	0.73	0	0	0
170800	0	0.73	0.73	0	0	0
170900	0.01	0.73	0.73	0	0	0.01
171000	0.02	0.73	0.73	0	0	0.02
171100	0.02	0.73	0.73	0	0	0.02
171200	0.02	0.73	0.73	0	0	0.02
171300	0.02	0.73	0.73	0	0	0.02
171400	0.02	0.73	0.73	0	0	0.02
171500	0.04	0.73	0.73	0	0	0.04
171600	0.03	0.73	0.73	0	0	0.03
171700	0.03	0.73	0.73	0	0	0.03
171800	0.03	0.73	0.73	0	0	0.03
171900	0.01	0.73	0.73	0	0	0.01
172000	0.01	0.73	0.73	0	0	0.01
172100	0.02	0.73	0.73	0	0	0.02
172200	0.02	0.73	0.73	0	0	0.02
172300	0.02	0.73	0.73	0	0	0.02
172400	0.02	0.73	0.73	0	0	0.02
172500	0.01	0.73	0.73	0	0	0.01
172600	0.01	0.73	0.73	0	0	0.01
172700	0.01	0.73	0.73	0	0	0.01
172800	0.01	0.73	0.73	0	0	0.01
172900	0.01	0.73	0.73	0	0	0.01
173000	0.02	0.73	0.73	0	0	0.02
173100	0.02	0.73	0.73	0	0	0.02
173200	0.01	0.73	0.73	0	0	0.01
173300	0.01	0.73	0.73	0	0	0.01
173400	0.01	0.73	0.73	0	0	0.01
173500	0.01	0.73	0.73	0	0	0.01
173600	0	0.73	0.73	0	0	0
173700	0	0.73	0.73	0	0	0
173800	0.01	0.73	0.73	0	0	0.01
173900	0.01	0.73	0.73	0	0	0.01
174000	0.01	0.73	0.73	0	0	0.01
174100	0.01	0.73	0.73	0	0	0.01
174200	0	0.73	0.73	0	0	0
174300	0.01	0.73	0.73	0	0	0.01
174400	0.01	0.73	0.73	0	0	0.01
174500	0.01	0.73	0.73	0	0	0.01
174600	0.01	0.73	0.73	0	0	0.01
174700	0.02	0.73	0.73	0	0	0.02
174800	0.02	0.73	0.73	0	0	0.02
174900	0.01	0.73	0.73	0	0	0.01
175000	0.01	0.73	0.73	0	0	0.01
175100	0.01	0.73	0.73	0	0	0.01
175200	0.01	0.73	0.73	0	0	0.01
175300	0.02	0.73	0.73	0	0	0.02
175400	0.01	0.73	0.73	0	0	0.01
175500	0.02	0.73	0.73	0	0	0.02
175600	0.01	0.73	0.73	0	0	0.01
175700	0.01	0.73	0.73	0	0	0.01
175800	0.02	0.73	0.73	0	0	0.02
175900	0.02	0.73	0.73	0	0	0.02
176000	0.01	0.73	0.73	0	0	0.01
176100	0.01	0.73	0.73	0	0	0.01
176200	0.02	0.73	0.73	0	0	0.02
176300	0	0.73	0.73	0	0	0
176400	0	0.73	0.73	0	0	0
176500	0.01	0.73	0.73	0	0	0.01
176600	0.02	0.73	0.73	0	0	0.02
176700	0.01	0.73	0.73	0	0	0.01
176800	0.02	0.73	0.73	0	0	0.02
176900	0.02	0.73	0.73	0	0	0.02
177000	0.02	0.73	0.73	0	0	0.02
177100	0.01	0.73	0.73	0	0	0.01
177200	0.01	0.73	0.73	0	0	0.01
177300	0.02	0.73	0.73	0	0	0.02
177400	0.02	0.73	0.73	0	0	0.02
177500	0.02	0.73	0.73	0	0	0.02
177600	0.03	0.73	0.73	0	0	0.03
177700	0.02	0.73	0.73	0	0	0.02
177800	0.03	0.73	0.73	0	0	0.03
177900	0.02	0.73	0.73	0	0	0.02
178000	0.02	0.73	0.73	0	0	0.02
178100	0	0.73	0.73	0	0	0
178200	0	0.73	0.73	0	0	0
178300	0.01	0.73	0.73	0	0	0.01
178400	0.01	0.73	0.73	0	0	0.01
178500	0.01	0.73	0.73	0	0	0.01
178600	0.01	0.73	0.73	0	0	0.01
178700	0.01	0.73	0.73	0	0	0.01
178800	0	0.73	0.73	0	0	0
178900	0	0.73	0.73	0	0	0
179000	0	0.73	0.73	0	0	0
179100	0.01	0.73	0.73	0	0	0.01
179200	0.01	0.73	0.73	0	0	0.01
179300	0.01	0.73	0.73	0	0	0.01
179400	0.01	0.73	0.73	0	0	0.01
179500	0.03	0.73	0.73	0	0	0.03
179600	0.02	0.73	0.73	0	0	0.02
179700	0.03	0.73	0.73	0	0	0.03
179800	0.03	0.73	0.73	0	0	0.03
179900	0.04	0.73	0.73	0	0	0.04
180000	0.04	0.73	0.73	0	0	0.04
180100	0.06	0.73	0.73	0	0	0.06
180200	0.05	0.73	0.73	0	0	0.05
180300	0.05	0.73	0.73	0	0	0.05
180400	0.04	0.73	0.73	0	0	0.04
180500	0.04	0.73	0.73	0	0	0.04
180600	0.02	0.73	0.73	0	0	0.02
180700	0.01	0.73	0.73	0	0	0.01
180800	0.01	0.73	0.73	0	0	0.01
180900	0	0.73	0.73	0	0	0
181000	0	0.73	0.73	0	0	0
181100	0	0.73	0.73	0	0	0
181200	0	0.73	0.73	0	0	0
181300	0	0.73	0.73	0	0	0
181400	0	0.73	0.73	0	0	0
181500	0.01	0.73	0.73	0	0	0.01
181600	0.02	0.73	0.73	0	0	0.02
181700	0.01	0.73	0.73	0	0	0.01
181800	0	0.73	0.73	0	0	0
181900	0	0.73	0.73	0	0	0
182000	0	0.73	0.73	0	0	0
182100	0.01	0.73	0.73	0	0	0.01
182200	0.01	0.73	0.73	0	0	0.01
182300	0.01	0.73	0.73	0	0	0.01
182400	0.01	0.73	0.73	0	0	0.01
182500	0.01	0.73	0.73	0	0	0.01
182600	0.01	0.73	0.73	0	0	0.01
182700	0.02	0.73	0.73	0	0	0.02
182800	0.02	0.73	0.73	0	0	0.02
182900	0.02	0.73	0.73	0	0	0.02
183000	0.02	0.73	0.73	0	0	0.02
183100	0.02	0.73	0.73	0	0	0.02
183200	0	0.73	0.73	0	0	0
183300	0	0.73	0.73	0	0	0
183400	0	0.73	0.73	0	0	0
183500	0	0.73	0.73	0	0	0
183600	0.01	0.73	0.73	0	0	0.01
183700	0.01	0.73	0.73	0	0	0.01
183800	0.01	0.73	0.73	0	0	0.01
183900	0.01	0.73	0.73	0	0	0.01
184000	0.01	0.73	0.73	0	0	0.01
184100	0	0.73	0.73	0	0	0
184200	0	0.73	0.73	0	0	0
184300	0.01	0.73	0.73	0	0	0.01
184400	0.01	0.73	0.73	0	0	0.01
184500	0.01	0.73	0.73	0	0	0.01
184600	0.01	0.72	0.72	0	0	0.01
184700	0.03	0.72	0.72	0	0	0.03
184800	0.03	0.72	0.72	0	0	0.03
184900	0.02	0.72	0.72	0	0	0.02
185000	0.01	0.72	0.72	0	0	0.01
185100	0.01	0.72	0.72	0	0	0.01
185200	0.01	0.72	0.72	0	0	0.01
185300	0	0.72	0.72	0	0	0
185400	0	0.72	0.72	0	0	0
185500	0	0.72	0.72	0	0	0
185600	0	0.72	0.72	0	0	0
185700	0	0.72	0.72	0	0	0
185800	0	0.72	0.72	0	0	0
185900	0	0.72	0.72	0	0	0
186000	0	0.72	0.72	0	0	0
186100	0	0.71	0.71	0	0	0
186200	0.02	0.71	0.71	0	0	0.02
186300	0.02	0.71	0.71	0	0	0.02
186400	0.02	0.71	0.71	0	0	0.02
186500	0.02	0.71	0.71	0	0	0.02
186600	0.03	0.71	0.71	0	0	0.03
186700	0.03	0.71	0.71	0	0	0.03
186800	0.02	0.71	0.71	0	0	0.02
186900	0.03	0.71	0.71	0	0	0.03
187000	0.01	0.71	0.71	0	0	0.01
187100	0.01	0.71	0.71	0	0	0.01
187200	0.04	0.71	0.71	0	0	0.04
187300	0.03	0.71	0.71	0	0	0.03
187400	0.03	0.71	0.71	0	0	0.03
187500	0.02	0.71	0.71	0	0	0.02
187600	0.01	0.71	0.71	0	0	0.01
187700	0	0.71	0.71	0	0	0
187800	0	0.71	0.71	0	0	0
187900	0.01	0.71	0.71	0	0	0.01
188000	0.03	0.71	0.71	0	0	0.03
188100	0.01	0.71	0.71	0	0	0.01
188200	0.01	0.72	0.72	0	0	0.01
188300	0.01	0.72	0.72	0	0	0.01
188400	0	0.72	0.72	0	0	0
188500	0.01	0.72	0.72	0	0	0.01
188600	0.01	0.72	0.72	0	0	0.01
188700	0.02	0.72	0.72	0	0	0.02
188800	0.02	0.72	0.72	0	0	0.02
188900	0.03	0.72	0.72	0	0	0.03
189000	0.03	0.73	0.73	0	0	0.03
189100	0.03	0.73	0.73	0	0	0.03
189200	0.02	0.73	0.73	0	0	0.02
189300	0.01	0.73	0.73	0	0	0.01
189400	0.02	0.73	0.73	0	0	0.02
189500	0.02	0.73	0.73	0	0	0.02
189600	0.02	0.73	0.73	0	0	0.02
189700	0.02	0.73	0.73	0	0	0.02
189800	0.01	0.73	0.73	0	0	0.01
189900	0	0.73	0.73	0	0	0
190000	0.01	0.73	0.73	0	0	0.01
190100	0.01	0.73	0.73	0	0	0.01
190200	0.01	0.73	0.73	0	0	0.01
190300	0.01	0.73	0.73	0	0	0.01
190400	0.03	0.73	0.73	0	0	0.03
190500	0.03	0.73	0.73	0	0	0.03
190600	0.03	0.73	0.73	0	0	0.03
190700	0.02	0.73	0.73	0	0	0.02
190800	0.02	0.74	0.74	0	0	0.02
190900	0.01	0.74	0.74	0	0	0.01
191000	0	0.74	0.74	0	0	0
191100	0	0.74	0.74	0	0	0
191200	0	0.73	0.73	0	0	0
191300	0.01	0.73	0.73	0	0	0.01
191400	0.01	0.73	0.73	0	0	0.01
191500	0.01	0.73	0.73	0	0	0.01
191600	0.02	0.73	0.73	0	0	0.02
191700	0.02	0.73	0.73	0	0	0.02
191800	0.02	0.73	0.73	0	0	0.02
191900	0	0.73	0.73	0	0	0
192000	0	0.73	0.73	0	0	0
192100	0	0.73	0.73	0	0	0
192200	0	0.73	0.73	0	0	0
192300	0	0.73	0.73	0	0	0
192400	0.01	0.73	0.73	0	0	0.01
192500	0.01	0.73	0.73	0	0	0.01
192600	0.02	0.73	0.73	0	0	0.02
192700	0.02	0.73	0.73	0	0	0.02
192800	0.01	0.73	0.73	0	0	0.01
192900	0.01	0.73	0.73	0	0	0.01
193000	0.02	0.73	0.73	0	0	0.02
193100	0.02	0.73	0.73	0	0	0.02
193200	0.02	0.73	0.73	0	0	0.02
193300	0.02	0.73	0.73	0	0	0.02
193400	0.01	0.73	0.73	0	0	0.01
193500	0.02	0.73	0.73	0	0	0.02
193600	0.04	0.73	0.73	0	0	0.04
193700	0.04	0.73	0.73	0	0	0.04
193800	0.03	0.73	0.73	0	0	0.03
193900	0.02	0.73	0.73	0	0	0.02
194000	0.02	0.73	0.73	0	0	0.02
194100	0.02	0.73	0.73	0	0	0.02
194200	0.02	0.73	0.73	0	0	0.02
194300	0.02	0.73	0.73	0	0	0.02
194400	0.02	0.73	0.73	0	0	0.02
194500	0.01	0.73	0.73	0	0	0.01
194600	0.01	0.73	0.73	0	0	0.01
194700	0	0.73	0.73	0	0	0
194800	0.01	0.73	0.73	0	0	0.01
194900	0.01	0.73	0.73	0	0	0.01
195000	0.01	0.73	0.73	0	0	0.01
195100	0.01	0.73	0.73	0	0	0.01
195200	0	0.73	0.73	0	0	0
195300	0	0.73	0.73	0	0	0
195400	0.01	0.73	0.73	0	0	0.01
195500	0.01	0.73	0.73	0	0	0.01
195600	0.01	0.73	0.73	0	0	0.01
195700	0.01	0.73	0.73	0	0	0.01
195800	0.03	0.73	0.73	0	0	0.03
195900	0.02	0.73	0.73	0	0	0.02
196000	0.02	0.73	0.73	0	0	0.02
196100	0.01	0.73	0.73	0	0	0.01
196200	0.01	0.73	0.73	0	0	0.01
196300	0	0.73	0.73	0	0	0
196400	0	0.73	0.73	0	0	0
196500	0	0.73	0.73	0	0	0
196600	0	0.73	0.73	0	0	0
196700	0.01	0.73	0.73	0	0	0.01
196800	0.01	0.73	0.73	0	0	0.01
196900	0.02	0.73	0.73	0	0	0.02
197000	0.02	0.73	0.73	0	0	0.02
197100	0.03	0.73	0.73	0	0	0.03
197200	0.02	0.73	0.73	0	0	0.02
197300	0.01	0.73	0.73	0	0	0.01
197400	0.02	0.73	0.73	0	0	0.02
197500	0.01	0.73	0.73	0	0	0.01
197600	0	0.73	0.73	0	0	0
197700	0.01	0.73	0.73	0	0	0.01
197800	0.01	0.73	0.73	0	0	0.01
197900	0.01	0.73	0.73	0	0	0.01
198000	0	0.73	0.73	0	0	0
198100	0.01	0.73	0.73	0	0	0.01
198200	0.03	0.73	0.73	0	0	0.03
198300	0.03	0.73	0.73	0	0	0.03
198400	0.01	0.73	0.73	0	0	0.01
198500	0.01	0.73	0.73	0	0	0.01
198600	0.01	0.73	0.73	0	0	0.01
198700	0	0.73	0.73	0	0	0
198800	0	0.73	0.73	0	0	0
198900	0	0.73	0.73	0	0	0
199000	0	0.73	0.73	0	0	0
199100	0	0.73	0.73	0	0	0
199200	0.01	0.73	0.73	0	0	0.01
199300	0.01	0.73	0.73	0	0	0.01
199400	0.02	0.73	0.73	0	0	0.02
199500	0.02	0.74	0.74	0	0	0.02
199600	0.02	0.74	0.74	0	0	0.02
199700	0.02	0.74	0.74	0	0	0.02
199800	0	0.74	0.74	0	0	0
199900	0.01	0.74	0.74	0	0	0.01
200000	0.01	0.74	0.74	0	0	0.01
200100	0.02	0.74	0.74	0	0	0.02
200200	0.02	0.74	0.74	0	0	0.02
200300	0.01	0.74	0.74	0	0	0.01
200400	0.01	0.74	0.74	0	0	0.01
200500	0.03	0.74	0.74	0	0	0.03
200600	0.03	0.74	0.74	0	0	0.03
200700	0.01	0.74	0.74	0	0	0.01
200800	0	0.74	0.74	0	0	0
200900	0	0.74	0.74	0	0	0
201000	0	0.74	0.74	0	0	0
201100	0	0.74	0.74	0	0	0
201200	0	0.74	0.74	0	0	0
201300	0.02	0.74	0.74	0	0	0.02
201400	0.03	0.74	0.74	0	0	0.03
201500	0.03	0.74	0.74	0	0	0.03
201600	0.03	0.74	0.74	0	0	0.03
201700	0.02	0.74	0.74	0	0	0.02
201800	0.02	0.74	0.74	0	0	0.02
201900	0.01	0.74	0.74	0	0	0.01
202000	0.01	0.74	0.74	0	0	0.01
202100	0.02	0.74	0.74	0	0	0.02
202200	0.03	0.74	0.74	0	0	0.03
202300	0.03	0.74	0.74	0	0	0.03
202400	0.02	0.74	0.74	0	0	0.02
202500	0.02	0.74	0.74	0	0	0.02
202600	0.02	0.74	0.74	0	0	0.02
202700	0.02	0.74	0.74	0	0	0.02
202800	0.02	0.74	0.74	0	0	0.02
202900	0.02	0.74	0.74	0	0	0.02
203000	0.01	0.74	0.74	0	0	0.01
203100	0.01	0.74	0.74	0	0	0.01
203200	0.01	0.74	0.74	0	0	0.01
203300	0.01	0.74	0.74	0	0	0.01
203400	0.02	0.74	0.74	0	0	0.02
203500	0.02	0.74	0.74	0	0	0.02
203600	0.02	0.75	0.75	0	0	0.02
203700	0.02	0.74	0.74	0	0	0.02
203800	0.03	0.74	0.74	0	0	0.03
203900	0.02	0.74	0.74	0	0	0.02
204000	0.01	0.74	0.74	0	0	0.01
204100	0.01	0.74	0.74	0	0	0.01
204200	0.02	0.74	0.74	0	0	0.02
204300	0.03	0.74	0.74	0	0	0.03
204400	0.02	0.74	0.74	0	0	0.02
204500	0.02	0.74	0.74	0	0	0.02
204600	0.03	0.74	0.74	0	0	0.03
204700	0	0.74	0.74	0	0	0
204800	0	0.74	0.74	0	0	0
204900	0	0.74	0.74	0	0	0
205000	0	0.74	0.74	0	0	0
205100	0	0.74	0.74	0	0	0
205200	0	0.74	0.74	0	0	0
205300	0	0.74	0.74	0	0	0
205400	0	0.74	0.74	0	0	0
205500	0.01	0.74	0.74	0	0	0.01
205600	0.02	0.74	0.74	0	0	0.02
205700	0.03	0.74	0.74	0	0	0.03
205800	0.04	0.74	0.74	0	0	0.04
205900	0.02	0.74	0.74	0	0	0.02
206000	0.02	0.74	0.74	0	0	0.02
206100	0.01	0.74	0.74	0	0	0.01
206200	0.01	0.74	0.74	0	0	0.01
206300	0	0.74	0.74	0	0	0
206400	0.01	0.74	0.74	0	0	0.01
206500	0.01	0.74	0.74	0	0	0.01
206600	0.01	0.74	0.74	0	0	0.01
206700	0.01	0.74	0.74	0	0	0.01
206800	0	0.74	0.74	0	0	0
206900	0.02	0.74	0.74	0	0	0.02
207000	0.02	0.74	0.74	0	0	0.02
207100	0.02	0.74	0.74	0	0	0.02
207200	0.02	0.74	0.74	0	0	0.02
207300	0.02	0.74	0.74	0	0	0.02
207400	0.03	0.74	0.74	0	0	0.03
207500	0.02	0.74	0.74	0	0	0.02
207600	0.01	0.74	0.74	0	0	0.01
207700	0.01	0.74	0.74	0	0	0.01
207800	0.03	0.74	0.74	0	0	0.03
207900	0.03	0.74	0.74	0	0	0.03
208000	0.02	0.74	0.74	0	0	0.02
208100	0.03	0.74	0.74	0	0	0.03
208200	0.04	0.75	0.75	0	0	0.04
208300	0.04	0.75	0.75	0	0	0.04
208400	0.03	0.75	0.75	0	0	0.03
208500	0.02	0.75	0.75	0	0	0.02
208600	0.02	0.75	0.75	0	0	0.02
208700	0.01	0.75	0.75	0	0	0.01
208800	0.03	0.75	0.75	0	0	0.03
208900	0.02	0.75	0.75	0	0	0.02
209000	0.02	0.75	0.75	0	0	0.02
209100	0.03	0.75	0.75	0	0	0.03
209200	0.01	0.75	0.75	0	0	0.01
209300	0.01	0.75	0.75	0	0	0.01
209400	0	0.75	0.75	0	0	0
209500	0	0.75	0.75	0	0	0
209600	0	0.75	0.75	0	0	0
209700	0.01	0.75	0.75	0	0	0.01
209800	0.01	0.75	0.75	0	0	0.01
209900	0.01	0.75	0.75	0	0	0.01
210000	0.01	0.75	0.75	0	0	0.01
210100	0.01	0.75	0.75	0	0	0.01
210200	0	0.75	0.75	0	0	0
210300	0	0.75	0.75	0	0	0
210400	0	0.75	0.75	0	0	0
210500	0	0.75	0.75	0	0	0
210600	0	0.75	0.75	0	0	0
210700	0	0.75	0.75	0	0	0
210800	0	0.75	0.75	0	0	0
210900	0	0.75	0.75	0	0	0
211000	0.02	0.75	0.75	0	0	0.02
211100	0.01	0.75	0.75	0	0	0.01
211200	0.01	0.75	0.75	0	0	0.01
211300	0.01	0.75	0.75	0	0	0.01
211400	0.01	0.75	0.75	0	0	0.01
211500	0.02	0.75	0.75	0	0	0.02
211600	0.02	0.75	0.75	0	0	0.02
211700	0.02	0.75	0.75	0	0	0.02
211800	0.02	0.75	0.75	0	0	0.02
211900	0.02	0.75	0.75	0	0	0.02
212000	0.02	0.75	0.75	0	0	0.02
212100	0.01	0.75	0.75	0	0	0.01
212200	0.01	0.75	0.75	0	0	0.01
212300	0.01	0.75	0.75	0	0	0.01
212400	0	0.75	0.75	0	0	0
212500	0	0.75	0.75	0	0	0
212600	0	0.75	0.75	0	0	0
212700	0	0.75	0.75	0	0	0
212800	0	0.75	0.75	0	0	0
212900	0	0.75	0.75	0	0	0
213000	0	0.75	0.75	0	0	0
213100	0	0.75	0.75	0	0	0
213200	0	0.75	0.75	0	0	0
213300	0.01	0.75	0.75	0	0	0.01
213400	0.01	0.75	0.75	0	0	0.01
213500	0.01	0.75	0.75	0	0	0.01
213600	0.03	0.75	0.75	0	0	0.03
213700	0.03	0.75	0.75	0	0	0.03
213800	0.01	0.75	0.75	0	0	0.01
213900	0.01	0.75	0.75	0	0	0.01
214000	0.01	0.75	0.75	0	0	0.01
214100	0.01	0.75	0.75	0	0	0.01
214200	0.01	0.75	0.75	0	0	0.01
214300	0.02	0.75	0.75	0	0	0.02
214400	0.02	0.75	0.75	0	0	0.02
214500	0.02	0.75	0.75	0	0	0.02
214600	0.02	0.75	0.75	0	0	0.02
214700	0.02	0.75	0.75	0	0	0.02
214800	0.01	0.75	0.75	0	0	0.01
214900	0.01	0.75	0.75	0	0	0.01
215000	0.01	0.75	0.75	0	0	0.01
215100	0.01	0.75	0.75	0	0	0.01
215200	0.01	0.75	0.75	0	0	0.01
215300	0.01	0.75	0.75	0	0	0.01
215400	0.02	0.75	0.75	0	0	0.02
215500	0.02	0.75	0.75	0	0	0.02
215600	0.01	0.75	0.75	0	0	0.01
215700	0.03	0.75	0.75	0	0	0.03
215800	0.01	0.75	0.75	0	0	0.01
215900	0.02	0.75	0.75	0	0	0.02
216000	0.01	0.75	0.75	0	0	0.01
216100	0.01	0.75	0.75	0	0	0.01
216200	0.01	0.75	0.75	0	0	0.01
216300	0.01	0.75	0.75	0	0	0.01
216400	0.02	0.75	0.75	0	0	0.02
216500	0.01	0.75	0.75	0	0	0.01
216600	0.01	0.75	0.75	0	0	0.01
216700	0.02	0.75	0.75	0	0	0.02
216800	0.02	0.75	0.75	0	0	0.02
216900	0.01	0.75	0.75	0	0	0.01
217000	0.02	0.75	0.75	0	0	0.02
217100	0.02	0.75	0.75	0	0	0.02
217200	0.03	0.75	0.75	0	0	0.03
217300	0.02	0.75	0.75	0	0	0.02
217400	0.02	0.75	0.75	0	0	0.02
217500	0.02	0.75	0.75	0	0	0.02
217600	0.02	0.75	0.75	0	0	0.02
217700	0.03	0.75	0.75	0	0	0.03
217800	0.03	0.75	0.75	0	0	0.03
217900	0.02	0.75	0.75	0	0	0.02
218000	0.03	0.75	0.75	0	0	0.03
218100	0.03	0.75	0.75	0	0	0.03
218200	0.04	0.75	0.75	0	0	0.04
218300	0.03	0.75	0.75	0	0	0.03
218400	0	0.75	0.75	0	0	0
218500	0	0.75	0.75	0	0	0
218600	0	0.75	0.75	0	0	0
218700	0	0.75	0.75	0	0	0
218800	0	0.75	0.75	0	0	0
218900	0	0.75	0.75	0	0	0
219000	0	0.75	0.75	0	0	0
219100	0.01	0.75	0.75	0	0	0.01
219200	0.01	0.75	0.75	0	0	0.01
219300	0.01	0.75	0.75	0	0	0.01
219400	0.01	0.75	0.75	0	0	0.01
219500	0.01	0.75	0.75	0	0	0.01
219600	0	0.75	0.75	0	0	0
219700	0	0.75	0.75	0	0	0
219800	0	0.75	0.75	0	0	0
219900	0	0.75	0.75	0	0	0
220000	0.01	0.75	0.75	0	0	0.01
220100	0.01	0.75	0.75	0	0	0.01
220200	0	0.75	0.75	0	0	0
220300	0	0.75	0.75	0	0	0
220400	0	0.75	0.75	0	0	0
220500	0	0.75	0.75	0	0	0
220600	0	0.75	0.75	0	0	0
220700	0	0.75	0.75	0	0	0
220800	0	0.75	0.75	0	0	0
220900	0.01	0.75	0.75	0	0	0.01
221000	0.01	0.75	0.75	0	0	0.01
221100	0.01	0.75	0.75	0	0	0.01
221200	0.01	0.75	0.75	0	0	0.01
221300	0.01	0.75	0.75	0	0	0.01
221400	0.01	0.75	0.75	0	0	0.01
221500	0.01	0.75	0.75	0	0	0.01
221600	0.02	0.75	0.75	0	0	0.02
221700	0.02	0.75	0.75	0	0	0.02
221800	0.03	0.75	0.75	0	0	0.03
221900	0.02	0.75	0.75	0	0	0.02
222000	0.01	0.75	0.75	0	0	0.01
222100	0	0.75	0.75	0	0	0
222200	0	0.75	0.75	0	0	0
222300	0	0.75	0.75	0	0	0
222400	0.01	0.75	0.75	0	0	0.01
222500	0.01	0.75	0.75	0	0	0.01
222600	0.01	0.75	0.75	0	0	0.01
222700	0.01	0.75	0.75	0	0	0.01
222800	0.02	0.75	0.75	0	0	0.02
222900	0.03	0.75	0.75	0	0	0.03
223000	0.02	0.75	0.75	0	0	0.02
223100	0.02	0.75	0.75	0	0	0.02
223200	0.01	0.75	0.75	0	0	0.01
223300	0.03	0.75	0.75	0	0	0.03
223400	0.02	0.75	0.75	0	0	0.02
223500	0.01	0.75	0.75	0	0	0.01
223600	0.01	0.75	0.75	0	0	0.01
223700	0.01	0.75	0.75	0	0	0.01
223800	0.01	0.75	0.75	0	0	0.01
223900	0.01	0.75	0.75	0	0	0.01
224000	0.01	0.75	0.75	0	0	0.01
224100	0.02	0.75	0.75	0	0	0.02
224200	0.03	0.75	0.75	0	0	0.03
224300	0.03	0.75	0.75	0	0	0.03
224400	0.03	0.75	0.75	0	0	0.03
224500	0.02	0.75	0.75	0	0	0.02
224600	0.02	0.75	0.75	0	0	0.02
224700	0.01	0.75	0.75	0	0	0.01
224800	0	0.75	0.75	0	0	0
224900	0.01	0.75	0.75	0	0	0.01
225000	0.01	0.75	0.75	0	0	0.01
225100	0.01	0.75	0.75	0	0	0.01
225200	0.01	0.75	0.75	0	0	0.01
225300	0.02	0.75	0.75	0	0	0.02
225400	0.01	0.75	0.75	0	0	0.01
225500	0.01	0.75	0.75	0	0	0.01
225600	0.01	0.75	0.75	0	0	0.01
225700	0.01	0.75	0.75	0	0	0.01
225800	0.01	0.75	0.75	0	0	0.01
225900	0.02	0.75	0.75	0	0	0.02
226000	0.02	0.75	0.75	0	0	0.02
226100	0.06	0.75	0.75	0	0	0.06
226200	0.06	0.75	0.75	0	0	0.06
226300	0.06	0.75	0.75	0	0	0.06
226400	0.04	0.75	0.75	0	0	0.04
226500	0	0.75	0.75	0	0	0
226600	0.01	0.75	0.75	0	0	0.01
226700	0	0.75	0.75	0	0	0
226800	0	0.75	0.75	0	0	0
226900	0	0.75	0.75	0	0	0
227000	0.01	0.75	0.75	0	0	0.01
227100	0.02	0.75	0.75	0	0	0.02
227200	0.01	0.75	0.75	0	0	0.01
227300	0.01	0.75	0.75	0	0	0.01
227400	0.01	0.75	0.75	0	0	0.01
227500	0.01	0.75	0.75	0	0	0.01
227600	0.02	0.76	0.76	0	0	0.02
227700	0.02	0.75	0.75	0	0	0.02
227800	0.02	0.75	0.75	0	0	0.02
227900	0.01	0.75	0.75	0	0	0.01
228000	0.03	0.75	0.75	0	0	0.03
228100	0.04	0.75	0.75	0	0	0.04
228200	0.04	0.75	0.75	0	0	0.04
228300	0.04	0.75	0.75	0	0	0.04
228400	0.03	0.75	0.75	0	0	0.03
228500	0.03	0.75	0.75	0	0	0.03
228600	0	0.75	0.75	0	0	0
228700	0	0.75	0.75	0	0	0
228800	0	0.75	0.75	0	0	0
228900	0.01	0.75	0.75	0	0	0.01
229000	0.02	0.75	0.75	0	0	0.02
229100	0.03	0.75	0.75	0	0	0.03
229200	0.03	0.75	0.75	0	0	0.03
229300	0.03	0.75	0.75	0	0	0.03
229400	0.02	0.75	0.75	0	0	0.02
229500	0.01	0.75	0.75	0	0	0.01
229600	0.01	0.75	0.75	0	0	0.01
229700	0.02	0.75	0.75	0	0	0.02
229800	0.02	0.75	0.75	0	0	0.02
229900	0.01	0.75	0.75	0	0	0.01
230000	0.02	0.75	0.75	0	0	0.02
230100	0.01	0.75	0.75	0	0	0.01
230200	0.01	0.75	0.75	0	0	0.01
230300	0.01	0.75	0.75	0	0	0.01
230400	0.01	0.75	0.75	0	0	0.01
230500	0.01	0.75	0.75	0	0	0.01
230600	0	0.75	0.75	0	0	0
230700	0	0.75	0.75	0	0	0
230800	0	0.75	0.75	0	0	0
230900	0	0.75	0.75	0	0	0
231000	0.01	0.75	0.75	0	0	0.01
231100	0.01	0.75	0.75	0	0	0.01
231200	0.03	0.75	0.75	0	0	0.03
231300	0.04	0.75	0.75	0	0	0.04
231400	0.04	0.75	0.75	0	0	0.04
231500	0.03	0.75	0.75	0	0	0.03
231600	0.04	0.75	0.75	0	0	0.04
231700	0.03	0.75	0.75	0	0	0.03
231800	0.02	0.75	0.75	0	0	0.02
231900	0	0.75	0.75	0	0	0
232000	0	0.75	0.75	0	0	0
232100	0	0.75	0.75	0	0	0
232200	0	0.75	0.75	0	0	0
232300	0	0.75	0.75	0	0	0
232400	0	0.75	0.75	0	0	0
232500	0	0.75	0.75	0	0	0
232600	0	0.75	0.75	0	0	0
232700	0.01	0.75	0.75	0	0	0.01
232800	0.03	0.75	0.75	0	0	0.03
232900	0.01	0.75	0.75	0	0	0.01
233000	0.01	0.75	0.75	0	0	0.01
233100	0	0.75	0.75	0	0	0
233200	0	0.75	0.75	0	0	0
233300	0	0.75	0.75	0	0	0
233400	0	0.75	0.75	0	0	0
233500	0	0.75	0.75	0	0	0
233600	0	0.75	0.75	0	0	0
233700	0	0.75	0.75	0	0	0
233800	0	0.75	0.75	0	0	0
233900	0	0.75	0.75	0	0	0
234000	0.01	0.75	0.75	0	0	0.01
234100	0.02	0.75	0.75	0	0	0.02
234200	0	0.75	0.75	0	0	0
234300	0	0.75	0.75	0	0	0
234400	0	0.75	0.75	0	0	0
234500	0.01	0.75	0.75	0	0	0.01
234600	0.04	0.75	0.75	0	0	0.04
234700	0.01	0.75	0.75	0	0	0.01
234800	0.01	0.75	0.75	0	0	0.01
234900	0.01	0.75	0.75	0	0	0.01
235000	0	0.75	0.75	0	0	0
235100	0	0.75	0.75	0	0	0
235200	0.01	0.75	0.75	0	0	0.01
235300	0.03	0.75	0.75	0	0	0.03
235400	0.03	0.75	0.75	0	0	0.03
235500	0.05	0.75	0.75	0	0	0.05
235600	0.04	0.75	0.75	0	0	0.04
235700	0.04	0.75	0.75	0	0	0.04
235800	0.02	0.75	0.75	0	0	0.02
235900	0	0.75	0.75	0	0	0
236000	0.01	0.75	0.75	0	0	0.01
236100	0.01	0.75	0.75	0	0	0.01
236200	0.01	0.75	0.75	0	0	0.01
236300	0.01	0.75	0.75	0	0	0.01
236400	0	0.75	0.75	0	0	0
236500	0	0.75	0.75	0	0	0
236600	0	0.75	0.75	0	0	0
236700	0	0.75	0.75	0	0	0
236800	0.03	0.75	0.75	0	0	0.03
236900	0.03	0.75	0.75	0	0	0.03
237000	0.03	0.75	0.75	0	0	0.03
237100	0.03	0.75	0.75	0	0	0.03
237200	0.02	0.75	0.75	0	0	0.02
237300	0.01	0.75	0.75	0	0	0.01
237400	0	0.75	0.75	0	0	0
237500	0	0.75	0.75	0	0	0
237600	0	0.75	0.75	0	0	0
237700	0.01	0.75	0.75	0	0	0.01
237800	0.01	0.75	0.75	0	0	0.01
237900	0.01	0.75	0.75	0	0	0.01
238000	0.01	0.75	0.75	0	0	0.01
238100	0.02	0.75	0.75	0	0	0.02
238200	0.02	0.75	0.75	0	0	0.02
238300	0.01	0.75	0.75	0	0	0.01
238400	0.01	0.75	0.75	0	0	0.01
238500	0.01	0.75	0.75	0	0	0.01
238600	0.01	0.75	0.75	0	0	0.01
238700	0.02	0.75	0.75	0	0	0.02
238800	0.01	0.75	0.75	0	0	0.01
238900	0	0.75	0.75	0	0	0
239000	0.01	0.75	0.75	0	0	0.01
239100	0.01	0.75	0.75	0	0	0.01
239200	0.01	0.75	0.75	0	0	0.01
239300	0.01	0.75	0.75	0	0	0.01
239400	0.02	0.75	0.75	0	0	0.02
239500	0.03	0.75	0.75	0	0	0.03
239600	0.02	0.75	0.75	0	0	0.02
239700	0.03	0.75	0.75	0	0	0.03
239800	0.03	0.75	0.75	0	0	0.03
239900	0.04	0.75	0.75	0	0	0.04
240000	0.02	0.75	0.75	0	0	0.02
240100	0.02	0.75	0.75	0	0	0.02
240200	0.03	0.75	0.75	0	0	0.03
240300	0.01	0.75	0.75	0	0	0.01
240400	0.01	0.75	0.75	0	0	0.01
240500	0.01	0.75	0.75	0	0	0.01
240600	0.03	0.75	0.75	0	0	0.03
240700	0.03	0.75	0.75	0	0	0.03
240800	0.01	0.75	0.75	0	0	0.01
240900	0	0.75	0.75	0	0	0
241000	0.01	0.75	0.75	0	0	0.01
241100	0.01	0.75	0.75	0	0	0.01
241200	0.01	0.75	0.75	0	0	0.01
241300	0.01	0.75	0.75	0	0	0.01
241400	0.02	0.75	0.75	0	0	0.02
241500	0.01	0.75	0.75	0	0	0.01
241600	0.01	0.75	0.75	0	0	0.01
241700	0.01	0.75	0.75	0	0	0.01
241800	0	0.75	0.75	0	0	0
241900	0	0.75	0.75	0	0	0
242000	0	0.75	0.75	0	0	0
242100	0	0.75	0.75	0	0	0
242200	0.01	0.75	0.75	0	0	0.01
242300	0.02	0.75	0.75	0	0	0.02
242400	0.03	0.75	0.75	0	0	0.03
242500	0.03	0.75	0.75	0	0	0.03
242600	0.03	0.75	0.75	0	0	0.03
242700	0.03	0.75	0.75	0	0	0.03
242800	0.03	0.75	0.75	0	0	0.03
242900	0.03	0.75	0.75	0	0	0.03
243000	0.04	0.75	0.75	0	0	0.04
243100	0.03	0.75	0.75	0	0	0.03
243200	0.02	0.75	0.75	0	0	0.02
243300	0.03	0.75	0.75	0	0	0.03
243400	0.03	0.75	0.75	0	0	0.03
243500	0.02	0.75	0.75	0	0	0.02
243600	0.03	0.75	0.75	0	0	0.03
243700	0.03	0.75	0.75	0	0	0.03
243800	0.02	0.75	0.75	0	0	0.02
243900	0.02	0.75	0.75	0	0	0.02
244000	0.02	0.75	0.75	0	0	0.02
244100	0.02	0.75	0.75	0	0	0.02
244200	0.02	0.75	0.75	0	0	0.02
244300	0.01	0.75	0.75	0	0	0.01
244400	0	0.75	0.75	0	0	0
244500	0.02	0.75	0.75	0	0	0.02
244600	0.01	0.75	0.75	0	0	0.01
244700	0.02	0.75	0.75	0	0	0.02
244800	0.02	0.75	0.75	0	0	0.02
244900	0.02	0.75	0.75	0	0	0.02
245000	0.02	0.75	0.75	0	0	0.02
245100	0.02	0.75	0.75	0	0	0.02
245200	0.03	0.75	0.75	0	0	0.03
245300	0	0.75	0.75	0	0	0
245400	0	0.75	0.75	0	0	0
245500	0.02	0.75	0.75	0	0	0.02
245600	0.01	0.75	0.75	0	0	0.01
245700	0.01	0.75	0.75	0	0	0.01
245800	0	0.75	0.75	0	0	0
245900	0	0.75	0.75	0	0	0
246000	0	0.75	0.75	0	0	0
246100	0.01	0.75	0.75	0	0	0.01
246200	0.01	0.75	0.75	0	0	0.01
246300	0.02	0.75	0.75	0	0	0.02
246400	0.02	0.75	0.75	0	0	0.02
246500	0.02	0.75	0.75	0	0	0.02
246600	0.02	0.75	0.75	0	0	0.02
246700	0.01	0.75	0.75	0	0	0.01
246800	0.01	0.75	0.75	0	0	0.01
246900	0	0.75	0.75	0	0	0
247000	0	0.75	0.75	0	0	0
247100	0.01	0.75	0.75	0	0	0.01
247200	0.01	0.75	0.75	0	0	0.01
247300	0.01	0.75	0.75	0	0	0.01
247400	0.01	0.75	0.75	0	0	0.01
247500	0.01	0.75	0.75	0	0	0.01
247600	0.01	0.75	0.75	0	0	0.01
247700	0.01	0.75	0.75	0	0	0.01
247800	0	0.75	0.75	0	0	0
247900	0	0.75	0.75	0	0	0
248000	0	0.75	0.75	0	0	0
248100	0	0.75	0.75	0	0	0
248200	0	0.75	0.75	0	0	0
248300	0	0.75	0.75	0	0	0
248400	0	0.75	0.75	0	0	0
248500	0	0.75	0.75	0	0	0
248600	0.01	0.75	0.75	0	0	0.01
248700	0.01	0.75	0.75	0	0	0.01
248800	0.01	0.75	0.75	0	0	0.01
248900	0.02	0.75	0.75	0	0	0.02
249000	0.02	0.75	0.75	0	0	0.02
249100	0.01	0.75	0.75	0	0	0.01
249200	0.01	0.75	0.75	0	0	0.01
249300	0.01	0.75	0.75	0	0	0.01
249400	0.01	0.75	0.75	0	0	0.01
249500	0.01	0.75	0.75	0	0	0.01
249600	0.01	0.75	0.75	0	0	0.01
249700	0.01	0.75	0.75	0	0	0.01
249800	0.01	0.75	0.75	0	0	0.01
249900	0.01	0.75	0.75	0	0	0.01
250000	0.01	0.75	0.75	0	0	0.01
250100	0.01	0.75	0.75	0	0	0.01
250200	0.01	0.75	0.75	0	0	0.01
250300	0.03	0.75	0.75	0	0	0.03
250400	0.03	0.75	0.75	0	0	0.03
250500	0.04	0.75	0.75	0	0	0.04
250600	0.03	0.75	0.75	0	0	0.03
250700	0.03	0.75	0.75	0	0	0.03
250800	0.02	0.75	0.75	0	0	0.02
250900	0.02	0.75	0.75	0	0	0.02
251000	0.02	0.75	0.75	0	0	0.02
251100	0	0.75	0.75	0	0	0
251200	0	0.75	0.75	0	0	0
251300	0	0.75	0.75	0	0	0
251400	0	0.75	0.75	0	0	0
251500	0	0.75	0.75	0	0	0
251600	0	0.75	0.75	0	0	0
251700	0	0.75	0.75	0	0	0
251800	0	0.75	0.75	0	0	0
251900	0.01	0.75	0.75	0	0	0.01
252000	0.01	0.75	0.75	0	0	0.01
252100	0.02	0.75	0.75	0	0	0.02
252200	0.03	0.75	0.75	0	0	0.03
252300	0.03	0.75	0.75	0	0	0.03
252400	0.03	0.75	0.75	0	0	0.03
252500	0.01	0.75	0.75	0	0	0.01
252600	0	0.75	0.75	0	0	0
252700	0	0.75	0.75	0	0	0
252800	0.02	0.75	0.75	0	0	0.02
252900	0.02	0.75	0.75	0	0	0.02
253000	0.03	0.75	0.75	0	0	0.03
253100	0.02	0.75	0.75	0	0	0.02
253200	0.03	0.75	0.75	0	0	0.03
253300	0.03	0.75	0.75	0	0	0.03
253400	0.01	0.75	0.75	0	0	0.01
253500	0.02	0.75	0.75	0	0	0.02
253600	0.02	0.75	0.75	0	0	0.02
253700	0.03	0.75	0.75	0	0	0.03
253800	0.02	0.75	0.75	0	0	0.02
253900	0.02	0.75	0.75	0	0	0.02
254000	0.02	0.75	0.75	0	0	0.02
254100	0.02	0.75	0.75	0	0	0.02
254200	0.02	0.75	0.75	0	0	0.02
254300	0.01	0.75	0.75	0	0	0.01
254400	0.01	0.75	0.75	0	0	0.01
254500	0.01	0.75	0.75	0	0	0.01
254600	0.01	0.75	0.75	0	0	0.01
254700	0	0.75	0.75	0	0	0
254800	0	0.75	0.75	0	0	0
254900	0	0.75	0.75	0	0	0
255000	0.01	0.75	0.75	0	0	0.01
255100	0.01	0.75	0.75	0	0	0.01
255200	0.01	0.75	0.75	0	0	0.01
255300	0.01	0.75	0.75	0	0	0.01
255400	0.01	0.75	0.75	0	0	0.01
255500	0.02	0.75	0.75	0	0	0.02
255600	0.02	0.75	0.75	0	0	0.02
255700	0.02	0.75	0.75	0	0	0.02
255800	0.02	0.75	0.75	0	0	0.02
255900	0.02	0.75	0.75	0	0	0.02
256000	0.02	0.75	0.75	0	0	0.02
256100	0.03	0.75	0.75	0	0	0.03
256200	0.03	0.75	0.75	0	0	0.03
256300	0.05	0.75	0.75	0	0	0.05
256400	0.05	0.75	0.75	0	0	0.05
256500	0.03	0.75	0.75	0	0	0.03
256600	0.03	0.75	0.75	0	0	0.03
256700	0.03	0.75	0.75	0	0	0.03
256800	0.03	0.75	0.75	0	0	0.03
256900	0.02	0.75	0.75	0	0	0.02
257000	0.01	0.75	0.75	0	0	0.01
257100	0.01	0.75	0.75	0	0	0.01
257200	0.02	0.75	0.75	0	0	0.02
257300	0.01	0.75	0.75	0	0	0.01
257400	0.02	0.75	0.75	0	0	0.02
257500	0.02	0.75	0.75	0	0	0.02
257600	0.02	0.75	0.75	0	0	0.02
257700	0.02	0.75	0.75	0	0	0.02
257800	0	0.75	0.75	0	0	0
257900	0	0.75	0.75	0	0	0
258000	0.01	0.75	0.75	0	0	0.01
258100	0.02	0.75	0.75	0	0	0.02
258200	0.02	0.75	0.75	0	0	0.02
258300	0.02	0.75	0.75	0	0	0.02
258400	0.02	0.75	0.75	0	0	0.02
258500	0.01	0.75	0.75	0	0	0.01
258600	0.03	0.75	0.75	0	0	0.03
258700	0.03	0.75	0.75	0	0	0.03
258800	0.03	0.75	0.75	0	0	0.03
258900	0.03	0.75	0.75	0	0	0.03
259000	0.02	0.75	0.75	0	0	0.02
259100	0.02	0.75	0.75	0	0	0.02
259200	0.02	0.75	0.75	0	0	0.02
259300	0.02	0.75	0.75	0	0	0.02
259400	0.02	0.75	0.75	0	0	0.02
259500	0.01	0.75	0.75	0	0	0.01
259600	0.01	0.75	0.75	0	0	0.01
259700	0	0.75	0.75	0	0	0
259800	0.01	0.75	0.75	0	0	0.01
259900	0.01	0.75	0.75	0	0	0.01
260000	0.02	0.75	0.75	0	0	0.02
260100	0.02	0.75	0.75	0	0	0.02
260200	0.02	0.75	0.75	0	0	0.02
260300	0.03	0.75	0.75	0	0	0.03
260400	0.02	0.75	0.75	0	0	0.02
260500	0.03	0.75	0.75	0	0	0.03
260600	0.06	0.75	0.75	0	0	0.06
260700	0.05	0.75	0.75	0	0	0.05
260800	0.03	0.75	0.75	0	0	0.03
260900	0.03	0.75	0.75	0	0	0.03
261000	0.01	0.75	0.75	0	0	0.01
261100	0.01	0.75	0.75	0	0	0.01
261200	0	0.75	0.75	0	0	0
261300	0.01	0.75	0.75	0	0	0.01
261400	0.01	0.75	0.75	0	0	0.01
261500	0	0.75	0.75	0	0	0
261600	0	0.75	0.75	0	0	0
261700	0	0.75	0.75	0	0	0
261800	0	0.75	0.75	0	0	0
261900	0	0.75	0.75	0	0	0
262000	0	0.75	0.75	0	0	0
262100	0.01	0.75	0.75	0	0	0.01
262200	0.02	0.75	0.75	0	0	0.02
262300	0.02	0.75	0.75	0	0	0.02
262400	0.02	0.75	0.75	0	0	0.02
262500	0.02	0.75	0.75	0	0	0.02
262600	0.01	0.75	0.75	0	0	0.01
262700	0	0.75	0.75	0	0	0
262800	0	0.75	0.75	0	0	0
262900	0	0.75	0.75	0	0	0
263000	0	0.75	0.75	0	0	0
263100	0	0.74	0.74	0	0	0
263200	0.01	0.74	0.74	0	0	0.01
263300	0.02	0.74	0.74	0	0	0.02
263400	0.01	0.74	0.74	0	0	0.01
263500	0.02	0.74	0.74	0	0	0.02
263600	0.03	0.74	0.74	0	0	0.03
263700	0.05	0.74	0.74	0	0	0.05
263800	0.05	0.74	0.74	0	0	0.05
263900	0.04	0.74	0.74	0	0	0.04
264000	0.03	0.74	0.74	0	0	0.03
264100	0.02	0.74	0.74	0	0	0.02
264200	0.01	0.74	0.74	0	0	0.01
264300	0.01	0.74	0.74	0	0	0.01
264400	0.01	0.74	0.74	0	0	0.01
264500	0.01	0.74	0.74	0	0	0.01
264600	0	0.74	0.74	0	0	0
264700	0	0.74	0.74	0	0	0
264800	0	0.74	0.74	0	0	0
264900	0	0.74	0.74	0	0	0
265000	0	0.74	0.74	0	0	0
265100	0	0.74	0.74	0	0	0
265200	0	0.74	0.74	0	0	0
265300	0	0.74	0.74	0	0	0
265400	0	0.74	0.74	0	0	0
265500	0	0.75	0.75	0	0	0
265600	0.01	0.75	0.75	0	0	0.01
265700	0.01	0.75	0.75	0	0	0.01
265800	0.02	0.75	0.75	0	0	0.02
265900	0.03	0.75	0.75	0	0	0.03
266000	0.03	0.75	0.75	0	0	0.03
266100	0.02	0.75	0.75	0	0	0.02
266200	0.03	0.75	0.75	0	0	0.03
266300	0.02	0.75	0.75	0	0	0.02
266400	0.01	0.75	0.75	0	0	0.01
266500	0	0.75	0.75	0	0	0
266600	0	0.75	0.75	0	0	0
266700	0	0.75	0.75	0	0	0
266800	0.01	0.75	0.75	0	0	0.01
266900	0.01	0.75	0.75	0	0	0.01
267000	0.02	0.75	0.75	0	0	0.02
267100	0.02	0.75	0.75	0	0	0.02
267200	0.03	0.75	0.75	0	0	0.03
267300	0.03	0.75	0.75	0	0	0.03
267400	0.04	0.75	0.75	0	0	0.04
267500	0.04	0.75	0.75	0	0	0.04
267600	0.04	0.75	0.75	0	0	0.04
267700	0.03	0.75	0.75	0	0	0.03
267800	0.01	0.75	0.75	0	0	0.01
267900	0.02	0.75	0.75	0	0	0.02
268000	0.02	0.75	0.75	0	0	0.02
268100	0.03	0.75	0.75	0	0	0.03
268200	0.03	0.75	0.75	0	0	0.03
268300	0.02	0.75	0.75	0	0	0.02
268400	0.02	0.75	0.75	0	0	0.02
268500	0.03	0.75	0.75	0	0	0.03
268600	0.03	0.75	0.75	0	0	0.03
268700	0.01	0.75	0.75	0	0	0.01
268800	0	0.75	0.75	0	0	0
268900	0	0.75	0.75	0	0	0
269000	0	0.75	0.75	0	0	0
269100	0	0.75	0.75	0	0	0
269200	0	0.75	0.75	0	0	0
269300	0	0.75	0.75	0	0	0
269400	0.01	0.75	0.75	0	0	0.01
269500	0.01	0.75	0.75	0	0	0.01
269600	0.02	0.75	0.75	0	0	0.02
269700	0.04	0.75	0.75	0	0	0.04
269800	0.04	0.75	0.75	0	0	0.04
269900	0.03	0.75	0.75	0	0	0.03
270000	0.03	0.75	0.75	0	0	0.03
270100	0.02	0.75	0.75	0	0	0.02
270200	0.01	0.75	0.75	0	0	0.01
270300	0.02	0.75	0.75	0	0	0.02
270400	0	0.75	0.75	0	0	0
270500	0	0.75	0.75	0	0	0
270600	0	0.75	0.75	0	0	0
270700	0.01	0.75	0.75	0	0	0.01
270800	0.01	0.75	0.75	0	0	0.01
270900	0.01	0.75	0.75	0	0	0.01
271000	0.01	0.75	0.75	0	0	0.01
271100	0.01	0.75	0.75	0	0	0.01
271200	0.01	0.75	0.75	0	0	0.01
271300	0.01	0.75	0.75	0	0	0.01
271400	0.01	0.75	0.75	0	0	0.01
271500	0.01	0.75	0.75	0	0	0.01
271600	0.02	0.75	0.75	0	0	0.02
271700	0.01	0.75	0.75	0	0	0.01
271800	0.01	0.75	0.75	0	0	0.01
271900	0.01	0.75	0.75	0	0	0.01
272000	0.01	0.75	0.75	0	0	0.01
272100	0.01	0.75	0.75	0	0	0.01
272200	0.01	0.75	0.75	0	0	0.01
272300	0	0.75	0.75	0	0	0
272400	0	0.75	0.75	0	0	0
272500	0.01	0.75	0.75	0	0	0.01
272600	0.02	0.75	0.75	0	0	0.02
272700	0.02	0.75	0.75	0	0	0.02
272800	0.01	0.75	0.75	0	0	0.01
272900	0.01	0.75	0.75	0	0	0.01
273000	0.01	0.75	0.75	0	0	0.01
273100	0.01	0.75	0.75	0	0	0.01
273200	0.01	0.75	0.75	0	0	0.01
273300	0.01	0.75	0.75	0	0	0.01
273400	0.01	0.75	0.75	0	0	0.01
273500	0.01	0.75	0.75	0	0	0.01
273600	0.02	0.75	0.75	0	0	0.02
273700	0.02	0.75	0.75	0	0	0.02
273800	0.02	0.75	0.75	0	0	0.02
273900	0.02	0.75	0.75	0	0	0.02
274000	0.03	0.75	0.75	0	0	0.03
274100	0.03	0.75	0.75	0	0	0.03
274200	0.03	0.75	0.75	0	0	0.03
274300	0.04	0.75	0.75	0	0	0.04
274400	0.03	0.75	0.75	0	0	0.03
274500	0.04	0.75	0.75	0	0	0.04
274600	0.02	0.75	0.75	0	0	0.02
274700	0.01	0.75	0.75	0	0	0.01
274800	0.02	0.75	0.75	0	0	0.02
274900	0.01	0.75	0.75	0	0	0.01
275000	0.03	0.75	0.75	0	0	0.03
275100	0.04	0.75	0.75	0	0	0.04
275200	0.04	0.75	0.75	0	0	0.04
275300	0.04	0.75	0.75	0	0	0.04
275400	0.03	0.75	0.75	0	0	0.03
275500	0.03	0.75	0.75	0	0	0.03
275600	0.02	0.75	0.75	0	0	0.02
275700	0.02	0.75	0.75	0	0	0.02
275800	0.02	0.75	0.75	0	0	0.02
275900	0.01	0.75	0.75	0	0	0.01
276000	0.01	0.75	0.75	0	0	0.01
276100	0.01	0.75	0.75	0	0	0.01
276200	0.01	0.75	0.75	0	0	0.01
276300	0.01	0.75	0.75	0	0	0.01
276400	0.02	0.75	0.75	0	0	0.02
276500	0.03	0.75	0.75	0	0	0.03
276600	0.03	0.75	0.75	0	0	0.03
276700	0.02	0.75	0.75	0	0	0.02
276800	0.03	0.75	0.75	0	0	0.03
276900	0.03	0.75	0.75	0	0	0.03
277000	0.03	0.74	0.74	0	0	0.03
277100	0.01	0.74	0.74	0	0	0.01
277200	0.01	0.74	0.74	0	0	0.01
277300	0.01	0.74	0.74	0	0	0.01
277400	0	0.74	0.74	0	0	0
277500	0.01	0.74	0.74	0	0	0.01
277600	0.01	0.74	0.74	0	0	0.01
277700	0.02	0.74	0.74	0	0	0.02
277800	0.03	0.74	0.74	0	0	0.03
277900	0.02	0.74	0.74	0	0	0.02
278000	0	0.74	0.74	0	0	0
278100	0.02	0.74	0.74	0	0	0.02
278200	0.02	0.74	0.74	0	0	0.02
278300	0.01	0.74	0.74	0	0	0.01
278400	0.02	0.74	0.74	0	0	0.02
278500	0.02	0.74	0.74	0	0	0.02
278600	0.01	0.74	0.74	0	0	0.01
278700	0	0.74	0.74	0	0	0
278800	0	0.74	0.74	0	0	0
278900	0	0.75	0.75	0	0	0
279000	0	0.75	0.75	0	0	0
279100	0	0.74	0.74	0	0	0
279200	0.01	0.74	0.74	0	0	0.01
279300	0.01	0.74	0.74	0	0	0.01
279400	0.01	0.74	0.74	0	0	0.01
279500	0.01	0.74	0.74	0	0	0.01
279600	0.01	0.74	0.74	0	0	0.01
279700	0.02	0.74	0.74	0	0	0.02
279800	0.02	0.74	0.74	0	0	0.02
279900	0.03	0.74	0.74	0	0	0.03
280000	0.03	0.74	0.74	0	0	0.03
280100	0.03	0.74	0.74	0	0	0.03
280200	0.03	0.74	0.74	0	0	0.03
280300	0.02	0.74	0.74	0	0	0.02
280400	0.02	0.74	0.74	0	0	0.02
280500	0.01	0.74	0.74	0	0	0.01
280600	0.01	0.74	0.74	0	0	0.01
280700	0.01	0.74	0.74	0	0	0.01
280800	0	0.74	0.74	0	0	0
280900	0	0.74	0.74	0	0	0
281000	0	0.74	0.74	0	0	0
281100	0	0.74	0.74	0	0	0
281200	0	0.74	0.74	0	0	0
281300	0.01	0.74	0.74	0	0	0.01
281400	0.01	0.74	0.74	0	0	0.01
281500	0.01	0.74	0.74	0	0	0.01
281600	0.01	0.74	0.74	0	0	0.01
281700	0.01	0.74	0.74	0	0	0.01
281800	0.01	0.74	0.74	0	0	0.01
281900	0.01	0.75	0.75	0	0	0.01
282000	0.02	0.75	0.75	0	0	0.02
282100	0.02	0.75	0.75	0	0	0.02
282200	0.02	0.75	0.75	0	0	0.02
282300	0.02	0.75	0.75	0	0	0.02
282400	0.02	0.75	0.75	0	0	0.02
282500	0.01	0.75	0.75	0	0	0.01
282600	0.01	0.75	0.75	0	0	0.01
282700	0.01	0.75	0.75	0	0	0.01
282800	0.01	0.75	0.75	0	0	0.01
282900	0.01	0.75	0.75	0	0	0.01
283000	0	0.75	0.75	0	0	0
283100	0	0.75	0.75	0	0	0
283200	0	0.75	0.75	0	0	0
283300	0	0.75	0.75	0	0	0
283400	0.01	0.75	0.75	0	0	0.01
283500	0.02	0.75	0.75	0	0	0.02
283600	0.02	0.75	0.75	0	0	0.02
283700	0.02	0.75	0.75	0	0	0.02
283800	0.02	0.75	0.75	0	0	0.02
283900	0.01	0.75	0.75	0	0	0.01
284000	0.01	0.75	0.75	0	0	0.01
284100	0	0.75	0.75	0	0	0
284200	0	0.75	0.75	0	0	0
284300	0	0.75	0.75	0	0	0
284400	0	0.75	0.75	0	0	0
284500	0	0.75	0.75	0	0	0
284600	0.01	0.75	0.75	0	0	0.01
284700	0.02	0.75	0.75	0	0	0.02
284800	0.02	0.75	0.75	0	0	0.02
284900	0.02	0.75	0.75	0	0	0.02
285000	0.01	0.75	0.75	0	0	0.01
285100	0.01	0.75	0.75	0	0	0.01
285200	0.01	0.75	0.75	0	0	0.01
285300	0.01	0.75	0.75	0	0	0.01
285400	0.02	0.75	0.75	0	0	0.02
285500	0.02	0.75	0.75	0	0	0.02
285600	0.02	0.75	0.75	0	0	0.02
285700	0.03	0.75	0.75	0	0	0.03
285800	0.02	0.75	0.75	0	0	0.02
285900	0.02	0.75	0.75	0	0	0.02
286000	0.03	0.75	0.75	0	0	0.03
286100	0.02	0.75	0.75	0	0	0.02
286200	0.03	0.75	0.75	0	0	0.03
286300	0.02	0.75	0.75	0	0	0.02
286400	0.02	0.75	0.75	0	0	0.02
286500	0.02	0.75	0.75	0	0	0.02
286600	0.01	0.75	0.75	0	0	0.01
286700	0.01	0.75	0.75	0	0	0.01
286800	0.01	0.75	0.75	0	0	0.01
286900	0.01	0.75	0.75	0	0	0.01
287000	0.03	0.75	0.75	0	0	0.03
287100	0.01	0.75	0.75	0	0	0.01
287200	0.01	0.75	0.75	0	0	0.01
287300	0.01	0.75	0.75	0	0	0.01
287400	0.01	0.75	0.75	0	0	0.01
287500	0.01	0.75	0.75	0	0	0.01
287600	0	0.75	0.75	0	0	0
287700	0	0.75	0.75	0	0	0
287800	0.04	0.75	0.75	0	0	0.04
287900	0.04	0.75	0.75	0	0	0.04
288000	0.04	0.75	0.75	0	0	0.04
288100	0.03	0.75	0.75	0	0	0.03
288200	0.03	0.75	0.75	0	0	0.03
288300	0.02	0.75	0.75	0	0	0.02
288400	0.01	0.75	0.75	0	0	0.01
288500	0	0.75	0.75	0	0	0
288600	0	0.75	0.75	0	0	0
288700	0.02	0.75	0.75	0	0	0.02
288800	0.02	0.75	0.75	0	0	0.02
288900	0.02	0.75	0.75	0	0	0.02
289000	0.02	0.75	0.75	0	0	0.02
289100	0.04	0.75	0.75	0	0	0.04
289200	0.04	0.75	0.75	0	0	0.04
289300	0.02	0.75	0.75	0	0	0.02
289400	0.03	0.75	0.75	0	0	0.03
289500	0.02	0.75	0.75	0	0	0.02
289600	0.01	0.75	0.75	0	0	0.01
289700	0.01	0.75	0.75	0	0	0.01
289800	0.01	0.75	0.75	0	0	0.01
289900	0.01	0.75	0.75	0	0	0.01
290000	0	0.75	0.75	0	0	0
290100	0	0.75	0.75	0	0	0
290200	0	0.75	0.75	0	0	0
290300	0	0.75	0.75	0	0	0
290400	0	0.75	0.75	0	0	0
290500	0	0.75	0.75	0	0	0
290600	0.01	0.75	0.75	0	0	0.01
290700	0.02	0.75	0.75	0	0	0.02
290800	0.02	0.75	0.75	0	0	0.02
290900	0.02	0.75	0.75	0	0	0.02
291000	0.02	0.75	0.75	0	0	0.02
291100	0.03	0.75	0.75	0	0	0.03
291200	0.03	0.75	0.75	0	0	0.03
291300	0.01	0.75	0.75	0	0	0.01
291400	0.02	0.75	0.75	0	0	0.02
291500	0.03	0.75	0.75	0	0	0.03
291600	0.03	0.75	0.75	0	0	0.03
291700	0.02	0.75	0.75	0	0	0.02
291800	0.01	0.75	0.75	0	0	0.01
291900	0	0.75	0.75	0	0	0
292000	0	0.75	0.75	0	0	0
292100	0.01	0.75	0.75	0	0	0.01
292200	0.01	0.75	0.75	0	0	0.01
292300	0.01	0.75	0.75	0	0	0.01
292400	0.01	0.75	0.75	0	0	0.01
292500	0.01	0.75	0.75	0	0	0.01
292600	0.01	0.75	0.75	0	0	0.01
292700	0.01	0.75	0.75	0	0	0.01
292800	0.02	0.75	0.75	0	0	0.02
292900	0.01	0.75	0.75	0	0	0.01
293000	0.01	0.75	0.75	0	0	0.01
293100	0.02	0.75	0.75	0	0	0.02
293200	0.01	0.75	0.75	0	0	0.01
293300	0.01	0.75	0.75	0	0	0.01
293400	0.01	0.75	0.75	0	0	0.01
293500	0.01	0.75	0.75	0	0	0.01
293600	0.01	0.75	0.75	0	0	0.01
293700	0.01	0.75	0.75	0	0	0.01
293800	0.01	0.75	0.75	0	0	0.01
293900	0.01	0.75	0.75	0	0	0.01
294000	0.01	0.75	0.75	0	0	0.01
294100	0.01	0.75	0.75	0	0	0.01
294200	0.02	0.75	0.75	0	0	0.02
294300	0.02	0.75	0.75	0	0	0.02
294400	0.01	0.75	0.75	0	0	0.01
294500	0.01	0.75	0.75	0	0	0.01
294600	0	0.75	0.75	0	0	0
294700	0.01	0.75	0.75	0	0	0.01
294800	0.01	0.75	0.75	0	0	0.01
294900	0.01	0.75	0.75	0	0	0.01
295000	0.01	0.75	0.75	0	0	0.01
295100	0.02	0.75	0.75	0	0	0.02
295200	0.01	0.75	0.75	0	0	0.01
295300	0.01	0.75	0.75	0	0	0.01
295400	0.02	0.75	0.75	0	0	0.02
295500	0.02	0.75	0.75	0	0	0.02
295600	0.01	0.75	0.75	0	0	0.01
295700	0.01	0.75	0.75	0	0	0.01
295800	0.01	0.75	0.75	0	0	0.01
295900	0.01	0.75	0.75	0	0	0.01
296000	0.01	0.75	0.75	0	0	0.01
296100	0.01	0.75	0.75	0	0	0.01
296200	0.01	0.75	0.75	0	0	0.01
296300	0.02	0.75	0.75	0	0	0.02
296400	0.01	0.75	0.75	0	0	0.01
296500	0.01	0.75	0.75	0	0	0.01
296600	0.01	0.75	0.75	0	0	0.01
296700	0.01	0.75	0.75	0	0	0.01
296800	0.01	0.75	0.75	0	0	0.01
296900	0	0.75	0.75	0	0	0
297000	0	0.75	0.75	0	0	0
297100	0	0.75	0.75	0	0	0
297200	0	0.75	0.75	0	0	0
297300	0.01	0.75	0.75	0	0	0.01
297400	0.01	0.75	0.75	0	0	0.01
297500	0.01	0.75	0.75	0	0	0.01
297600	0.01	0.75	0.75	0	0	0.01
297700	0	0.75	0.75	0	0	0
297800	0.01	0.75	0.75	0	0	0.01
297900	0	0.75	0.75	0	0	0
298000	0	0.75	0.75	0	0	0
298100	0	0.75	0.75	0	0	0
298200	0	0.75	0.75	0	0	0
298300	0	0.75	0.75	0	0	0
298400	0	0.75	0.75	0	0	0
298500	0.01	0.75	0.75	0	0	0.01
298600	0.01	0.75	0.75	0	0	0.01
298700	0.01	0.75	0.75	0	0	0.01
298800	0.02	0.75	0.75	0	0	0.02
298900	0.04	0.75	0.75	0	0	0.04
299000	0.04	0.75	0.75	0	0	0.04
299100	0.05	0.75	0.75	0	0	0.05
299200	0.02	0.75	0.75	0	0	0.02
299300	0.02	0.75	0.75	0	0	0.02
299400	0	0.75	0.75	0	0	0
299500	0	0.75	0.75	0	0	0
299600	0	0.75	0.75	0	0	0
