100	0	0.07	0.07	0	0	0
200	0	0.07	0.07	0	0	0
300	0	0.08	0.08	0	0	0
400	0	0.09	0.09	0	0	0
500	0	0.1	0.1	0	0	0
600	0.01	0.11	0.11	0	0	0.01
700	0.01	0.09	0.09	0	0	0.01
800	0.01	0.08	0.08	0	0	0.01
900	0.01	0.07	0.07	0	0	0.01
1000	0.02	0.06	0.06	0	0	0.02
1100	0.03	0.07	0.07	0	0	0.03
1200	0.02	0.09	0.09	0	0	0.02
1300	0.03	0.09	0.09	0	0	0.03
1400	0.05	0.07	0.07	0	0	0.05
1500	0.03	0.05	0.05	0	0	0.03
1600	0.03	0.04	0.04	0	0	0.03
1700	0.03	0.05	0.05	0	0	0.03
1800	0.03	0.03	0.03	0	0	0.03
1900	0.02	0.02	0.02	0	0	0.02
2000	0.01	0.02	0.02	0	0	0.01
2100	0.02	0.03	0.03	0	0	0.02
2200	0.02	0.03	0.03	0	0	0.02
2300	0.01	0.05	0.05	0	0	0.01
2400	0	0.06	0.06	0	0	0
2500	0	0.04	0.04	0	0	0
2600	0	0.04	0.04	0	0	0
2700	0.01	0.02	0.02	0	0	0.01
2800	0.01	0.05	0.05	0	0	0.01
2900	0	0.04	0.04	0	0	0
3000	0	0.05	0.05	0	0	0
3100	0.01	0.04	0.04	0	0	0.01
3200	0.01	0.05	0.05	0	0	0.01
3300	0.01	0.04	0.04	0	0	0.01
3400	0.01	0.04	0.04	0	0	0.01
3500	0.01	0.03	0.03	0	0	0.01
3600	0.02	0.03	0.03	0	0	0.02
3700	0.01	0.03	0.03	0	0	0.01
3800	0.01	0.01	0.01	0	0	0.01
3900	0.02	0.01	0.01	0	0	0.02
4000	0.03	0	0	0	0	0.03
4100	0.03	0	0	0	0	0.03
4200	0.02	0	0	0	0	0.02
4300	0.02	0.01	0.01	0	0	0.02
4400	0.02	0.05	0.05	0	0	0.02
4500	0.01	0.05	0.05	0	0	0.01
4600	0.01	0.05	0.05	0	0	0.01
4700	0.01	0.04	0.04	0	0	0.01
4800	0.02	0.05	0.05	0	0	0.02
4900	0.03	0.04	0.04	0	0	0.03
5000	0.02	0.01	0.01	0	0	0.02
5100	0.02	0	0	0	0	0.02
5200	0.04	0.01	0.01	0	0	0.04
5300	0.03	0.03	0.03	0	0	0.03
5400	0.03	0.05	0.05	0	0	0.03
5500	0.02	0.05	0.05	0	0	0.02
5600	0.01	0.08	0.08	0	0	0.01
5700	0.02	0.04	0.04	0	0	0.02
5800	0.01	0.05	0.05	0	0	0.01
5900	0.02	0.03	0.03	0	0	0.02
6000	0.03	0.03	0.03	0	0	0.03
6100	0.04	0.02	0.02	0	0	0.04
6200	0.04	0.02	0.02	0	0	0.04
6300	0.02	0.02	0.02	0	0	0.02
6400	0	0.07	0.07	0	0	0
6500	0	0.07	0.07	0	0	0
6600	0	0.06	0.06	0	0	0
6700	0	0.03	0.03	0	0	0
6800	0	0.04	0.04	0	0	0
6900	0.01	0.03	0.03	0	0	0.01
7000	0.01	0.02	0.02	0	0	0.01
7100	0.01	0.02	0.02	0	0	0.01
7200	0	0.04	0.04	0	0	0
7300	0	0.03	0.03	0	0	0
7400	0	0.05	0.05	0	0	0
7500	0	0.06	0.06	0	0	0
7600	0	0.07	0.07	0	0	0
7700	0	0.08	0.08	0	0	0
7800	0.01	0.08	0.08	0	0	0.01
7900	0.02	0.07	0.07	0	0	0.02
8000	0.01	0.07	0.07	0	0	0.01
8100	0	0.06	0.06	0	0	0
8200	0.01	0.07	0.07	0	0	0.01
8300	0.01	0.09	0.09	0	0	0.01
8400	0.02	0.1	0.1	0	0	0.02
8500	0.02	0.11	0.11	0	0	0.02
8600	0.03	0.09	0.09	0	0	0.03
8700	0.02	0.06	0.06	0	0	0.02
8800	0.01	0.07	0.07	0	0	0.01
8900	0.01	0.06	0.06	0	0	0.01
9000	0	0.03	0.03	0	0	0
9100	0	0.02	0.02	0	0	0
9200	0.01	0.01	0.01	0	0	0.01
9300	0.01	0.02	0.02	0	0	0.01
9400	0.01	0.05	0.05	0	0	0.01
9500	0.02	0.05	0.05	0	0	0.02
9600	0.02	0.06	0.06	0	0	0.02
9700	0.02	0.05	0.05	0	0	0.02
9800	0.03	0.05	0.05	0	0	0.03
9900	0.03	0.03	0.03	0	0	0.03
10000	0.04	0.07	0.07	0	0	0.04
10100	0.04	0.1	0.1	0	0	0.04
10200	0.01	0.09	0.09	0	0	0.01
10300	0.01	0.08	0.08	0	0	0.01
10400	0.01	0.07	0.07	0	0	0.01
10500	0	0.08	0.08	0	0	0
10600	0	0.08	0.08	0	0	0
10700	0	0.09	0.09	0	0	0
10800	0	0.09	0.09	0	0	0
10900	0	0.09	0.09	0	0	0
11000	0.01	0.09	0.09	0	0	0.01
11100	0.01	0.11	0.11	0	0	0.01
11200	0.01	0.11	0.11	0	0	0.01
11300	0.01	0.12	0.12	0	0	0.01
11400	0.01	0.13	0.13	0	0	0.01
11500	0.01	0.15	0.15	0	0	0.01
11600	0.02	0.16	0.16	0	0	0.02
11700	0.01	0.17	0.17	0	0	0.01
11800	0.01	0.16	0.16	0	0	0.01
11900	0.01	0.16	0.16	0	0	0.01
12000	0.01	0.16	0.16	0	0	0.01
12100	0	0.15	0.15	0	0	0
12200	0	0.16	0.16	0	0	0
12300	0	0.18	0.18	0	0	0
12400	0.01	0.19	0.19	0	0	0.01
12500	0.02	0.18	0.18	0	0	0.02
12600	0.02	0.17	0.17	0	0	0.02
12700	0.02	0.17	0.17	0	0	0.02
12800	0.03	0.17	0.17	0	0	0.03
12900	0.02	0.2	0.2	0	0	0.02
13000	0	0.22	0.22	0	0	0
13100	0	0.22	0.22	0	0	0
13200	0.01	0.22	0.22	0	0	0.01
13300	0.02	0.22	0.22	0	0	0.02
13400	0.03	0.22	0.22	0	0	0.03
13500	0.03	0.22	0.22	0	0	0.03
13600	0.02	0.22	0.22	0	0	0.02
13700	0.02	0.23	0.23	0	0	0.02
13800	0.01	0.23	0.23	0	0	0.01
13900	0	0.23	0.23	0	0	0
14000	0	0.22	0.22	0	0	0
14100	0	0.23	0.23	0	0	0
14200	0.01	0.22	0.22	0	0	0.01
14300	0.01	0.24	0.24	0	0	0.01
14400	0.01	0.25	0.25	0	0	0.01
14500	0.01	0.25	0.25	0	0	0.01
14600	0.02	0.26	0.26	0	0	0.02
14700	0.01	0.26	0.26	0	0	0.01
14800	0.02	0.26	0.26	0	0	0.02
14900	0.02	0.27	0.27	0	0	0.02
15000	0	0.28	0.28	0	0	0
15100	0	0.28	0.28	0	0	0
15200	0	0.29	0.29	0	0	0
15300	0.01	0.28	0.28	0	0	0.01
15400	0	0.28	0.28	0	0	0
15500	0.01	0.28	0.28	0	0	0.01
15600	0.02	0.29	0.29	0	0	0.02
15700	0.01	0.29	0.29	0	0	0.01
15800	0.01	0.3	0.3	0	0	0.01
15900	0.01	0.3	0.3	0	0	0.01
16000	0.02	0.31	0.31	0	0	0.02
16100	0.03	0.31	0.31	0	0	0.03
16200	0.02	0.31	0.31	0	0	0.02
16300	0.03	0.31	0.31	0	0	0.03
16400	0.03	0.31	0.31	0	0	0.03
16500	0.03	0.33	0.33	0	0	0.03
16600	0.02	0.33	0.33	0	0	0.02
16700	0.03	0.33	0.33	0	0	0.03
16800	0.02	0.32	0.32	0	0	0.02
16900	0.01	0.32	0.32	0	0	0.01
17000	0	0.33	0.33	0	0	0
17100	0	0.35	0.35	0	0	0
17200	0	0.36	0.36	0	0	0
17300	0	0.36	0.36	0	0	0
17400	0	0.38	0.38	0	0	0
17500	0.01	0.39	0.39	0	0	0.01
17600	0.01	0.41	0.41	0	0	0.01
17700	0.01	0.42	0.42	0	0	0.01
17800	0	0.41	0.41	0	0	0
17900	0	0.41	0.41	0	0	0
18000	0	0.4	0.4	0	0	0
18100	0	0.4	0.4	0	0	0
18200	0	0.4	0.4	0	0	0
18300	0	0.4	0.4	0	0	0
18400	0	0.41	0.41	0	0	0
18500	0	0.41	0.41	0	0	0
18600	0.02	0.41	0.41	0	0	0.02
18700	0.02	0.41	0.41	0	0	0.02
18800	0.02	0.41	0.41	0	0	0.02
18900	0.03	0.41	0.41	0	0	0.03
19000	0.03	0.41	0.41	0	0	0.03
19100	0.03	0.41	0.41	0	0	0.03
19200	0.01	0.42	0.42	0	0	0.01
19300	0.01	0.42	0.42	0	0	0.01
19400	0.01	0.42	0.42	0	0	0.01
19500	0.01	0.42	0.42	0	0	0.01
19600	0.01	0.42	0.42	0	0	0.01
19700	0.01	0.43	0.43	0	0	0.01
19800	0.02	0.43	0.43	0	0	0.02
19900	0.02	0.45	0.45	0	0	0.02
20000	0.03	0.46	0.46	0	0	0.03
20100	0.03	0.46	0.46	0	0	0.03
20200	0.03	0.46	0.46	0	0	0.03
20300	0.02	0.47	0.47	0	0	0.02
20400	0.02	0.47	0.47	0	0	0.02
20500	0.02	0.48	0.48	0	0	0.02
20600	0.01	0.48	0.48	0	0	0.01
20700	0	0.48	0.48	0	0	0
20800	0.01	0.48	0.48	0	0	0.01
20900	0.01	0.48	0.48	0	0	0.01
21000	0	0.5	0.5	0	0	0
21100	0	0.5	0.5	0	0	0
21200	0	0.51	0.51	0	0	0
21300	0	0.51	0.51	0	0	0
21400	0.02	0.51	0.51	0	0	0.02
21500	0.03	0.52	0.52	0	0	0.03
21600	0.04	0.52	0.52	0	0	0.04
21700	0.02	0.53	0.53	0	0	0.02
21800	0.02	0.54	0.54	0	0	0.02
21900	0.02	0.54	0.54	0	0	0.02
22000	0.02	0.54	0.54	0	0	0.02
22100	0.02	0.54	0.54	0	0	0.02
22200	0.02	0.54	0.54	0	0	0.02
22300	0.01	0.53	0.53	0	0	0.01
22400	0.02	0.53	0.53	0	0	0.02
22500	0.01	0.53	0.53	0	0	0.01
22600	0.01	0.53	0.53	0	0	0.01
22700	0.01	0.54	0.54	0	0	0.01
22800	0.01	0.54	0.54	0	0	0.01
22900	0.02	0.54	0.54	0	0	0.02
23000	0.02	0.54	0.54	0	0	0.02
23100	0.02	0.54	0.54	0	0	0.02
23200	0.02	0.54	0.54	0	0	0.02
23300	0	0.55	0.55	0	0	0
23400	0	0.55	0.55	0	0	0
23500	0	0.55	0.55	0	0	0
23600	0.01	0.56	0.56	0	0	0.01
23700	0.01	0.57	0.57	0	0	0.01
23800	0.02	0.57	0.57	0	0	0.02
23900	0.02	0.57	0.57	0	0	0.02
24000	0.02	0.57	0.57	0	0	0.02
24100	0.02	0.56	0.56	0	0	0.02
24200	0.02	0.57	0.57	0	0	0.02
24300	0.02	0.57	0.57	0	0	0.02
24400	0.01	0.56	0.56	0	0	0.01
24500	0.02	0.56	0.56	0	0	0.02
24600	0.02	0.56	0.56	0	0	0.02
24700	0.01	0.56	0.56	0	0	0.01
24800	0.01	0.57	0.57	0	0	0.01
24900	0.01	0.57	0.57	0	0	0.01
25000	0.01	0.57	0.57	0	0	0.01
25100	0.02	0.57	0.57	0	0	0.02
25200	0.01	0.57	0.57	0	0	0.01
25300	0.01	0.58	0.58	0	0	0.01
25400	0.01	0.59	0.59	0	0	0.01
25500	0.01	0.59	0.59	0	0	0.01
25600	0	0.6	0.6	0	0	0
25700	0	0.59	0.59	0	0	0
25800	0.01	0.59	0.59	0	0	0.01
25900	0.01	0.59	0.59	0	0	0.01
26000	0.01	0.6	0.6	0	0	0.01
26100	0.03	0.6	0.6	0	0	0.03
26200	0.03	0.61	0.61	0	0	0.03
26300	0.04	0.6	0.6	0	0	0.04
26400	0.02	0.61	0.61	0	0	0.02
26500	0.02	0.61	0.61	0	0	0.02
26600	0.02	0.61	0.61	0	0	0.02
26700	0.02	0.61	0.61	0	0	0.02
26800	0.02	0.61	0.61	0	0	0.02
26900	0.01	0.62	0.62	0	0	0.01
27000	0.01	0.62	0.62	0	0	0.01
27100	0.01	0.61	0.61	0	0	0.01
27200	0.01	0.61	0.61	0	0	0.01
27300	0.01	0.61	0.61	0	0	0.01
27400	0.01	0.62	0.62	0	0	0.01
27500	0.01	0.62	0.62	0	0	0.01
27600	0.03	0.62	0.62	0	0	0.03
27700	0.03	0.62	0.62	0	0	0.03
27800	0.03	0.62	0.62	0	0	0.03
27900	0.02	0.62	0.62	0	0	0.02
28000	0.02	0.62	0.62	0	0	0.02
28100	0	0.62	0.62	0	0	0
28200	0	0.62	0.62	0	0	0
28300	0	0.62	0.62	0	0	0
28400	0	0.62	0.62	0	0	0
28500	0	0.62	0.62	0	0	0
28600	0	0.63	0.63	0	0	0
28700	0	0.62	0.62	0	0	0
28800	0	0.63	0.63	0	0	0
28900	0.01	0.64	0.64	0	0	0.01
29000	0.02	0.64	0.64	0	0	0.02
29100	0.03	0.65	0.65	0	0	0.03
29200	0.02	0.65	0.65	0	0	0.02
29300	0.02	0.66	0.66	0	0	0.02
29400	0.02	0.66	0.66	0	0	0.02
29500	0.03	0.66	0.66	0	0	0.03
29600	0.01	0.66	0.66	0	0	0.01
29700	0.02	0.66	0.66	0	0	0.02
29800	0.02	0.66	0.66	0	0	0.02
29900	0.02	0.66	0.66	0	0	0.02
30000	0.02	0.67	0.67	0	0	0.02
30100	0.02	0.67	0.67	0	0	0.02
30200	0.02	0.67	0.67	0	0	0.02
30300	0.01	0.66	0.66	0	0	0.01
30400	0.01	0.66	0.66	0	0	0.01
30500	0	0.67	0.67	0	0	0
30600	0	0.66	0.66	0	0	0
30700	0.01	0.66	0.66	0	0	0.01
30800	0.01	0.66	0.66	0	0	0.01
30900	0.01	0.66	0.66	0	0	0.01
31000	0.01	0.66	0.66	0	0	0.01
31100	0.02	0.66	0.66	0	0	0.02
31200	0.02	0.66	0.66	0	0	0.02
31300	0.01	0.66	0.66	0	0	0.01
31400	0.01	0.66	0.66	0	0	0.01
31500	0	0.66	0.66	0	0	0
31600	0	0.65	0.65	0	0	0
31700	0	0.66	0.66	0	0	0
31800	0	0.66	0.66	0	0	0
31900	0.01	0.66	0.66	0	0	0.01
32000	0.02	0.66	0.66	0	0	0.02
32100	0.01	0.66	0.66	0	0	0.01
32200	0.01	0.66	0.66	0	0	0.01
32300	0.01	0.66	0.66	0	0	0.01
32400	0	0.66	0.66	0	0	0
32500	0.01	0.66	0.66	0	0	0.01
32600	0.02	0.66	0.66	0	0	0.02
32700	0.02	0.66	0.66	0	0	0.02
32800	0.03	0.66	0.66	0	0	0.03
32900	0.03	0.66	0.66	0	0	0.03
33000	0.02	0.66	0.66	0	0	0.02
33100	0.02	0.66	0.66	0	0	0.02
33200	0.01	0.66	0.66	0	0	0.01
33300	0	0.66	0.66	0	0	0
33400	0	0.66	0.66	0	0	0
33500	0	0.66	0.66	0	0	0
33600	0.02	0.66	0.66	0	0	0.02
33700	0.03	0.66	0.66	0	0	0.03
33800	0.03	0.66	0.66	0	0	0.03
33900	0.03	0.66	0.66	0	0	0.03
34000	0.03	0.68	0.68	0	0	0.03
34100	0.01	0.68	0.68	0	0	0.01
34200	0.01	0.68	0.68	0	0	0.01
34300	0.01	0.68	0.68	0	0	0.01
34400	0.01	0.67	0.67	0	0	0.01
34500	0.01	0.67	0.67	0	0	0.01
34600	0.01	0.67	0.67	0	0	0.01
34700	0.01	0.68	0.68	0	0	0.01
34800	0.01	0.69	0.69	0	0	0.01
34900	0.01	0.69	0.69	0	0	0.01
35000	0	0.68	0.68	0	0	0
35100	0	0.68	0.68	0	0	0
35200	0.01	0.69	0.69	0	0	0.01
35300	0.01	0.68	0.68	0	0	0.01
35400	0.01	0.68	0.68	0	0	0.01
35500	0.01	0.67	0.67	0	0	0.01
35600	0.01	0.67	0.67	0	0	0.01
35700	0	0.68	0.68	0	0	0
35800	0	0.68	0.68	0	0	0
35900	0	0.69	0.69	0	0	0
36000	0	0.69	0.69	0	0	0
36100	0	0.69	0.69	0	0	0
36200	0.01	0.69	0.69	0	0	0.01
36300	0.01	0.69	0.69	0	0	0.01
36400	0.02	0.69	0.69	0	0	0.02
36500	0.01	0.69	0.69	0	0	0.01
36600	0.01	0.69	0.69	0	0	0.01
36700	0.01	0.69	0.69	0	0	0.01
36800	0.04	0.69	0.69	0	0	0.04
36900	0.03	0.69	0.69	0	0	0.03
37000	0.02	0.69	0.69	0	0	0.02
37100	0.02	0.69	0.69	0	0	0.02
37200	0.02	0.69	0.69	0	0	0.02
37300	0.02	0.69	0.69	0	0	0.02
37400	0	0.69	0.69	0	0	0
37500	0	0.69	0.69	0	0	0
37600	0	0.69	0.69	0	0	0
37700	0	0.69	0.69	0	0	0
37800	0	0.69	0.69	0	0	0
37900	0	0.69	0.69	0	0	0
38000	0	0.69	0.69	0	0	0
38100	0	0.69	0.69	0	0	0
38200	0	0.69	0.69	0	0	0
38300	0	0.69	0.69	0	0	0
38400	0	0.69	0.69	0	0	0
38500	0.02	0.69	0.69	0	0	0.02
38600	0.03	0.69	0.69	0	0	0.03
38700	0.03	0.69	0.69	0	0	0.03
38800	0.03	0.7	0.7	0	0	0.03
38900	0.03	0.7	0.7	0	0	0.03
39000	0.03	0.7	0.7	0	0	0.03
39100	0.02	0.7	0.7	0	0	0.02
39200	0.02	0.7	0.7	0	0	0.02
39300	0.02	0.7	0.7	0	0	0.02
39400	0.02	0.7	0.7	0	0	0.02
39500	0.02	0.7	0.7	0	0	0.02
39600	0.02	0.7	0.7	0	0	0.02
39700	0.02	0.7	0.7	0	0	0.02
39800	0	0.69	0.69	0	0	0
39900	0	0.69	0.69	0	0	0
40000	0.01	0.69	0.69	0	0	0.01
40100	0.01	0.69	0.69	0	0	0.01
40200	0.01	0.7	0.7	0	0	0.01
40300	0.01	0.7	0.7	0	0	0.01
40400	0.01	0.7	0.7	0	0	0.01
40500	0	0.7	0.7	0	0	0
40600	0.01	0.7	0.7	0	0	0.01
40700	0.04	0.7	0.7	0	0	0.04
40800	0.04	0.7	0.7	0	0	0.04
40900	0.04	0.7	0.7	0	0	0.04
41000	0.03	0.7	0.7	0	0	0.03
41100	0.03	0.7	0.7	0	0	0.03
41200	0	0.7	0.7	0	0	0
41300	0	0.7	0.7	0	0	0
41400	0.01	0.7	0.7	0	0	0.01
41500	0.01	0.7	0.7	0	0	0.01
41600	0.02	0.7	0.7	0	0	0.02
41700	0.02	0.7	0.7	0	0	0.02
41800	0.02	0.7	0.7	0	0	0.02
41900	0.02	0.7	0.7	0	0	0.02
42000	0.02	0.7	0.7	0	0	0.02
42100	0	0.7	0.7	0	0	0
42200	0	0.7	0.7	0	0	0
42300	0.01	0.7	0.7	0	0	0.01
42400	0.01	0.7	0.7	0	0	0.01
42500	0.02	0.7	0.7	0	0	0.02
42600	0.02	0.7	0.7	0	0	0.02
42700	0.02	0.7	0.7	0	0	0.02
42800	0.03	0.7	0.7	0	0	0.03
42900	0.01	0.7	0.7	0	0	0.01
43000	0.01	0.71	0.71	0	0	0.01
43100	0.01	0.71	0.71	0	0	0.01
43200	0.01	0.71	0.71	0	0	0.01
43300	0	0.71	0.71	0	0	0
43400	0.02	0.71	0.71	0	0	0.02
43500	0.02	0.71	0.71	0	0	0.02
43600	0.02	0.71	0.71	0	0	0.02
43700	0.02	0.71	0.71	0	0	0.02
43800	0.02	0.71	0.71	0	0	0.02
43900	0.01	0.71	0.71	0	0	0.01
44000	0.02	0.71	0.71	0	0	0.02
44100	0.03	0.71	0.71	0	0	0.03
44200	0.01	0.71	0.71	0	0	0.01
44300	0	0.71	0.71	0	0	0
44400	0	0.71	0.71	0	0	0
44500	0.01	0.71	0.71	0	0	0.01
44600	0.03	0.71	0.71	0	0	0.03
44700	0.02	0.71	0.71	0	0	0.02
44800	0.02	0.71	0.71	0	0	0.02
44900	0.02	0.72	0.72	0	0	0.02
45000	0.03	0.71	0.71	0	0	0.03
45100	0.02	0.71	0.71	0	0	0.02
45200	0.02	0.71	0.71	0	0	0.02
45300	0.03	0.71	0.71	0	0	0.03
45400	0.03	0.71	0.71	0	0	0.03
45500	0.04	0.71	0.71	0	0	0.04
45600	0.01	0.72	0.72	0	0	0.01
45700	0.01	0.72	0.72	0	0	0.01
45800	0.01	0.72	0.72	0	0	0.01
45900	0.01	0.72	0.72	0	0	0.01
46000	0.01	0.72	0.72	0	0	0.01
46100	0.03	0.72	0.72	0	0	0.03
46200	0.03	0.72	0.72	0	0	0.03
46300	0.01	0.72	0.72	0	0	0.01
46400	0.01	0.72	0.72	0	0	0.01
46500	0.01	0.72	0.72	0	0	0.01
46600	0.02	0.72	0.72	0	0	0.02
46700	0.02	0.72	0.72	0	0	0.02
46800	0.02	0.72	0.72	0	0	0.02
46900	0.03	0.72	0.72	0	0	0.03
47000	0.02	0.72	0.72	0	0	0.02
47100	0.02	0.72	0.72	0	0	0.02
47200	0.02	0.72	0.72	0	0	0.02
47300	0.02	0.72	0.72	0	0	0.02
47400	0.03	0.72	0.72	0	0	0.03
47500	0.01	0.72	0.72	0	0	0.01
47600	0.01	0.72	0.72	0	0	0.01
47700	0.02	0.71	0.71	0	0	0.02
47800	0.02	0.71	0.71	0	0	0.02
47900	0.02	0.71	0.71	0	0	0.02
48000	0.02	0.71	0.71	0	0	0.02
48100	0.02	0.71	0.71	0	0	0.02
48200	0.01	0.71	0.71	0	0	0.01
48300	0.02	0.71	0.71	0	0	0.02
48400	0.02	0.71	0.71	0	0	0.02
48500	0.02	0.72	0.72	0	0	0.02
48600	0.03	0.72	0.72	0	0	0.03
48700	0.03	0.72	0.72	0	0	0.03
48800	0.02	0.72	0.72	0	0	0.02
48900	0.01	0.72	0.72	0	0	0.01
49000	0.01	0.72	0.72	0	0	0.01
49100	0.01	0.72	0.72	0	0	0.01
49200	0.01	0.72	0.72	0	0	0.01
49300	0	0.72	0.72	0	0	0
49400	0	0.72	0.72	0	0	0
49500	0.01	0.72	0.72	0	0	0.01
49600	0.02	0.72	0.72	0	0	0.02
49700	0.03	0.72	0.72	0	0	0.03
49800	0.04	0.72	0.72	0	0	0.04
49900	0.04	0.71	0.71	0	0	0.04
50000	0.03	0.71	0.71	0	0	0.03
50100	0.03	0.71	0.71	0	0	0.03
50200	0.02	0.71	0.71	0	0	0.02
50300	0.02	0.71	0.71	0	0	0.02
50400	0.01	0.71	0.71	0	0	0.01
50500	0.01	0.71	0.71	0	0	0.01
50600	0.01	0.71	0.71	0	0	0.01
50700	0	0.71	0.71	0	0	0
50800	0	0.71	0.71	0	0	0
50900	0.01	0.71	0.71	0	0	0.01
51000	0.02	0.71	0.71	0	0	0.02
51100	0.03	0.71	0.71	0	0	0.03
51200	0.04	0.71	0.71	0	0	0.04
51300	0.04	0.71	0.71	0	0	0.04
51400	0.04	0.71	0.71	0	0	0.04
51500	0.03	0.71	0.71	0	0	0.03
51600	0.02	0.71	0.71	0	0	0.02
51700	0.02	0.71	0.71	0	0	0.02
51800	0.01	0.71	0.71	0	0	0.01
51900	0.01	0.71	0.71	0	0	0.01
52000	0.01	0.71	0.71	0	0	0.01
52100	0	0.71	0.71	0	0	0
52200	0	0.71	0.71	0	0	0
52300	0.01	0.71	0.71	0	0	0.01
52400	0.01	0.71	0.71	0	0	0.01
52500	0.01	0.71	0.71	0	0	0.01
52600	0.01	0.71	0.71	0	0	0.01
52700	0	0.71	0.71	0	0	0
52800	0	0.71	0.71	0	0	0
52900	0.02	0.71	0.71	0	0	0.02
53000	0.03	0.71	0.71	0	0	0.03
53100	0.03	0.71	0.71	0	0	0.03
53200	0.03	0.7	0.7	0	0	0.03
53300	0.02	0.7	0.7	0	0	0.02
53400	0.01	0.7	0.7	0	0	0.01
53500	0	0.7	0.7	0	0	0
53600	0.01	0.71	0.71	0	0	0.01
53700	0.01	0.71	0.71	0	0	0.01
53800	0.01	0.71	0.71	0	0	0.01
53900	0.01	0.7	0.7	0	0	0.01
54000	0.01	0.71	0.71	0	0	0.01
54100	0.01	0.71	0.71	0	0	0.01
54200	0.02	0.71	0.71	0	0	0.02
54300	0.01	0.71	0.71	0	0	0.01
54400	0.02	0.71	0.71	0	0	0.02
54500	0.02	0.71	0.71	0	0	0.02
54600	0.02	0.71	0.71	0	0	0.02
54700	0.02	0.71	0.71	0	0	0.02
54800	0	0.71	0.71	0	0	0
54900	0	0.72	0.72	0	0	0
55000	0	0.72	0.72	0	0	0
55100	0	0.72	0.72	0	0	0
55200	0	0.72	0.72	0	0	0
55300	0.02	0.72	0.72	0	0	0.02
55400	0.03	0.72	0.72	0	0	0.03
55500	0.03	0.72	0.72	0	0	0.03
55600	0.03	0.72	0.72	0	0	0.03
55700	0.03	0.72	0.72	0	0	0.03
55800	0	0.71	0.71	0	0	0
55900	0.01	0.71	0.71	0	0	0.01
56000	0.02	0.71	0.71	0	0	0.02
56100	0.02	0.71	0.71	0	0	0.02
56200	0.02	0.71	0.71	0	0	0.02
56300	0.01	0.71	0.71	0	0	0.01
56400	0.01	0.72	0.72	0	0	0.01
56500	0.01	0.72	0.72	0	0	0.01
56600	0.01	0.71	0.71	0	0	0.01
56700	0.02	0.71	0.71	0	0	0.02
56800	0.02	0.71	0.71	0	0	0.02
56900	0.02	0.71	0.71	0	0	0.02
57000	0.01	0.71	0.71	0	0	0.01
57100	0.01	0.71	0.71	0	0	0.01
57200	0.01	0.71	0.71	0	0	0.01
57300	0.02	0.71	0.71	0	0	0.02
57400	0.02	0.71	0.71	0	0	0.02
57500	0.02	0.71	0.71	0	0	0.02
57600	0.01	0.71	0.71	0	0	0.01
57700	0	0.71	0.71	0	0	0
57800	0	0.71	0.71	0	0	0
57900	0	0.71	0.71	0	0	0
58000	0.01	0.71	0.71	0	0	0.01
58100	0.01	0.71	0.71	0	0	0.01
58200	0.01	0.71	0.71	0	0	0.01
58300	0	0.71	0.71	0	0	0
58400	0	0.71	0.71	0	0	0
58500	0.01	0.71	0.71	0	0	0.01
58600	0	0.71	0.71	0	0	0
58700	0	0.71	0.71	0	0	0
58800	0	0.72	0.72	0	0	0
58900	0.02	0.72	0.72	0	0	0.02
59000	0.02	0.72	0.72	0	0	0.02
59100	0.02	0.72	0.72	0	0	0.02
59200	0.02	0.72	0.72	0	0	0.02
59300	0.02	0.72	0.72	0	0	0.02
59400	0.02	0.72	0.72	0	0	0.02
59500	0.01	0.72	0.72	0	0	0.01
59600	0.02	0.72	0.72	0	0	0.02
59700	0.02	0.72	0.72	0	0	0.02
59800	0.01	0.73	0.73	0	0	0.01
59900	0.02	0.73	0.73	0	0	0.02
60000	0.02	0.73	0.73	0	0	0.02
60100	0.01	0.73	0.73	0	0	0.01
60200	0.01	0.73	0.73	0	0	0.01
60300	0.03	0.73	0.73	0	0	0.03
60400	0.03	0.73	0.73	0	0	0.03
60500	0.03	0.73	0.73	0	0	0.03
60600	0.03	0.74	0.74	0	0	0.03
60700	0.02	0.74	0.74	0	0	0.02
60800	0.02	0.73	0.73	0	0	0.02
60900	0.02	0.73	0.73	0	0	0.02
61000	0.02	0.73	0.73	0	0	0.02
61100	0	0.73	0.73	0	0	0
61200	0.02	0.73	0.73	0	0	0.02
61300	0.02	0.73	0.73	0	0	0.02
61400	0.02	0.73	0.73	0	0	0.02
61500	0.02	0.73	0.73	0	0	0.02
61600	0.03	0.73	0.73	0	0	0.03
61700	0.02	0.73	0.73	0	0	0.02
61800	0	0.73	0.73	0	0	0
61900	0.01	0.73	0.73	0	0	0.01
62000	0.02	0.73	0.73	0	0	0.02
62100	0.03	0.73	0.73	0	0	0.03
62200	0.04	0.73	0.73	0	0	0.04
62300	0.04	0.73	0.73	0	0	0.04
62400	0.04	0.73	0.73	0	0	0.04
62500	0.04	0.73	0.73	0	0	0.04
62600	0.03	0.73	0.73	0	0	0.03
62700	0.01	0.73	0.73	0	0	0.01
62800	0	0.73	0.73	0	0	0
62900	0	0.73	0.73	0	0	0
63000	0.01	0.72	0.72	0	0	0.01
63100	0.01	0.72	0.72	0	0	0.01
63200	0	0.72	0.72	0	0	0
63300	0	0.72	0.72	0	0	0
63400	0	0.72	0.72	0	0	0
63500	0	0.72	0.72	0	0	0
63600	0	0.72	0.72	0	0	0
63700	0	0.72	0.72	0	0	0
63800	0	0.72	0.72	0	0	0
63900	0.01	0.72	0.72	0	0	0.01
64000	0.01	0.72	0.72	0	0	0.01
64100	0.02	0.72	0.72	0	0	0.02
64200	0.01	0.72	0.72	0	0	0.01
64300	0.01	0.72	0.72	0	0	0.01
64400	0.01	0.72	0.72	0	0	0.01
64500	0	0.72	0.72	0	0	0
64600	0.01	0.72	0.72	0	0	0.01
64700	0.01	0.72	0.72	0	0	0.01
64800	0.01	0.72	0.72	0	0	0.01
64900	0.01	0.72	0.72	0	0	0.01
65000	0.01	0.72	0.72	0	0	0.01
65100	0.01	0.72	0.72	0	0	0.01
65200	0	0.72	0.72	0	0	0
65300	0.01	0.72	0.72	0	0	0.01
65400	0.02	0.72	0.72	0	0	0.02
65500	0.02	0.72	0.72	0	0	0.02
65600	0.01	0.72	0.72	0	0	0.01
65700	0.01	0.72	0.72	0	0	0.01
65800	0.01	0.72	0.72	0	0	0.01
65900	0.01	0.72	0.72	0	0	0.01
66000	0	0.72	0.72	0	0	0
66100	0	0.72	0.72	0	0	0
66200	0.01	0.72	0.72	0	0	0.01
66300	0.01	0.72	0.72	0	0	0.01
66400	0.02	0.72	0.72	0	0	0.02
66500	0.02	0.72	0.72	0	0	0.02
66600	0.01	0.73	0.73	0	0	0.01
66700	0.01	0.73	0.73	0	0	0.01
66800	0.02	0.73	0.73	0	0	0.02
66900	0.02	0.73	0.73	0	0	0.02
67000	0.01	0.73	0.73	0	0	0.01
67100	0.01	0.72	0.72	0	0	0.01
67200	0.02	0.72	0.72	0	0	0.02
67300	0.02	0.72	0.72	0	0	0.02
67400	0.04	0.72	0.72	0	0	0.04
67500	0.03	0.72	0.72	0	0	0.03
67600	0.02	0.72	0.72	0	0	0.02
67700	0.02	0.72	0.72	0	0	0.02
67800	0.02	0.72	0.72	0	0	0.02
67900	0.01	0.72	0.72	0	0	0.01
68000	0.01	0.72	0.72	0	0	0.01
68100	0.02	0.72	0.72	0	0	0.02
68200	0.02	0.73	0.73	0	0	0.02
68300	0.02	0.73	0.73	0	0	0.02
68400	0.01	0.73	0.73	0	0	0.01
68500	0.02	0.73	0.73	0	0	0.02
68600	0.02	0.73	0.73	0	0	0.02
68700	0.01	0.73	0.73	0	0	0.01
68800	0	0.73	0.73	0	0	0
68900	0	0.73	0.73	0	0	0
69000	0	0.73	0.73	0	0	0
69100	0.01	0.73	0.73	0	0	0.01
69200	0.01	0.73	0.73	0	0	0.01
69300	0.02	0.73	0.73	0	0	0.02
69400	0.02	0.73	0.73	0	0	0.02
69500	0.03	0.73	0.73	0	0	0.03
69600	0.03	0.73	0.73	0	0	0.03
69700	0.01	0.73	0.73	0	0	0.01
69800	0.01	0.74	0.74	0	0	0.01
69900	0.01	0.75	0.75	0	0	0.01
70000	0.01	0.75	0.75	0	0	0.01
70100	0.01	0.75	0.75	0	0	0.01
70200	0.02	0.75	0.75	0	0	0.02
70300	0.02	0.75	0.75	0	0	0.02
70400	0.02	0.75	0.75	0	0	0.02
70500	0.02	0.75	0.75	0	0	0.02
70600	0.02	0.75	0.75	0	0	0.02
70700	0.02	0.75	0.75	0	0	0.02
70800	0.01	0.75	0.75	0	0	0.01
70900	0	0.75	0.75	0	0	0
71000	0	0.75	0.75	0	0	0
71100	0.01	0.75	0.75	0	0	0.01
71200	0.01	0.75	0.75	0	0	0.01
71300	0.04	0.75	0.75	0	0	0.04
71400	0.04	0.75	0.75	0	0	0.04
71500	0.03	0.75	0.75	0	0	0.03
71600	0.03	0.75	0.75	0	0	0.03
71700	0.01	0.75	0.75	0	0	0.01
71800	0.03	0.75	0.75	0	0	0.03
71900	0.03	0.75	0.75	0	0	0.03
72000	0.03	0.75	0.75	0	0	0.03
72100	0.02	0.75	0.75	0	0	0.02
72200	0.02	0.75	0.75	0	0	0.02
72300	0.01	0.75	0.75	0	0	0.01
72400	0.01	0.75	0.75	0	0	0.01
72500	0.01	0.75	0.75	0	0	0.01
72600	0.01	0.75	0.75	0	0	0.01
72700	0.01	0.75	0.75	0	0	0.01
72800	0.01	0.75	0.75	0	0	0.01
72900	0.01	0.75	0.75	0	0	0.01
73000	0.01	0.75	0.75	0	0	0.01
73100	0.02	0.75	0.75	0	0	0.02
73200	0.02	0.75	0.75	0	0	0.02
73300	0.02	0.75	0.75	0	0	0.02
73400	0.02	0.75	0.75	0	0	0.02
73500	0.02	0.75	0.75	0	0	0.02
73600	0.02	0.75	0.75	0	0	0.02
73700	0.01	0.75	0.75	0	0	0.01
73800	0.01	0.75	0.75	0	0	0.01
73900	0.01	0.75	0.75	0	0	0.01
74000	0.02	0.75	0.75	0	0	0.02
74100	0.02	0.75	0.75	0	0	0.02
74200	0.02	0.75	0.75	0	0	0.02
74300	0.02	0.75	0.75	0	0	0.02
74400	0.03	0.75	0.75	0	0	0.03
74500	0.03	0.75	0.75	0	0	0.03
74600	0.02	0.75	0.75	0	0	0.02
74700	0.03	0.75	0.75	0	0	0.03
74800	0.02	0.75	0.75	0	0	0.02
74900	0.02	0.75	0.75	0	0	0.02
75000	0.01	0.75	0.75	0	0	0.01
75100	0.03	0.75	0.75	0	0	0.03
75200	0.02	0.75	0.75	0	0	0.02
75300	0.02	0.75	0.75	0	0	0.02
75400	0.02	0.75	0.75	0	0	0.02
75500	0.02	0.75	0.75	0	0	0.02
75600	0.02	0.75	0.75	0	0	0.02
75700	0	0.75	0.75	0	0	0
75800	0	0.75	0.75	0	0	0
75900	0	0.76	0.76	0	0	0
76000	0	0.76	0.76	0	0	0
76100	0	0.75	0.75	0	0	0
76200	0	0.75	0.75	0	0	0
76300	0	0.75	0.75	0	0	0
76400	0	0.75	0.75	0	0	0
76500	0	0.75	0.75	0	0	0
76600	0	0.75	0.75	0	0	0
76700	0	0.75	0.75	0	0	0
76800	0	0.75	0.75	0	0	0
76900	0	0.75	0.75	0	0	0
77000	0	0.75	0.75	0	0	0
77100	0.01	0.75	0.75	0	0	0.01
77200	0.01	0.75	0.75	0	0	0.01
77300	0.02	0.75	0.75	0	0	0.02
77400	0.02	0.75	0.75	0	0	0.02
77500	0.02	0.75	0.75	0	0	0.02
77600	0.01	0.75	0.75	0	0	0.01
77700	0.01	0.75	0.75	0	0	0.01
77800	0.01	0.75	0.75	0	0	0.01
77900	0.02	0.75	0.75	0	0	0.02
78000	0.02	0.75	0.75	0	0	0.02
78100	0.03	0.75	0.75	0	0	0.03
78200	0.03	0.75	0.75	0	0	0.03
78300	0.03	0.75	0.75	0	0	0.03
78400	0.01	0.75	0.75	0	0	0.01
78500	0	0.75	0.75	0	0	0
78600	0.01	0.74	0.74	0	0	0.01
78700	0.01	0.74	0.74	0	0	0.01
78800	0.01	0.74	0.74	0	0	0.01
78900	0.01	0.74	0.74	0	0	0.01
79000	0.02	0.74	0.74	0	0	0.02
79100	0.02	0.74	0.74	0	0	0.02
79200	0.01	0.74	0.74	0	0	0.01
79300	0	0.74	0.74	0	0	0
79400	0	0.74	0.74	0	0	0
79500	0	0.74	0.74	0	0	0
79600	0	0.74	0.74	0	0	0
79700	0.01	0.74	0.74	0	0	0.01
79800	0.01	0.74	0.74	0	0	0.01
79900	0.01	0.74	0.74	0	0	0.01
80000	0.01	0.74	0.74	0	0	0.01
80100	0.01	0.74	0.74	0	0	0.01
80200	0.01	0.74	0.74	0	0	0.01
80300	0	0.74	0.74	0	0	0
80400	0	0.74	0.74	0	0	0
80500	0	0.74	0.74	0	0	0
80600	0.02	0.74	0.74	0	0	0.02
80700	0.02	0.74	0.74	0	0	0.02
80800	0.02	0.74	0.74	0	0	0.02
80900	0.02	0.74	0.74	0	0	0.02
81000	0.01	0.74	0.74	0	0	0.01
81100	0.02	0.74	0.74	0	0	0.02
81200	0.03	0.74	0.74	0	0	0.03
81300	0.01	0.74	0.74	0	0	0.01
81400	0.01	0.74	0.74	0	0	0.01
81500	0.01	0.74	0.74	0	0	0.01
81600	0.01	0.74	0.74	0	0	0.01
81700	0	0.74	0.74	0	0	0
81800	0.01	0.74	0.74	0	0	0.01
81900	0.02	0.74	0.74	0	0	0.02
82000	0.02	0.74	0.74	0	0	0.02
82100	0.03	0.74	0.74	0	0	0.03
82200	0.02	0.74	0.74	0	0	0.02
82300	0.01	0.74	0.74	0	0	0.01
82400	0.01	0.74	0.74	0	0	0.01
82500	0.03	0.74	0.74	0	0	0.03
82600	0.03	0.74	0.74	0	0	0.03
82700	0.03	0.74	0.74	0	0	0.03
82800	0.03	0.74	0.74	0	0	0.03
82900	0.01	0.74	0.74	0	0	0.01
83000	0	0.74	0.74	0	0	0
83100	0	0.74	0.74	0	0	0
83200	0	0.74	0.74	0	0	0
83300	0	0.74	0.74	0	0	0
83400	0	0.74	0.74	0	0	0
83500	0	0.74	0.74	0	0	0
83600	0	0.74	0.74	0	0	0
83700	0	0.74	0.74	0	0	0
83800	0	0.74	0.74	0	0	0
83900	0	0.74	0.74	0	0	0
84000	0.03	0.74	0.74	0	0	0.03
84100	0.03	0.74	0.74	0	0	0.03
84200	0.02	0.74	0.74	0	0	0.02
84300	0.01	0.74	0.74	0	0	0.01
84400	0.03	0.74	0.74	0	0	0.03
84500	0.03	0.74	0.74	0	0	0.03
84600	0.01	0.74	0.74	0	0	0.01
84700	0.01	0.74	0.74	0	0	0.01
84800	0.01	0.74	0.74	0	0	0.01
84900	0	0.74	0.74	0	0	0
85000	0	0.74	0.74	0	0	0
85100	0	0.74	0.74	0	0	0
85200	0.01	0.74	0.74	0	0	0.01
85300	0.01	0.74	0.74	0	0	0.01
85400	0.01	0.74	0.74	0	0	0.01
85500	0.01	0.74	0.74	0	0	0.01
85600	0.01	0.74	0.74	0	0	0.01
85700	0.01	0.74	0.74	0	0	0.01
85800	0.01	0.74	0.74	0	0	0.01
85900	0.01	0.74	0.74	0	0	0.01
86000	0.01	0.74	0.74	0	0	0.01
86100	0.01	0.74	0.74	0	0	0.01
86200	0.01	0.74	0.74	0	0	0.01
86300	0	0.74	0.74	0	0	0
86400	0	0.74	0.74	0	0	0
86500	0	0.74	0.74	0	0	0
86600	0	0.74	0.74	0	0	0
86700	0	0.74	0.74	0	0	0
86800	0.01	0.74	0.74	0	0	0.01
86900	0.01	0.74	0.74	0	0	0.01
87000	0.01	0.74	0.74	0	0	0.01
87100	0.03	0.74	0.74	0	0	0.03
87200	0.04	0.74	0.74	0	0	0.04
87300	0.04	0.74	0.74	0	0	0.04
87400	0.03	0.74	0.74	0	0	0.03
87500	0.01	0.74	0.74	0	0	0.01
87600	0.02	0.74	0.74	0	0	0.02
87700	0.01	0.74	0.74	0	0	0.01
87800	0.01	0.74	0.74	0	0	0.01
87900	0	0.74	0.74	0	0	0
88000	0	0.74	0.74	0	0	0
88100	0	0.74	0.74	0	0	0
88200	0	0.74	0.74	0	0	0
88300	0	0.74	0.74	0	0	0
88400	0	0.74	0.74	0	0	0
88500	0	0.74	0.74	0	0	0
88600	0	0.74	0.74	0	0	0
88700	0.01	0.74	0.74	0	0	0.01
88800	0.02	0.74	0.74	0	0	0.02
88900	0.02	0.74	0.74	0	0	0.02
89000	0.03	0.74	0.74	0	0	0.03
89100	0.03	0.74	0.74	0	0	0.03
89200	0.03	0.74	0.74	0	0	0.03
89300	0.02	0.74	0.74	0	0	0.02
89400	0.03	0.74	0.74	0	0	0.03
89500	0.04	0.74	0.74	0	0	0.04
89600	0.03	0.74	0.74	0	0	0.03
89700	0.04	0.74	0.74	0	0	0.04
89800	0.01	0.74	0.74	0	0	0.01
89900	0.01	0.74	0.74	0	0	0.01
90000	0	0.74	0.74	0	0	0
90100	0	0.74	0.74	0	0	0
90200	0	0.74	0.74	0	0	0
90300	0.01	0.74	0.74	0	0	0.01
90400	0.02	0.74	0.74	0	0	0.02
90500	0.02	0.74	0.74	0	0	0.02
90600	0.02	0.74	0.74	0	0	0.02
90700	0.02	0.74	0.74	0	0	0.02
90800	0.03	0.74	0.74	0	0	0.03
90900	0.03	0.74	0.74	0	0	0.03
91000	0.02	0.74	0.74	0	0	0.02
91100	0.02	0.74	0.74	0	0	0.02
91200	0.02	0.74	0.74	0	0	0.02
91300	0.01	0.74	0.74	0	0	0.01
91400	0	0.74	0.74	0	0	0
91500	0	0.74	0.74	0	0	0
91600	0	0.74	0.74	0	0	0
91700	0	0.74	0.74	0	0	0
91800	0.01	0.74	0.74	0	0	0.01
91900	0.01	0.74	0.74	0	0	0.01
92000	0.01	0.74	0.74	0	0	0.01
92100	0.02	0.74	0.74	0	0	0.02
92200	0.03	0.74	0.74	0	0	0.03
92300	0.03	0.74	0.74	0	0	0.03
92400	0.05	0.74	0.74	0	0	0.05
92500	0.04	0.74	0.74	0	0	0.04
92600	0.04	0.74	0.74	0	0	0.04
92700	0.03	0.74	0.74	0	0	0.03
92800	0.03	0.74	0.74	0	0	0.03
92900	0.03	0.74	0.74	0	0	0.03
93000	0.03	0.74	0.74	0	0	0.03
93100	0.03	0.74	0.74	0	0	0.03
93200	0.01	0.74	0.74	0	0	0.01
93300	0.01	0.74	0.74	0	0	0.01
93400	0.02	0.74	0.74	0	0	0.02
93500	0.03	0.74	0.74	0	0	0.03
93600	0.03	0.74	0.74	0	0	0.03
93700	0.03	0.74	0.74	0	0	0.03
93800	0.03	0.74	0.74	0	0	0.03
93900	0.01	0.74	0.74	0	0	0.01
94000	0.01	0.74	0.74	0	0	0.01
94100	0.02	0.74	0.74	0	0	0.02
94200	0.02	0.74	0.74	0	0	0.02
94300	0.04	0.74	0.74	0	0	0.04
94400	0.05	0.74	0.74	0	0	0.05
94500	0.06	0.74	0.74	0	0	0.06
94600	0.04	0.74	0.74	0	0	0.04
94700	0.01	0.74	0.74	0	0	0.01
94800	0.01	0.74	0.74	0	0	0.01
94900	0.01	0.74	0.74	0	0	0.01
95000	0.01	0.74	0.74	0	0	0.01
95100	0.01	0.74	0.74	0	0	0.01
95200	0.01	0.74	0.74	0	0	0.01
95300	0.01	0.74	0.74	0	0	0.01
95400	0.01	0.74	0.74	0	0	0.01
95500	0.02	0.74	0.74	0	0	0.02
95600	0.02	0.74	0.74	0	0	0.02
95700	0.01	0.74	0.74	0	0	0.01
95800	0.01	0.74	0.74	0	0	0.01
95900	0.01	0.74	0.74	0	0	0.01
96000	0.02	0.74	0.74	0	0	0.02
96100	0.01	0.74	0.74	0	0	0.01
96200	0.01	0.74	0.74	0	0	0.01
96300	0.01	0.74	0.74	0	0	0.01
96400	0.01	0.74	0.74	0	0	0.01
96500	0.01	0.74	0.74	0	0	0.01
96600	0.02	0.74	0.74	0	0	0.02
96700	0.03	0.74	0.74	0	0	0.03
96800	0.03	0.75	0.75	0	0	0.03
96900	0.03	0.74	0.74	0	0	0.03
97000	0.01	0.74	0.74	0	0	0.01
97100	0	0.74	0.74	0	0	0
97200	0	0.74	0.74	0	0	0
97300	0	0.74	0.74	0	0	0
97400	0	0.74	0.74	0	0	0
97500	0	0.74	0.74	0	0	0
97600	0.01	0.74	0.74	0	0	0.01
97700	0.01	0.74	0.74	0	0	0.01
97800	0	0.74	0.74	0	0	0
97900	0	0.74	0.74	0	0	0
98000	0.01	0.74	0.74	0	0	0.01
98100	0.01	0.74	0.74	0	0	0.01
98200	0.02	0.74	0.74	0	0	0.02
98300	0.03	0.74	0.74	0	0	0.03
98400	0.03	0.74	0.74	0	0	0.03
98500	0.03	0.74	0.74	0	0	0.03
98600	0.04	0.74	0.74	0	0	0.04
98700	0.03	0.74	0.74	0	0	0.03
98800	0.02	0.74	0.74	0	0	0.02
98900	0.02	0.74	0.74	0	0	0.02
99000	0.02	0.74	0.74	0	0	0.02
99100	0.02	0.74	0.74	0	0	0.02
99200	0.02	0.74	0.74	0	0	0.02
99300	0.01	0.74	0.74	0	0	0.01
99400	0.01	0.74	0.74	0	0	0.01
99500	0	0.74	0.74	0	0	0
99600	0.02	0.74	0.74	0	0	0.02
99700	0.02	0.74	0.74	0	0	0.02
99800	0.02	0.74	0.74	0	0	0.02
99900	0.02	0.74	0.74	0	0	0.02
100000	0.01	0.74	0.74	0	0	0.01
100100	0.02	0.74	0.74	0	0	0.02
100200	0.02	0.74	0.74	0	0	0.02
100300	0.03	0.74	0.74	0	0	0.03
100400	0.03	0.74	0.74	0	0	0.03
100500	0.03	0.74	0.74	0	0	0.03
100600	0.02	0.74	0.74	0	0	0.02
100700	0.02	0.74	0.74	0	0	0.02
100800	0.03	0.74	0.74	0	0	0.03
100900	0.03	0.74	0.74	0	0	0.03
101000	0.03	0.74	0.74	0	0	0.03
101100	0.04	0.74	0.74	0	0	0.04
101200	0.03	0.74	0.74	0	0	0.03
101300	0.03	0.74	0.74	0	0	0.03
101400	0.01	0.74	0.74	0	0	0.01
101500	0.01	0.74	0.74	0	0	0.01
101600	0.01	0.74	0.74	0	0	0.01
101700	0.01	0.74	0.74	0	0	0.01
101800	0.01	0.74	0.74	0	0	0.01
101900	0.01	0.74	0.74	0	0	0.01
102000	0.01	0.74	0.74	0	0	0.01
102100	0	0.74	0.74	0	0	0
102200	0	0.74	0.74	0	0	0
102300	0.01	0.74	0.74	0	0	0.01
102400	0.02	0.74	0.74	0	0	0.02
102500	0.02	0.74	0.74	0	0	0.02
102600	0.02	0.74	0.74	0	0	0.02
102700	0.02	0.74	0.74	0	0	0.02
102800	0.03	0.74	0.74	0	0	0.03
102900	0.03	0.74	0.74	0	0	0.03
103000	0.04	0.73	0.73	0	0	0.04
103100	0.04	0.73	0.73	0	0	0.04
103200	0.03	0.73	0.73	0	0	0.03
103300	0.01	0.73	0.73	0	0	0.01
103400	0.03	0.73	0.73	0	0	0.03
103500	0.02	0.73	0.73	0	0	0.02
103600	0.04	0.73	0.73	0	0	0.04
103700	0.05	0.73	0.73	0	0	0.05
103800	0.04	0.73	0.73	0	0	0.04
103900	0.03	0.73	0.73	0	0	0.03
104000	0.03	0.73	0.73	0	0	0.03
104100	0	0.73	0.73	0	0	0
104200	0.01	0.73	0.73	0	0	0.01
104300	0.01	0.73	0.73	0	0	0.01
104400	0.01	0.73	0.73	0	0	0.01
104500	0.03	0.73	0.73	0	0	0.03
104600	0.03	0.73	0.73	0	0	0.03
104700	0.02	0.73	0.73	0	0	0.02
104800	0.02	0.73	0.73	0	0	0.02
104900	0	0.73	0.73	0	0	0
105000	0	0.73	0.73	0	0	0
105100	0	0.73	0.73	0	0	0
105200	0.02	0.73	0.73	0	0	0.02
105300	0.02	0.73	0.73	0	0	0.02
105400	0.02	0.73	0.73	0	0	0.02
105500	0.02	0.73	0.73	0	0	0.02
105600	0.02	0.73	0.73	0	0	0.02
105700	0.01	0.73	0.73	0	0	0.01
105800	0.02	0.73	0.73	0	0	0.02
105900	0.02	0.73	0.73	0	0	0.02
106000	0.03	0.73	0.73	0	0	0.03
106100	0.06	0.73	0.73	0	0	0.06
106200	0.04	0.73	0.73	0	0	0.04
106300	0.04	0.73	0.73	0	0	0.04
106400	0.03	0.73	0.73	0	0	0.03
106500	0.03	0.73	0.73	0	0	0.03
106600	0.02	0.73	0.73	0	0	0.02
106700	0.03	0.73	0.73	0	0	0.03
106800	0.02	0.74	0.74	0	0	0.02
106900	0.02	0.74	0.74	0	0	0.02
107000	0.02	0.74	0.74	0	0	0.02
107100	0.05	0.74	0.74	0	0	0.05
107200	0.05	0.74	0.74	0	0	0.05
107300	0.03	0.74	0.74	0	0	0.03
107400	0.02	0.74	0.74	0	0	0.02
107500	0.01	0.74	0.74	0	0	0.01
107600	0.02	0.74	0.74	0	0	0.02
107700	0.02	0.74	0.74	0	0	0.02
107800	0.02	0.74	0.74	0	0	0.02
107900	0.02	0.74	0.74	0	0	0.02
108000	0.02	0.74	0.74	0	0	0.02
108100	0.02	0.74	0.74	0	0	0.02
108200	0.04	0.74	0.74	0	0	0.04
108300	0.05	0.74	0.74	0	0	0.05
108400	0.02	0.74	0.74	0	0	0.02
108500	0.02	0.74	0.74	0	0	0.02
108600	0.02	0.74	0.74	0	0	0.02
108700	0.02	0.74	0.74	0	0	0.02
108800	0.01	0.74	0.74	0	0	0.01
108900	0.01	0.74	0.74	0	0	0.01
109000	0.02	0.74	0.74	0	0	0.02
109100	0.03	0.74	0.74	0	0	0.03
109200	0.02	0.74	0.74	0	0	0.02
109300	0.01	0.74	0.74	0	0	0.01
109400	0.01	0.74	0.74	0	0	0.01
109500	0.01	0.74	0.74	0	0	0.01
109600	0.01	0.74	0.74	0	0	0.01
109700	0.02	0.74	0.74	0	0	0.02
109800	0.02	0.74	0.74	0	0	0.02
109900	0.01	0.74	0.74	0	0	0.01
110000	0.01	0.74	0.74	0	0	0.01
110100	0	0.74	0.74	0	0	0
110200	0	0.74	0.74	0	0	0
110300	0.03	0.74	0.74	0	0	0.03
110400	0.03	0.74	0.74	0	0	0.03
110500	0.02	0.74	0.74	0	0	0.02
110600	0.03	0.74	0.74	0	0	0.03
110700	0.03	0.74	0.74	0	0	0.03
110800	0	0.74	0.74	0	0	0
110900	0	0.75	0.75	0	0	0
111000	0	0.75	0.75	0	0	0
111100	0	0.75	0.75	0	0	0
111200	0	0.75	0.75	0	0	0
111300	0	0.75	0.75	0	0	0
111400	0.01	0.75	0.75	0	0	0.01
111500	0.02	0.75	0.75	0	0	0.02
111600	0.02	0.75	0.75	0	0	0.02
111700	0.03	0.75	0.75	0	0	0.03
111800	0.05	0.75	0.75	0	0	0.05
111900	0.04	0.75	0.75	0	0	0.04
112000	0.03	0.74	0.74	0	0	0.03
112100	0.02	0.74	0.74	0	0	0.02
112200	0.02	0.74	0.74	0	0	0.02
112300	0.01	0.74	0.74	0	0	0.01
112400	0	0.74	0.74	0	0	0
112500	0	0.74	0.74	0	0	0
112600	0	0.74	0.74	0	0	0
112700	0	0.74	0.74	0	0	0
112800	0	0.74	0.74	0	0	0
112900	0	0.74	0.74	0	0	0
113000	0	0.74	0.74	0	0	0
113100	0.01	0.74	0.74	0	0	0.01
113200	0.02	0.74	0.74	0	0	0.02
113300	0.02	0.74	0.74	0	0	0.02
113400	0.02	0.74	0.74	0	0	0.02
113500	0.01	0.74	0.74	0	0	0.01
113600	0	0.74	0.74	0	0	0
113700	0	0.74	0.74	0	0	0
113800	0	0.74	0.74	0	0	0
113900	0	0.74	0.74	0	0	0
114000	0	0.74	0.74	0	0	0
114100	0	0.74	0.74	0	0	0
114200	0.01	0.74	0.74	0	0	0.01
114300	0.01	0.74	0.74	0	0	0.01
114400	0.03	0.74	0.74	0	0	0.03
114500	0.03	0.74	0.74	0	0	0.03
114600	0.03	0.74	0.74	0	0	0.03
114700	0.02	0.74	0.74	0	0	0.02
114800	0.02	0.74	0.74	0	0	0.02
114900	0.03	0.74	0.74	0	0	0.03
115000	0.01	0.74	0.74	0	0	0.01
115100	0.02	0.74	0.74	0	0	0.02
115200	0.02	0.74	0.74	0	0	0.02
115300	0.01	0.74	0.74	0	0	0.01
115400	0.02	0.74	0.74	0	0	0.02
115500	0.01	0.74	0.74	0	0	0.01
115600	0.02	0.74	0.74	0	0	0.02
115700	0.02	0.74	0.74	0	0	0.02
115800	0.02	0.75	0.75	0	0	0.02
115900	0.02	0.75	0.75	0	0	0.02
116000	0.01	0.75	0.75	0	0	0.01
116100	0	0.75	0.75	0	0	0
116200	0.01	0.75	0.75	0	0	0.01
116300	0.01	0.75	0.75	0	0	0.01
116400	0.01	0.75	0.75	0	0	0.01
116500	0.02	0.75	0.75	0	0	0.02
116600	0.01	0.75	0.75	0	0	0.01
116700	0.01	0.75	0.75	0	0	0.01
116800	0.01	0.75	0.75	0	0	0.01
116900	0.01	0.75	0.75	0	0	0.01
117000	0.01	0.75	0.75	0	0	0.01
117100	0.01	0.75	0.75	0	0	0.01
117200	0	0.75	0.75	0	0	0
117300	0	0.75	0.75	0	0	0
117400	0	0.75	0.75	0	0	0
117500	0	0.75	0.75	0	0	0
117600	0	0.75	0.75	0	0	0
117700	0	0.75	0.75	0	0	0
117800	0.01	0.75	0.75	0	0	0.01
117900	0.02	0.75	0.75	0	0	0.02
118000	0.03	0.75	0.75	0	0	0.03
118100	0.03	0.75	0.75	0	0	0.03
118200	0.02	0.75	0.75	0	0	0.02
118300	0.02	0.75	0.75	0	0	0.02
118400	0.02	0.75	0.75	0	0	0.02
118500	0.01	0.75	0.75	0	0	0.01
118600	0.02	0.75	0.75	0	0	0.02
118700	0.02	0.75	0.75	0	0	0.02
118800	0.03	0.75	0.75	0	0	0.03
118900	0.03	0.75	0.75	0	0	0.03
119000	0.04	0.75	0.75	0	0	0.04
119100	0.02	0.75	0.75	0	0	0.02
119200	0.02	0.75	0.75	0	0	0.02
119300	0.01	0.75	0.75	0	0	0.01
119400	0.01	0.75	0.75	0	0	0.01
119500	0.01	0.75	0.75	0	0	0.01
119600	0.01	0.75	0.75	0	0	0.01
119700	0.01	0.75	0.75	0	0	0.01
119800	0.01	0.75	0.75	0	0	0.01
119900	0.01	0.75	0.75	0	0	0.01
120000	0.02	0.75	0.75	0	0	0.02
120100	0.01	0.75	0.75	0	0	0.01
120200	0.01	0.75	0.75	0	0	0.01
120300	0.01	0.75	0.75	0	0	0.01
120400	0.02	0.75	0.75	0	0	0.02
120500	0.02	0.75	0.75	0	0	0.02
120600	0.02	0.75	0.75	0	0	0.02
120700	0.02	0.75	0.75	0	0	0.02
120800	0.03	0.75	0.75	0	0	0.03
120900	0.03	0.75	0.75	0	0	0.03
121000	0.03	0.75	0.75	0	0	0.03
121100	0.03	0.75	0.75	0	0	0.03
121200	0.04	0.75	0.75	0	0	0.04
121300	0.04	0.75	0.75	0	0	0.04
121400	0.03	0.75	0.75	0	0	0.03
121500	0.03	0.75	0.75	0	0	0.03
121600	0.03	0.75	0.75	0	0	0.03
121700	0.03	0.75	0.75	0	0	0.03
121800	0.03	0.75	0.75	0	0	0.03
121900	0.03	0.75	0.75	0	0	0.03
122000	0.04	0.75	0.75	0	0	0.04
122100	0.02	0.75	0.75	0	0	0.02
122200	0.01	0.75	0.75	0	0	0.01
122300	0.01	0.75	0.75	0	0	0.01
122400	0.01	0.75	0.75	0	0	0.01
122500	0.01	0.75	0.75	0	0	0.01
122600	0	0.75	0.75	0	0	0
122700	0	0.75	0.75	0	0	0
122800	0	0.75	0.75	0	0	0
122900	0.01	0.75	0.75	0	0	0.01
123000	0.01	0.75	0.75	0	0	0.01
123100	0.01	0.75	0.75	0	0	0.01
123200	0.02	0.75	0.75	0	0	0.02
123300	0.01	0.75	0.75	0	0	0.01
123400	0.01	0.75	0.75	0	0	0.01
123500	0.01	0.75	0.75	0	0	0.01
123600	0	0.75	0.75	0	0	0
123700	0.01	0.75	0.75	0	0	0.01
123800	0.03	0.75	0.75	0	0	0.03
123900	0.02	0.75	0.75	0	0	0.02
124000	0.02	0.75	0.75	0	0	0.02
124100	0.01	0.75	0.75	0	0	0.01
124200	0.01	0.75	0.75	0	0	0.01
124300	0	0.75	0.75	0	0	0
124400	0	0.75	0.75	0	0	0
124500	0	0.75	0.75	0	0	0
124600	0.01	0.75	0.75	0	0	0.01
124700	0.01	0.75	0.75	0	0	0.01
124800	0.01	0.75	0.75	0	0	0.01
124900	0.01	0.75	0.75	0	0	0.01
125000	0.01	0.75	0.75	0	0	0.01
125100	0.02	0.75	0.75	0	0	0.02
125200	0.01	0.75	0.75	0	0	0.01
125300	0.03	0.75	0.75	0	0	0.03
125400	0.01	0.75	0.75	0	0	0.01
125500	0.01	0.75	0.75	0	0	0.01
125600	0.01	0.75	0.75	0	0	0.01
125700	0.01	0.75	0.75	0	0	0.01
125800	0.01	0.75	0.75	0	0	0.01
125900	0	0.75	0.75	0	0	0
126000	0	0.75	0.75	0	0	0
126100	0	0.75	0.75	0	0	0
126200	0	0.75	0.75	0	0	0
126300	0	0.75	0.75	0	0	0
126400	0.01	0.75	0.75	0	0	0.01
126500	0.03	0.75	0.75	0	0	0.03
126600	0.04	0.75	0.75	0	0	0.04
126700	0.06	0.75	0.75	0	0	0.06
126800	0.02	0.75	0.75	0	0	0.02
126900	0.02	0.75	0.75	0	0	0.02
127000	0.02	0.75	0.75	0	0	0.02
127100	0.02	0.75	0.75	0	0	0.02
127200	0.02	0.75	0.75	0	0	0.02
127300	0.02	0.75	0.75	0	0	0.02
127400	0.02	0.75	0.75	0	0	0.02
127500	0.02	0.75	0.75	0	0	0.02
127600	0.03	0.75	0.75	0	0	0.03
127700	0.02	0.75	0.75	0	0	0.02
127800	0.03	0.75	0.75	0	0	0.03
127900	0.02	0.75	0.75	0	0	0.02
128000	0	0.75	0.75	0	0	0
128100	0.01	0.75	0.75	0	0	0.01
128200	0.01	0.75	0.75	0	0	0.01
128300	0.01	0.75	0.75	0	0	0.01
128400	0.01	0.75	0.75	0	0	0.01
128500	0.01	0.75	0.75	0	0	0.01
128600	0.02	0.75	0.75	0	0	0.02
128700	0.01	0.75	0.75	0	0	0.01
128800	0.01	0.75	0.75	0	0	0.01
128900	0.02	0.75	0.75	0	0	0.02
129000	0.02	0.75	0.75	0	0	0.02
129100	0.02	0.75	0.75	0	0	0.02
129200	0.02	0.75	0.75	0	0	0.02
129300	0.02	0.75	0.75	0	0	0.02
129400	0.01	0.75	0.75	0	0	0.01
129500	0.01	0.75	0.75	0	0	0.01
129600	0	0.75	0.75	0	0	0
129700	0	0.75	0.75	0	0	0
129800	0	0.75	0.75	0	0	0
129900	0.01	0.75	0.75	0	0	0.01
130000	0.01	0.75	0.75	0	0	0.01
130100	0.01	0.75	0.75	0	0	0.01
130200	0.01	0.75	0.75	0	0	0.01
130300	0.01	0.75	0.75	0	0	0.01
130400	0.01	0.75	0.75	0	0	0.01
130500	0.01	0.75	0.75	0	0	0.01
130600	0.03	0.75	0.75	0	0	0.03
130700	0.03	0.75	0.75	0	0	0.03
130800	0.03	0.75	0.75	0	0	0.03
130900	0.02	0.75	0.75	0	0	0.02
131000	0.02	0.75	0.75	0	0	0.02
131100	0.02	0.75	0.75	0	0	0.02
131200	0.02	0.75	0.75	0	0	0.02
131300	0.01	0.75	0.75	0	0	0.01
131400	0.01	0.75	0.75	0	0	0.01
131500	0.02	0.75	0.75	0	0	0.02
131600	0.02	0.75	0.75	0	0	0.02
131700	0	0.75	0.75	0	0	0
131800	0	0.75	0.75	0	0	0
131900	0	0.75	0.75	0	0	0
132000	0.01	0.75	0.75	0	0	0.01
132100	0.02	0.75	0.75	0	0	0.02
132200	0.02	0.75	0.75	0	0	0.02
132300	0.03	0.75	0.75	0	0	0.03
132400	0.04	0.75	0.75	0	0	0.04
132500	0.04	0.75	0.75	0	0	0.04
132600	0.02	0.75	0.75	0	0	0.02
132700	0.02	0.75	0.75	0	0	0.02
132800	0.02	0.75	0.75	0	0	0.02
132900	0.02	0.75	0.75	0	0	0.02
133000	0.02	0.75	0.75	0	0	0.02
133100	0.01	0.75	0.75	0	0	0.01
133200	0.01	0.75	0.75	0	0	0.01
133300	0.01	0.75	0.75	0	0	0.01
133400	0.01	0.75	0.75	0	0	0.01
133500	0.01	0.75	0.75	0	0	0.01
133600	0.01	0.75	0.75	0	0	0.01
133700	0.01	0.75	0.75	0	0	0.01
133800	0	0.75	0.75	0	0	0
133900	0	0.75	0.75	0	0	0
134000	0	0.75	0.75	0	0	0
134100	0	0.75	0.75	0	0	0
134200	0	0.75	0.75	0	0	0
134300	0.01	0.75	0.75	0	0	0.01
134400	0.02	0.75	0.75	0	0	0.02
134500	0.01	0.75	0.75	0	0	0.01
134600	0.02	0.75	0.75	0	0	0.02
134700	0.01	0.75	0.75	0	0	0.01
134800	0.03	0.75	0.75	0	0	0.03
134900	0.02	0.75	0.75	0	0	0.02
135000	0.02	0.75	0.75	0	0	0.02
135100	0.02	0.75	0.75	0	0	0.02
135200	0.02	0.75	0.75	0	0	0.02
135300	0.04	0.75	0.75	0	0	0.04
135400	0.03	0.75	0.75	0	0	0.03
135500	0.04	0.75	0.75	0	0	0.04
135600	0.03	0.75	0.75	0	0	0.03
135700	0.03	0.75	0.75	0	0	0.03
135800	0.02	0.75	0.75	0	0	0.02
135900	0.01	0.75	0.75	0	0	0.01
136000	0	0.75	0.75	0	0	0
136100	0	0.75	0.75	0	0	0
136200	0	0.75	0.75	0	0	0
136300	0.01	0.75	0.75	0	0	0.01
136400	0.01	0.75	0.75	0	0	0.01
136500	0.02	0.75	0.75	0	0	0.02
136600	0.03	0.75	0.75	0	0	0.03
136700	0.03	0.75	0.75	0	0	0.03
136800	0.01	0.75	0.75	0	0	0.01
136900	0.02	0.75	0.75	0	0	0.02
137000	0.01	0.75	0.75	0	0	0.01
137100	0.01	0.75	0.75	0	0	0.01
137200	0.02	0.75	0.75	0	0	0.02
137300	0	0.75	0.75	0	0	0
137400	0	0.75	0.75	0	0	0
137500	0	0.75	0.75	0	0	0
137600	0.01	0.75	0.75	0	0	0.01
137700	0.02	0.75	0.75	0	0	0.02
137800	0.02	0.75	0.75	0	0	0.02
137900	0.02	0.75	0.75	0	0	0.02
138000	0.03	0.75	0.75	0	0	0.03
138100	0.03	0.75	0.75	0	0	0.03
138200	0.02	0.75	0.75	0	0	0.02
138300	0.01	0.75	0.75	0	0	0.01
138400	0	0.75	0.75	0	0	0
138500	0.01	0.75	0.75	0	0	0.01
138600	0.01	0.75	0.75	0	0	0.01
138700	0.01	0.75	0.75	0	0	0.01
138800	0.01	0.75	0.75	0	0	0.01
138900	0.01	0.75	0.75	0	0	0.01
139000	0.02	0.76	0.76	0	0	0.02
139100	0.02	0.75	0.75	0	0	0.02
139200	0.02	0.75	0.75	0	0	0.02
139300	0.03	0.75	0.75	0	0	0.03
139400	0.03	0.75	0.75	0	0	0.03
139500	0.02	0.75	0.75	0	0	0.02
139600	0.02	0.75	0.75	0	0	0.02
139700	0.02	0.75	0.75	0	0	0.02
139800	0.02	0.75	0.75	0	0	0.02
139900	0.01	0.75	0.75	0	0	0.01
140000	0.01	0.75	0.75	0	0	0.01
140100	0.02	0.75	0.75	0	0	0.02
140200	0.01	0.75	0.75	0	0	0.01
140300	0.01	0.75	0.75	0	0	0.01
140400	0.01	0.75	0.75	0	0	0.01
140500	0.03	0.75	0.75	0	0	0.03
140600	0.03	0.75	0.75	0	0	0.03
140700	0.04	0.75	0.75	0	0	0.04
140800	0.03	0.75	0.75	0	0	0.03
140900	0.03	0.75	0.75	0	0	0.03
141000	0.03	0.75	0.75	0	0	0.03
141100	0.02	0.75	0.75	0	0	0.02
141200	0.03	0.75	0.75	0	0	0.03
141300	0.02	0.75	0.75	0	0	0.02
141400	0.01	0.75	0.75	0	0	0.01
141500	0.01	0.75	0.75	0	0	0.01
141600	0	0.75	0.75	0	0	0
141700	0	0.75	0.75	0	0	0
141800	0.01	0.75	0.75	0	0	0.01
141900	0.01	0.75	0.75	0	0	0.01
142000	0.01	0.75	0.75	0	0	0.01
142100	0.01	0.75	0.75	0	0	0.01
142200	0.01	0.75	0.75	0	0	0.01
142300	0.01	0.75	0.75	0	0	0.01
142400	0.01	0.75	0.75	0	0	0.01
142500	0.01	0.75	0.75	0	0	0.01
142600	0.01	0.75	0.75	0	0	0.01
142700	0.01	0.75	0.75	0	0	0.01
142800	0.01	0.75	0.75	0	0	0.01
142900	0	0.75	0.75	0	0	0
143000	0	0.75	0.75	0	0	0
143100	0.01	0.74	0.74	0	0	0.01
143200	0.01	0.74	0.74	0	0	0.01
143300	0.01	0.74	0.74	0	0	0.01
143400	0.02	0.74	0.74	0	0	0.02
143500	0.02	0.74	0.74	0	0	0.02
143600	0.03	0.74	0.74	0	0	0.03
143700	0.02	0.74	0.74	0	0	0.02
143800	0.01	0.74	0.74	0	0	0.01
143900	0.01	0.74	0.74	0	0	0.01
144000	0.01	0.74	0.74	0	0	0.01
144100	0.01	0.74	0.74	0	0	0.01
144200	0	0.74	0.74	0	0	0
144300	0	0.74	0.74	0	0	0
144400	0.01	0.74	0.74	0	0	0.01
144500	0.01	0.74	0.74	0	0	0.01
144600	0.02	0.74	0.74	0	0	0.02
144700	0.02	0.74	0.74	0	0	0.02
144800	0.03	0.74	0.74	0	0	0.03
144900	0.03	0.74	0.74	0	0	0.03
145000	0.01	0.74	0.74	0	0	0.01
145100	0.02	0.74	0.74	0	0	0.02
145200	0.02	0.74	0.74	0	0	0.02
145300	0.03	0.74	0.74	0	0	0.03
145400	0.01	0.74	0.74	0	0	0.01
145500	0.01	0.74	0.74	0	0	0.01
145600	0.01	0.74	0.74	0	0	0.01
145700	0.02	0.74	0.74	0	0	0.02
145800	0.02	0.74	0.74	0	0	0.02
145900	0.02	0.74	0.74	0	0	0.02
146000	0.02	0.74	0.74	0	0	0.02
146100	0.02	0.74	0.74	0	0	0.02
146200	0.02	0.74	0.74	0	0	0.02
146300	0.01	0.74	0.74	0	0	0.01
146400	0.01	0.74	0.74	0	0	0.01
146500	0	0.74	0.74	0	0	0
146600	0	0.74	0.74	0	0	0
146700	0	0.74	0.74	0	0	0
146800	0.02	0.74	0.74	0	0	0.02
146900	0.02	0.75	0.75	0	0	0.02
147000	0.02	0.75	0.75	0	0	0.02
147100	0.02	0.75	0.75	0	0	0.02
147200	0.02	0.75	0.75	0	0	0.02
147300	0.01	0.75	0.75	0	0	0.01
147400	0.01	0.75	0.75	0	0	0.01
147500	0.03	0.75	0.75	0	0	0.03
147600	0.03	0.75	0.75	0	0	0.03
147700	0.02	0.75	0.75	0	0	0.02
147800	0.02	0.75	0.75	0	0	0.02
147900	0.01	0.75	0.75	0	0	0.01
148000	0.01	0.75	0.75	0	0	0.01
148100	0	0.75	0.75	0	0	0
148200	0	0.75	0.75	0	0	0
148300	0.01	0.75	0.75	0	0	0.01
148400	0.01	0.75	0.75	0	0	0.01
148500	0.02	0.75	0.75	0	0	0.02
148600	0.01	0.75	0.75	0	0	0.01
148700	0	0.75	0.75	0	0	0
148800	0.02	0.75	0.75	0	0	0.02
148900	0.02	0.75	0.75	0	0	0.02
149000	0.03	0.75	0.75	0	0	0.03
149100	0.03	0.75	0.75	0	0	0.03
149200	0.03	0.75	0.75	0	0	0.03
149300	0.02	0.75	0.75	0	0	0.02
149400	0.01	0.75	0.75	0	0	0.01
149500	0.01	0.75	0.75	0	0	0.01
149600	0.01	0.75	0.75	0	0	0.01
149700	0.01	0.75	0.75	0	0	0.01
149800	0.01	0.75	0.75	0	0	0.01
149900	0.01	0.75	0.75	0	0	0.01
150000	0.01	0.75	0.75	0	0	0.01
150100	0.02	0.75	0.75	0	0	0.02
150200	0.02	0.75	0.75	0	0	0.02
150300	0.02	0.75	0.75	0	0	0.02
150400	0.02	0.75	0.75	0	0	0.02
150500	0.01	0.75	0.75	0	0	0.01
150600	0	0.75	0.75	0	0	0
150700	0	0.75	0.75	0	0	0
150800	0	0.75	0.75	0	0	0
150900	0.02	0.75	0.75	0	0	0.02
151000	0.02	0.75	0.75	0	0	0.02
151100	0.02	0.75	0.75	0	0	0.02
151200	0.02	0.75	0.75	0	0	0.02
151300	0.02	0.75	0.75	0	0	0.02
151400	0.01	0.75	0.75	0	0	0.01
151500	0.02	0.75	0.75	0	0	0.02
151600	0.02	0.75	0.75	0	0	0.02
151700	0.02	0.75	0.75	0	0	0.02
151800	0.02	0.75	0.75	0	0	0.02
151900	0.02	0.75	0.75	0	0	0.02
152000	0.02	0.75	0.75	0	0	0.02
152100	0.02	0.75	0.75	0	0	0.02
152200	0.02	0.75	0.75	0	0	0.02
152300	0.03	0.75	0.75	0	0	0.03
152400	0.03	0.75	0.75	0	0	0.03
152500	0.05	0.75	0.75	0	0	0.05
152600	0.04	0.75	0.75	0	0	0.04
152700	0.04	0.75	0.75	0	0	0.04
152800	0.02	0.75	0.75	0	0	0.02
152900	0.01	0.75	0.75	0	0	0.01
153000	0.01	0.75	0.75	0	0	0.01
153100	0	0.75	0.75	0	0	0
153200	0.01	0.75	0.75	0	0	0.01
153300	0.01	0.75	0.75	0	0	0.01
153400	0.01	0.75	0.75	0	0	0.01
153500	0.03	0.75	0.75	0	0	0.03
153600	0.03	0.75	0.75	0	0	0.03
153700	0.03	0.75	0.75	0	0	0.03
153800	0.01	0.75	0.75	0	0	0.01
153900	0.01	0.75	0.75	0	0	0.01
154000	0.01	0.75	0.75	0	0	0.01
154100	0.03	0.75	0.75	0	0	0.03
154200	0.02	0.75	0.75	0	0	0.02
154300	0.02	0.75	0.75	0	0	0.02
154400	0.02	0.75	0.75	0	0	0.02
154500	0.02	0.75	0.75	0	0	0.02
154600	0.01	0.75	0.75	0	0	0.01
154700	0	0.75	0.75	0	0	0
154800	0.01	0.75	0.75	0	0	0.01
154900	0.01	0.75	0.75	0	0	0.01
155000	0.01	0.75	0.75	0	0	0.01
155100	0.01	0.75	0.75	0	0	0.01
155200	0.01	0.75	0.75	0	0	0.01
155300	0.01	0.75	0.75	0	0	0.01
155400	0	0.75	0.75	0	0	0
155500	0	0.75	0.75	0	0	0
155600	0	0.75	0.75	0	0	0
155700	0.01	0.75	0.75	0	0	0.01
155800	0.01	0.75	0.75	0	0	0.01
155900	0.01	0.75	0.75	0	0	0.01
156000	0.03	0.75	0.75	0	0	0.03
156100	0.03	0.75	0.75	0	0	0.03
156200	0.03	0.75	0.75	0	0	0.03
156300	0.02	0.75	0.75	0	0	0.02
156400	0.02	0.75	0.75	0	0	0.02
156500	0.02	0.75	0.75	0	0	0.02
156600	0.02	0.75	0.75	0	0	0.02
156700	0.02	0.75	0.75	0	0	0.02
156800	0.02	0.75	0.75	0	0	0.02
156900	0.02	0.75	0.75	0	0	0.02
157000	0.02	0.75	0.75	0	0	0.02
157100	0.01	0.75	0.75	0	0	0.01
157200	0	0.75	0.75	0	0	0
157300	0.02	0.75	0.75	0	0	0.02
157400	0.02	0.75	0.75	0	0	0.02
157500	0.02	0.75	0.75	0	0	0.02
157600	0.02	0.75	0.75	0	0	0.02
157700	0.02	0.75	0.75	0	0	0.02
157800	0.02	0.75	0.75	0	0	0.02
157900	0.01	0.75	0.75	0	0	0.01
158000	0.01	0.75	0.75	0	0	0.01
158100	0.02	0.75	0.75	0	0	0.02
158200	0.02	0.75	0.75	0	0	0.02
158300	0.03	0.75	0.75	0	0	0.03
158400	0.03	0.75	0.75	0	0	0.03
158500	0.03	0.75	0.75	0	0	0.03
158600	0.03	0.75	0.75	0	0	0.03
158700	0.02	0.75	0.75	0	0	0.02
158800	0.01	0.75	0.75	0	0	0.01
