100	0.02	0.07	0.07	0	0	0.02
200	0.02	0.07	0.07	0	0	0.02
300	0.02	0.08	0.08	0	0	0.02
400	0.01	0.05	0.05	0	0	0.01
500	0.01	0.04	0.04	0	0	0.01
600	0.01	0.03	0.03	0	0	0.01
700	0.01	0.03	0.03	0	0	0.01
800	0.02	0.03	0.03	0	0	0.02
900	0.01	0.04	0.04	0	0	0.01
1000	0.02	0.04	0.04	0	0	0.02
1100	0.01	0.02	0.02	0	0	0.01
1200	0.02	0.01	0.01	0	0	0.02
1300	0.02	0.03	0.03	0	0	0.02
1400	0.02	0.04	0.04	0	0	0.02
1500	0.02	0.06	0.06	0	0	0.02
1600	0	0.07	0.07	0	0	0
1700	0	0.06	0.06	0	0	0
1800	0.01	0.06	0.06	0	0	0.01
1900	0.01	0.06	0.06	0	0	0.01
2000	0.02	0.06	0.06	0	0	0.02
2100	0.02	0.05	0.05	0	0	0.02
2200	0.02	0.05	0.05	0	0	0.02
2300	0.03	0.05	0.05	0	0	0.03
2400	0	0.04	0.04	0	0	0
2500	0	0.02	0.02	0	0	0
2600	0	0.03	0.03	0	0	0
2700	0	0.03	0.03	0	0	0
2800	0.01	0.03	0.03	0	0	0.01
2900	0.01	0.04	0.04	0	0	0.01
3000	0.01	0.03	0.03	0	0	0.01
3100	0.01	0.02	0.02	0	0	0.01
3200	0.01	0.01	0.01	0	0	0.01
3300	0.01	0.04	0.04	0	0	0.01
3400	0.01	0.05	0.05	0	0	0.01
3500	0.01	0.04	0.04	0	0	0.01
3600	0.01	0.04	0.04	0	0	0.01
3700	0.01	0.03	0.03	0	0	0.01
3800	0.01	0.04	0.04	0	0	0.01
3900	0.02	0.04	0.04	0	0	0.02
4000	0.02	0.03	0.03	0	0	0.02
4100	0.02	0.03	0.03	0	0	0.02
4200	0.02	0.05	0.05	0	0	0.02
4300	0.01	0.07	0.07	0	0	0.01
4400	0	0.04	0.04	0	0	0
4500	0	0.03	0.03	0	0	0
4600	0	0.03	0.03	0	0	0
4700	0.01	0.03	0.03	0	0	0.01
4800	0.02	0.03	0.03	0	0	0.02
4900	0.02	0.04	0.04	0	0	0.02
5000	0.01	0.03	0.03	0	0	0.01
5100	0.01	0.04	0.04	0	0	0.01
5200	0.01	0.03	0.03	0	0	0.01
5300	0.01	0.03	0.03	0	0	0.01
5400	0.01	0.03	0.03	0	0	0.01
5500	0.01	0.03	0.03	0	0	0.01
5600	0.01	0.03	0.03	0	0	0.01
5700	0.02	0.02	0.02	0	0	0.02
5800	0.01	0.02	0.02	0	0	0.01
5900	0.01	0.02	0.02	0	0	0.01
6000	0.01	0.04	0.04	0	0	0.01
6100	0.02	0.04	0.04	0	0	0.02
6200	0.03	0.04	0.04	0	0	0.03
6300	0.02	0.04	0.04	0	0	0.02
6400	0.02	0.04	0.04	0	0	0.02
6500	0.02	0.06	0.06	0	0	0.02
6600	0.04	0.05	0.05	0	0	0.04
6700	0.03	0.08	0.08	0	0	0.03
6800	0.03	0.06	0.06	0	0	0.03
6900	0.01	0.06	0.06	0	0	0.01
7000	0.01	0.06	0.06	0	0	0.01
7100	0	0.04	0.04	0	0	0
7200	0	0.05	0.05	0	0	0
7300	0.02	0.06	0.06	0	0	0.02
7400	0.02	0.07	0.07	0	0	0.02
7500	0.01	0.06	0.06	0	0	0.01
7600	0.01	0.06	0.06	0	0	0.01
7700	0.02	0.05	0.05	0	0	0.02
7800	0.01	0.05	0.05	0	0	0.01
7900	0.04	0.05	0.05	0	0	0.04
8000	0.05	0.02	0.02	0	0	0.05
8100	0.04	0.02	0.02	0	0	0.04
8200	0.03	0.03	0.03	0	0	0.03
8300	0.01	0.05	0.05	0	0	0.01
8400	0	0.05	0.05	0	0	0
8500	0	0.06	0.06	0	0	0
8600	0	0.08	0.08	0	0	0
8700	0	0.08	0.08	0	0	0
8800	0	0.07	0.07	0	0	0
8900	0.02	0.06	0.06	0	0	0.02
9000	0.01	0.07	0.07	0	0	0.01
9100	0.01	0.05	0.05	0	0	0.01
9200	0.02	0.01	0.01	0	0	0.02
9300	0.02	0.01	0.01	0	0	0.02
9400	0.02	0.01	0.01	0	0	0.02
9500	0	0	0	0	0	0
9600	0	0	0	0	0	0
9700	0.01	0.01	0.01	0	0	0.01
9800	0.01	0.01	0.01	0	0	0.01
9900	0.02	0.03	0.03	0	0	0.02
10000	0.01	0.03	0.03	0	0	0.01
10100	0.01	0.03	0.03	0	0	0.01
10200	0.01	0.02	0.02	0	0	0.01
10300	0.01	0.01	0.01	0	0	0.01
10400	0.01	0.02	0.02	0	0	0.01
10500	0	0.04	0.04	0	0	0
10600	0	0.05	0.05	0	0	0
10700	0	0.06	0.06	0	0	0
10800	0.01	0.06	0.06	0	0	0.01
10900	0.02	0.04	0.04	0	0	0.02
11000	0.01	0.03	0.03	0	0	0.01
11100	0.01	0.04	0.04	0	0	0.01
11200	0.01	0.04	0.04	0	0	0.01
11300	0.01	0.05	0.05	0	0	0.01
11400	0	0.06	0.06	0	0	0
11500	0	0.07	0.07	0	0	0
11600	0	0.09	0.09	0	0	0
11700	0	0.11	0.11	0	0	0
11800	0.01	0.1	0.1	0	0	0.01
11900	0.02	0.07	0.07	0	0	0.02
12000	0.01	0.07	0.07	0	0	0.01
12100	0.01	0.07	0.07	0	0	0.01
12200	0.01	0.07	0.07	0	0	0.01
12300	0.01	0.08	0.08	0	0	0.01
12400	0.01	0.09	0.09	0	0	0.01
12500	0.01	0.1	0.1	0	0	0.01
12600	0.01	0.1	0.1	0	0	0.01
12700	0	0.11	0.11	0	0	0
12800	0	0.11	0.11	0	0	0
12900	0	0.12	0.12	0	0	0
13000	0	0.13	0.13	0	0	0
13100	0	0.15	0.15	0	0	0
13200	0	0.15	0.15	0	0	0
13300	0.01	0.14	0.14	0	0	0.01
13400	0.03	0.16	0.16	0	0	0.03
13500	0.02	0.16	0.16	0	0	0.02
13600	0.02	0.15	0.15	0	0	0.02
13700	0.02	0.14	0.14	0	0	0.02
13800	0.01	0.15	0.15	0	0	0.01
13900	0.01	0.15	0.15	0	0	0.01
14000	0	0.16	0.16	0	0	0
14100	0	0.17	0.17	0	0	0
14200	0	0.16	0.16	0	0	0
14300	0	0.16	0.16	0	0	0
14400	0	0.17	0.17	0	0	0
14500	0	0.17	0.17	0	0	0
14600	0	0.17	0.17	0	0	0
14700	0.01	0.16	0.16	0	0	0.01
14800	0.01	0.17	0.17	0	0	0.01
14900	0.01	0.18	0.18	0	0	0.01
15000	0.01	0.17	0.17	0	0	0.01
15100	0	0.16	0.16	0	0	0
15200	0	0.16	0.16	0	0	0
15300	0	0.16	0.16	0	0	0
15400	0	0.18	0.18	0	0	0
15500	0	0.19	0.19	0	0	0
15600	0	0.2	0.2	0	0	0
15700	0	0.2	0.2	0	0	0
15800	0	0.23	0.23	0	0	0
15900	0	0.25	0.25	0	0	0
16000	0.02	0.26	0.26	0	0	0.02
16100	0.02	0.26	0.26	0	0	0.02
16200	0.01	0.25	0.25	0	0	0.01
16300	0	0.24	0.24	0	0	0
16400	0	0.24	0.24	0	0	0
16500	0	0.25	0.25	0	0	0
16600	0	0.25	0.25	0	0	0
16700	0	0.24	0.24	0	0	0
16800	0	0.24	0.24	0	0	0
16900	0	0.24	0.24	0	0	0
17000	0.01	0.26	0.26	0	0	0.01
17100	0.02	0.28	0.28	0	0	0.02
17200	0.04	0.28	0.28	0	0	0.04
17300	0.04	0.27	0.27	0	0	0.04
17400	0.04	0.27	0.27	0	0	0.04
17500	0.04	0.27	0.27	0	0	0.04
17600	0.02	0.28	0.28	0	0	0.02
17700	0.02	0.26	0.26	0	0	0.02
17800	0.01	0.28	0.28	0	0	0.01
17900	0.01	0.29	0.29	0	0	0.01
18000	0.01	0.29	0.29	0	0	0.01
18100	0.02	0.28	0.28	0	0	0.02
18200	0.02	0.29	0.29	0	0	0.02
18300	0.02	0.3	0.3	0	0	0.02
18400	0.01	0.3	0.3	0	0	0.01
18500	0	0.29	0.29	0	0	0
18600	0	0.29	0.29	0	0	0
18700	0	0.28	0.28	0	0	0
18800	0	0.28	0.28	0	0	0
18900	0	0.29	0.29	0	0	0
19000	0	0.29	0.29	0	0	0
19100	0	0.29	0.29	0	0	0
19200	0	0.28	0.28	0	0	0
19300	0	0.28	0.28	0	0	0
19400	0	0.29	0.29	0	0	0
19500	0.01	0.29	0.29	0	0	0.01
19600	0.01	0.29	0.29	0	0	0.01
19700	0.01	0.29	0.29	0	0	0.01
19800	0	0.29	0.29	0	0	0
19900	0	0.29	0.29	0	0	0
20000	0.01	0.29	0.29	0	0	0.01
20100	0.01	0.29	0.29	0	0	0.01
20200	0.01	0.29	0.29	0	0	0.01
20300	0.01	0.29	0.29	0	0	0.01
20400	0.01	0.31	0.31	0	0	0.01
20500	0.01	0.3	0.3	0	0	0.01
20600	0	0.3	0.3	0	0	0
20700	0	0.31	0.31	0	0	0
20800	0	0.32	0.32	0	0	0
20900	0	0.33	0.33	0	0	0
21000	0.01	0.33	0.33	0	0	0.01
21100	0.01	0.33	0.33	0	0	0.01
21200	0.02	0.34	0.34	0	0	0.02
21300	0	0.34	0.34	0	0	0
21400	0	0.35	0.35	0	0	0
21500	0.02	0.34	0.34	0	0	0.02
21600	0.02	0.35	0.35	0	0	0.02
21700	0	0.35	0.35	0	0	0
21800	0.01	0.37	0.37	0	0	0.01
21900	0.01	0.39	0.39	0	0	0.01
22000	0.01	0.4	0.4	0	0	0.01
22100	0.01	0.4	0.4	0	0	0.01
22200	0.01	0.41	0.41	0	0	0.01
22300	0	0.42	0.42	0	0	0
22400	0	0.42	0.42	0	0	0
22500	0	0.41	0.41	0	0	0
22600	0	0.4	0.4	0	0	0
22700	0	0.4	0.4	0	0	0
22800	0	0.4	0.4	0	0	0
22900	0	0.41	0.41	0	0	0
23000	0.01	0.41	0.41	0	0	0.01
23100	0.01	0.41	0.41	0	0	0.01
23200	0.01	0.42	0.42	0	0	0.01
23300	0.01	0.42	0.42	0	0	0.01
23400	0.02	0.42	0.42	0	0	0.02
23500	0.02	0.42	0.42	0	0	0.02
23600	0.02	0.42	0.42	0	0	0.02
23700	0.02	0.42	0.42	0	0	0.02
23800	0.04	0.41	0.41	0	0	0.04
23900	0.02	0.41	0.41	0	0	0.02
24000	0.02	0.41	0.41	0	0	0.02
24100	0.02	0.41	0.41	0	0	0.02
24200	0.01	0.42	0.42	0	0	0.01
24300	0.01	0.42	0.42	0	0	0.01
24400	0	0.42	0.42	0	0	0
24500	0	0.42	0.42	0	0	0
24600	0	0.43	0.43	0	0	0
24700	0	0.43	0.43	0	0	0
24800	0.01	0.43	0.43	0	0	0.01
24900	0.01	0.42	0.42	0	0	0.01
25000	0.01	0.42	0.42	0	0	0.01
25100	0	0.43	0.43	0	0	0
25200	0	0.43	0.43	0	0	0
25300	0	0.43	0.43	0	0	0
25400	0	0.44	0.44	0	0	0
25500	0	0.45	0.45	0	0	0
25600	0	0.46	0.46	0	0	0
25700	0	0.46	0.46	0	0	0
25800	0	0.47	0.47	0	0	0
25900	0	0.47	0.47	0	0	0
26000	0	0.47	0.47	0	0	0
26100	0	0.47	0.47	0	0	0
26200	0.01	0.47	0.47	0	0	0.01
26300	0.01	0.47	0.47	0	0	0.01
26400	0.01	0.47	0.47	0	0	0.01
26500	0.02	0.48	0.48	0	0	0.02
26600	0.02	0.48	0.48	0	0	0.02
26700	0.04	0.49	0.49	0	0	0.04
26800	0.04	0.48	0.48	0	0	0.04
26900	0.04	0.49	0.49	0	0	0.04
27000	0.04	0.5	0.5	0	0	0.04
27100	0.03	0.5	0.5	0	0	0.03
27200	0.02	0.5	0.5	0	0	0.02
27300	0	0.5	0.5	0	0	0
27400	0.01	0.5	0.5	0	0	0.01
27500	0.01	0.5	0.5	0	0	0.01
27600	0.01	0.5	0.5	0	0	0.01
27700	0.02	0.5	0.5	0	0	0.02
27800	0.01	0.5	0.5	0	0	0.01
27900	0.01	0.5	0.5	0	0	0.01
28000	0.02	0.5	0.5	0	0	0.02
28100	0.02	0.51	0.51	0	0	0.02
28200	0	0.52	0.52	0	0	0
28300	0	0.52	0.52	0	0	0
28400	0	0.52	0.52	0	0	0
28500	0	0.52	0.52	0	0	0
28600	0	0.52	0.52	0	0	0
28700	0	0.52	0.52	0	0	0
28800	0	0.54	0.54	0	0	0
28900	0.02	0.54	0.54	0	0	0.02
29000	0.02	0.53	0.53	0	0	0.02
29100	0.02	0.53	0.53	0	0	0.02
29200	0.02	0.53	0.53	0	0	0.02
29300	0.01	0.53	0.53	0	0	0.01
29400	0.01	0.54	0.54	0	0	0.01
29500	0.01	0.54	0.54	0	0	0.01
29600	0.01	0.54	0.54	0	0	0.01
29700	0.01	0.54	0.54	0	0	0.01
29800	0.01	0.55	0.55	0	0	0.01
29900	0.01	0.55	0.55	0	0	0.01
30000	0.01	0.55	0.55	0	0	0.01
30100	0.01	0.55	0.55	0	0	0.01
30200	0.01	0.55	0.55	0	0	0.01
30300	0	0.56	0.56	0	0	0
30400	0.01	0.56	0.56	0	0	0.01
30500	0.01	0.56	0.56	0	0	0.01
30600	0.01	0.57	0.57	0	0	0.01
30700	0.02	0.57	0.57	0	0	0.02
30800	0.02	0.58	0.58	0	0	0.02
30900	0.02	0.58	0.58	0	0	0.02
31000	0.01	0.6	0.6	0	0	0.01
31100	0.01	0.6	0.6	0	0	0.01
31200	0	0.6	0.6	0	0	0
31300	0	0.6	0.6	0	0	0
31400	0.02	0.6	0.6	0	0	0.02
31500	0.03	0.6	0.6	0	0	0.03
31600	0.03	0.6	0.6	0	0	0.03
31700	0.02	0.61	0.61	0	0	0.02
31800	0.03	0.62	0.62	0	0	0.03
31900	0.02	0.62	0.62	0	0	0.02
32000	0.02	0.61	0.61	0	0	0.02
32100	0.02	0.61	0.61	0	0	0.02
32200	0.01	0.6	0.6	0	0	0.01
32300	0	0.6	0.6	0	0	0
32400	0	0.6	0.6	0	0	0
32500	0	0.6	0.6	0	0	0
32600	0	0.6	0.6	0	0	0
32700	0.01	0.6	0.6	0	0	0.01
32800	0.01	0.6	0.6	0	0	0.01
32900	0.02	0.6	0.6	0	0	0.02
33000	0.02	0.6	0.6	0	0	0.02
33100	0.02	0.6	0.6	0	0	0.02
33200	0.02	0.6	0.6	0	0	0.02
33300	0.01	0.61	0.61	0	0	0.01
33400	0.02	0.61	0.61	0	0	0.02
33500	0.01	0.61	0.61	0	0	0.01
33600	0.01	0.61	0.61	0	0	0.01
33700	0.01	0.62	0.62	0	0	0.01
33800	0	0.62	0.62	0	0	0
33900	0.01	0.62	0.62	0	0	0.01
34000	0.01	0.62	0.62	0	0	0.01
34100	0.01	0.62	0.62	0	0	0.01
34200	0.01	0.62	0.62	0	0	0.01
34300	0.02	0.62	0.62	0	0	0.02
34400	0.02	0.64	0.64	0	0	0.02
34500	0.02	0.65	0.65	0	0	0.02
34600	0.02	0.65	0.65	0	0	0.02
34700	0.02	0.64	0.64	0	0	0.02
34800	0.01	0.64	0.64	0	0	0.01
34900	0.01	0.64	0.64	0	0	0.01
35000	0.01	0.64	0.64	0	0	0.01
35100	0.02	0.64	0.64	0	0	0.02
35200	0.02	0.64	0.64	0	0	0.02
35300	0.03	0.64	0.64	0	0	0.03
35400	0.04	0.64	0.64	0	0	0.04
35500	0.03	0.64	0.64	0	0	0.03
35600	0.02	0.64	0.64	0	0	0.02
35700	0.02	0.64	0.64	0	0	0.02
35800	0.02	0.64	0.64	0	0	0.02
35900	0	0.64	0.64	0	0	0
36000	0.02	0.64	0.64	0	0	0.02
36100	0.02	0.64	0.64	0	0	0.02
36200	0.02	0.64	0.64	0	0	0.02
36300	0.02	0.64	0.64	0	0	0.02
36400	0.02	0.64	0.64	0	0	0.02
36500	0.02	0.64	0.64	0	0	0.02
36600	0.01	0.64	0.64	0	0	0.01
36700	0.01	0.64	0.64	0	0	0.01
36800	0.01	0.64	0.64	0	0	0.01
36900	0.01	0.65	0.65	0	0	0.01
37000	0.01	0.65	0.65	0	0	0.01
37100	0.02	0.65	0.65	0	0	0.02
37200	0.01	0.65	0.65	0	0	0.01
37300	0.01	0.65	0.65	0	0	0.01
37400	0.01	0.65	0.65	0	0	0.01
37500	0.02	0.65	0.65	0	0	0.02
37600	0.03	0.65	0.65	0	0	0.03
37700	0.02	0.65	0.65	0	0	0.02
37800	0.03	0.65	0.65	0	0	0.03
37900	0.04	0.65	0.65	0	0	0.04
38000	0.02	0.65	0.65	0	0	0.02
38100	0.02	0.65	0.65	0	0	0.02
38200	0.01	0.65	0.65	0	0	0.01
38300	0.01	0.65	0.65	0	0	0.01
38400	0.03	0.65	0.65	0	0	0.03
38500	0.03	0.65	0.65	0	0	0.03
38600	0.01	0.65	0.65	0	0	0.01
38700	0.01	0.65	0.65	0	0	0.01
38800	0.01	0.66	0.66	0	0	0.01
38900	0	0.66	0.66	0	0	0
39000	0	0.66	0.66	0	0	0
39100	0	0.66	0.66	0	0	0
39200	0	0.66	0.66	0	0	0
39300	0	0.66	0.66	0	0	0
39400	0	0.66	0.66	0	0	0
39500	0.02	0.66	0.66	0	0	0.02
39600	0.02	0.67	0.67	0	0	0.02
39700	0.02	0.67	0.67	0	0	0.02
39800	0.03	0.67	0.67	0	0	0.03
39900	0.05	0.67	0.67	0	0	0.05
40000	0.03	0.67	0.67	0	0	0.03
40100	0.03	0.67	0.67	0	0	0.03
40200	0.02	0.67	0.67	0	0	0.02
40300	0.01	0.67	0.67	0	0	0.01
40400	0	0.67	0.67	0	0	0
40500	0	0.67	0.67	0	0	0
40600	0	0.67	0.67	0	0	0
40700	0.01	0.67	0.67	0	0	0.01
40800	0.01	0.67	0.67	0	0	0.01
40900	0.02	0.67	0.67	0	0	0.02
41000	0.02	0.67	0.67	0	0	0.02
41100	0.02	0.67	0.67	0	0	0.02
41200	0.01	0.67	0.67	0	0	0.01
41300	0.02	0.67	0.67	0	0	0.02
41400	0.02	0.67	0.67	0	0	0.02
41500	0.02	0.67	0.67	0	0	0.02
41600	0.03	0.68	0.68	0	0	0.03
41700	0.03	0.68	0.68	0	0	0.03
41800	0.01	0.68	0.68	0	0	0.01
41900	0.01	0.68	0.68	0	0	0.01
42000	0.02	0.68	0.68	0	0	0.02
42100	0.01	0.68	0.68	0	0	0.01
42200	0.01	0.68	0.68	0	0	0.01
42300	0.01	0.68	0.68	0	0	0.01
42400	0.01	0.68	0.68	0	0	0.01
42500	0.01	0.68	0.68	0	0	0.01
42600	0.01	0.68	0.68	0	0	0.01
42700	0	0.68	0.68	0	0	0
42800	0	0.68	0.68	0	0	0
42900	0.01	0.68	0.68	0	0	0.01
43000	0.01	0.68	0.68	0	0	0.01
43100	0.01	0.68	0.68	0	0	0.01
43200	0.01	0.68	0.68	0	0	0.01
43300	0.01	0.69	0.69	0	0	0.01
43400	0.01	0.7	0.7	0	0	0.01
43500	0.01	0.7	0.7	0	0	0.01
43600	0.01	0.69	0.69	0	0	0.01
43700	0.02	0.69	0.69	0	0	0.02
43800	0.02	0.69	0.69	0	0	0.02
43900	0.02	0.69	0.69	0	0	0.02
44000	0.02	0.69	0.69	0	0	0.02
44100	0.03	0.69	0.69	0	0	0.03
44200	0.05	0.69	0.69	0	0	0.05
44300	0.04	0.69	0.69	0	0	0.04
44400	0.04	0.69	0.69	0	0	0.04
44500	0.04	0.69	0.69	0	0	0.04
44600	0.02	0.7	0.7	0	0	0.02
44700	0.02	0.7	0.7	0	0	0.02
44800	0.02	0.7	0.7	0	0	0.02
44900	0.02	0.7	0.7	0	0	0.02
45000	0.02	0.7	0.7	0	0	0.02
45100	0.01	0.7	0.7	0	0	0.01
45200	0.01	0.7	0.7	0	0	0.01
45300	0.01	0.7	0.7	0	0	0.01
45400	0.01	0.7	0.7	0	0	0.01
45500	0	0.7	0.7	0	0	0
45600	0.01	0.7	0.7	0	0	0.01
45700	0.01	0.7	0.7	0	0	0.01
45800	0.03	0.71	0.71	0	0	0.03
45900	0.03	0.71	0.71	0	0	0.03
46000	0.03	0.71	0.71	0	0	0.03
46100	0.02	0.71	0.71	0	0	0.02
46200	0.04	0.71	0.71	0	0	0.04
46300	0.04	0.71	0.71	0	0	0.04
46400	0.03	0.71	0.71	0	0	0.03
46500	0.02	0.71	0.71	0	0	0.02
46600	0.02	0.71	0.71	0	0	0.02
46700	0.01	0.72	0.72	0	0	0.01
46800	0.01	0.72	0.72	0	0	0.01
46900	0.01	0.72	0.72	0	0	0.01
47000	0.01	0.73	0.73	0	0	0.01
47100	0	0.72	0.72	0	0	0
47200	0.01	0.72	0.72	0	0	0.01
47300	0.01	0.72	0.72	0	0	0.01
47400	0.01	0.72	0.72	0	0	0.01
47500	0.01	0.72	0.72	0	0	0.01
47600	0	0.71	0.71	0	0	0
47700	0.01	0.71	0.71	0	0	0.01
47800	0.01	0.71	0.71	0	0	0.01
47900	0.01	0.71	0.71	0	0	0.01
48000	0.01	0.71	0.71	0	0	0.01
48100	0.02	0.71	0.71	0	0	0.02
48200	0.03	0.71	0.71	0	0	0.03
48300	0.02	0.71	0.71	0	0	0.02
48400	0.02	0.71	0.71	0	0	0.02
48500	0.03	0.72	0.72	0	0	0.03
48600	0	0.72	0.72	0	0	0
48700	0.01	0.72	0.72	0	0	0.01
48800	0.01	0.72	0.72	0	0	0.01
48900	0.01	0.72	0.72	0	0	0.01
49000	0.02	0.72	0.72	0	0	0.02
49100	0.05	0.72	0.72	0	0	0.05
49200	0.05	0.72	0.72	0	0	0.05
49300	0.04	0.72	0.72	0	0	0.04
49400	0.04	0.72	0.72	0	0	0.04
49500	0	0.72	0.72	0	0	0
49600	0.01	0.72	0.72	0	0	0.01
49700	0.01	0.72	0.72	0	0	0.01
49800	0.01	0.72	0.72	0	0	0.01
49900	0.01	0.72	0.72	0	0	0.01
50000	0	0.72	0.72	0	0	0
50100	0.01	0.72	0.72	0	0	0.01
50200	0.02	0.72	0.72	0	0	0.02
50300	0.03	0.72	0.72	0	0	0.03
50400	0.03	0.72	0.72	0	0	0.03
50500	0.03	0.72	0.72	0	0	0.03
50600	0.01	0.72	0.72	0	0	0.01
50700	0.01	0.72	0.72	0	0	0.01
50800	0.01	0.72	0.72	0	0	0.01
50900	0	0.72	0.72	0	0	0
51000	0	0.72	0.72	0	0	0
51100	0	0.72	0.72	0	0	0
51200	0	0.73	0.73	0	0	0
51300	0	0.73	0.73	0	0	0
51400	0	0.73	0.73	0	0	0
51500	0.01	0.73	0.73	0	0	0.01
51600	0.03	0.73	0.73	0	0	0.03
51700	0.03	0.73	0.73	0	0	0.03
51800	0.03	0.73	0.73	0	0	0.03
51900	0.02	0.74	0.74	0	0	0.02
52000	0.02	0.74	0.74	0	0	0.02
52100	0.01	0.74	0.74	0	0	0.01
52200	0.01	0.74	0.74	0	0	0.01
52300	0.02	0.74	0.74	0	0	0.02
52400	0.01	0.74	0.74	0	0	0.01
52500	0.01	0.74	0.74	0	0	0.01
52600	0.01	0.74	0.74	0	0	0.01
52700	0.01	0.74	0.74	0	0	0.01
52800	0	0.74	0.74	0	0	0
52900	0	0.74	0.74	0	0	0
53000	0	0.74	0.74	0	0	0
53100	0	0.74	0.74	0	0	0
53200	0	0.74	0.74	0	0	0
53300	0	0.74	0.74	0	0	0
53400	0	0.74	0.74	0	0	0
53500	0	0.74	0.74	0	0	0
53600	0.03	0.74	0.74	0	0	0.03
53700	0.03	0.74	0.74	0	0	0.03
53800	0.04	0.74	0.74	0	0	0.04
53900	0.05	0.74	0.74	0	0	0.05
54000	0.05	0.74	0.74	0	0	0.05
54100	0.03	0.74	0.74	0	0	0.03
54200	0.02	0.74	0.74	0	0	0.02
54300	0.01	0.74	0.74	0	0	0.01
54400	0.01	0.74	0.74	0	0	0.01
54500	0	0.74	0.74	0	0	0
54600	0.01	0.74	0.74	0	0	0.01
54700	0	0.74	0.74	0	0	0
54800	0.01	0.74	0.74	0	0	0.01
54900	0.01	0.74	0.74	0	0	0.01
55000	0.01	0.74	0.74	0	0	0.01
55100	0.01	0.74	0.74	0	0	0.01
55200	0.01	0.74	0.74	0	0	0.01
55300	0.01	0.74	0.74	0	0	0.01
55400	0.01	0.74	0.74	0	0	0.01
55500	0.01	0.74	0.74	0	0	0.01
55600	0.01	0.74	0.74	0	0	0.01
55700	0.01	0.74	0.74	0	0	0.01
55800	0	0.74	0.74	0	0	0
55900	0	0.74	0.74	0	0	0
56000	0	0.74	0.74	0	0	0
56100	0	0.74	0.74	0	0	0
56200	0	0.74	0.74	0	0	0
56300	0	0.74	0.74	0	0	0
56400	0	0.74	0.74	0	0	0
56500	0	0.74	0.74	0	0	0
56600	0.01	0.74	0.74	0	0	0.01
56700	0.01	0.74	0.74	0	0	0.01
56800	0.02	0.74	0.74	0	0	0.02
56900	0.02	0.74	0.74	0	0	0.02
57000	0.01	0.74	0.74	0	0	0.01
57100	0.01	0.74	0.74	0	0	0.01
57200	0.02	0.74	0.74	0	0	0.02
57300	0.02	0.74	0.74	0	0	0.02
57400	0.02	0.74	0.74	0	0	0.02
57500	0.02	0.74	0.74	0	0	0.02
57600	0.03	0.74	0.74	0	0	0.03
57700	0.03	0.74	0.74	0	0	0.03
57800	0.03	0.74	0.74	0	0	0.03
57900	0.04	0.74	0.74	0	0	0.04
58000	0.02	0.74	0.74	0	0	0.02
58100	0.02	0.74	0.74	0	0	0.02
58200	0.02	0.74	0.74	0	0	0.02
58300	0.02	0.74	0.74	0	0	0.02
58400	0.02	0.74	0.74	0	0	0.02
58500	0.01	0.74	0.74	0	0	0.01
58600	0.01	0.74	0.74	0	0	0.01
58700	0.01	0.74	0.74	0	0	0.01
58800	0	0.74	0.74	0	0	0
58900	0.01	0.74	0.74	0	0	0.01
59000	0.03	0.74	0.74	0	0	0.03
59100	0.02	0.74	0.74	0	0	0.02
59200	0.03	0.74	0.74	0	0	0.03
59300	0.03	0.74	0.74	0	0	0.03
59400	0.02	0.74	0.74	0	0	0.02
59500	0.03	0.74	0.74	0	0	0.03
59600	0.02	0.74	0.74	0	0	0.02
59700	0.01	0.74	0.74	0	0	0.01
59800	0.01	0.74	0.74	0	0	0.01
59900	0.01	0.74	0.74	0	0	0.01
60000	0	0.74	0.74	0	0	0
60100	0	0.74	0.74	0	0	0
60200	0	0.74	0.74	0	0	0
60300	0.01	0.74	0.74	0	0	0.01
60400	0.01	0.74	0.74	0	0	0.01
60500	0.01	0.74	0.74	0	0	0.01
60600	0.01	0.74	0.74	0	0	0.01
60700	0.01	0.74	0.74	0	0	0.01
60800	0.01	0.74	0.74	0	0	0.01
60900	0.02	0.74	0.74	0	0	0.02
61000	0.01	0.74	0.74	0	0	0.01
61100	0.01	0.74	0.74	0	0	0.01
61200	0	0.74	0.74	0	0	0
61300	0	0.73	0.73	0	0	0
61400	0.01	0.73	0.73	0	0	0.01
61500	0.01	0.74	0.74	0	0	0.01
61600	0.01	0.74	0.74	0	0	0.01
61700	0.01	0.74	0.74	0	0	0.01
61800	0.01	0.74	0.74	0	0	0.01
61900	0.01	0.74	0.74	0	0	0.01
62000	0.01	0.74	0.74	0	0	0.01
62100	0.04	0.74	0.74	0	0	0.04
62200	0.03	0.74	0.74	0	0	0.03
62300	0.03	0.74	0.74	0	0	0.03
62400	0.03	0.74	0.74	0	0	0.03
62500	0.03	0.74	0.74	0	0	0.03
62600	0.02	0.74	0.74	0	0	0.02
62700	0.02	0.74	0.74	0	0	0.02
62800	0.02	0.74	0.74	0	0	0.02
62900	0.01	0.74	0.74	0	0	0.01
63000	0.02	0.74	0.74	0	0	0.02
63100	0.01	0.74	0.74	0	0	0.01
63200	0.01	0.74	0.74	0	0	0.01
63300	0	0.74	0.74	0	0	0
63400	0	0.74	0.74	0	0	0
63500	0	0.74	0.74	0	0	0
63600	0.02	0.74	0.74	0	0	0.02
63700	0.02	0.74	0.74	0	0	0.02
63800	0.03	0.74	0.74	0	0	0.03
63900	0.01	0.74	0.74	0	0	0.01
64000	0.01	0.74	0.74	0	0	0.01
64100	0.01	0.74	0.74	0	0	0.01
64200	0.02	0.74	0.74	0	0	0.02
64300	0.02	0.74	0.74	0	0	0.02
64400	0.01	0.74	0.74	0	0	0.01
64500	0.01	0.74	0.74	0	0	0.01
64600	0.01	0.74	0.74	0	0	0.01
64700	0.02	0.74	0.74	0	0	0.02
64800	0.02	0.74	0.74	0	0	0.02
64900	0.01	0.74	0.74	0	0	0.01
65000	0.01	0.74	0.74	0	0	0.01
65100	0.01	0.75	0.75	0	0	0.01
65200	0.01	0.75	0.75	0	0	0.01
65300	0	0.75	0.75	0	0	0
65400	0.02	0.75	0.75	0	0	0.02
65500	0.02	0.75	0.75	0	0	0.02
65600	0.02	0.75	0.75	0	0	0.02
65700	0.02	0.75	0.75	0	0	0.02
65800	0.02	0.75	0.75	0	0	0.02
65900	0.01	0.75	0.75	0	0	0.01
66000	0.02	0.75	0.75	0	0	0.02
66100	0.01	0.75	0.75	0	0	0.01
66200	0.02	0.75	0.75	0	0	0.02
66300	0.02	0.75	0.75	0	0	0.02
66400	0.02	0.75	0.75	0	0	0.02
66500	0.02	0.75	0.75	0	0	0.02
66600	0.01	0.75	0.75	0	0	0.01
66700	0.01	0.75	0.75	0	0	0.01
66800	0	0.75	0.75	0	0	0
66900	0.01	0.75	0.75	0	0	0.01
67000	0.01	0.75	0.75	0	0	0.01
67100	0.03	0.75	0.75	0	0	0.03
67200	0.03	0.75	0.75	0	0	0.03
67300	0.04	0.75	0.75	0	0	0.04
67400	0.04	0.75	0.75	0	0	0.04
67500	0.03	0.75	0.75	0	0	0.03
67600	0.04	0.75	0.75	0	0	0.04
67700	0.04	0.75	0.75	0	0	0.04
67800	0.03	0.75	0.75	0	0	0.03
67900	0.02	0.75	0.75	0	0	0.02
68000	0.02	0.75	0.75	0	0	0.02
68100	0.02	0.75	0.75	0	0	0.02
68200	0.02	0.75	0.75	0	0	0.02
68300	0.01	0.75	0.75	0	0	0.01
68400	0	0.75	0.75	0	0	0
68500	0	0.75	0.75	0	0	0
68600	0	0.75	0.75	0	0	0
68700	0.01	0.75	0.75	0	0	0.01
68800	0.01	0.75	0.75	0	0	0.01
68900	0.01	0.75	0.75	0	0	0.01
69000	0	0.75	0.75	0	0	0
69100	0.01	0.75	0.75	0	0	0.01
69200	0.02	0.75	0.75	0	0	0.02
69300	0.03	0.75	0.75	0	0	0.03
69400	0.02	0.75	0.75	0	0	0.02
69500	0.03	0.75	0.75	0	0	0.03
69600	0.03	0.75	0.75	0	0	0.03
69700	0.05	0.75	0.75	0	0	0.05
69800	0.04	0.75	0.75	0	0	0.04
69900	0.03	0.75	0.75	0	0	0.03
70000	0.03	0.75	0.75	0	0	0.03
70100	0.01	0.75	0.75	0	0	0.01
70200	0.01	0.75	0.75	0	0	0.01
70300	0.01	0.75	0.75	0	0	0.01
70400	0.01	0.75	0.75	0	0	0.01
70500	0	0.75	0.75	0	0	0
70600	0	0.75	0.75	0	0	0
70700	0	0.75	0.75	0	0	0
70800	0	0.75	0.75	0	0	0
70900	0	0.75	0.75	0	0	0
71000	0.01	0.75	0.75	0	0	0.01
71100	0.01	0.75	0.75	0	0	0.01
71200	0.01	0.75	0.75	0	0	0.01
71300	0	0.75	0.75	0	0	0
71400	0	0.75	0.75	0	0	0
71500	0	0.75	0.75	0	0	0
71600	0	0.75	0.75	0	0	0
71700	0	0.75	0.75	0	0	0
71800	0	0.75	0.75	0	0	0
71900	0	0.75	0.75	0	0	0
72000	0.01	0.75	0.75	0	0	0.01
72100	0.01	0.75	0.75	0	0	0.01
72200	0.01	0.75	0.75	0	0	0.01
72300	0.01	0.75	0.75	0	0	0.01
72400	0.01	0.75	0.75	0	0	0.01
72500	0.01	0.75	0.75	0	0	0.01
72600	0	0.75	0.75	0	0	0
72700	0	0.75	0.75	0	0	0
72800	0	0.75	0.75	0	0	0
72900	0	0.75	0.75	0	0	0
73000	0	0.75	0.75	0	0	0
73100	0	0.75	0.75	0	0	0
73200	0	0.75	0.75	0	0	0
73300	0.01	0.75	0.75	0	0	0.01
73400	0.01	0.75	0.75	0	0	0.01
73500	0.01	0.75	0.75	0	0	0.01
73600	0.02	0.75	0.75	0	0	0.02
73700	0.03	0.75	0.75	0	0	0.03
73800	0.03	0.75	0.75	0	0	0.03
73900	0.01	0.75	0.75	0	0	0.01
74000	0.01	0.75	0.75	0	0	0.01
74100	0.01	0.75	0.75	0	0	0.01
74200	0.01	0.75	0.75	0	0	0.01
74300	0.02	0.75	0.75	0	0	0.02
74400	0.01	0.75	0.75	0	0	0.01
74500	0.01	0.75	0.75	0	0	0.01
74600	0.01	0.75	0.75	0	0	0.01
74700	0.01	0.75	0.75	0	0	0.01
74800	0.02	0.75	0.75	0	0	0.02
74900	0.02	0.75	0.75	0	0	0.02
75000	0.03	0.75	0.75	0	0	0.03
75100	0.04	0.75	0.75	0	0	0.04
75200	0.04	0.75	0.75	0	0	0.04
75300	0.04	0.75	0.75	0	0	0.04
75400	0.01	0.75	0.75	0	0	0.01
75500	0	0.75	0.75	0	0	0
75600	0	0.75	0.75	0	0	0
75700	0	0.75	0.75	0	0	0
75800	0	0.75	0.75	0	0	0
75900	0	0.75	0.75	0	0	0
76000	0	0.75	0.75	0	0	0
76100	0	0.75	0.75	0	0	0
76200	0	0.75	0.75	0	0	0
76300	0	0.75	0.75	0	0	0
76400	0	0.75	0.75	0	0	0
76500	0	0.75	0.75	0	0	0
76600	0	0.75	0.75	0	0	0
76700	0	0.75	0.75	0	0	0
76800	0	0.75	0.75	0	0	0
76900	0	0.75	0.75	0	0	0
77000	0	0.75	0.75	0	0	0
77100	0	0.75	0.75	0	0	0
77200	0	0.75	0.75	0	0	0
77300	0	0.75	0.75	0	0	0
77400	0	0.75	0.75	0	0	0
77500	0	0.75	0.75	0	0	0
77600	0.01	0.75	0.75	0	0	0.01
77700	0.02	0.75	0.75	0	0	0.02
77800	0.02	0.75	0.75	0	0	0.02
77900	0.02	0.75	0.75	0	0	0.02
78000	0.02	0.75	0.75	0	0	0.02
78100	0.01	0.75	0.75	0	0	0.01
78200	0	0.75	0.75	0	0	0
78300	0	0.75	0.75	0	0	0
78400	0	0.75	0.75	0	0	0
78500	0	0.75	0.75	0	0	0
78600	0.01	0.75	0.75	0	0	0.01
78700	0.01	0.75	0.75	0	0	0.01
78800	0.01	0.75	0.75	0	0	0.01
78900	0.01	0.75	0.75	0	0	0.01
79000	0.02	0.75	0.75	0	0	0.02
79100	0.02	0.75	0.75	0	0	0.02
79200	0.03	0.75	0.75	0	0	0.03
79300	0.03	0.75	0.75	0	0	0.03
79400	0.03	0.75	0.75	0	0	0.03
79500	0.03	0.75	0.75	0	0	0.03
79600	0.02	0.75	0.75	0	0	0.02
79700	0.02	0.75	0.75	0	0	0.02
79800	0.02	0.75	0.75	0	0	0.02
79900	0.01	0.75	0.75	0	0	0.01
80000	0.01	0.75	0.75	0	0	0.01
80100	0.02	0.75	0.75	0	0	0.02
80200	0.01	0.75	0.75	0	0	0.01
80300	0.01	0.75	0.75	0	0	0.01
80400	0.02	0.75	0.75	0	0	0.02
80500	0.02	0.75	0.75	0	0	0.02
80600	0.01	0.75	0.75	0	0	0.01
80700	0.01	0.75	0.75	0	0	0.01
80800	0.01	0.75	0.75	0	0	0.01
80900	0	0.75	0.75	0	0	0
81000	0	0.75	0.75	0	0	0
81100	0	0.75	0.75	0	0	0
81200	0	0.75	0.75	0	0	0
81300	0	0.75	0.75	0	0	0
81400	0.01	0.75	0.75	0	0	0.01
81500	0.02	0.75	0.75	0	0	0.02
81600	0.02	0.75	0.75	0	0	0.02
81700	0.02	0.75	0.75	0	0	0.02
81800	0.03	0.75	0.75	0	0	0.03
81900	0.02	0.75	0.75	0	0	0.02
82000	0.02	0.75	0.75	0	0	0.02
82100	0.02	0.75	0.75	0	0	0.02
82200	0.02	0.75	0.75	0	0	0.02
82300	0.02	0.75	0.75	0	0	0.02
82400	0.02	0.75	0.75	0	0	0.02
82500	0.02	0.75	0.75	0	0	0.02
82600	0.03	0.75	0.75	0	0	0.03
82700	0.03	0.75	0.75	0	0	0.03
82800	0.02	0.75	0.75	0	0	0.02
82900	0.02	0.75	0.75	0	0	0.02
83000	0.02	0.75	0.75	0	0	0.02
83100	0.02	0.75	0.75	0	0	0.02
83200	0.02	0.75	0.75	0	0	0.02
83300	0.01	0.75	0.75	0	0	0.01
83400	0.01	0.75	0.75	0	0	0.01
83500	0.01	0.75	0.75	0	0	0.01
83600	0.01	0.75	0.75	0	0	0.01
83700	0.02	0.75	0.75	0	0	0.02
83800	0.01	0.75	0.75	0	0	0.01
83900	0.01	0.75	0.75	0	0	0.01
84000	0.02	0.75	0.75	0	0	0.02
84100	0.02	0.75	0.75	0	0	0.02
84200	0.02	0.75	0.75	0	0	0.02
84300	0.02	0.75	0.75	0	0	0.02
84400	0.02	0.75	0.75	0	0	0.02
84500	0.01	0.75	0.75	0	0	0.01
84600	0.01	0.75	0.75	0	0	0.01
84700	0.02	0.75	0.75	0	0	0.02
84800	0.01	0.75	0.75	0	0	0.01
84900	0.03	0.75	0.75	0	0	0.03
85000	0.04	0.75	0.75	0	0	0.04
85100	0.04	0.75	0.75	0	0	0.04
85200	0.05	0.75	0.75	0	0	0.05
85300	0.04	0.75	0.75	0	0	0.04
85400	0.04	0.75	0.75	0	0	0.04
85500	0.03	0.75	0.75	0	0	0.03
85600	0.01	0.75	0.75	0	0	0.01
85700	0.01	0.75	0.75	0	0	0.01
85800	0.01	0.75	0.75	0	0	0.01
85900	0.01	0.75	0.75	0	0	0.01
86000	0.03	0.75	0.75	0	0	0.03
86100	0.01	0.75	0.75	0	0	0.01
86200	0.04	0.75	0.75	0	0	0.04
86300	0.03	0.75	0.75	0	0	0.03
86400	0.02	0.75	0.75	0	0	0.02
86500	0.02	0.75	0.75	0	0	0.02
86600	0.01	0.75	0.75	0	0	0.01
86700	0	0.75	0.75	0	0	0
86800	0	0.75	0.75	0	0	0
86900	0.02	0.75	0.75	0	0	0.02
87000	0.02	0.75	0.75	0	0	0.02
87100	0.01	0.75	0.75	0	0	0.01
87200	0.01	0.75	0.75	0	0	0.01
87300	0.02	0.75	0.75	0	0	0.02
87400	0.03	0.75	0.75	0	0	0.03
87500	0.01	0.75	0.75	0	0	0.01
87600	0.01	0.75	0.75	0	0	0.01
87700	0.01	0.75	0.75	0	0	0.01
87800	0.01	0.75	0.75	0	0	0.01
87900	0.01	0.75	0.75	0	0	0.01
88000	0	0.75	0.75	0	0	0
88100	0	0.75	0.75	0	0	0
88200	0	0.75	0.75	0	0	0
88300	0	0.75	0.75	0	0	0
88400	0	0.75	0.75	0	0	0
88500	0	0.75	0.75	0	0	0
88600	0.01	0.75	0.75	0	0	0.01
88700	0.01	0.75	0.75	0	0	0.01
88800	0	0.75	0.75	0	0	0
88900	0	0.75	0.75	0	0	0
89000	0.01	0.75	0.75	0	0	0.01
89100	0.01	0.75	0.75	0	0	0.01
89200	0.01	0.75	0.75	0	0	0.01
89300	0.01	0.75	0.75	0	0	0.01
89400	0.01	0.75	0.75	0	0	0.01
89500	0	0.75	0.75	0	0	0
89600	0	0.75	0.75	0	0	0
89700	0	0.75	0.75	0	0	0
89800	0	0.75	0.75	0	0	0
89900	0.01	0.75	0.75	0	0	0.01
90000	0.02	0.75	0.75	0	0	0.02
90100	0.02	0.75	0.75	0	0	0.02
90200	0.02	0.75	0.75	0	0	0.02
90300	0.02	0.75	0.75	0	0	0.02
90400	0.03	0.75	0.75	0	0	0.03
90500	0.01	0.75	0.75	0	0	0.01
90600	0.01	0.75	0.75	0	0	0.01
90700	0.01	0.75	0.75	0	0	0.01
90800	0.01	0.75	0.75	0	0	0.01
90900	0.01	0.75	0.75	0	0	0.01
91000	0.01	0.75	0.75	0	0	0.01
91100	0.01	0.75	0.75	0	0	0.01
91200	0.01	0.75	0.75	0	0	0.01
91300	0.02	0.75	0.75	0	0	0.02
91400	0.02	0.75	0.75	0	0	0.02
91500	0.01	0.75	0.75	0	0	0.01
91600	0.01	0.75	0.75	0	0	0.01
91700	0.02	0.75	0.75	0	0	0.02
91800	0.02	0.75	0.75	0	0	0.02
91900	0.01	0.75	0.75	0	0	0.01
92000	0.02	0.75	0.75	0	0	0.02
92100	0.02	0.75	0.75	0	0	0.02
92200	0.02	0.75	0.75	0	0	0.02
92300	0.02	0.75	0.75	0	0	0.02
92400	0.01	0.75	0.75	0	0	0.01
92500	0.01	0.75	0.75	0	0	0.01
92600	0.01	0.75	0.75	0	0	0.01
92700	0.01	0.75	0.75	0	0	0.01
92800	0.01	0.75	0.75	0	0	0.01
92900	0.01	0.75	0.75	0	0	0.01
93000	0.01	0.75	0.75	0	0	0.01
93100	0.04	0.75	0.75	0	0	0.04
93200	0.04	0.75	0.75	0	0	0.04
93300	0.03	0.75	0.75	0	0	0.03
93400	0.03	0.75	0.75	0	0	0.03
93500	0.02	0.75	0.75	0	0	0.02
93600	0.01	0.75	0.75	0	0	0.01
93700	0	0.75	0.75	0	0	0
93800	0	0.75	0.75	0	0	0
93900	0.01	0.75	0.75	0	0	0.01
94000	0.02	0.75	0.75	0	0	0.02
94100	0.03	0.75	0.75	0	0	0.03
94200	0.03	0.75	0.75	0	0	0.03
94300	0.03	0.75	0.75	0	0	0.03
94400	0.02	0.75	0.75	0	0	0.02
94500	0.01	0.75	0.75	0	0	0.01
94600	0.02	0.75	0.75	0	0	0.02
94700	0.02	0.75	0.75	0	0	0.02
94800	0.02	0.75	0.75	0	0	0.02
94900	0.01	0.75	0.75	0	0	0.01
95000	0.01	0.75	0.75	0	0	0.01
95100	0.01	0.75	0.75	0	0	0.01
95200	0.01	0.75	0.75	0	0	0.01
95300	0.01	0.75	0.75	0	0	0.01
95400	0	0.75	0.75	0	0	0
95500	0	0.75	0.75	0	0	0
95600	0.01	0.75	0.75	0	0	0.01
95700	0.01	0.75	0.75	0	0	0.01
95800	0.01	0.75	0.75	0	0	0.01
95900	0.02	0.75	0.75	0	0	0.02
96000	0	0.75	0.75	0	0	0
96100	0.01	0.75	0.75	0	0	0.01
96200	0.01	0.75	0.75	0	0	0.01
96300	0.01	0.75	0.75	0	0	0.01
96400	0.01	0.75	0.75	0	0	0.01
96500	0.01	0.75	0.75	0	0	0.01
96600	0.02	0.75	0.75	0	0	0.02
96700	0.03	0.75	0.75	0	0	0.03
96800	0.04	0.75	0.75	0	0	0.04
96900	0.04	0.75	0.75	0	0	0.04
97000	0.03	0.75	0.75	0	0	0.03
97100	0.03	0.75	0.75	0	0	0.03
97200	0.02	0.75	0.75	0	0	0.02
97300	0.02	0.75	0.75	0	0	0.02
97400	0.01	0.75	0.75	0	0	0.01
97500	0.01	0.75	0.75	0	0	0.01
97600	0.01	0.75	0.75	0	0	0.01
97700	0.01	0.75	0.75	0	0	0.01
97800	0	0.75	0.75	0	0	0
97900	0	0.75	0.75	0	0	0
98000	0.01	0.75	0.75	0	0	0.01
98100	0.01	0.75	0.75	0	0	0.01
98200	0.02	0.75	0.75	0	0	0.02
98300	0.03	0.75	0.75	0	0	0.03
98400	0.03	0.75	0.75	0	0	0.03
98500	0.02	0.75	0.75	0	0	0.02
98600	0.01	0.75	0.75	0	0	0.01
98700	0.02	0.75	0.75	0	0	0.02
98800	0.02	0.75	0.75	0	0	0.02
98900	0.02	0.75	0.75	0	0	0.02
99000	0.02	0.75	0.75	0	0	0.02
99100	0.02	0.75	0.75	0	0	0.02
99200	0.01	0.75	0.75	0	0	0.01
99300	0.02	0.75	0.75	0	0	0.02
99400	0.01	0.75	0.75	0	0	0.01
99500	0.02	0.75	0.75	0	0	0.02
99600	0.01	0.75	0.75	0	0	0.01
99700	0.01	0.75	0.75	0	0	0.01
99800	0.01	0.75	0.75	0	0	0.01
99900	0.02	0.75	0.75	0	0	0.02
100000	0.02	0.75	0.75	0	0	0.02
100100	0.02	0.75	0.75	0	0	0.02
100200	0.02	0.75	0.75	0	0	0.02
100300	0.01	0.75	0.75	0	0	0.01
100400	0.01	0.75	0.75	0	0	0.01
100500	0.01	0.75	0.75	0	0	0.01
100600	0.01	0.75	0.75	0	0	0.01
100700	0.02	0.75	0.75	0	0	0.02
100800	0.02	0.75	0.75	0	0	0.02
100900	0.02	0.75	0.75	0	0	0.02
101000	0	0.75	0.75	0	0	0
101100	0.01	0.75	0.75	0	0	0.01
101200	0.01	0.75	0.75	0	0	0.01
101300	0	0.75	0.75	0	0	0
101400	0.01	0.75	0.75	0	0	0.01
101500	0.01	0.75	0.75	0	0	0.01
101600	0.01	0.75	0.75	0	0	0.01
101700	0.01	0.75	0.75	0	0	0.01
101800	0.01	0.75	0.75	0	0	0.01
101900	0.01	0.75	0.75	0	0	0.01
102000	0.02	0.75	0.75	0	0	0.02
102100	0.02	0.75	0.75	0	0	0.02
102200	0.01	0.75	0.75	0	0	0.01
102300	0.02	0.75	0.75	0	0	0.02
102400	0.02	0.75	0.75	0	0	0.02
102500	0.02	0.75	0.75	0	0	0.02
102600	0.04	0.75	0.75	0	0	0.04
102700	0.04	0.75	0.75	0	0	0.04
102800	0.04	0.75	0.75	0	0	0.04
102900	0.01	0.75	0.75	0	0	0.01
103000	0.01	0.75	0.75	0	0	0.01
103100	0	0.75	0.75	0	0	0
103200	0	0.75	0.75	0	0	0
103300	0.01	0.75	0.75	0	0	0.01
103400	0.02	0.75	0.75	0	0	0.02
103500	0.02	0.75	0.75	0	0	0.02
103600	0.02	0.75	0.75	0	0	0.02
103700	0.02	0.75	0.75	0	0	0.02
103800	0.04	0.75	0.75	0	0	0.04
103900	0.04	0.75	0.75	0	0	0.04
104000	0.02	0.75	0.75	0	0	0.02
104100	0.02	0.75	0.75	0	0	0.02
104200	0.02	0.75	0.75	0	0	0.02
104300	0.03	0.75	0.75	0	0	0.03
104400	0	0.75	0.75	0	0	0
104500	0.01	0.75	0.75	0	0	0.01
104600	0.02	0.75	0.75	0	0	0.02
104700	0.03	0.75	0.75	0	0	0.03
104800	0.02	0.75	0.75	0	0	0.02
104900	0.02	0.75	0.75	0	0	0.02
105000	0.02	0.75	0.75	0	0	0.02
105100	0.02	0.75	0.75	0	0	0.02
105200	0.02	0.75	0.75	0	0	0.02
105300	0.02	0.75	0.75	0	0	0.02
105400	0.02	0.75	0.75	0	0	0.02
105500	0	0.75	0.75	0	0	0
105600	0	0.75	0.75	0	0	0
105700	0.01	0.75	0.75	0	0	0.01
105800	0.02	0.75	0.75	0	0	0.02
105900	0.02	0.75	0.75	0	0	0.02
106000	0.01	0.75	0.75	0	0	0.01
106100	0.02	0.75	0.75	0	0	0.02
106200	0.02	0.75	0.75	0	0	0.02
106300	0.02	0.75	0.75	0	0	0.02
106400	0.02	0.75	0.75	0	0	0.02
106500	0.01	0.75	0.75	0	0	0.01
106600	0.03	0.75	0.75	0	0	0.03
106700	0.03	0.75	0.75	0	0	0.03
106800	0.02	0.75	0.75	0	0	0.02
106900	0.04	0.75	0.75	0	0	0.04
107000	0.03	0.75	0.75	0	0	0.03
107100	0.02	0.75	0.75	0	0	0.02
107200	0.01	0.75	0.75	0	0	0.01
107300	0.01	0.75	0.75	0	0	0.01
107400	0.01	0.75	0.75	0	0	0.01
107500	0.01	0.74	0.74	0	0	0.01
107600	0.01	0.74	0.74	0	0	0.01
107700	0.01	0.74	0.74	0	0	0.01
107800	0	0.74	0.74	0	0	0
107900	0	0.74	0.74	0	0	0
108000	0.01	0.74	0.74	0	0	0.01
108100	0.02	0.74	0.74	0	0	0.02
108200	0.02	0.74	0.74	0	0	0.02
108300	0.02	0.74	0.74	0	0	0.02
108400	0.03	0.74	0.74	0	0	0.03
108500	0.02	0.74	0.74	0	0	0.02
108600	0.01	0.74	0.74	0	0	0.01
108700	0.02	0.74	0.74	0	0	0.02
108800	0.01	0.74	0.74	0	0	0.01
108900	0.01	0.74	0.74	0	0	0.01
109000	0.03	0.74	0.74	0	0	0.03
109100	0.03	0.74	0.74	0	0	0.03
109200	0.04	0.74	0.74	0	0	0.04
109300	0.02	0.74	0.74	0	0	0.02
109400	0.03	0.74	0.74	0	0	0.03
109500	0.02	0.74	0.74	0	0	0.02
109600	0	0.74	0.74	0	0	0
109700	0.01	0.74	0.74	0	0	0.01
109800	0.02	0.74	0.74	0	0	0.02
109900	0.03	0.74	0.74	0	0	0.03
110000	0.03	0.74	0.74	0	0	0.03
110100	0.03	0.74	0.74	0	0	0.03
110200	0.01	0.74	0.74	0	0	0.01
110300	0.01	0.74	0.74	0	0	0.01
110400	0	0.74	0.74	0	0	0
110500	0	0.74	0.74	0	0	0
110600	0.01	0.74	0.74	0	0	0.01
110700	0.01	0.74	0.74	0	0	0.01
110800	0.01	0.74	0.74	0	0	0.01
110900	0.01	0.74	0.74	0	0	0.01
111000	0.01	0.74	0.74	0	0	0.01
111100	0	0.74	0.74	0	0	0
111200	0	0.74	0.74	0	0	0
111300	0	0.74	0.74	0	0	0
111400	0.01	0.74	0.74	0	0	0.01
111500	0.01	0.74	0.74	0	0	0.01
111600	0	0.74	0.74	0	0	0
111700	0.02	0.74	0.74	0	0	0.02
111800	0.02	0.74	0.74	0	0	0.02
111900	0.03	0.74	0.74	0	0	0.03
112000	0.02	0.74	0.74	0	0	0.02
112100	0.02	0.74	0.74	0	0	0.02
112200	0.02	0.74	0.74	0	0	0.02
112300	0.02	0.74	0.74	0	0	0.02
112400	0.02	0.74	0.74	0	0	0.02
112500	0.01	0.74	0.74	0	0	0.01
112600	0.01	0.74	0.74	0	0	0.01
112700	0	0.74	0.74	0	0	0
112800	0.03	0.74	0.74	0	0	0.03
112900	0.03	0.74	0.74	0	0	0.03
113000	0.04	0.74	0.74	0	0	0.04
113100	0.04	0.74	0.74	0	0	0.04
113200	0.04	0.74	0.74	0	0	0.04
113300	0.01	0.74	0.74	0	0	0.01
113400	0	0.74	0.74	0	0	0
113500	0	0.74	0.74	0	0	0
113600	0	0.74	0.74	0	0	0
113700	0.01	0.74	0.74	0	0	0.01
113800	0.01	0.74	0.74	0	0	0.01
113900	0.02	0.74	0.74	0	0	0.02
114000	0.02	0.74	0.74	0	0	0.02
114100	0.02	0.74	0.74	0	0	0.02
114200	0.01	0.74	0.74	0	0	0.01
114300	0.01	0.74	0.74	0	0	0.01
114400	0.01	0.74	0.74	0	0	0.01
114500	0.01	0.74	0.74	0	0	0.01
114600	0.01	0.74	0.74	0	0	0.01
114700	0.01	0.74	0.74	0	0	0.01
114800	0.02	0.74	0.74	0	0	0.02
114900	0.02	0.74	0.74	0	0	0.02
115000	0.02	0.74	0.74	0	0	0.02
115100	0.02	0.74	0.74	0	0	0.02
115200	0.02	0.74	0.74	0	0	0.02
115300	0.02	0.74	0.74	0	0	0.02
115400	0	0.74	0.74	0	0	0
115500	0	0.74	0.74	0	0	0
115600	0.01	0.74	0.74	0	0	0.01
115700	0.01	0.74	0.74	0	0	0.01
115800	0.01	0.74	0.74	0	0	0.01
115900	0.02	0.74	0.74	0	0	0.02
116000	0.02	0.74	0.74	0	0	0.02
116100	0.02	0.74	0.74	0	0	0.02
116200	0.02	0.74	0.74	0	0	0.02
116300	0.01	0.74	0.74	0	0	0.01
116400	0	0.74	0.74	0	0	0
116500	0	0.74	0.74	0	0	0
116600	0	0.74	0.74	0	0	0
116700	0	0.74	0.74	0	0	0
116800	0.01	0.74	0.74	0	0	0.01
116900	0.03	0.74	0.74	0	0	0.03
117000	0.03	0.74	0.74	0	0	0.03
117100	0.03	0.74	0.74	0	0	0.03
117200	0.02	0.74	0.74	0	0	0.02
117300	0.02	0.74	0.74	0	0	0.02
117400	0.01	0.74	0.74	0	0	0.01
117500	0.01	0.74	0.74	0	0	0.01
117600	0.01	0.74	0.74	0	0	0.01
117700	0.01	0.74	0.74	0	0	0.01
117800	0.01	0.74	0.74	0	0	0.01
117900	0.01	0.74	0.74	0	0	0.01
118000	0.01	0.74	0.74	0	0	0.01
118100	0	0.75	0.75	0	0	0
118200	0.01	0.74	0.74	0	0	0.01
118300	0.01	0.74	0.74	0	0	0.01
118400	0	0.74	0.74	0	0	0
118500	0.01	0.74	0.74	0	0	0.01
118600	0.03	0.74	0.74	0	0	0.03
118700	0.03	0.74	0.74	0	0	0.03
118800	0.03	0.74	0.74	0	0	0.03
118900	0.03	0.74	0.74	0	0	0.03
119000	0.02	0.74	0.74	0	0	0.02
119100	0	0.74	0.74	0	0	0
119200	0	0.74	0.74	0	0	0
119300	0	0.74	0.74	0	0	0
119400	0.01	0.74	0.74	0	0	0.01
119500	0.02	0.73	0.73	0	0	0.02
119600	0.02	0.73	0.73	0	0	0.02
119700	0.02	0.73	0.73	0	0	0.02
119800	0.02	0.73	0.73	0	0	0.02
119900	0.01	0.73	0.73	0	0	0.01
120000	0.01	0.73	0.73	0	0	0.01
120100	0.02	0.73	0.73	0	0	0.02
120200	0.01	0.73	0.73	0	0	0.01
120300	0.01	0.73	0.73	0	0	0.01
120400	0.02	0.73	0.73	0	0	0.02
120500	0.02	0.73	0.73	0	0	0.02
120600	0.01	0.73	0.73	0	0	0.01
120700	0.01	0.73	0.73	0	0	0.01
120800	0.01	0.73	0.73	0	0	0.01
120900	0.01	0.73	0.73	0	0	0.01
121000	0	0.73	0.73	0	0	0
121100	0.01	0.73	0.73	0	0	0.01
121200	0.01	0.73	0.73	0	0	0.01
121300	0.02	0.73	0.73	0	0	0.02
121400	0.02	0.73	0.73	0	0	0.02
121500	0.03	0.73	0.73	0	0	0.03
121600	0.04	0.73	0.73	0	0	0.04
121700	0.03	0.73	0.73	0	0	0.03
121800	0	0.73	0.73	0	0	0
121900	0	0.73	0.73	0	0	0
122000	0	0.73	0.73	0	0	0
122100	0.01	0.73	0.73	0	0	0.01
122200	0.02	0.73	0.73	0	0	0.02
122300	0.03	0.73	0.73	0	0	0.03
122400	0.04	0.73	0.73	0	0	0.04
122500	0.04	0.73	0.73	0	0	0.04
122600	0.04	0.73	0.73	0	0	0.04
122700	0.03	0.73	0.73	0	0	0.03
122800	0.02	0.73	0.73	0	0	0.02
122900	0.01	0.73	0.73	0	0	0.01
123000	0.01	0.73	0.73	0	0	0.01
123100	0.01	0.73	0.73	0	0	0.01
123200	0.01	0.73	0.73	0	0	0.01
123300	0.01	0.73	0.73	0	0	0.01
123400	0.01	0.73	0.73	0	0	0.01
123500	0.01	0.73	0.73	0	0	0.01
123600	0.01	0.73	0.73	0	0	0.01
123700	0.01	0.73	0.73	0	0	0.01
123800	0.01	0.73	0.73	0	0	0.01
123900	0.01	0.73	0.73	0	0	0.01
124000	0.01	0.73	0.73	0	0	0.01
124100	0.01	0.73	0.73	0	0	0.01
124200	0	0.73	0.73	0	0	0
124300	0	0.73	0.73	0	0	0
124400	0.01	0.73	0.73	0	0	0.01
124500	0.01	0.73	0.73	0	0	0.01
124600	0.01	0.73	0.73	0	0	0.01
124700	0.01	0.73	0.73	0	0	0.01
124800	0.02	0.73	0.73	0	0	0.02
124900	0.01	0.73	0.73	0	0	0.01
125000	0.01	0.73	0.73	0	0	0.01
125100	0.01	0.73	0.73	0	0	0.01
125200	0.01	0.73	0.73	0	0	0.01
125300	0.01	0.73	0.73	0	0	0.01
125400	0	0.73	0.73	0	0	0
125500	0	0.73	0.73	0	0	0
125600	0	0.73	0.73	0	0	0
125700	0.02	0.73	0.73	0	0	0.02
125800	0.04	0.73	0.73	0	0	0.04
125900	0.04	0.73	0.73	0	0	0.04
126000	0.06	0.73	0.73	0	0	0.06
126100	0.06	0.73	0.73	0	0	0.06
126200	0.04	0.73	0.73	0	0	0.04
126300	0.04	0.73	0.73	0	0	0.04
126400	0.02	0.73	0.73	0	0	0.02
126500	0.02	0.73	0.73	0	0	0.02
126600	0.01	0.73	0.73	0	0	0.01
126700	0.01	0.73	0.73	0	0	0.01
126800	0.01	0.73	0.73	0	0	0.01
126900	0	0.73	0.73	0	0	0
127000	0	0.73	0.73	0	0	0
127100	0	0.73	0.73	0	0	0
127200	0	0.73	0.73	0	0	0
127300	0	0.73	0.73	0	0	0
127400	0	0.73	0.73	0	0	0
127500	0.01	0.73	0.73	0	0	0.01
127600	0	0.73	0.73	0	0	0
127700	0	0.73	0.73	0	0	0
127800	0	0.73	0.73	0	0	0
127900	0	0.73	0.73	0	0	0
128000	0	0.73	0.73	0	0	0
128100	0	0.73	0.73	0	0	0
128200	0.01	0.73	0.73	0	0	0.01
128300	0	0.73	0.73	0	0	0
128400	0	0.73	0.73	0	0	0
128500	0.01	0.73	0.73	0	0	0.01
128600	0.01	0.73	0.73	0	0	0.01
128700	0.01	0.73	0.73	0	0	0.01
128800	0.02	0.73	0.73	0	0	0.02
128900	0.02	0.73	0.73	0	0	0.02
129000	0.01	0.73	0.73	0	0	0.01
129100	0.01	0.73	0.73	0	0	0.01
129200	0.01	0.73	0.73	0	0	0.01
129300	0	0.73	0.73	0	0	0
129400	0	0.73	0.73	0	0	0
129500	0.01	0.73	0.73	0	0	0.01
129600	0.01	0.72	0.72	0	0	0.01
129700	0.01	0.72	0.72	0	0	0.01
129800	0.01	0.72	0.72	0	0	0.01
129900	0.02	0.72	0.72	0	0	0.02
130000	0.03	0.72	0.72	0	0	0.03
130100	0.03	0.72	0.72	0	0	0.03
130200	0.03	0.72	0.72	0	0	0.03
130300	0.03	0.72	0.72	0	0	0.03
130400	0.03	0.72	0.72	0	0	0.03
130500	0.03	0.72	0.72	0	0	0.03
130600	0.03	0.72	0.72	0	0	0.03
130700	0.01	0.72	0.72	0	0	0.01
130800	0.01	0.72	0.72	0	0	0.01
130900	0.01	0.72	0.72	0	0	0.01
131000	0	0.72	0.72	0	0	0
131100	0	0.72	0.72	0	0	0
131200	0.01	0.72	0.72	0	0	0.01
131300	0.01	0.72	0.72	0	0	0.01
131400	0.01	0.72	0.72	0	0	0.01
131500	0.01	0.72	0.72	0	0	0.01
131600	0	0.72	0.72	0	0	0
131700	0.01	0.72	0.72	0	0	0.01
131800	0.01	0.72	0.72	0	0	0.01
131900	0.01	0.72	0.72	0	0	0.01
132000	0.01	0.72	0.72	0	0	0.01
132100	0.01	0.72	0.72	0	0	0.01
132200	0.01	0.72	0.72	0	0	0.01
132300	0	0.72	0.72	0	0	0
132400	0	0.72	0.72	0	0	0
132500	0	0.72	0.72	0	0	0
132600	0	0.72	0.72	0	0	0
132700	0	0.72	0.72	0	0	0
132800	0	0.72	0.72	0	0	0
132900	0	0.72	0.72	0	0	0
133000	0	0.72	0.72	0	0	0
133100	0	0.72	0.72	0	0	0
133200	0	0.72	0.72	0	0	0
133300	0.01	0.72	0.72	0	0	0.01
133400	0.01	0.72	0.72	0	0	0.01
133500	0	0.72	0.72	0	0	0
133600	0.02	0.72	0.72	0	0	0.02
133700	0.02	0.72	0.72	0	0	0.02
133800	0.02	0.72	0.72	0	0	0.02
133900	0.01	0.72	0.72	0	0	0.01
134000	0.01	0.72	0.72	0	0	0.01
134100	0.01	0.72	0.72	0	0	0.01
134200	0.01	0.72	0.72	0	0	0.01
134300	0.01	0.72	0.72	0	0	0.01
134400	0.01	0.72	0.72	0	0	0.01
134500	0.01	0.71	0.71	0	0	0.01
134600	0.01	0.71	0.71	0	0	0.01
134700	0.01	0.71	0.71	0	0	0.01
134800	0.03	0.71	0.71	0	0	0.03
134900	0.03	0.71	0.71	0	0	0.03
135000	0.03	0.71	0.71	0	0	0.03
135100	0.02	0.71	0.71	0	0	0.02
135200	0.01	0.71	0.71	0	0	0.01
135300	0.01	0.71	0.71	0	0	0.01
135400	0.01	0.71	0.71	0	0	0.01
135500	0.01	0.71	0.71	0	0	0.01
135600	0	0.71	0.71	0	0	0
135700	0	0.71	0.71	0	0	0
135800	0.01	0.72	0.72	0	0	0.01
135900	0.01	0.72	0.72	0	0	0.01
136000	0.01	0.72	0.72	0	0	0.01
136100	0.02	0.72	0.72	0	0	0.02
136200	0.03	0.72	0.72	0	0	0.03
136300	0.04	0.73	0.73	0	0	0.04
136400	0.03	0.73	0.73	0	0	0.03
136500	0.03	0.73	0.73	0	0	0.03
136600	0.02	0.73	0.73	0	0	0.02
136700	0.01	0.73	0.73	0	0	0.01
136800	0.01	0.73	0.73	0	0	0.01
136900	0	0.73	0.73	0	0	0
137000	0.01	0.73	0.73	0	0	0.01
137100	0.01	0.73	0.73	0	0	0.01
137200	0.01	0.73	0.73	0	0	0.01
137300	0.02	0.73	0.73	0	0	0.02
137400	0.03	0.73	0.73	0	0	0.03
137500	0.03	0.73	0.73	0	0	0.03
137600	0.03	0.73	0.73	0	0	0.03
137700	0.02	0.73	0.73	0	0	0.02
137800	0.02	0.73	0.73	0	0	0.02
137900	0.01	0.74	0.74	0	0	0.01
138000	0.01	0.74	0.74	0	0	0.01
138100	0.01	0.74	0.74	0	0	0.01
138200	0.01	0.74	0.74	0	0	0.01
138300	0.01	0.75	0.75	0	0	0.01
138400	0	0.74	0.74	0	0	0
138500	0	0.74	0.74	0	0	0
138600	0	0.74	0.74	0	0	0
138700	0	0.74	0.74	0	0	0
138800	0	0.74	0.74	0	0	0
138900	0.01	0.74	0.74	0	0	0.01
139000	0.01	0.74	0.74	0	0	0.01
139100	0.01	0.74	0.74	0	0	0.01
139200	0.01	0.75	0.75	0	0	0.01
139300	0.01	0.75	0.75	0	0	0.01
139400	0	0.75	0.75	0	0	0
139500	0	0.75	0.75	0	0	0
139600	0.01	0.75	0.75	0	0	0.01
139700	0.01	0.75	0.75	0	0	0.01
139800	0.02	0.75	0.75	0	0	0.02
139900	0.02	0.75	0.75	0	0	0.02
140000	0.03	0.75	0.75	0	0	0.03
140100	0.04	0.75	0.75	0	0	0.04
140200	0.04	0.75	0.75	0	0	0.04
140300	0.04	0.75	0.75	0	0	0.04
140400	0.04	0.75	0.75	0	0	0.04
140500	0.03	0.75	0.75	0	0	0.03
140600	0.02	0.75	0.75	0	0	0.02
140700	0.02	0.75	0.75	0	0	0.02
140800	0.02	0.75	0.75	0	0	0.02
140900	0.02	0.75	0.75	0	0	0.02
141000	0	0.75	0.75	0	0	0
141100	0	0.75	0.75	0	0	0
141200	0	0.75	0.75	0	0	0
141300	0.01	0.75	0.75	0	0	0.01
141400	0.01	0.75	0.75	0	0	0.01
141500	0.01	0.75	0.75	0	0	0.01
141600	0.02	0.75	0.75	0	0	0.02
141700	0.03	0.75	0.75	0	0	0.03
141800	0.03	0.75	0.75	0	0	0.03
141900	0.03	0.75	0.75	0	0	0.03
142000	0.02	0.75	0.75	0	0	0.02
142100	0.02	0.75	0.75	0	0	0.02
142200	0.04	0.75	0.75	0	0	0.04
142300	0.04	0.75	0.75	0	0	0.04
142400	0.03	0.75	0.75	0	0	0.03
142500	0.03	0.75	0.75	0	0	0.03
142600	0.03	0.75	0.75	0	0	0.03
142700	0.02	0.75	0.75	0	0	0.02
142800	0	0.75	0.75	0	0	0
142900	0.01	0.75	0.75	0	0	0.01
143000	0.01	0.75	0.75	0	0	0.01
143100	0.01	0.74	0.74	0	0	0.01
143200	0.01	0.74	0.74	0	0	0.01
143300	0.01	0.74	0.74	0	0	0.01
143400	0.01	0.74	0.74	0	0	0.01
143500	0	0.74	0.74	0	0	0
143600	0.01	0.74	0.74	0	0	0.01
143700	0.01	0.74	0.74	0	0	0.01
143800	0.02	0.74	0.74	0	0	0.02
143900	0.03	0.74	0.74	0	0	0.03
144000	0.03	0.75	0.75	0	0	0.03
144100	0.01	0.75	0.75	0	0	0.01
144200	0.01	0.75	0.75	0	0	0.01
144300	0.01	0.75	0.75	0	0	0.01
144400	0.01	0.75	0.75	0	0	0.01
144500	0.01	0.75	0.75	0	0	0.01
144600	0.01	0.75	0.75	0	0	0.01
144700	0	0.75	0.75	0	0	0
144800	0.01	0.75	0.75	0	0	0.01
144900	0.01	0.75	0.75	0	0	0.01
145000	0.02	0.75	0.75	0	0	0.02
145100	0.01	0.75	0.75	0	0	0.01
145200	0.01	0.75	0.75	0	0	0.01
145300	0.02	0.75	0.75	0	0	0.02
145400	0.02	0.75	0.75	0	0	0.02
145500	0.02	0.75	0.75	0	0	0.02
145600	0	0.75	0.75	0	0	0
145700	0	0.75	0.75	0	0	0
145800	0	0.75	0.75	0	0	0
145900	0.01	0.75	0.75	0	0	0.01
146000	0.01	0.75	0.75	0	0	0.01
146100	0.02	0.75	0.75	0	0	0.02
146200	0.01	0.75	0.75	0	0	0.01
146300	0	0.75	0.75	0	0	0
146400	0	0.75	0.75	0	0	0
146500	0	0.75	0.75	0	0	0
146600	0.01	0.75	0.75	0	0	0.01
146700	0.03	0.75	0.75	0	0	0.03
146800	0.04	0.75	0.75	0	0	0.04
146900	0.04	0.75	0.75	0	0	0.04
147000	0.03	0.75	0.75	0	0	0.03
147100	0.03	0.75	0.75	0	0	0.03
147200	0.03	0.75	0.75	0	0	0.03
147300	0.02	0.75	0.75	0	0	0.02
147400	0.01	0.75	0.75	0	0	0.01
147500	0	0.75	0.75	0	0	0
147600	0.01	0.75	0.75	0	0	0.01
147700	0.01	0.75	0.75	0	0	0.01
147800	0.01	0.75	0.75	0	0	0.01
147900	0.01	0.75	0.75	0	0	0.01
148000	0.01	0.75	0.75	0	0	0.01
148100	0	0.75	0.75	0	0	0
148200	0	0.75	0.75	0	0	0
148300	0	0.75	0.75	0	0	0
148400	0.01	0.75	0.75	0	0	0.01
148500	0.01	0.75	0.75	0	0	0.01
148600	0.02	0.75	0.75	0	0	0.02
148700	0.03	0.75	0.75	0	0	0.03
148800	0.03	0.75	0.75	0	0	0.03
148900	0.04	0.75	0.75	0	0	0.04
149000	0.03	0.75	0.75	0	0	0.03
149100	0.02	0.75	0.75	0	0	0.02
149200	0.01	0.75	0.75	0	0	0.01
149300	0.01	0.75	0.75	0	0	0.01
149400	0.01	0.75	0.75	0	0	0.01
149500	0.01	0.75	0.75	0	0	0.01
149600	0.01	0.75	0.75	0	0	0.01
149700	0.02	0.75	0.75	0	0	0.02
149800	0.02	0.75	0.75	0	0	0.02
149900	0.02	0.75	0.75	0	0	0.02
150000	0.03	0.75	0.75	0	0	0.03
150100	0.02	0.75	0.75	0	0	0.02
150200	0.02	0.75	0.75	0	0	0.02
150300	0.02	0.75	0.75	0	0	0.02
150400	0.02	0.75	0.75	0	0	0.02
150500	0.03	0.75	0.75	0	0	0.03
150600	0.02	0.75	0.75	0	0	0.02
150700	0.03	0.75	0.75	0	0	0.03
150800	0.02	0.75	0.75	0	0	0.02
150900	0.02	0.75	0.75	0	0	0.02
151000	0.01	0.75	0.75	0	0	0.01
151100	0.03	0.75	0.75	0	0	0.03
151200	0.03	0.75	0.75	0	0	0.03
151300	0.02	0.75	0.75	0	0	0.02
151400	0.03	0.75	0.75	0	0	0.03
151500	0.03	0.75	0.75	0	0	0.03
151600	0.01	0.75	0.75	0	0	0.01
151700	0	0.75	0.75	0	0	0
151800	0	0.75	0.75	0	0	0
151900	0	0.75	0.75	0	0	0
152000	0.01	0.75	0.75	0	0	0.01
152100	0.01	0.75	0.75	0	0	0.01
152200	0.01	0.75	0.75	0	0	0.01
152300	0	0.75	0.75	0	0	0
152400	0.01	0.75	0.75	0	0	0.01
152500	0.01	0.75	0.75	0	0	0.01
152600	0.01	0.75	0.75	0	0	0.01
152700	0.01	0.75	0.75	0	0	0.01
152800	0.02	0.75	0.75	0	0	0.02
152900	0.04	0.75	0.75	0	0	0.04
153000	0.04	0.75	0.75	0	0	0.04
153100	0.04	0.75	0.75	0	0	0.04
153200	0.04	0.75	0.75	0	0	0.04
153300	0.02	0.75	0.75	0	0	0.02
153400	0.02	0.75	0.75	0	0	0.02
153500	0.02	0.75	0.75	0	0	0.02
153600	0.02	0.75	0.75	0	0	0.02
153700	0.02	0.75	0.75	0	0	0.02
153800	0.01	0.75	0.75	0	0	0.01
153900	0.01	0.75	0.75	0	0	0.01
154000	0.01	0.75	0.75	0	0	0.01
154100	0.01	0.75	0.75	0	0	0.01
154200	0.01	0.75	0.75	0	0	0.01
154300	0.01	0.75	0.75	0	0	0.01
154400	0.01	0.76	0.76	0	0	0.01
154500	0.02	0.75	0.75	0	0	0.02
154600	0.02	0.75	0.75	0	0	0.02
154700	0.03	0.75	0.75	0	0	0.03
154800	0.02	0.75	0.75	0	0	0.02
154900	0.03	0.75	0.75	0	0	0.03
155000	0.02	0.75	0.75	0	0	0.02
155100	0.02	0.75	0.75	0	0	0.02
155200	0.01	0.75	0.75	0	0	0.01
155300	0.02	0.75	0.75	0	0	0.02
155400	0.03	0.75	0.75	0	0	0.03
155500	0.01	0.75	0.75	0	0	0.01
155600	0.02	0.75	0.75	0	0	0.02
155700	0.02	0.75	0.75	0	0	0.02
155800	0.03	0.75	0.75	0	0	0.03
155900	0.03	0.75	0.75	0	0	0.03
156000	0.03	0.75	0.75	0	0	0.03
156100	0.03	0.75	0.75	0	0	0.03
156200	0.02	0.75	0.75	0	0	0.02
156300	0.02	0.75	0.75	0	0	0.02
156400	0.01	0.75	0.75	0	0	0.01
156500	0.01	0.75	0.75	0	0	0.01
156600	0.02	0.75	0.75	0	0	0.02
156700	0.01	0.75	0.75	0	0	0.01
156800	0.01	0.75	0.75	0	0	0.01
156900	0.01	0.75	0.75	0	0	0.01
157000	0	0.75	0.75	0	0	0
157100	0.02	0.75	0.75	0	0	0.02
157200	0	0.75	0.75	0	0	0
157300	0.01	0.75	0.75	0	0	0.01
157400	0.02	0.75	0.75	0	0	0.02
157500	0.02	0.75	0.75	0	0	0.02
157600	0.03	0.75	0.75	0	0	0.03
157700	0.03	0.75	0.75	0	0	0.03
157800	0.01	0.75	0.75	0	0	0.01
157900	0.01	0.75	0.75	0	0	0.01
158000	0	0.75	0.75	0	0	0
158100	0.01	0.75	0.75	0	0	0.01
158200	0.01	0.75	0.75	0	0	0.01
158300	0.01	0.75	0.75	0	0	0.01
158400	0	0.75	0.75	0	0	0
158500	0	0.75	0.75	0	0	0
158600	0	0.75	0.75	0	0	0
158700	0.01	0.75	0.75	0	0	0.01
158800	0.01	0.75	0.75	0	0	0.01
158900	0.01	0.75	0.75	0	0	0.01
159000	0.01	0.75	0.75	0	0	0.01
159100	0.01	0.75	0.75	0	0	0.01
159200	0.02	0.75	0.75	0	0	0.02
159300	0.02	0.75	0.75	0	0	0.02
159400	0.02	0.75	0.75	0	0	0.02
159500	0.02	0.75	0.75	0	0	0.02
159600	0.02	0.75	0.75	0	0	0.02
159700	0.03	0.75	0.75	0	0	0.03
159800	0.02	0.75	0.75	0	0	0.02
159900	0	0.75	0.75	0	0	0
160000	0.01	0.75	0.75	0	0	0.01
160100	0.01	0.75	0.75	0	0	0.01
160200	0.01	0.75	0.75	0	0	0.01
160300	0.02	0.75	0.75	0	0	0.02
160400	0.02	0.75	0.75	0	0	0.02
160500	0.02	0.75	0.75	0	0	0.02
160600	0.01	0.75	0.75	0	0	0.01
160700	0.01	0.75	0.75	0	0	0.01
160800	0.01	0.75	0.75	0	0	0.01
160900	0	0.75	0.75	0	0	0
161000	0	0.75	0.75	0	0	0
161100	0	0.75	0.75	0	0	0
161200	0.02	0.75	0.75	0	0	0.02
161300	0.03	0.75	0.75	0	0	0.03
161400	0.03	0.75	0.75	0	0	0.03
161500	0.02	0.75	0.75	0	0	0.02
161600	0.03	0.75	0.75	0	0	0.03
161700	0.03	0.75	0.75	0	0	0.03
161800	0.03	0.75	0.75	0	0	0.03
161900	0.04	0.75	0.75	0	0	0.04
162000	0.07	0.75	0.75	0	0	0.07
162100	0.07	0.75	0.75	0	0	0.07
162200	0.04	0.75	0.75	0	0	0.04
162300	0.03	0.75	0.75	0	0	0.03
162400	0.04	0.75	0.75	0	0	0.04
162500	0.02	0.75	0.75	0	0	0.02
162600	0.02	0.75	0.75	0	0	0.02
162700	0.03	0.75	0.75	0	0	0.03
162800	0.02	0.75	0.75	0	0	0.02
162900	0.01	0.75	0.75	0	0	0.01
163000	0.01	0.75	0.75	0	0	0.01
163100	0.02	0.75	0.75	0	0	0.02
163200	0.03	0.75	0.75	0	0	0.03
163300	0.03	0.75	0.75	0	0	0.03
163400	0.03	0.75	0.75	0	0	0.03
163500	0.03	0.75	0.75	0	0	0.03
163600	0.03	0.75	0.75	0	0	0.03
163700	0.02	0.75	0.75	0	0	0.02
163800	0	0.75	0.75	0	0	0
163900	0	0.75	0.75	0	0	0
164000	0	0.75	0.75	0	0	0
164100	0	0.75	0.75	0	0	0
164200	0	0.75	0.75	0	0	0
164300	0	0.75	0.75	0	0	0
164400	0	0.75	0.75	0	0	0
164500	0.01	0.75	0.75	0	0	0.01
164600	0.01	0.75	0.75	0	0	0.01
164700	0.01	0.75	0.75	0	0	0.01
164800	0.01	0.75	0.75	0	0	0.01
164900	0.03	0.75	0.75	0	0	0.03
165000	0.04	0.75	0.75	0	0	0.04
165100	0.04	0.75	0.75	0	0	0.04
165200	0.04	0.75	0.75	0	0	0.04
165300	0.03	0.75	0.75	0	0	0.03
165400	0.03	0.75	0.75	0	0	0.03
165500	0.02	0.75	0.75	0	0	0.02
165600	0	0.75	0.75	0	0	0
165700	0	0.75	0.75	0	0	0
165800	0	0.75	0.75	0	0	0
165900	0.01	0.75	0.75	0	0	0.01
166000	0.01	0.75	0.75	0	0	0.01
166100	0.02	0.75	0.75	0	0	0.02
166200	0.03	0.75	0.75	0	0	0.03
166300	0.03	0.75	0.75	0	0	0.03
166400	0.02	0.75	0.75	0	0	0.02
166500	0.03	0.75	0.75	0	0	0.03
166600	0.03	0.75	0.75	0	0	0.03
166700	0.03	0.75	0.75	0	0	0.03
166800	0.04	0.75	0.75	0	0	0.04
166900	0.03	0.75	0.75	0	0	0.03
167000	0.03	0.75	0.75	0	0	0.03
167100	0.03	0.75	0.75	0	0	0.03
167200	0.02	0.75	0.75	0	0	0.02
167300	0.01	0.75	0.75	0	0	0.01
167400	0.01	0.75	0.75	0	0	0.01
167500	0	0.75	0.75	0	0	0
167600	0	0.75	0.75	0	0	0
167700	0	0.75	0.75	0	0	0
167800	0	0.75	0.75	0	0	0
167900	0	0.75	0.75	0	0	0
168000	0	0.75	0.75	0	0	0
168100	0	0.75	0.75	0	0	0
168200	0	0.75	0.75	0	0	0
168300	0	0.75	0.75	0	0	0
168400	0	0.75	0.75	0	0	0
168500	0	0.75	0.75	0	0	0
168600	0	0.75	0.75	0	0	0
168700	0	0.75	0.75	0	0	0
168800	0	0.75	0.75	0	0	0
168900	0	0.75	0.75	0	0	0
169000	0.01	0.75	0.75	0	0	0.01
169100	0.02	0.75	0.75	0	0	0.02
169200	0.02	0.75	0.75	0	0	0.02
169300	0.02	0.75	0.75	0	0	0.02
169400	0.03	0.75	0.75	0	0	0.03
169500	0.02	0.75	0.75	0	0	0.02
169600	0.01	0.75	0.75	0	0	0.01
169700	0	0.75	0.75	0	0	0
169800	0	0.75	0.75	0	0	0
169900	0	0.75	0.75	0	0	0
170000	0	0.75	0.75	0	0	0
170100	0.01	0.75	0.75	0	0	0.01
170200	0.01	0.75	0.75	0	0	0.01
170300	0.01	0.75	0.75	0	0	0.01
170400	0.01	0.75	0.75	0	0	0.01
170500	0.01	0.75	0.75	0	0	0.01
170600	0.01	0.75	0.75	0	0	0.01
170700	0	0.75	0.75	0	0	0
170800	0	0.75	0.75	0	0	0
170900	0	0.75	0.75	0	0	0
171000	0	0.75	0.75	0	0	0
171100	0	0.75	0.75	0	0	0
171200	0	0.75	0.75	0	0	0
171300	0	0.75	0.75	0	0	0
171400	0	0.75	0.75	0	0	0
171500	0	0.75	0.75	0	0	0
171600	0.01	0.75	0.75	0	0	0.01
171700	0.02	0.75	0.75	0	0	0.02
171800	0.03	0.75	0.75	0	0	0.03
171900	0.01	0.75	0.75	0	0	0.01
172000	0.01	0.75	0.75	0	0	0.01
172100	0.02	0.75	0.75	0	0	0.02
172200	0.02	0.75	0.75	0	0	0.02
172300	0.02	0.75	0.75	0	0	0.02
172400	0.01	0.75	0.75	0	0	0.01
172500	0.01	0.75	0.75	0	0	0.01
172600	0	0.75	0.75	0	0	0
172700	0	0.75	0.75	0	0	0
172800	0	0.75	0.75	0	0	0
172900	0	0.75	0.75	0	0	0
173000	0	0.75	0.75	0	0	0
173100	0	0.75	0.75	0	0	0
173200	0	0.75	0.75	0	0	0
173300	0.01	0.75	0.75	0	0	0.01
173400	0.01	0.75	0.75	0	0	0.01
173500	0.03	0.75	0.75	0	0	0.03
173600	0.03	0.75	0.75	0	0	0.03
173700	0.03	0.75	0.75	0	0	0.03
173800	0.03	0.75	0.75	0	0	0.03
173900	0.01	0.75	0.75	0	0	0.01
174000	0.01	0.75	0.75	0	0	0.01
174100	0	0.75	0.75	0	0	0
174200	0	0.75	0.75	0	0	0
174300	0	0.75	0.75	0	0	0
174400	0	0.75	0.75	0	0	0
174500	0.01	0.75	0.75	0	0	0.01
174600	0.01	0.75	0.75	0	0	0.01
174700	0.01	0.75	0.75	0	0	0.01
174800	0.01	0.75	0.75	0	0	0.01
174900	0.01	0.75	0.75	0	0	0.01
175000	0	0.75	0.75	0	0	0
175100	0	0.75	0.75	0	0	0
175200	0	0.75	0.75	0	0	0
175300	0.01	0.75	0.75	0	0	0.01
175400	0.02	0.75	0.75	0	0	0.02
175500	0.02	0.75	0.75	0	0	0.02
175600	0.01	0.75	0.75	0	0	0.01
175700	0.01	0.75	0.75	0	0	0.01
175800	0.01	0.75	0.75	0	0	0.01
175900	0.01	0.75	0.75	0	0	0.01
176000	0.02	0.75	0.75	0	0	0.02
176100	0.03	0.75	0.75	0	0	0.03
176200	0.02	0.75	0.75	0	0	0.02
176300	0.02	0.75	0.75	0	0	0.02
176400	0.03	0.75	0.75	0	0	0.03
176500	0.03	0.75	0.75	0	0	0.03
176600	0.01	0.75	0.75	0	0	0.01
176700	0.02	0.75	0.75	0	0	0.02
176800	0.02	0.75	0.75	0	0	0.02
176900	0.02	0.75	0.75	0	0	0.02
177000	0.03	0.75	0.75	0	0	0.03
177100	0.02	0.76	0.76	0	0	0.02
177200	0.02	0.75	0.75	0	0	0.02
177300	0.01	0.75	0.75	0	0	0.01
177400	0	0.75	0.75	0	0	0
177500	0	0.75	0.75	0	0	0
177600	0	0.75	0.75	0	0	0
177700	0.01	0.75	0.75	0	0	0.01
177800	0.01	0.75	0.75	0	0	0.01
177900	0.02	0.75	0.75	0	0	0.02
178000	0.02	0.75	0.75	0	0	0.02
178100	0.02	0.75	0.75	0	0	0.02
178200	0.02	0.75	0.75	0	0	0.02
178300	0.02	0.75	0.75	0	0	0.02
178400	0.02	0.75	0.75	0	0	0.02
178500	0.01	0.75	0.75	0	0	0.01
178600	0.01	0.75	0.75	0	0	0.01
178700	0	0.75	0.75	0	0	0
178800	0	0.75	0.75	0	0	0
178900	0	0.75	0.75	0	0	0
179000	0	0.75	0.75	0	0	0
179100	0.01	0.75	0.75	0	0	0.01
179200	0.01	0.75	0.75	0	0	0.01
179300	0	0.75	0.75	0	0	0
179400	0.01	0.75	0.75	0	0	0.01
179500	0.01	0.75	0.75	0	0	0.01
179600	0.03	0.75	0.75	0	0	0.03
179700	0.03	0.75	0.75	0	0	0.03
179800	0.03	0.75	0.75	0	0	0.03
179900	0.01	0.75	0.75	0	0	0.01
180000	0.02	0.75	0.75	0	0	0.02
180100	0.04	0.75	0.75	0	0	0.04
180200	0.04	0.75	0.75	0	0	0.04
180300	0.03	0.75	0.75	0	0	0.03
180400	0.04	0.75	0.75	0	0	0.04
180500	0.04	0.75	0.75	0	0	0.04
180600	0.03	0.75	0.75	0	0	0.03
180700	0.03	0.75	0.75	0	0	0.03
180800	0.01	0.75	0.75	0	0	0.01
180900	0	0.75	0.75	0	0	0
181000	0.02	0.75	0.75	0	0	0.02
181100	0.02	0.75	0.75	0	0	0.02
181200	0.02	0.75	0.75	0	0	0.02
181300	0.03	0.75	0.75	0	0	0.03
181400	0.02	0.75	0.75	0	0	0.02
181500	0.02	0.75	0.75	0	0	0.02
181600	0.03	0.75	0.75	0	0	0.03
181700	0.02	0.75	0.75	0	0	0.02
181800	0.02	0.75	0.75	0	0	0.02
181900	0	0.75	0.75	0	0	0
182000	0.01	0.75	0.75	0	0	0.01
182100	0.01	0.75	0.75	0	0	0.01
182200	0.01	0.75	0.75	0	0	0.01
182300	0.02	0.75	0.75	0	0	0.02
182400	0.02	0.76	0.76	0	0	0.02
182500	0.01	0.76	0.76	0	0	0.01
182600	0.01	0.75	0.75	0	0	0.01
182700	0	0.75	0.75	0	0	0
182800	0	0.75	0.75	0	0	0
182900	0	0.75	0.75	0	0	0
183000	0	0.75	0.75	0	0	0
183100	0	0.75	0.75	0	0	0
183200	0	0.75	0.75	0	0	0
183300	0	0.75	0.75	0	0	0
183400	0	0.75	0.75	0	0	0
183500	0.01	0.75	0.75	0	0	0.01
183600	0.01	0.75	0.75	0	0	0.01
183700	0.01	0.75	0.75	0	0	0.01
183800	0.02	0.75	0.75	0	0	0.02
183900	0.03	0.75	0.75	0	0	0.03
184000	0.01	0.75	0.75	0	0	0.01
184100	0.01	0.75	0.75	0	0	0.01
184200	0.01	0.75	0.75	0	0	0.01
184300	0	0.75	0.75	0	0	0
184400	0	0.75	0.75	0	0	0
184500	0	0.75	0.75	0	0	0
184600	0	0.75	0.75	0	0	0
184700	0	0.75	0.75	0	0	0
184800	0.01	0.75	0.75	0	0	0.01
184900	0.01	0.75	0.75	0	0	0.01
185000	0.02	0.75	0.75	0	0	0.02
185100	0.02	0.75	0.75	0	0	0.02
185200	0.01	0.75	0.75	0	0	0.01
185300	0.04	0.75	0.75	0	0	0.04
185400	0.04	0.75	0.75	0	0	0.04
185500	0.04	0.75	0.75	0	0	0.04
185600	0.04	0.75	0.75	0	0	0.04
185700	0.02	0.75	0.75	0	0	0.02
185800	0.03	0.75	0.75	0	0	0.03
185900	0.01	0.75	0.75	0	0	0.01
186000	0.01	0.75	0.75	0	0	0.01
186100	0.01	0.75	0.75	0	0	0.01
186200	0.01	0.75	0.75	0	0	0.01
186300	0.02	0.75	0.75	0	0	0.02
186400	0.02	0.75	0.75	0	0	0.02
186500	0.02	0.75	0.75	0	0	0.02
186600	0.02	0.75	0.75	0	0	0.02
186700	0.02	0.75	0.75	0	0	0.02
186800	0	0.75	0.75	0	0	0
186900	0	0.75	0.75	0	0	0
187000	0	0.75	0.75	0	0	0
187100	0	0.75	0.75	0	0	0
187200	0	0.75	0.75	0	0	0
187300	0	0.75	0.75	0	0	0
187400	0	0.75	0.75	0	0	0
187500	0.01	0.75	0.75	0	0	0.01
187600	0.01	0.75	0.75	0	0	0.01
187700	0.01	0.75	0.75	0	0	0.01
187800	0.01	0.75	0.75	0	0	0.01
187900	0.01	0.75	0.75	0	0	0.01
188000	0	0.75	0.75	0	0	0
188100	0	0.75	0.75	0	0	0
188200	0	0.75	0.75	0	0	0
188300	0	0.75	0.75	0	0	0
188400	0	0.75	0.75	0	0	0
188500	0	0.75	0.75	0	0	0
188600	0.01	0.75	0.75	0	0	0.01
188700	0.01	0.75	0.75	0	0	0.01
188800	0.01	0.75	0.75	0	0	0.01
188900	0.01	0.75	0.75	0	0	0.01
189000	0.01	0.75	0.75	0	0	0.01
189100	0.01	0.75	0.75	0	0	0.01
189200	0	0.75	0.75	0	0	0
189300	0	0.75	0.75	0	0	0
189400	0	0.75	0.75	0	0	0
189500	0	0.75	0.75	0	0	0
189600	0	0.75	0.75	0	0	0
189700	0	0.75	0.75	0	0	0
189800	0	0.75	0.75	0	0	0
189900	0	0.75	0.75	0	0	0
190000	0	0.75	0.75	0	0	0
190100	0.01	0.75	0.75	0	0	0.01
190200	0.01	0.75	0.75	0	0	0.01
190300	0.01	0.75	0.75	0	0	0.01
190400	0.02	0.75	0.75	0	0	0.02
190500	0.02	0.75	0.75	0	0	0.02
190600	0.02	0.75	0.75	0	0	0.02
190700	0.01	0.75	0.75	0	0	0.01
190800	0.01	0.75	0.75	0	0	0.01
190900	0.02	0.75	0.75	0	0	0.02
191000	0.01	0.75	0.75	0	0	0.01
191100	0.01	0.75	0.75	0	0	0.01
191200	0.02	0.75	0.75	0	0	0.02
191300	0.01	0.75	0.75	0	0	0.01
191400	0.01	0.75	0.75	0	0	0.01
191500	0.01	0.75	0.75	0	0	0.01
191600	0	0.75	0.75	0	0	0
191700	0	0.75	0.75	0	0	0
191800	0.01	0.75	0.75	0	0	0.01
191900	0.01	0.75	0.75	0	0	0.01
192000	0.01	0.75	0.75	0	0	0.01
192100	0.01	0.75	0.75	0	0	0.01
192200	0.02	0.75	0.75	0	0	0.02
192300	0.03	0.75	0.75	0	0	0.03
192400	0.02	0.75	0.75	0	0	0.02
192500	0.03	0.75	0.75	0	0	0.03
192600	0.03	0.75	0.75	0	0	0.03
192700	0.02	0.75	0.75	0	0	0.02
192800	0.02	0.75	0.75	0	0	0.02
192900	0.01	0.75	0.75	0	0	0.01
193000	0.02	0.75	0.75	0	0	0.02
193100	0.02	0.75	0.75	0	0	0.02
193200	0.02	0.75	0.75	0	0	0.02
193300	0.01	0.75	0.75	0	0	0.01
193400	0.02	0.75	0.75	0	0	0.02
193500	0.02	0.75	0.75	0	0	0.02
193600	0	0.75	0.75	0	0	0
193700	0.01	0.75	0.75	0	0	0.01
193800	0.01	0.75	0.75	0	0	0.01
193900	0.02	0.75	0.75	0	0	0.02
194000	0.02	0.75	0.75	0	0	0.02
194100	0.02	0.75	0.75	0	0	0.02
194200	0.04	0.75	0.75	0	0	0.04
194300	0.03	0.75	0.75	0	0	0.03
194400	0.03	0.75	0.75	0	0	0.03
194500	0.02	0.75	0.75	0	0	0.02
194600	0.01	0.75	0.75	0	0	0.01
194700	0	0.75	0.75	0	0	0
194800	0	0.75	0.75	0	0	0
194900	0	0.75	0.75	0	0	0
195000	0	0.75	0.75	0	0	0
195100	0.01	0.75	0.75	0	0	0.01
195200	0.01	0.75	0.75	0	0	0.01
195300	0.01	0.75	0.75	0	0	0.01
195400	0	0.75	0.75	0	0	0
195500	0	0.75	0.75	0	0	0
195600	0	0.75	0.75	0	0	0
195700	0.01	0.75	0.75	0	0	0.01
195800	0.01	0.75	0.75	0	0	0.01
195900	0.02	0.75	0.75	0	0	0.02
196000	0.03	0.75	0.75	0	0	0.03
196100	0.03	0.75	0.75	0	0	0.03
196200	0.03	0.75	0.75	0	0	0.03
196300	0.02	0.75	0.75	0	0	0.02
196400	0	0.75	0.75	0	0	0
196500	0	0.75	0.75	0	0	0
196600	0	0.75	0.75	0	0	0
196700	0	0.75	0.75	0	0	0
196800	0	0.75	0.75	0	0	0
196900	0	0.75	0.75	0	0	0
197000	0.01	0.75	0.75	0	0	0.01
197100	0.01	0.75	0.75	0	0	0.01
197200	0.01	0.75	0.75	0	0	0.01
197300	0.02	0.75	0.75	0	0	0.02
197400	0.03	0.75	0.75	0	0	0.03
197500	0.03	0.75	0.75	0	0	0.03
197600	0.02	0.75	0.75	0	0	0.02
197700	0.01	0.75	0.75	0	0	0.01
197800	0	0.75	0.75	0	0	0
197900	0	0.75	0.75	0	0	0
198000	0	0.75	0.75	0	0	0
198100	0	0.75	0.75	0	0	0
198200	0	0.75	0.75	0	0	0
198300	0	0.75	0.75	0	0	0
198400	0	0.75	0.75	0	0	0
198500	0	0.75	0.75	0	0	0
198600	0	0.75	0.75	0	0	0
198700	0	0.75	0.75	0	0	0
198800	0	0.75	0.75	0	0	0
198900	0.01	0.75	0.75	0	0	0.01
199000	0.02	0.75	0.75	0	0	0.02
199100	0.03	0.75	0.75	0	0	0.03
199200	0.05	0.75	0.75	0	0	0.05
199300	0.05	0.75	0.75	0	0	0.05
199400	0.05	0.75	0.75	0	0	0.05
199500	0.03	0.75	0.75	0	0	0.03
199600	0.02	0.75	0.75	0	0	0.02
199700	0.02	0.75	0.75	0	0	0.02
199800	0.02	0.75	0.75	0	0	0.02
199900	0.01	0.75	0.75	0	0	0.01
200000	0	0.75	0.75	0	0	0
200100	0	0.75	0.75	0	0	0
200200	0	0.75	0.75	0	0	0
200300	0	0.75	0.75	0	0	0
200400	0	0.75	0.75	0	0	0
200500	0	0.75	0.75	0	0	0
200600	0.02	0.75	0.75	0	0	0.02
200700	0.02	0.75	0.75	0	0	0.02
200800	0.02	0.75	0.75	0	0	0.02
200900	0.01	0.75	0.75	0	0	0.01
201000	0.01	0.75	0.75	0	0	0.01
201100	0.01	0.75	0.75	0	0	0.01
201200	0	0.75	0.75	0	0	0
201300	0	0.75	0.75	0	0	0
201400	0	0.75	0.75	0	0	0
201500	0	0.75	0.75	0	0	0
201600	0	0.75	0.75	0	0	0
201700	0	0.75	0.75	0	0	0
201800	0	0.75	0.75	0	0	0
201900	0	0.75	0.75	0	0	0
202000	0	0.75	0.75	0	0	0
202100	0	0.75	0.75	0	0	0
202200	0	0.75	0.75	0	0	0
202300	0	0.75	0.75	0	0	0
202400	0	0.75	0.75	0	0	0
202500	0.01	0.75	0.75	0	0	0.01
202600	0.03	0.75	0.75	0	0	0.03
202700	0.03	0.75	0.75	0	0	0.03
202800	0.03	0.75	0.75	0	0	0.03
202900	0.03	0.75	0.75	0	0	0.03
203000	0.02	0.75	0.75	0	0	0.02
203100	0.02	0.75	0.75	0	0	0.02
203200	0.03	0.75	0.75	0	0	0.03
203300	0.02	0.75	0.75	0	0	0.02
203400	0.02	0.75	0.75	0	0	0.02
203500	0.02	0.75	0.75	0	0	0.02
203600	0.02	0.75	0.75	0	0	0.02
203700	0.02	0.75	0.75	0	0	0.02
203800	0.04	0.75	0.75	0	0	0.04
203900	0.03	0.75	0.75	0	0	0.03
204000	0.01	0.75	0.75	0	0	0.01
204100	0.01	0.75	0.75	0	0	0.01
204200	0.01	0.75	0.75	0	0	0.01
204300	0.01	0.75	0.75	0	0	0.01
204400	0.01	0.75	0.75	0	0	0.01
204500	0	0.75	0.75	0	0	0
204600	0	0.75	0.75	0	0	0
204700	0	0.75	0.75	0	0	0
204800	0.01	0.75	0.75	0	0	0.01
204900	0.01	0.75	0.75	0	0	0.01
205000	0.01	0.75	0.75	0	0	0.01
205100	0.01	0.75	0.75	0	0	0.01
205200	0.02	0.75	0.75	0	0	0.02
205300	0.01	0.75	0.75	0	0	0.01
205400	0.02	0.75	0.75	0	0	0.02
205500	0.03	0.75	0.75	0	0	0.03
205600	0.02	0.75	0.75	0	0	0.02
205700	0.03	0.75	0.75	0	0	0.03
205800	0.04	0.75	0.75	0	0	0.04
205900	0.04	0.75	0.75	0	0	0.04
206000	0.04	0.75	0.75	0	0	0.04
206100	0.04	0.75	0.75	0	0	0.04
206200	0.03	0.75	0.75	0	0	0.03
206300	0.01	0.75	0.75	0	0	0.01
206400	0.02	0.75	0.75	0	0	0.02
206500	0.01	0.75	0.75	0	0	0.01
206600	0.01	0.75	0.75	0	0	0.01
206700	0.01	0.75	0.75	0	0	0.01
206800	0.01	0.75	0.75	0	0	0.01
206900	0.02	0.75	0.75	0	0	0.02
207000	0.01	0.75	0.75	0	0	0.01
207100	0.01	0.75	0.75	0	0	0.01
207200	0.01	0.75	0.75	0	0	0.01
207300	0.02	0.75	0.75	0	0	0.02
207400	0.02	0.75	0.75	0	0	0.02
207500	0.02	0.75	0.75	0	0	0.02
207600	0.02	0.75	0.75	0	0	0.02
207700	0.02	0.75	0.75	0	0	0.02
207800	0.01	0.75	0.75	0	0	0.01
207900	0	0.75	0.75	0	0	0
208000	0	0.75	0.75	0	0	0
208100	0.01	0.75	0.75	0	0	0.01
208200	0.01	0.75	0.75	0	0	0.01
208300	0.01	0.75	0.75	0	0	0.01
208400	0.01	0.75	0.75	0	0	0.01
208500	0.01	0.75	0.75	0	0	0.01
208600	0	0.75	0.75	0	0	0
208700	0	0.75	0.75	0	0	0
208800	0	0.75	0.75	0	0	0
208900	0.01	0.75	0.75	0	0	0.01
209000	0.01	0.75	0.75	0	0	0.01
209100	0.01	0.75	0.75	0	0	0.01
209200	0.01	0.75	0.75	0	0	0.01
209300	0.01	0.75	0.75	0	0	0.01
209400	0.01	0.75	0.75	0	0	0.01
209500	0.02	0.75	0.75	0	0	0.02
209600	0.01	0.75	0.75	0	0	0.01
209700	0.01	0.75	0.75	0	0	0.01
209800	0.01	0.75	0.75	0	0	0.01
209900	0.01	0.75	0.75	0	0	0.01
210000	0.01	0.75	0.75	0	0	0.01
210100	0.02	0.75	0.75	0	0	0.02
210200	0.02	0.75	0.75	0	0	0.02
210300	0.02	0.75	0.75	0	0	0.02
210400	0.02	0.75	0.75	0	0	0.02
210500	0	0.75	0.75	0	0	0
210600	0	0.75	0.75	0	0	0
210700	0	0.75	0.75	0	0	0
210800	0.01	0.75	0.75	0	0	0.01
210900	0.01	0.75	0.75	0	0	0.01
211000	0.01	0.75	0.75	0	0	0.01
211100	0	0.75	0.75	0	0	0
211200	0	0.75	0.75	0	0	0
211300	0.01	0.75	0.75	0	0	0.01
211400	0.01	0.75	0.75	0	0	0.01
211500	0.01	0.75	0.75	0	0	0.01
211600	0.01	0.75	0.75	0	0	0.01
211700	0.02	0.75	0.75	0	0	0.02
211800	0.02	0.75	0.75	0	0	0.02
211900	0.02	0.75	0.75	0	0	0.02
212000	0	0.75	0.75	0	0	0
212100	0.01	0.75	0.75	0	0	0.01
212200	0.01	0.75	0.75	0	0	0.01
212300	0.02	0.75	0.75	0	0	0.02
212400	0.02	0.75	0.75	0	0	0.02
212500	0.03	0.75	0.75	0	0	0.03
212600	0.02	0.75	0.75	0	0	0.02
212700	0.02	0.75	0.75	0	0	0.02
212800	0.03	0.75	0.75	0	0	0.03
212900	0.03	0.75	0.75	0	0	0.03
213000	0.02	0.75	0.75	0	0	0.02
213100	0.01	0.75	0.75	0	0	0.01
213200	0.02	0.75	0.75	0	0	0.02
213300	0.01	0.75	0.75	0	0	0.01
213400	0.01	0.75	0.75	0	0	0.01
213500	0	0.75	0.75	0	0	0
213600	0	0.75	0.75	0	0	0
213700	0	0.75	0.75	0	0	0
213800	0	0.75	0.75	0	0	0
213900	0	0.75	0.75	0	0	0
214000	0	0.75	0.75	0	0	0
214100	0	0.75	0.75	0	0	0
214200	0	0.75	0.75	0	0	0
214300	0	0.75	0.75	0	0	0
214400	0.02	0.75	0.75	0	0	0.02
214500	0.02	0.75	0.75	0	0	0.02
214600	0.02	0.75	0.75	0	0	0.02
214700	0.02	0.75	0.75	0	0	0.02
214800	0.01	0.75	0.75	0	0	0.01
214900	0.01	0.75	0.75	0	0	0.01
215000	0.02	0.75	0.75	0	0	0.02
215100	0.02	0.75	0.75	0	0	0.02
215200	0.02	0.75	0.75	0	0	0.02
215300	0.02	0.75	0.75	0	0	0.02
215400	0.02	0.75	0.75	0	0	0.02
215500	0.01	0.75	0.75	0	0	0.01
215600	0.02	0.75	0.75	0	0	0.02
215700	0.02	0.75	0.75	0	0	0.02
215800	0.01	0.75	0.75	0	0	0.01
215900	0.01	0.75	0.75	0	0	0.01
216000	0.02	0.75	0.75	0	0	0.02
216100	0.03	0.75	0.75	0	0	0.03
216200	0.02	0.75	0.75	0	0	0.02
216300	0.02	0.75	0.75	0	0	0.02
216400	0.02	0.75	0.75	0	0	0.02
216500	0.03	0.75	0.75	0	0	0.03
216600	0.02	0.75	0.75	0	0	0.02
216700	0.02	0.75	0.75	0	0	0.02
216800	0.03	0.75	0.75	0	0	0.03
216900	0.03	0.75	0.75	0	0	0.03
217000	0.03	0.75	0.75	0	0	0.03
217100	0.02	0.75	0.75	0	0	0.02
217200	0.02	0.75	0.75	0	0	0.02
217300	0.01	0.75	0.75	0	0	0.01
217400	0.01	0.75	0.75	0	0	0.01
217500	0.01	0.75	0.75	0	0	0.01
217600	0.01	0.75	0.75	0	0	0.01
217700	0	0.75	0.75	0	0	0
217800	0.01	0.75	0.75	0	0	0.01
217900	0.01	0.75	0.75	0	0	0.01
218000	0.04	0.75	0.75	0	0	0.04
218100	0.05	0.75	0.75	0	0	0.05
218200	0.03	0.75	0.75	0	0	0.03
218300	0.02	0.75	0.75	0	0	0.02
218400	0.01	0.75	0.75	0	0	0.01
218500	0.01	0.75	0.75	0	0	0.01
218600	0	0.75	0.75	0	0	0
218700	0.01	0.75	0.75	0	0	0.01
218800	0.01	0.75	0.75	0	0	0.01
218900	0.03	0.75	0.75	0	0	0.03
219000	0.03	0.75	0.75	0	0	0.03
219100	0.03	0.75	0.75	0	0	0.03
219200	0.03	0.75	0.75	0	0	0.03
219300	0.01	0.75	0.75	0	0	0.01
219400	0.01	0.75	0.75	0	0	0.01
219500	0.01	0.75	0.75	0	0	0.01
219600	0.02	0.75	0.75	0	0	0.02
219700	0.02	0.75	0.75	0	0	0.02
219800	0.01	0.75	0.75	0	0	0.01
219900	0.01	0.75	0.75	0	0	0.01
220000	0.02	0.75	0.75	0	0	0.02
220100	0.02	0.75	0.75	0	0	0.02
220200	0.03	0.75	0.75	0	0	0.03
220300	0.02	0.75	0.75	0	0	0.02
220400	0.03	0.75	0.75	0	0	0.03
220500	0.02	0.75	0.75	0	0	0.02
220600	0	0.75	0.75	0	0	0
220700	0	0.75	0.75	0	0	0
220800	0.02	0.75	0.75	0	0	0.02
220900	0.02	0.75	0.75	0	0	0.02
221000	0.02	0.75	0.75	0	0	0.02
221100	0.02	0.75	0.75	0	0	0.02
221200	0.02	0.75	0.75	0	0	0.02
221300	0.01	0.75	0.75	0	0	0.01
221400	0.01	0.75	0.75	0	0	0.01
221500	0.01	0.75	0.75	0	0	0.01
221600	0.01	0.75	0.75	0	0	0.01
221700	0.01	0.75	0.75	0	0	0.01
221800	0.01	0.75	0.75	0	0	0.01
221900	0.01	0.75	0.75	0	0	0.01
222000	0.01	0.75	0.75	0	0	0.01
222100	0.02	0.75	0.75	0	0	0.02
222200	0.04	0.75	0.75	0	0	0.04
222300	0.04	0.75	0.75	0	0	0.04
222400	0.04	0.75	0.75	0	0	0.04
222500	0.01	0.75	0.75	0	0	0.01
222600	0.01	0.75	0.75	0	0	0.01
222700	0.01	0.75	0.75	0	0	0.01
222800	0.02	0.75	0.75	0	0	0.02
222900	0.03	0.75	0.75	0	0	0.03
223000	0.03	0.75	0.75	0	0	0.03
223100	0.02	0.75	0.75	0	0	0.02
223200	0	0.75	0.75	0	0	0
223300	0	0.75	0.75	0	0	0
223400	0	0.75	0.75	0	0	0
223500	0	0.75	0.75	0	0	0
223600	0	0.75	0.75	0	0	0
223700	0	0.75	0.75	0	0	0
223800	0	0.75	0.75	0	0	0
223900	0.01	0.75	0.75	0	0	0.01
224000	0.02	0.75	0.75	0	0	0.02
224100	0.02	0.75	0.75	0	0	0.02
224200	0.03	0.75	0.75	0	0	0.03
224300	0.02	0.75	0.75	0	0	0.02
224400	0.02	0.75	0.75	0	0	0.02
224500	0.02	0.75	0.75	0	0	0.02
224600	0.02	0.75	0.75	0	0	0.02
224700	0.01	0.75	0.75	0	0	0.01
224800	0	0.75	0.75	0	0	0
224900	0	0.75	0.75	0	0	0
225000	0	0.75	0.75	0	0	0
225100	0.01	0.75	0.75	0	0	0.01
225200	0.02	0.75	0.75	0	0	0.02
225300	0.03	0.75	0.75	0	0	0.03
225400	0.03	0.75	0.75	0	0	0.03
225500	0.02	0.75	0.75	0	0	0.02
225600	0.02	0.75	0.75	0	0	0.02
225700	0.02	0.75	0.75	0	0	0.02
225800	0.02	0.75	0.75	0	0	0.02
225900	0.02	0.75	0.75	0	0	0.02
226000	0.02	0.75	0.75	0	0	0.02
226100	0.01	0.75	0.75	0	0	0.01
226200	0.01	0.75	0.75	0	0	0.01
226300	0.01	0.75	0.75	0	0	0.01
226400	0	0.75	0.75	0	0	0
226500	0	0.75	0.75	0	0	0
226600	0.02	0.75	0.75	0	0	0.02
226700	0.02	0.75	0.75	0	0	0.02
226800	0.02	0.75	0.75	0	0	0.02
226900	0.02	0.75	0.75	0	0	0.02
227000	0.01	0.75	0.75	0	0	0.01
227100	0.03	0.75	0.75	0	0	0.03
227200	0.02	0.75	0.75	0	0	0.02
227300	0.01	0.75	0.75	0	0	0.01
227400	0.01	0.75	0.75	0	0	0.01
227500	0.01	0.75	0.75	0	0	0.01
227600	0.01	0.75	0.75	0	0	0.01
227700	0.01	0.75	0.75	0	0	0.01
227800	0.02	0.75	0.75	0	0	0.02
227900	0.02	0.75	0.75	0	0	0.02
228000	0.04	0.75	0.75	0	0	0.04
228100	0.03	0.75	0.75	0	0	0.03
228200	0.04	0.75	0.75	0	0	0.04
228300	0.03	0.75	0.75	0	0	0.03
228400	0.03	0.75	0.75	0	0	0.03
228500	0.02	0.75	0.75	0	0	0.02
228600	0.01	0.75	0.75	0	0	0.01
228700	0.01	0.75	0.75	0	0	0.01
228800	0	0.75	0.75	0	0	0
228900	0	0.75	0.75	0	0	0
229000	0	0.75	0.75	0	0	0
229100	0	0.75	0.75	0	0	0
229200	0	0.75	0.75	0	0	0
229300	0	0.75	0.75	0	0	0
229400	0	0.75	0.75	0	0	0
229500	0	0.75	0.75	0	0	0
229600	0	0.75	0.75	0	0	0
229700	0	0.75	0.75	0	0	0
229800	0	0.75	0.75	0	0	0
229900	0.01	0.75	0.75	0	0	0.01
230000	0.01	0.75	0.75	0	0	0.01
230100	0.01	0.75	0.75	0	0	0.01
230200	0.02	0.75	0.75	0	0	0.02
230300	0.02	0.75	0.75	0	0	0.02
230400	0.03	0.75	0.75	0	0	0.03
230500	0.02	0.75	0.75	0	0	0.02
230600	0.02	0.75	0.75	0	0	0.02
230700	0.03	0.75	0.75	0	0	0.03
230800	0.01	0.75	0.75	0	0	0.01
230900	0.01	0.75	0.75	0	0	0.01
231000	0.02	0.75	0.75	0	0	0.02
231100	0.02	0.75	0.75	0	0	0.02
231200	0.02	0.75	0.75	0	0	0.02
231300	0.01	0.75	0.75	0	0	0.01
231400	0.01	0.75	0.75	0	0	0.01
231500	0.01	0.75	0.75	0	0	0.01
231600	0.01	0.75	0.75	0	0	0.01
231700	0.01	0.75	0.75	0	0	0.01
231800	0.01	0.75	0.75	0	0	0.01
231900	0.01	0.75	0.75	0	0	0.01
232000	0.01	0.75	0.75	0	0	0.01
232100	0.01	0.75	0.75	0	0	0.01
232200	0.02	0.75	0.75	0	0	0.02
232300	0.02	0.75	0.75	0	0	0.02
232400	0.02	0.75	0.75	0	0	0.02
232500	0.03	0.75	0.75	0	0	0.03
232600	0.04	0.75	0.75	0	0	0.04
232700	0.02	0.75	0.75	0	0	0.02
232800	0	0.75	0.75	0	0	0
232900	0	0.75	0.75	0	0	0
233000	0	0.75	0.75	0	0	0
233100	0	0.75	0.75	0	0	0
233200	0	0.75	0.75	0	0	0
233300	0.01	0.75	0.75	0	0	0.01
233400	0.01	0.75	0.75	0	0	0.01
233500	0.02	0.75	0.75	0	0	0.02
233600	0.01	0.75	0.75	0	0	0.01
233700	0.01	0.75	0.75	0	0	0.01
233800	0.01	0.75	0.75	0	0	0.01
233900	0.02	0.75	0.75	0	0	0.02
234000	0.02	0.75	0.75	0	0	0.02
234100	0.02	0.75	0.75	0	0	0.02
234200	0.01	0.75	0.75	0	0	0.01
234300	0.01	0.75	0.75	0	0	0.01
234400	0	0.75	0.75	0	0	0
234500	0	0.75	0.75	0	0	0
234600	0	0.75	0.75	0	0	0
234700	0	0.75	0.75	0	0	0
234800	0	0.75	0.75	0	0	0
234900	0	0.75	0.75	0	0	0
235000	0.01	0.75	0.75	0	0	0.01
235100	0.01	0.75	0.75	0	0	0.01
235200	0.01	0.75	0.75	0	0	0.01
235300	0.01	0.75	0.75	0	0	0.01
235400	0	0.74	0.74	0	0	0
235500	0	0.74	0.74	0	0	0
235600	0	0.74	0.74	0	0	0
235700	0	0.74	0.74	0	0	0
235800	0	0.74	0.74	0	0	0
235900	0.01	0.74	0.74	0	0	0.01
236000	0.01	0.74	0.74	0	0	0.01
236100	0.02	0.74	0.74	0	0	0.02
236200	0.02	0.74	0.74	0	0	0.02
236300	0.03	0.74	0.74	0	0	0.03
236400	0.01	0.74	0.74	0	0	0.01
236500	0.01	0.74	0.74	0	0	0.01
236600	0	0.74	0.74	0	0	0
236700	0	0.74	0.74	0	0	0
236800	0	0.74	0.74	0	0	0
236900	0	0.74	0.74	0	0	0
237000	0	0.74	0.74	0	0	0
237100	0.01	0.74	0.74	0	0	0.01
237200	0.02	0.74	0.74	0	0	0.02
237300	0.02	0.74	0.74	0	0	0.02
237400	0.01	0.74	0.74	0	0	0.01
237500	0.01	0.74	0.74	0	0	0.01
237600	0.01	0.74	0.74	0	0	0.01
237700	0.01	0.74	0.74	0	0	0.01
237800	0	0.74	0.74	0	0	0
237900	0.01	0.74	0.74	0	0	0.01
238000	0.02	0.74	0.74	0	0	0.02
238100	0.03	0.74	0.74	0	0	0.03
238200	0.02	0.74	0.74	0	0	0.02
238300	0.01	0.74	0.74	0	0	0.01
238400	0.02	0.74	0.74	0	0	0.02
238500	0.02	0.74	0.74	0	0	0.02
238600	0.02	0.74	0.74	0	0	0.02
238700	0.02	0.74	0.74	0	0	0.02
238800	0.01	0.74	0.74	0	0	0.01
238900	0.01	0.74	0.74	0	0	0.01
239000	0	0.74	0.74	0	0	0
239100	0	0.74	0.74	0	0	0
239200	0	0.74	0.74	0	0	0
239300	0.01	0.74	0.74	0	0	0.01
239400	0.01	0.74	0.74	0	0	0.01
239500	0.01	0.74	0.74	0	0	0.01
239600	0.02	0.73	0.73	0	0	0.02
239700	0.02	0.73	0.73	0	0	0.02
239800	0.04	0.73	0.73	0	0	0.04
239900	0.02	0.73	0.73	0	0	0.02
240000	0.02	0.73	0.73	0	0	0.02
240100	0.02	0.73	0.73	0	0	0.02
240200	0.03	0.73	0.73	0	0	0.03
240300	0.02	0.73	0.73	0	0	0.02
240400	0.01	0.73	0.73	0	0	0.01
240500	0.02	0.73	0.73	0	0	0.02
240600	0.02	0.73	0.73	0	0	0.02
240700	0.02	0.73	0.73	0	0	0.02
240800	0.01	0.73	0.73	0	0	0.01
240900	0.02	0.73	0.73	0	0	0.02
241000	0.03	0.73	0.73	0	0	0.03
241100	0.02	0.73	0.73	0	0	0.02
241200	0.04	0.73	0.73	0	0	0.04
241300	0.04	0.73	0.73	0	0	0.04
241400	0.03	0.73	0.73	0	0	0.03
241500	0.02	0.73	0.73	0	0	0.02
241600	0.02	0.73	0.73	0	0	0.02
241700	0.01	0.73	0.73	0	0	0.01
241800	0	0.74	0.74	0	0	0
241900	0.01	0.74	0.74	0	0	0.01
242000	0.02	0.74	0.74	0	0	0.02
242100	0.02	0.74	0.74	0	0	0.02
242200	0.02	0.74	0.74	0	0	0.02
242300	0.02	0.74	0.74	0	0	0.02
242400	0.02	0.74	0.74	0	0	0.02
242500	0.02	0.74	0.74	0	0	0.02
242600	0.01	0.74	0.74	0	0	0.01
242700	0.01	0.74	0.74	0	0	0.01
242800	0.01	0.74	0.74	0	0	0.01
242900	0.02	0.74	0.74	0	0	0.02
243000	0.03	0.74	0.74	0	0	0.03
243100	0	0.74	0.74	0	0	0
243200	0	0.74	0.74	0	0	0
243300	0.02	0.74	0.74	0	0	0.02
243400	0.02	0.74	0.74	0	0	0.02
243500	0.02	0.74	0.74	0	0	0.02
243600	0.03	0.74	0.74	0	0	0.03
243700	0.03	0.74	0.74	0	0	0.03
243800	0.03	0.74	0.74	0	0	0.03
243900	0.03	0.74	0.74	0	0	0.03
244000	0.02	0.74	0.74	0	0	0.02
244100	0.01	0.74	0.74	0	0	0.01
244200	0.02	0.74	0.74	0	0	0.02
244300	0.03	0.74	0.74	0	0	0.03
244400	0.03	0.74	0.74	0	0	0.03
244500	0.02	0.74	0.74	0	0	0.02
244600	0.03	0.74	0.74	0	0	0.03
244700	0.02	0.74	0.74	0	0	0.02
244800	0.01	0.74	0.74	0	0	0.01
244900	0.02	0.74	0.74	0	0	0.02
245000	0.01	0.75	0.75	0	0	0.01
245100	0.01	0.75	0.75	0	0	0.01
245200	0.02	0.75	0.75	0	0	0.02
245300	0.02	0.75	0.75	0	0	0.02
245400	0.02	0.75	0.75	0	0	0.02
245500	0.02	0.75	0.75	0	0	0.02
245600	0.02	0.75	0.75	0	0	0.02
245700	0.01	0.75	0.75	0	0	0.01
245800	0.01	0.75	0.75	0	0	0.01
245900	0.01	0.75	0.75	0	0	0.01
246000	0.03	0.75	0.75	0	0	0.03
246100	0.02	0.75	0.75	0	0	0.02
246200	0.02	0.75	0.75	0	0	0.02
246300	0.01	0.75	0.75	0	0	0.01
246400	0.01	0.75	0.75	0	0	0.01
246500	0.01	0.75	0.75	0	0	0.01
246600	0.01	0.75	0.75	0	0	0.01
246700	0	0.75	0.75	0	0	0
246800	0	0.75	0.75	0	0	0
246900	0	0.75	0.75	0	0	0
247000	0.01	0.75	0.75	0	0	0.01
247100	0.01	0.75	0.75	0	0	0.01
247200	0	0.75	0.75	0	0	0
247300	0.01	0.75	0.75	0	0	0.01
247400	0.01	0.75	0.75	0	0	0.01
247500	0.02	0.75	0.75	0	0	0.02
247600	0.01	0.75	0.75	0	0	0.01
247700	0.02	0.75	0.75	0	0	0.02
247800	0.02	0.75	0.75	0	0	0.02
247900	0.02	0.75	0.75	0	0	0.02
248000	0.02	0.75	0.75	0	0	0.02
248100	0	0.75	0.75	0	0	0
248200	0.03	0.75	0.75	0	0	0.03
248300	0.02	0.75	0.75	0	0	0.02
248400	0.03	0.75	0.75	0	0	0.03
248500	0.02	0.75	0.75	0	0	0.02
248600	0.01	0.75	0.75	0	0	0.01
248700	0.02	0.75	0.75	0	0	0.02
248800	0.04	0.75	0.75	0	0	0.04
248900	0.05	0.75	0.75	0	0	0.05
249000	0.05	0.75	0.75	0	0	0.05
249100	0.04	0.75	0.75	0	0	0.04
249200	0.04	0.75	0.75	0	0	0.04
249300	0.04	0.75	0.75	0	0	0.04
249400	0.04	0.75	0.75	0	0	0.04
249500	0.01	0.75	0.75	0	0	0.01
249600	0	0.75	0.75	0	0	0
249700	0.02	0.75	0.75	0	0	0.02
249800	0.02	0.75	0.75	0	0	0.02
249900	0.03	0.75	0.75	0	0	0.03
250000	0.03	0.75	0.75	0	0	0.03
250100	0.03	0.75	0.75	0	0	0.03
250200	0.03	0.75	0.75	0	0	0.03
250300	0.01	0.75	0.75	0	0	0.01
250400	0.01	0.75	0.75	0	0	0.01
250500	0.01	0.75	0.75	0	0	0.01
250600	0.01	0.75	0.75	0	0	0.01
250700	0	0.75	0.75	0	0	0
250800	0	0.75	0.75	0	0	0
250900	0	0.75	0.75	0	0	0
251000	0.02	0.75	0.75	0	0	0.02
251100	0.02	0.75	0.75	0	0	0.02
251200	0.02	0.75	0.75	0	0	0.02
251300	0.02	0.75	0.75	0	0	0.02
251400	0.02	0.75	0.75	0	0	0.02
251500	0.02	0.75	0.75	0	0	0.02
251600	0.01	0.75	0.75	0	0	0.01
251700	0.02	0.75	0.75	0	0	0.02
251800	0.02	0.75	0.75	0	0	0.02
251900	0.02	0.75	0.75	0	0	0.02
252000	0.02	0.75	0.75	0	0	0.02
252100	0.01	0.75	0.75	0	0	0.01
252200	0	0.74	0.74	0	0	0
252300	0	0.74	0.74	0	0	0
252400	0.01	0.74	0.74	0	0	0.01
252500	0.01	0.74	0.74	0	0	0.01
252600	0.02	0.74	0.74	0	0	0.02
252700	0.02	0.74	0.74	0	0	0.02
252800	0.02	0.74	0.74	0	0	0.02
252900	0.02	0.74	0.74	0	0	0.02
253000	0.02	0.74	0.74	0	0	0.02
253100	0	0.74	0.74	0	0	0
253200	0	0.74	0.74	0	0	0
253300	0.01	0.74	0.74	0	0	0.01
253400	0.01	0.74	0.74	0	0	0.01
253500	0.01	0.74	0.74	0	0	0.01
253600	0.02	0.74	0.74	0	0	0.02
253700	0.03	0.74	0.74	0	0	0.03
253800	0.04	0.74	0.74	0	0	0.04
