100	0.05	0.1	0.1	0	0	0.05
200	0.04	0.12	0.12	0	0	0.04
300	0.04	0.12	0.12	0	0	0.04
400	0.05	0.11	0.11	0	0	0.05
500	0.05	0.11	0.11	0	0	0.05
600	0.05	0.14	0.14	0	0	0.05
700	0.05	0.16	0.16	0	0	0.05
800	0.05	0.14	0.14	0	0	0.05
900	0.05	0.16	0.16	0	0	0.05
1000	0.06	0.15	0.15	0	0	0.06
1100	0.06	0.15	0.15	0	0	0.06
1200	0.06	0.15	0.15	0	0	0.06
1300	0.07	0.17	0.17	0	0	0.07
1400	0.07	0.17	0.17	0	0	0.07
1500	0.08	0.18	0.18	0	0	0.08
1600	0.08	0.16	0.16	0	0	0.08
1700	0.08	0.16	0.16	0	0	0.08
1800	0.08	0.16	0.16	0	0	0.08
1900	0.08	0.16	0.16	0	0	0.08
2000	0.09	0.17	0.17	0	0	0.09
2100	0.09	0.17	0.17	0	0	0.09
2200	0.09	0.17	0.17	0	0	0.09
2300	0.08	0.18	0.18	0	0	0.08
2400	0.08	0.18	0.18	0	0	0.08
2500	0.08	0.19	0.19	0	0	0.08
2600	0.08	0.21	0.21	0	0	0.08
2700	0.09	0.21	0.21	0	0	0.09
2800	0.1	0.23	0.23	0	0	0.1
2900	0.11	0.22	0.22	0	0	0.11
3000	0.1	0.21	0.21	0	0	0.1
3100	0.1	0.2	0.2	0	0	0.1
3200	0.1	0.21	0.21	0	0	0.1
3300	0.1	0.21	0.21	0	0	0.1
3400	0.11	0.22	0.22	0	0	0.11
3500	0.13	0.22	0.22	0	0	0.13
3600	0.17	0.23	0.23	0	0	0.17
3700	0.18	0.24	0.24	0	0	0.18
3800	0.15	0.25	0.25	0	0	0.15
3900	0.15	0.25	0.25	0	0	0.15
4000	0.15	0.26	0.26	0	0	0.15
4100	0.11	0.28	0.28	0	0	0.11
4200	0.09	0.28	0.28	0	0	0.09
4300	0.09	0.26	0.26	0	0	0.09
4400	0.1	0.26	0.26	0	0	0.1
4500	0.1	0.26	0.26	0	0	0.1
4600	0.1	0.25	0.25	0	0	0.1
4700	0.11	0.25	0.25	0	0	0.11
4800	0.08	0.26	0.26	0	0	0.08
4900	0.08	0.26	0.26	0	0	0.08
5000	0.08	0.26	0.26	0	0	0.08
5100	0.08	0.27	0.27	0	0	0.08
5200	0.08	0.27	0.27	0	0	0.08
5300	0.08	0.28	0.28	0	0	0.08
5400	0.1	0.29	0.29	0	0	0.1
5500	0.11	0.3	0.3	0	0	0.11
5600	0.12	0.3	0.3	0	0	0.12
5700	0.12	0.32	0.32	0	0	0.12
5800	0.13	0.33	0.33	0	0	0.13
5900	0.13	0.33	0.33	0	0	0.13
6000	0.12	0.32	0.32	0	0	0.12
6100	0.13	0.32	0.32	0	0	0.13
6200	0.13	0.32	0.32	0	0	0.13
6300	0.13	0.3	0.3	0	0	0.13
6400	0.14	0.3	0.3	0	0	0.14
6500	0.14	0.3	0.3	0	0	0.14
6600	0.16	0.3	0.3	0	0	0.16
6700	0.15	0.31	0.31	0	0	0.15
6800	0.14	0.3	0.3	0	0	0.14
6900	0.14	0.31	0.31	0	0	0.14
7000	0.15	0.31	0.31	0	0	0.15
7100	0.15	0.3	0.3	0	0	0.15
7200	0.15	0.3	0.3	0	0	0.15
7300	0.15	0.29	0.29	0	0	0.15
7400	0.17	0.3	0.3	0	0	0.17
7500	0.18	0.29	0.29	0	0	0.18
7600	0.18	0.29	0.29	0	0	0.18
7700	0.18	0.3	0.3	0	0	0.18
7800	0.18	0.29	0.29	0	0	0.18
7900	0.19	0.3	0.3	0	0	0.19
8000	0.2	0.3	0.3	0	0	0.2
8100	0.19	0.3	0.3	0	0	0.19
8200	0.19	0.31	0.31	0	0	0.19
8300	0.19	0.31	0.31	0	0	0.19
8400	0.19	0.31	0.31	0	0	0.19
8500	0.19	0.31	0.31	0	0	0.19
8600	0.2	0.3	0.3	0	0	0.2
8700	0.2	0.32	0.32	0	0	0.2
8800	0.2	0.33	0.33	0	0	0.2
8900	0.2	0.33	0.33	0	0	0.2
9000	0.2	0.33	0.33	0	0	0.2
9100	0.2	0.3	0.3	0	0	0.2
9200	0.17	0.31	0.31	0	0	0.17
9300	0.17	0.32	0.32	0	0	0.17
9400	0.15	0.32	0.32	0	0	0.15
9500	0.15	0.34	0.34	0	0	0.15
9600	0.14	0.34	0.34	0	0	0.14
9700	0.14	0.34	0.34	0	0	0.14
9800	0.14	0.33	0.33	0	0	0.14
9900	0.15	0.31	0.31	0	0	0.15
10000	0.16	0.32	0.32	0	0	0.16
10100	0.16	0.31	0.31	0	0	0.16
10200	0.17	0.32	0.32	0	0	0.17
10300	0.17	0.31	0.31	0	0	0.17
10400	0.17	0.31	0.31	0	0	0.17
10500	0.16	0.31	0.31	0	0	0.16
10600	0.16	0.31	0.31	0	0	0.16
10700	0.17	0.3	0.3	0	0	0.17
10800	0.17	0.3	0.3	0	0	0.17
10900	0.18	0.32	0.32	0	0	0.18
11000	0.19	0.32	0.32	0	0	0.19
11100	0.19	0.32	0.32	0	0	0.19
11200	0.19	0.34	0.34	0	0	0.19
11300	0.2	0.34	0.34	0	0	0.2
11400	0.2	0.36	0.36	0	0	0.2
11500	0.2	0.36	0.36	0	0	0.2
11600	0.21	0.35	0.35	0	0	0.21
11700	0.21	0.35	0.35	0	0	0.21
11800	0.22	0.36	0.36	0	0	0.22
11900	0.23	0.36	0.36	0	0	0.23
12000	0.22	0.35	0.35	0	0	0.22
12100	0.2	0.35	0.35	0	0	0.2
12200	0.2	0.37	0.37	0	0	0.2
12300	0.21	0.36	0.36	0	0	0.21
12400	0.22	0.36	0.36	0	0	0.22
12500	0.2	0.35	0.35	0	0	0.2
12600	0.2	0.35	0.35	0	0	0.2
12700	0.2	0.35	0.35	0	0	0.2
12800	0.2	0.35	0.35	0	0	0.2
12900	0.2	0.34	0.34	0	0	0.2
13000	0.2	0.35	0.35	0	0	0.2
13100	0.2	0.35	0.35	0	0	0.2
13200	0.19	0.35	0.35	0	0	0.19
13300	0.2	0.34	0.34	0	0	0.2
13400	0.19	0.35	0.35	0	0	0.19
13500	0.19	0.34	0.34	0	0	0.19
13600	0.2	0.34	0.34	0	0	0.2
13700	0.2	0.34	0.34	0	0	0.2
13800	0.2	0.32	0.32	0	0	0.2
13900	0.18	0.32	0.32	0	0	0.18
14000	0.18	0.32	0.32	0	0	0.18
14100	0.18	0.31	0.31	0	0	0.18
14200	0.19	0.31	0.31	0	0	0.19
14300	0.18	0.31	0.31	0	0	0.18
14400	0.19	0.32	0.32	0	0	0.19
14500	0.2	0.31	0.31	0	0	0.2
14600	0.2	0.3	0.3	0	0	0.2
14700	0.2	0.31	0.31	0	0	0.2
14800	0.21	0.31	0.31	0	0	0.21
14900	0.21	0.31	0.31	0	0	0.21
15000	0.21	0.31	0.31	0	0	0.21
15100	0.21	0.31	0.31	0	0	0.21
15200	0.21	0.3	0.3	0	0	0.21
15300	0.21	0.29	0.29	0	0	0.21
15400	0.21	0.28	0.28	0	0	0.21
15500	0.22	0.28	0.28	0	0	0.22
15600	0.23	0.29	0.29	0	0	0.23
15700	0.23	0.32	0.32	0	0	0.23
15800	0.23	0.32	0.32	0	0	0.23
15900	0.22	0.33	0.33	0	0	0.22
16000	0.21	0.33	0.33	0	0	0.21
16100	0.2	0.33	0.33	0	0	0.2
16200	0.2	0.33	0.33	0	0	0.2
16300	0.2	0.33	0.33	0	0	0.2
16400	0.21	0.33	0.33	0	0	0.21
16500	0.22	0.32	0.32	0	0	0.22
16600	0.22	0.32	0.32	0	0	0.22
16700	0.22	0.33	0.33	0	0	0.22
16800	0.22	0.32	0.32	0	0	0.22
16900	0.22	0.32	0.32	0	0	0.22
17000	0.22	0.34	0.34	0	0	0.22
17100	0.22	0.33	0.33	0	0	0.22
17200	0.23	0.33	0.33	0	0	0.23
17300	0.23	0.33	0.33	0	0	0.23
17400	0.23	0.32	0.32	0	0	0.23
17500	0.24	0.32	0.32	0	0	0.24
17600	0.24	0.32	0.32	0	0	0.24
17700	0.23	0.32	0.32	0	0	0.23
17800	0.22	0.33	0.33	0	0	0.22
17900	0.22	0.33	0.33	0	0	0.22
18000	0.21	0.33	0.33	0	0	0.21
18100	0.21	0.36	0.36	0	0	0.21
18200	0.21	0.36	0.36	0	0	0.21
18300	0.21	0.37	0.37	0	0	0.21
18400	0.21	0.37	0.37	0	0	0.21
18500	0.22	0.38	0.38	0	0	0.22
18600	0.23	0.38	0.38	0	0	0.23
18700	0.23	0.38	0.38	0	0	0.23
18800	0.23	0.37	0.37	0	0	0.23
18900	0.23	0.39	0.39	0	0	0.23
19000	0.23	0.4	0.4	0	0	0.23
19100	0.23	0.4	0.4	0	0	0.23
19200	0.22	0.39	0.39	0	0	0.22
19300	0.22	0.39	0.39	0	0	0.22
19400	0.22	0.39	0.39	0	0	0.22
19500	0.23	0.39	0.39	0	0	0.23
19600	0.23	0.39	0.39	0	0	0.23
19700	0.23	0.39	0.39	0	0	0.23
19800	0.24	0.39	0.39	0	0	0.24
19900	0.23	0.41	0.41	0	0	0.23
20000	0.23	0.41	0.41	0	0	0.23
20100	0.22	0.41	0.41	0	0	0.22
20200	0.22	0.4	0.4	0	0	0.22
20300	0.23	0.4	0.4	0	0	0.23
20400	0.22	0.4	0.4	0	0	0.22
20500	0.22	0.39	0.39	0	0	0.22
20600	0.22	0.39	0.39	0	0	0.22
20700	0.23	0.4	0.4	0	0	0.23
20800	0.23	0.39	0.39	0	0	0.23
20900	0.23	0.39	0.39	0	0	0.23
21000	0.24	0.39	0.39	0	0	0.24
21100	0.24	0.39	0.39	0	0	0.24
21200	0.25	0.39	0.39	0	0	0.25
21300	0.25	0.39	0.39	0	0	0.25
21400	0.25	0.39	0.39	0	0	0.25
21500	0.25	0.39	0.39	0	0	0.25
21600	0.24	0.38	0.38	0	0	0.24
21700	0.24	0.38	0.38	0	0	0.24
21800	0.25	0.38	0.38	0	0	0.25
21900	0.25	0.38	0.38	0	0	0.25
22000	0.24	0.38	0.38	0	0	0.24
22100	0.24	0.39	0.39	0	0	0.24
22200	0.24	0.39	0.39	0	0	0.24
22300	0.24	0.39	0.39	0	0	0.24
22400	0.24	0.39	0.39	0	0	0.24
22500	0.24	0.39	0.39	0	0	0.24
22600	0.24	0.4	0.4	0	0	0.24
22700	0.24	0.4	0.4	0	0	0.24
22800	0.24	0.4	0.4	0	0	0.24
22900	0.24	0.4	0.4	0	0	0.24
23000	0.25	0.41	0.41	0	0	0.25
23100	0.25	0.41	0.41	0	0	0.25
23200	0.25	0.41	0.41	0	0	0.25
23300	0.24	0.4	0.4	0	0	0.24
23400	0.23	0.41	0.41	0	0	0.23
23500	0.23	0.4	0.4	0	0	0.23
23600	0.24	0.41	0.41	0	0	0.24
23700	0.24	0.41	0.41	0	0	0.24
23800	0.23	0.4	0.4	0	0	0.23
23900	0.24	0.4	0.4	0	0	0.24
24000	0.24	0.4	0.4	0	0	0.24
24100	0.24	0.4	0.4	0	0	0.24
24200	0.24	0.42	0.42	0	0	0.24
24300	0.25	0.42	0.42	0	0	0.25
24400	0.24	0.43	0.43	0	0	0.24
24500	0.24	0.44	0.44	0	0	0.24
