100	0.06	0.06	0.06	0	0	0.06
200	0.06	0.05	0.05	0	0	0.06
300	0.08	0.05	0.05	0	0	0.08
400	0.06	0.09	0.09	0	0	0.06
500	0.08	0.09	0.09	0	0	0.08
600	0.08	0.1	0.1	0	0	0.08
700	0.06	0.1	0.1	0	0	0.06
800	0.06	0.09	0.09	0	0	0.06
900	0.06	0.09	0.09	0	0	0.06
1000	0.07	0.06	0.06	0	0	0.07
1100	0.08	0.06	0.06	0	0	0.08
1200	0.09	0.06	0.06	0	0	0.09
1300	0.11	0.06	0.06	0	0	0.11
1400	0.11	0.08	0.08	0	0	0.11
1500	0.11	0.07	0.07	0	0	0.11
1600	0.12	0.08	0.08	0	0	0.12
1700	0.12	0.08	0.08	0	0	0.12
1800	0.12	0.1	0.1	0	0	0.12
1900	0.13	0.11	0.11	0	0	0.13
2000	0.14	0.11	0.11	0	0	0.14
2100	0.13	0.12	0.12	0	0	0.13
2200	0.13	0.13	0.13	0	0	0.13
2300	0.12	0.13	0.13	0	0	0.12
2400	0.11	0.13	0.13	0	0	0.11
2500	0.11	0.12	0.12	0	0	0.11
2600	0.11	0.11	0.11	0	0	0.11
2700	0.09	0.1	0.1	0	0	0.09
2800	0.1	0.11	0.11	0	0	0.1
2900	0.1	0.11	0.11	0	0	0.1
3000	0.09	0.11	0.11	0	0	0.09
3100	0.09	0.13	0.13	0	0	0.09
3200	0.09	0.13	0.13	0	0	0.09
3300	0.1	0.15	0.15	0	0	0.1
3400	0.09	0.14	0.14	0	0	0.09
3500	0.11	0.13	0.13	0	0	0.11
3600	0.11	0.11	0.11	0	0	0.11
3700	0.1	0.13	0.13	0	0	0.1
3800	0.1	0.12	0.12	0	0	0.1
3900	0.1	0.13	0.13	0	0	0.1
4000	0.1	0.12	0.12	0	0	0.1
4100	0.11	0.13	0.13	0	0	0.11
4200	0.11	0.12	0.12	0	0	0.11
4300	0.12	0.12	0.12	0	0	0.12
4400	0.12	0.13	0.13	0	0	0.12
4500	0.12	0.14	0.14	0	0	0.12
4600	0.12	0.14	0.14	0	0	0.12
4700	0.12	0.13	0.13	0	0	0.12
4800	0.11	0.14	0.14	0	0	0.11
4900	0.11	0.13	0.13	0	0	0.11
5000	0.12	0.14	0.14	0	0	0.12
5100	0.12	0.14	0.14	0	0	0.12
5200	0.13	0.14	0.14	0	0	0.13
5300	0.13	0.15	0.15	0	0	0.13
5400	0.13	0.16	0.16	0	0	0.13
5500	0.14	0.15	0.15	0	0	0.14
5600	0.14	0.16	0.16	0	0	0.14
5700	0.15	0.15	0.15	0	0	0.15
5800	0.15	0.13	0.13	0	0	0.15
5900	0.16	0.14	0.14	0	0	0.16
6000	0.17	0.12	0.12	0	0	0.17
6100	0.17	0.13	0.13	0	0	0.17
6200	0.17	0.16	0.16	0	0	0.17
6300	0.18	0.16	0.16	0	0	0.18
6400	0.19	0.16	0.16	0	0	0.19
6500	0.2	0.16	0.16	0	0	0.2
6600	0.2	0.16	0.16	0	0	0.2
6700	0.19	0.15	0.15	0	0	0.19
6800	0.17	0.15	0.15	0	0	0.17
6900	0.15	0.16	0.16	0	0	0.15
7000	0.15	0.16	0.16	0	0	0.15
7100	0.16	0.18	0.18	0	0	0.16
7200	0.16	0.18	0.18	0	0	0.16
7300	0.16	0.18	0.18	0	0	0.16
7400	0.17	0.18	0.18	0	0	0.17
7500	0.17	0.18	0.18	0	0	0.17
7600	0.17	0.18	0.18	0	0	0.17
7700	0.16	0.19	0.19	0	0	0.16
7800	0.16	0.18	0.18	0	0	0.16
7900	0.16	0.17	0.17	0	0	0.16
8000	0.16	0.16	0.16	0	0	0.16
8100	0.16	0.17	0.17	0	0	0.16
8200	0.16	0.17	0.17	0	0	0.16
8300	0.16	0.19	0.19	0	0	0.16
8400	0.16	0.2	0.2	0	0	0.16
8500	0.16	0.21	0.21	0	0	0.16
8600	0.17	0.22	0.22	0	0	0.17
8700	0.17	0.21	0.21	0	0	0.17
8800	0.17	0.22	0.22	0	0	0.17
8900	0.16	0.23	0.23	0	0	0.16
9000	0.16	0.24	0.24	0	0	0.16
9100	0.16	0.24	0.24	0	0	0.16
9200	0.16	0.25	0.25	0	0	0.16
9300	0.19	0.25	0.25	0	0	0.19
9400	0.19	0.24	0.24	0	0	0.19
9500	0.19	0.24	0.24	0	0	0.19
9600	0.18	0.24	0.24	0	0	0.18
9700	0.18	0.23	0.23	0	0	0.18
9800	0.18	0.24	0.24	0	0	0.18
9900	0.2	0.23	0.23	0	0	0.2
10000	0.2	0.23	0.23	0	0	0.2
10100	0.2	0.24	0.24	0	0	0.2
10200	0.21	0.24	0.24	0	0	0.21
10300	0.2	0.24	0.24	0	0	0.2
10400	0.2	0.23	0.23	0	0	0.2
10500	0.21	0.23	0.23	0	0	0.21
10600	0.21	0.23	0.23	0	0	0.21
10700	0.22	0.23	0.23	0	0	0.22
10800	0.22	0.23	0.23	0	0	0.22
10900	0.22	0.22	0.22	0	0	0.22
11000	0.22	0.25	0.25	0	0	0.22
11100	0.22	0.24	0.24	0	0	0.22
11200	0.22	0.23	0.23	0	0	0.22
11300	0.22	0.23	0.23	0	0	0.22
11400	0.21	0.24	0.24	0	0	0.21
11500	0.22	0.24	0.24	0	0	0.22
11600	0.21	0.24	0.24	0	0	0.21
11700	0.21	0.23	0.23	0	0	0.21
11800	0.21	0.23	0.23	0	0	0.21
11900	0.21	0.23	0.23	0	0	0.21
12000	0.21	0.23	0.23	0	0	0.21
12100	0.2	0.23	0.23	0	0	0.2
12200	0.2	0.25	0.25	0	0	0.2
12300	0.2	0.25	0.25	0	0	0.2
12400	0.21	0.25	0.25	0	0	0.21
12500	0.21	0.24	0.24	0	0	0.21
12600	0.21	0.25	0.25	0	0	0.21
12700	0.2	0.25	0.25	0	0	0.2
12800	0.21	0.23	0.23	0	0	0.21
12900	0.22	0.23	0.23	0	0	0.22
13000	0.22	0.23	0.23	0	0	0.22
13100	0.22	0.23	0.23	0	0	0.22
13200	0.22	0.23	0.23	0	0	0.22
13300	0.21	0.23	0.23	0	0	0.21
13400	0.21	0.25	0.25	0	0	0.21
13500	0.21	0.25	0.25	0	0	0.21
13600	0.22	0.25	0.25	0	0	0.22
13700	0.21	0.24	0.24	0	0	0.21
13800	0.22	0.23	0.23	0	0	0.22
13900	0.23	0.23	0.23	0	0	0.23
14000	0.23	0.23	0.23	0	0	0.23
14100	0.23	0.24	0.24	0	0	0.23
14200	0.21	0.24	0.24	0	0	0.21
14300	0.21	0.25	0.25	0	0	0.21
14400	0.23	0.24	0.24	0	0	0.23
14500	0.24	0.25	0.25	0	0	0.24
14600	0.24	0.24	0.24	0	0	0.24
14700	0.25	0.24	0.24	0	0	0.25
14800	0.25	0.24	0.24	0	0	0.25
14900	0.25	0.24	0.24	0	0	0.25
15000	0.25	0.23	0.23	0	0	0.25
15100	0.26	0.23	0.23	0	0	0.26
15200	0.25	0.23	0.23	0	0	0.25
15300	0.24	0.25	0.25	0	0	0.24
15400	0.24	0.25	0.25	0	0	0.24
15500	0.24	0.25	0.25	0	0	0.24
15600	0.24	0.25	0.25	0	0	0.24
15700	0.24	0.25	0.25	0	0	0.24
15800	0.24	0.26	0.26	0	0	0.24
15900	0.25	0.27	0.27	0	0	0.25
16000	0.25	0.28	0.28	0	0	0.25
16100	0.25	0.29	0.29	0	0	0.25
16200	0.25	0.31	0.31	0	0	0.25
16300	0.25	0.32	0.32	0	0	0.25
16400	0.24	0.32	0.32	0	0	0.24
16500	0.23	0.31	0.31	0	0	0.23
16600	0.24	0.3	0.3	0	0	0.24
16700	0.24	0.3	0.3	0	0	0.24
16800	0.24	0.3	0.3	0	0	0.24
16900	0.24	0.29	0.29	0	0	0.24
17000	0.23	0.29	0.29	0	0	0.23
17100	0.22	0.29	0.29	0	0	0.22
17200	0.22	0.29	0.29	0	0	0.22
17300	0.22	0.3	0.3	0	0	0.22
17400	0.22	0.3	0.3	0	0	0.22
17500	0.22	0.31	0.31	0	0	0.22
17600	0.23	0.31	0.31	0	0	0.23
17700	0.24	0.31	0.31	0	0	0.24
17800	0.26	0.31	0.31	0	0	0.26
17900	0.25	0.31	0.31	0	0	0.25
18000	0.25	0.3	0.3	0	0	0.25
18100	0.24	0.3	0.3	0	0	0.24
18200	0.23	0.31	0.31	0	0	0.23
18300	0.22	0.32	0.32	0	0	0.22
18400	0.21	0.32	0.32	0	0	0.21
18500	0.19	0.32	0.32	0	0	0.19
18600	0.19	0.32	0.32	0	0	0.19
18700	0.18	0.32	0.32	0	0	0.18
18800	0.17	0.31	0.31	0	0	0.17
18900	0.18	0.31	0.31	0	0	0.18
19000	0.18	0.31	0.31	0	0	0.18
19100	0.18	0.31	0.31	0	0	0.18
19200	0.18	0.32	0.32	0	0	0.18
19300	0.19	0.32	0.32	0	0	0.19
19400	0.18	0.32	0.32	0	0	0.18
19500	0.19	0.32	0.32	0	0	0.19
19600	0.19	0.33	0.33	0	0	0.19
19700	0.2	0.32	0.32	0	0	0.2
19800	0.2	0.33	0.33	0	0	0.2
19900	0.21	0.34	0.34	0	0	0.21
20000	0.21	0.34	0.34	0	0	0.21
20100	0.22	0.34	0.34	0	0	0.22
20200	0.22	0.34	0.34	0	0	0.22
20300	0.23	0.34	0.34	0	0	0.23
20400	0.23	0.34	0.34	0	0	0.23
20500	0.23	0.34	0.34	0	0	0.23
20600	0.24	0.34	0.34	0	0	0.24
20700	0.23	0.34	0.34	0	0	0.23
20800	0.23	0.35	0.35	0	0	0.23
20900	0.23	0.35	0.35	0	0	0.23
21000	0.21	0.35	0.35	0	0	0.21
21100	0.22	0.35	0.35	0	0	0.22
21200	0.21	0.35	0.35	0	0	0.21
21300	0.21	0.34	0.34	0	0	0.21
21400	0.21	0.33	0.33	0	0	0.21
21500	0.22	0.33	0.33	0	0	0.22
21600	0.22	0.33	0.33	0	0	0.22
21700	0.22	0.33	0.33	0	0	0.22
21800	0.22	0.34	0.34	0	0	0.22
21900	0.22	0.34	0.34	0	0	0.22
22000	0.23	0.34	0.34	0	0	0.23
22100	0.23	0.35	0.35	0	0	0.23
22200	0.24	0.35	0.35	0	0	0.24
22300	0.26	0.35	0.35	0	0	0.26
22400	0.26	0.35	0.35	0	0	0.26
22500	0.26	0.35	0.35	0	0	0.26
22600	0.26	0.36	0.36	0	0	0.26
22700	0.26	0.35	0.35	0	0	0.26
22800	0.26	0.34	0.34	0	0	0.26
22900	0.27	0.35	0.35	0	0	0.27
23000	0.27	0.36	0.36	0	0	0.27
23100	0.26	0.36	0.36	0	0	0.26
23200	0.27	0.34	0.34	0	0	0.27
23300	0.27	0.34	0.34	0	0	0.27
23400	0.25	0.35	0.35	0	0	0.25
23500	0.25	0.35	0.35	0	0	0.25
23600	0.25	0.35	0.35	0	0	0.25
23700	0.25	0.34	0.34	0	0	0.25
23800	0.25	0.35	0.35	0	0	0.25
23900	0.25	0.36	0.36	0	0	0.25
24000	0.25	0.37	0.37	0	0	0.25
24100	0.25	0.35	0.35	0	0	0.25
24200	0.23	0.35	0.35	0	0	0.23
24300	0.24	0.35	0.35	0	0	0.24
24400	0.24	0.35	0.35	0	0	0.24
24500	0.23	0.35	0.35	0	0	0.23
24600	0.22	0.35	0.35	0	0	0.22
24700	0.22	0.35	0.35	0	0	0.22
24800	0.23	0.34	0.34	0	0	0.23
24900	0.22	0.34	0.34	0	0	0.22
25000	0.22	0.33	0.33	0	0	0.22
25100	0.21	0.33	0.33	0	0	0.21
25200	0.21	0.33	0.33	0	0	0.21
25300	0.21	0.33	0.33	0	0	0.21
25400	0.21	0.33	0.33	0	0	0.21
25500	0.22	0.33	0.33	0	0	0.22
25600	0.22	0.32	0.32	0	0	0.22
25700	0.23	0.32	0.32	0	0	0.23
25800	0.22	0.32	0.32	0	0	0.22
25900	0.23	0.32	0.32	0	0	0.23
26000	0.24	0.32	0.32	0	0	0.24
26100	0.25	0.31	0.31	0	0	0.25
26200	0.24	0.31	0.31	0	0	0.24
26300	0.24	0.31	0.31	0	0	0.24
26400	0.24	0.32	0.32	0	0	0.24
26500	0.25	0.32	0.32	0	0	0.25
26600	0.26	0.33	0.33	0	0	0.26
26700	0.25	0.32	0.32	0	0	0.25
26800	0.26	0.33	0.33	0	0	0.26
26900	0.26	0.32	0.32	0	0	0.26
27000	0.25	0.31	0.31	0	0	0.25
27100	0.25	0.32	0.32	0	0	0.25
27200	0.24	0.33	0.33	0	0	0.24
27300	0.24	0.33	0.33	0	0	0.24
27400	0.23	0.33	0.33	0	0	0.23
27500	0.23	0.33	0.33	0	0	0.23
27600	0.23	0.33	0.33	0	0	0.23
27700	0.22	0.33	0.33	0	0	0.22
27800	0.22	0.34	0.34	0	0	0.22
27900	0.22	0.36	0.36	0	0	0.22
28000	0.23	0.37	0.37	0	0	0.23
28100	0.23	0.36	0.36	0	0	0.23
28200	0.22	0.35	0.35	0	0	0.22
28300	0.22	0.36	0.36	0	0	0.22
28400	0.22	0.35	0.35	0	0	0.22
28500	0.22	0.34	0.34	0	0	0.22
28600	0.24	0.34	0.34	0	0	0.24
28700	0.25	0.34	0.34	0	0	0.25
28800	0.25	0.34	0.34	0	0	0.25
28900	0.24	0.34	0.34	0	0	0.24
29000	0.23	0.34	0.34	0	0	0.23
29100	0.25	0.34	0.34	0	0	0.25
29200	0.25	0.34	0.34	0	0	0.25
29300	0.25	0.35	0.35	0	0	0.25
29400	0.25	0.36	0.36	0	0	0.25
29500	0.25	0.36	0.36	0	0	0.25
29600	0.25	0.36	0.36	0	0	0.25
29700	0.25	0.36	0.36	0	0	0.25
29800	0.26	0.36	0.36	0	0	0.26
29900	0.26	0.37	0.37	0	0	0.26
30000	0.26	0.37	0.37	0	0	0.26
30100	0.27	0.37	0.37	0	0	0.27
30200	0.27	0.37	0.37	0	0	0.27
30300	0.27	0.37	0.37	0	0	0.27
30400	0.27	0.36	0.36	0	0	0.27
30500	0.27	0.37	0.37	0	0	0.27
30600	0.27	0.37	0.37	0	0	0.27
30700	0.24	0.37	0.37	0	0	0.24
30800	0.24	0.37	0.37	0	0	0.24
30900	0.24	0.38	0.38	0	0	0.24
31000	0.24	0.37	0.37	0	0	0.24
31100	0.24	0.37	0.37	0	0	0.24
31200	0.25	0.37	0.37	0	0	0.25
31300	0.25	0.37	0.37	0	0	0.25
31400	0.25	0.38	0.38	0	0	0.25
31500	0.25	0.38	0.38	0	0	0.25
31600	0.25	0.38	0.38	0	0	0.25
31700	0.25	0.38	0.38	0	0	0.25
31800	0.25	0.38	0.38	0	0	0.25
31900	0.25	0.4	0.4	0	0	0.25
32000	0.25	0.4	0.4	0	0	0.25
32100	0.26	0.4	0.4	0	0	0.26
32200	0.25	0.41	0.41	0	0	0.25
32300	0.25	0.41	0.41	0	0	0.25
32400	0.25	0.41	0.41	0	0	0.25
32500	0.25	0.41	0.41	0	0	0.25
32600	0.25	0.41	0.41	0	0	0.25
32700	0.25	0.41	0.41	0	0	0.25
32800	0.25	0.41	0.41	0	0	0.25
32900	0.25	0.41	0.41	0	0	0.25
33000	0.26	0.41	0.41	0	0	0.26
33100	0.26	0.41	0.41	0	0	0.26
33200	0.27	0.41	0.41	0	0	0.27
33300	0.26	0.42	0.42	0	0	0.26
33400	0.26	0.42	0.42	0	0	0.26
33500	0.26	0.42	0.42	0	0	0.26
33600	0.26	0.43	0.43	0	0	0.26
33700	0.25	0.43	0.43	0	0	0.25
33800	0.25	0.43	0.43	0	0	0.25
33900	0.25	0.43	0.43	0	0	0.25
34000	0.25	0.44	0.44	0	0	0.25
34100	0.25	0.44	0.44	0	0	0.25
34200	0.25	0.44	0.44	0	0	0.25
34300	0.25	0.46	0.46	0	0	0.25
34400	0.25	0.45	0.45	0	0	0.25
34500	0.26	0.45	0.45	0	0	0.26
34600	0.26	0.46	0.46	0	0	0.26
34700	0.26	0.46	0.46	0	0	0.26
34800	0.26	0.46	0.46	0	0	0.26
34900	0.26	0.46	0.46	0	0	0.26
35000	0.26	0.46	0.46	0	0	0.26
35100	0.26	0.46	0.46	0	0	0.26
35200	0.27	0.47	0.47	0	0	0.27
35300	0.26	0.46	0.46	0	0	0.26
35400	0.26	0.46	0.46	0	0	0.26
35500	0.26	0.46	0.46	0	0	0.26
35600	0.26	0.46	0.46	0	0	0.26
35700	0.26	0.46	0.46	0	0	0.26
35800	0.26	0.46	0.46	0	0	0.26
35900	0.27	0.46	0.46	0	0	0.27
36000	0.27	0.46	0.46	0	0	0.27
36100	0.27	0.45	0.45	0	0	0.27
36200	0.27	0.45	0.45	0	0	0.27
36300	0.28	0.46	0.46	0	0	0.28
36400	0.28	0.46	0.46	0	0	0.28
36500	0.28	0.47	0.47	0	0	0.28
36600	0.28	0.47	0.47	0	0	0.28
36700	0.28	0.46	0.46	0	0	0.28
36800	0.28	0.46	0.46	0	0	0.28
36900	0.28	0.46	0.46	0	0	0.28
37000	0.28	0.47	0.47	0	0	0.28
37100	0.28	0.49	0.49	0	0	0.28
37200	0.28	0.48	0.48	0	0	0.28
37300	0.28	0.47	0.47	0	0	0.28
37400	0.28	0.48	0.48	0	0	0.28
37500	0.28	0.48	0.48	0	0	0.28
37600	0.27	0.48	0.48	0	0	0.27
37700	0.27	0.47	0.47	0	0	0.27
37800	0.27	0.47	0.47	0	0	0.27
37900	0.26	0.47	0.47	0	0	0.26
38000	0.25	0.47	0.47	0	0	0.25
38100	0.25	0.47	0.47	0	0	0.25
38200	0.25	0.47	0.47	0	0	0.25
38300	0.25	0.46	0.46	0	0	0.25
38400	0.24	0.46	0.46	0	0	0.24
38500	0.24	0.46	0.46	0	0	0.24
38600	0.24	0.46	0.46	0	0	0.24
38700	0.24	0.46	0.46	0	0	0.24
38800	0.24	0.46	0.46	0	0	0.24
38900	0.24	0.46	0.46	0	0	0.24
39000	0.24	0.46	0.46	0	0	0.24
39100	0.24	0.47	0.47	0	0	0.24
39200	0.24	0.47	0.47	0	0	0.24
39300	0.24	0.47	0.47	0	0	0.24
39400	0.24	0.47	0.47	0	0	0.24
39500	0.24	0.46	0.46	0	0	0.24
39600	0.24	0.46	0.46	0	0	0.24
39700	0.24	0.46	0.46	0	0	0.24
39800	0.24	0.46	0.46	0	0	0.24
39900	0.24	0.46	0.46	0	0	0.24
40000	0.24	0.46	0.46	0	0	0.24
40100	0.25	0.46	0.46	0	0	0.25
40200	0.25	0.46	0.46	0	0	0.25
40300	0.26	0.46	0.46	0	0	0.26
40400	0.26	0.46	0.46	0	0	0.26
40500	0.26	0.46	0.46	0	0	0.26
40600	0.26	0.46	0.46	0	0	0.26
40700	0.27	0.46	0.46	0	0	0.27
40800	0.27	0.46	0.46	0	0	0.27
40900	0.28	0.46	0.46	0	0	0.28
41000	0.28	0.46	0.46	0	0	0.28
41100	0.27	0.46	0.46	0	0	0.27
41200	0.27	0.46	0.46	0	0	0.27
41300	0.27	0.46	0.46	0	0	0.27
41400	0.27	0.47	0.47	0	0	0.27
41500	0.27	0.45	0.45	0	0	0.27
41600	0.27	0.45	0.45	0	0	0.27
41700	0.27	0.46	0.46	0	0	0.27
41800	0.27	0.44	0.44	0	0	0.27
41900	0.27	0.44	0.44	0	0	0.27
42000	0.27	0.44	0.44	0	0	0.27
42100	0.27	0.44	0.44	0	0	0.27
42200	0.27	0.44	0.44	0	0	0.27
42300	0.28	0.45	0.45	0	0	0.28
42400	0.28	0.44	0.44	0	0	0.28
42500	0.28	0.44	0.44	0	0	0.28
42600	0.27	0.44	0.44	0	0	0.27
42700	0.27	0.44	0.44	0	0	0.27
42800	0.29	0.44	0.44	0	0	0.29
42900	0.28	0.44	0.44	0	0	0.28
43000	0.27	0.44	0.44	0	0	0.27
43100	0.28	0.43	0.43	0	0	0.28
43200	0.28	0.43	0.43	0	0	0.28
43300	0.28	0.43	0.43	0	0	0.28
43400	0.28	0.42	0.42	0	0	0.28
43500	0.28	0.41	0.41	0	0	0.28
43600	0.28	0.41	0.41	0	0	0.28
43700	0.28	0.41	0.41	0	0	0.28
43800	0.28	0.41	0.41	0	0	0.28
43900	0.28	0.42	0.42	0	0	0.28
44000	0.29	0.42	0.42	0	0	0.29
44100	0.29	0.42	0.42	0	0	0.29
44200	0.28	0.42	0.42	0	0	0.28
44300	0.28	0.42	0.42	0	0	0.28
44400	0.28	0.43	0.43	0	0	0.28
44500	0.29	0.44	0.44	0	0	0.29
44600	0.29	0.44	0.44	0	0	0.29
44700	0.29	0.44	0.44	0	0	0.29
44800	0.29	0.44	0.44	0	0	0.29
44900	0.29	0.44	0.44	0	0	0.29
45000	0.29	0.44	0.44	0	0	0.29
45100	0.29	0.44	0.44	0	0	0.29
45200	0.29	0.44	0.44	0	0	0.29
45300	0.29	0.44	0.44	0	0	0.29
45400	0.28	0.44	0.44	0	0	0.28
45500	0.28	0.44	0.44	0	0	0.28
45600	0.28	0.44	0.44	0	0	0.28
45700	0.28	0.44	0.44	0	0	0.28
45800	0.3	0.44	0.44	0	0	0.3
45900	0.3	0.44	0.44	0	0	0.3
46000	0.3	0.44	0.44	0	0	0.3
46100	0.3	0.44	0.44	0	0	0.3
46200	0.3	0.44	0.44	0	0	0.3
46300	0.3	0.44	0.44	0	0	0.3
46400	0.3	0.44	0.44	0	0	0.3
46500	0.3	0.45	0.45	0	0	0.3
46600	0.31	0.44	0.44	0	0	0.31
46700	0.31	0.45	0.45	0	0	0.31
46800	0.31	0.45	0.45	0	0	0.31
46900	0.31	0.45	0.45	0	0	0.31
47000	0.32	0.45	0.45	0	0	0.32
47100	0.33	0.45	0.45	0	0	0.33
47200	0.33	0.45	0.45	0	0	0.33
47300	0.33	0.45	0.45	0	0	0.33
47400	0.33	0.45	0.45	0	0	0.33
47500	0.34	0.45	0.45	0	0	0.34
47600	0.34	0.45	0.45	0	0	0.34
47700	0.34	0.46	0.46	0	0	0.34
47800	0.34	0.46	0.46	0	0	0.34
47900	0.34	0.46	0.46	0	0	0.34
48000	0.34	0.46	0.46	0	0	0.34
48100	0.33	0.46	0.46	0	0	0.33
48200	0.33	0.46	0.46	0	0	0.33
48300	0.33	0.46	0.46	0	0	0.33
48400	0.33	0.46	0.46	0	0	0.33
48500	0.33	0.46	0.46	0	0	0.33
48600	0.33	0.46	0.46	0	0	0.33
48700	0.32	0.47	0.47	0	0	0.32
48800	0.31	0.47	0.47	0	0	0.31
48900	0.31	0.47	0.47	0	0	0.31
49000	0.31	0.47	0.47	0	0	0.31
49100	0.3	0.47	0.47	0	0	0.3
49200	0.31	0.48	0.48	0	0	0.31
49300	0.3	0.48	0.48	0	0	0.3
49400	0.31	0.47	0.47	0	0	0.31
49500	0.31	0.47	0.47	0	0	0.31
49600	0.31	0.47	0.47	0	0	0.31
49700	0.31	0.47	0.47	0	0	0.31
49800	0.31	0.47	0.47	0	0	0.31
49900	0.3	0.47	0.47	0	0	0.3
50000	0.3	0.47	0.47	0	0	0.3
50100	0.3	0.47	0.47	0	0	0.3
50200	0.3	0.47	0.47	0	0	0.3
50300	0.3	0.48	0.48	0	0	0.3
50400	0.3	0.48	0.48	0	0	0.3
50500	0.3	0.49	0.49	0	0	0.3
50600	0.3	0.49	0.49	0	0	0.3
50700	0.3	0.49	0.49	0	0	0.3
50800	0.3	0.48	0.48	0	0	0.3
50900	0.3	0.47	0.47	0	0	0.3
51000	0.3	0.47	0.47	0	0	0.3
51100	0.3	0.47	0.47	0	0	0.3
51200	0.3	0.47	0.47	0	0	0.3
51300	0.3	0.47	0.47	0	0	0.3
51400	0.3	0.47	0.47	0	0	0.3
51500	0.3	0.47	0.47	0	0	0.3
51600	0.3	0.47	0.47	0	0	0.3
51700	0.3	0.48	0.48	0	0	0.3
51800	0.3	0.48	0.48	0	0	0.3
51900	0.3	0.48	0.48	0	0	0.3
52000	0.3	0.49	0.49	0	0	0.3
52100	0.3	0.48	0.48	0	0	0.3
52200	0.3	0.48	0.48	0	0	0.3
52300	0.31	0.49	0.49	0	0	0.31
52400	0.31	0.5	0.5	0	0	0.31
52500	0.31	0.5	0.5	0	0	0.31
52600	0.31	0.51	0.51	0	0	0.31
52700	0.31	0.51	0.51	0	0	0.31
52800	0.31	0.51	0.51	0	0	0.31
52900	0.31	0.51	0.51	0	0	0.31
53000	0.31	0.51	0.51	0	0	0.31
53100	0.31	0.51	0.51	0	0	0.31
53200	0.31	0.51	0.51	0	0	0.31
53300	0.31	0.51	0.51	0	0	0.31
53400	0.32	0.51	0.51	0	0	0.32
53500	0.32	0.51	0.51	0	0	0.32
53600	0.32	0.51	0.51	0	0	0.32
53700	0.31	0.52	0.52	0	0	0.31
53800	0.31	0.52	0.52	0	0	0.31
53900	0.31	0.52	0.52	0	0	0.31
54000	0.31	0.52	0.52	0	0	0.31
54100	0.32	0.51	0.51	0	0	0.32
54200	0.32	0.51	0.51	0	0	0.32
54300	0.32	0.51	0.51	0	0	0.32
54400	0.32	0.51	0.51	0	0	0.32
54500	0.32	0.51	0.51	0	0	0.32
54600	0.33	0.51	0.51	0	0	0.33
54700	0.33	0.51	0.51	0	0	0.33
54800	0.34	0.51	0.51	0	0	0.34
54900	0.34	0.51	0.51	0	0	0.34
55000	0.34	0.51	0.51	0	0	0.34
55100	0.33	0.51	0.51	0	0	0.33
55200	0.33	0.51	0.51	0	0	0.33
55300	0.33	0.51	0.51	0	0	0.33
55400	0.32	0.51	0.51	0	0	0.32
55500	0.32	0.52	0.52	0	0	0.32
55600	0.32	0.52	0.52	0	0	0.32
55700	0.32	0.53	0.53	0	0	0.32
55800	0.32	0.54	0.54	0	0	0.32
55900	0.32	0.54	0.54	0	0	0.32
56000	0.32	0.54	0.54	0	0	0.32
56100	0.32	0.53	0.53	0	0	0.32
56200	0.32	0.53	0.53	0	0	0.32
56300	0.32	0.53	0.53	0	0	0.32
56400	0.32	0.53	0.53	0	0	0.32
56500	0.32	0.53	0.53	0	0	0.32
56600	0.32	0.53	0.53	0	0	0.32
56700	0.32	0.53	0.53	0	0	0.32
56800	0.32	0.53	0.53	0	0	0.32
56900	0.32	0.53	0.53	0	0	0.32
57000	0.32	0.53	0.53	0	0	0.32
57100	0.32	0.53	0.53	0	0	0.32
57200	0.32	0.54	0.54	0	0	0.32
57300	0.32	0.54	0.54	0	0	0.32
57400	0.32	0.54	0.54	0	0	0.32
57500	0.32	0.54	0.54	0	0	0.32
57600	0.32	0.53	0.53	0	0	0.32
57700	0.32	0.52	0.52	0	0	0.32
57800	0.31	0.52	0.52	0	0	0.31
57900	0.32	0.52	0.52	0	0	0.32
58000	0.32	0.52	0.52	0	0	0.32
58100	0.32	0.52	0.52	0	0	0.32
58200	0.32	0.52	0.52	0	0	0.32
58300	0.32	0.52	0.52	0	0	0.32
58400	0.32	0.52	0.52	0	0	0.32
58500	0.32	0.51	0.51	0	0	0.32
58600	0.32	0.51	0.51	0	0	0.32
58700	0.32	0.51	0.51	0	0	0.32
58800	0.32	0.51	0.51	0	0	0.32
58900	0.32	0.51	0.51	0	0	0.32
59000	0.32	0.51	0.51	0	0	0.32
59100	0.32	0.51	0.51	0	0	0.32
59200	0.32	0.51	0.51	0	0	0.32
59300	0.32	0.52	0.52	0	0	0.32
59400	0.32	0.52	0.52	0	0	0.32
59500	0.32	0.52	0.52	0	0	0.32
59600	0.33	0.53	0.53	0	0	0.33
59700	0.33	0.53	0.53	0	0	0.33
59800	0.33	0.52	0.52	0	0	0.33
59900	0.33	0.54	0.54	0	0	0.33
60000	0.33	0.53	0.53	0	0	0.33
60100	0.33	0.53	0.53	0	0	0.33
60200	0.34	0.53	0.53	0	0	0.34
60300	0.34	0.52	0.52	0	0	0.34
60400	0.34	0.51	0.51	0	0	0.34
60500	0.34	0.51	0.51	0	0	0.34
60600	0.33	0.52	0.52	0	0	0.33
60700	0.33	0.51	0.51	0	0	0.33
60800	0.33	0.51	0.51	0	0	0.33
60900	0.33	0.52	0.52	0	0	0.33
61000	0.33	0.52	0.52	0	0	0.33
61100	0.33	0.53	0.53	0	0	0.33
61200	0.33	0.51	0.51	0	0	0.33
61300	0.33	0.5	0.5	0	0	0.33
61400	0.32	0.5	0.5	0	0	0.32
61500	0.32	0.5	0.5	0	0	0.32
61600	0.32	0.5	0.5	0	0	0.32
61700	0.33	0.5	0.5	0	0	0.33
61800	0.33	0.5	0.5	0	0	0.33
61900	0.34	0.5	0.5	0	0	0.34
62000	0.34	0.5	0.5	0	0	0.34
62100	0.34	0.5	0.5	0	0	0.34
62200	0.34	0.5	0.5	0	0	0.34
62300	0.34	0.5	0.5	0	0	0.34
62400	0.35	0.5	0.5	0	0	0.35
62500	0.35	0.5	0.5	0	0	0.35
62600	0.35	0.5	0.5	0	0	0.35
62700	0.35	0.5	0.5	0	0	0.35
62800	0.36	0.5	0.5	0	0	0.36
62900	0.36	0.5	0.5	0	0	0.36
63000	0.35	0.5	0.5	0	0	0.35
63100	0.35	0.5	0.5	0	0	0.35
63200	0.36	0.5	0.5	0	0	0.36
63300	0.36	0.5	0.5	0	0	0.36
63400	0.36	0.5	0.5	0	0	0.36
63500	0.36	0.5	0.5	0	0	0.36
63600	0.36	0.5	0.5	0	0	0.36
63700	0.36	0.5	0.5	0	0	0.36
63800	0.36	0.5	0.5	0	0	0.36
63900	0.36	0.5	0.5	0	0	0.36
64000	0.36	0.51	0.51	0	0	0.36
64100	0.36	0.51	0.51	0	0	0.36
64200	0.36	0.51	0.51	0	0	0.36
64300	0.36	0.51	0.51	0	0	0.36
64400	0.36	0.51	0.51	0	0	0.36
64500	0.36	0.51	0.51	0	0	0.36
64600	0.36	0.51	0.51	0	0	0.36
64700	0.36	0.51	0.51	0	0	0.36
64800	0.36	0.51	0.51	0	0	0.36
64900	0.37	0.52	0.52	0	0	0.37
65000	0.37	0.53	0.53	0	0	0.37
65100	0.37	0.54	0.54	0	0	0.37
65200	0.37	0.54	0.54	0	0	0.37
65300	0.38	0.54	0.54	0	0	0.38
65400	0.38	0.54	0.54	0	0	0.38
65500	0.39	0.54	0.54	0	0	0.39
65600	0.38	0.54	0.54	0	0	0.38
65700	0.38	0.54	0.54	0	0	0.38
65800	0.38	0.54	0.54	0	0	0.38
65900	0.38	0.54	0.54	0	0	0.38
66000	0.38	0.54	0.54	0	0	0.38
66100	0.38	0.54	0.54	0	0	0.38
66200	0.37	0.53	0.53	0	0	0.37
66300	0.37	0.53	0.53	0	0	0.37
66400	0.37	0.53	0.53	0	0	0.37
66500	0.37	0.53	0.53	0	0	0.37
66600	0.37	0.53	0.53	0	0	0.37
66700	0.37	0.53	0.53	0	0	0.37
66800	0.37	0.53	0.53	0	0	0.37
66900	0.37	0.54	0.54	0	0	0.37
67000	0.37	0.54	0.54	0	0	0.37
67100	0.37	0.54	0.54	0	0	0.37
67200	0.37	0.54	0.54	0	0	0.37
67300	0.37	0.53	0.53	0	0	0.37
67400	0.37	0.53	0.53	0	0	0.37
67500	0.37	0.53	0.53	0	0	0.37
67600	0.37	0.53	0.53	0	0	0.37
67700	0.37	0.54	0.54	0	0	0.37
67800	0.37	0.54	0.54	0	0	0.37
67900	0.37	0.54	0.54	0	0	0.37
68000	0.37	0.54	0.54	0	0	0.37
68100	0.37	0.54	0.54	0	0	0.37
68200	0.37	0.54	0.54	0	0	0.37
68300	0.37	0.54	0.54	0	0	0.37
68400	0.37	0.54	0.54	0	0	0.37
68500	0.37	0.55	0.55	0	0	0.37
68600	0.36	0.55	0.55	0	0	0.36
68700	0.36	0.55	0.55	0	0	0.36
68800	0.36	0.55	0.55	0	0	0.36
68900	0.36	0.55	0.55	0	0	0.36
69000	0.36	0.55	0.55	0	0	0.36
69100	0.36	0.55	0.55	0	0	0.36
69200	0.36	0.55	0.55	0	0	0.36
69300	0.36	0.55	0.55	0	0	0.36
69400	0.36	0.56	0.56	0	0	0.36
69500	0.36	0.56	0.56	0	0	0.36
69600	0.36	0.56	0.56	0	0	0.36
69700	0.36	0.56	0.56	0	0	0.36
69800	0.36	0.55	0.55	0	0	0.36
69900	0.36	0.55	0.55	0	0	0.36
70000	0.36	0.55	0.55	0	0	0.36
70100	0.36	0.55	0.55	0	0	0.36
70200	0.36	0.55	0.55	0	0	0.36
70300	0.36	0.55	0.55	0	0	0.36
70400	0.36	0.55	0.55	0	0	0.36
70500	0.36	0.55	0.55	0	0	0.36
70600	0.36	0.55	0.55	0	0	0.36
70700	0.36	0.55	0.55	0	0	0.36
70800	0.36	0.55	0.55	0	0	0.36
70900	0.36	0.55	0.55	0	0	0.36
71000	0.36	0.55	0.55	0	0	0.36
71100	0.36	0.55	0.55	0	0	0.36
71200	0.36	0.55	0.55	0	0	0.36
71300	0.36	0.55	0.55	0	0	0.36
71400	0.36	0.57	0.57	0	0	0.36
71500	0.36	0.57	0.57	0	0	0.36
71600	0.36	0.58	0.58	0	0	0.36
71700	0.36	0.58	0.58	0	0	0.36
71800	0.36	0.58	0.58	0	0	0.36
71900	0.36	0.58	0.58	0	0	0.36
72000	0.36	0.58	0.58	0	0	0.36
72100	0.36	0.57	0.57	0	0	0.36
72200	0.36	0.57	0.57	0	0	0.36
72300	0.36	0.57	0.57	0	0	0.36
72400	0.36	0.57	0.57	0	0	0.36
72500	0.36	0.57	0.57	0	0	0.36
72600	0.36	0.57	0.57	0	0	0.36
72700	0.36	0.57	0.57	0	0	0.36
72800	0.36	0.57	0.57	0	0	0.36
72900	0.36	0.57	0.57	0	0	0.36
73000	0.36	0.57	0.57	0	0	0.36
73100	0.36	0.57	0.57	0	0	0.36
73200	0.36	0.57	0.57	0	0	0.36
73300	0.36	0.57	0.57	0	0	0.36
73400	0.36	0.57	0.57	0	0	0.36
73500	0.36	0.57	0.57	0	0	0.36
73600	0.36	0.57	0.57	0	0	0.36
73700	0.36	0.57	0.57	0	0	0.36
73800	0.36	0.57	0.57	0	0	0.36
73900	0.36	0.57	0.57	0	0	0.36
74000	0.36	0.58	0.58	0	0	0.36
74100	0.36	0.58	0.58	0	0	0.36
74200	0.36	0.58	0.58	0	0	0.36
74300	0.36	0.59	0.59	0	0	0.36
74400	0.37	0.59	0.59	0	0	0.37
74500	0.37	0.59	0.59	0	0	0.37
74600	0.37	0.59	0.59	0	0	0.37
74700	0.37	0.59	0.59	0	0	0.37
74800	0.37	0.59	0.59	0	0	0.37
74900	0.37	0.59	0.59	0	0	0.37
75000	0.37	0.59	0.59	0	0	0.37
75100	0.37	0.6	0.6	0	0	0.37
75200	0.37	0.6	0.6	0	0	0.37
75300	0.37	0.6	0.6	0	0	0.37
75400	0.37	0.6	0.6	0	0	0.37
75500	0.37	0.6	0.6	0	0	0.37
75600	0.37	0.6	0.6	0	0	0.37
75700	0.37	0.6	0.6	0	0	0.37
75800	0.37	0.6	0.6	0	0	0.37
75900	0.37	0.6	0.6	0	0	0.37
76000	0.37	0.6	0.6	0	0	0.37
76100	0.37	0.6	0.6	0	0	0.37
76200	0.37	0.6	0.6	0	0	0.37
76300	0.37	0.6	0.6	0	0	0.37
76400	0.37	0.6	0.6	0	0	0.37
76500	0.37	0.6	0.6	0	0	0.37
76600	0.37	0.6	0.6	0	0	0.37
76700	0.37	0.6	0.6	0	0	0.37
76800	0.37	0.6	0.6	0	0	0.37
76900	0.37	0.59	0.59	0	0	0.37
77000	0.37	0.59	0.59	0	0	0.37
77100	0.37	0.59	0.59	0	0	0.37
77200	0.37	0.59	0.59	0	0	0.37
77300	0.37	0.59	0.59	0	0	0.37
77400	0.37	0.59	0.59	0	0	0.37
77500	0.37	0.59	0.59	0	0	0.37
77600	0.37	0.59	0.59	0	0	0.37
77700	0.37	0.59	0.59	0	0	0.37
77800	0.37	0.59	0.59	0	0	0.37
77900	0.37	0.59	0.59	0	0	0.37
78000	0.37	0.59	0.59	0	0	0.37
78100	0.37	0.59	0.59	0	0	0.37
78200	0.37	0.59	0.59	0	0	0.37
78300	0.37	0.59	0.59	0	0	0.37
78400	0.38	0.59	0.59	0	0	0.38
78500	0.38	0.59	0.59	0	0	0.38
78600	0.38	0.58	0.58	0	0	0.38
78700	0.36	0.58	0.58	0	0	0.36
78800	0.36	0.58	0.58	0	0	0.36
78900	0.36	0.58	0.58	0	0	0.36
79000	0.36	0.58	0.58	0	0	0.36
79100	0.36	0.58	0.58	0	0	0.36
79200	0.36	0.59	0.59	0	0	0.36
79300	0.36	0.59	0.59	0	0	0.36
79400	0.36	0.59	0.59	0	0	0.36
79500	0.36	0.59	0.59	0	0	0.36
79600	0.36	0.59	0.59	0	0	0.36
79700	0.36	0.59	0.59	0	0	0.36
79800	0.36	0.59	0.59	0	0	0.36
79900	0.36	0.59	0.59	0	0	0.36
80000	0.36	0.59	0.59	0	0	0.36
80100	0.36	0.59	0.59	0	0	0.36
80200	0.36	0.59	0.59	0	0	0.36
80300	0.36	0.59	0.59	0	0	0.36
80400	0.36	0.59	0.59	0	0	0.36
80500	0.36	0.58	0.58	0	0	0.36
80600	0.36	0.58	0.58	0	0	0.36
80700	0.36	0.59	0.59	0	0	0.36
80800	0.36	0.59	0.59	0	0	0.36
80900	0.36	0.59	0.59	0	0	0.36
81000	0.36	0.59	0.59	0	0	0.36
81100	0.36	0.59	0.59	0	0	0.36
81200	0.36	0.59	0.59	0	0	0.36
81300	0.36	0.59	0.59	0	0	0.36
81400	0.36	0.59	0.59	0	0	0.36
81500	0.36	0.59	0.59	0	0	0.36
81600	0.36	0.59	0.59	0	0	0.36
81700	0.36	0.59	0.59	0	0	0.36
81800	0.36	0.59	0.59	0	0	0.36
81900	0.36	0.59	0.59	0	0	0.36
82000	0.36	0.59	0.59	0	0	0.36
82100	0.36	0.59	0.59	0	0	0.36
82200	0.37	0.59	0.59	0	0	0.37
82300	0.36	0.59	0.59	0	0	0.36
82400	0.36	0.59	0.59	0	0	0.36
82500	0.36	0.59	0.59	0	0	0.36
82600	0.36	0.59	0.59	0	0	0.36
82700	0.36	0.59	0.59	0	0	0.36
82800	0.36	0.59	0.59	0	0	0.36
82900	0.36	0.59	0.59	0	0	0.36
83000	0.36	0.59	0.59	0	0	0.36
83100	0.35	0.6	0.6	0	0	0.35
83200	0.35	0.59	0.59	0	0	0.35
83300	0.35	0.59	0.59	0	0	0.35
83400	0.35	0.59	0.59	0	0	0.35
83500	0.35	0.59	0.59	0	0	0.35
83600	0.35	0.59	0.59	0	0	0.35
83700	0.35	0.59	0.59	0	0	0.35
83800	0.35	0.59	0.59	0	0	0.35
83900	0.35	0.6	0.6	0	0	0.35
84000	0.35	0.6	0.6	0	0	0.35
84100	0.35	0.6	0.6	0	0	0.35
84200	0.35	0.6	0.6	0	0	0.35
84300	0.35	0.6	0.6	0	0	0.35
84400	0.35	0.6	0.6	0	0	0.35
84500	0.35	0.6	0.6	0	0	0.35
84600	0.36	0.6	0.6	0	0	0.36
84700	0.36	0.61	0.61	0	0	0.36
84800	0.36	0.61	0.61	0	0	0.36
84900	0.36	0.61	0.61	0	0	0.36
85000	0.36	0.61	0.61	0	0	0.36
85100	0.36	0.61	0.61	0	0	0.36
85200	0.36	0.61	0.61	0	0	0.36
85300	0.36	0.61	0.61	0	0	0.36
85400	0.36	0.61	0.61	0	0	0.36
85500	0.36	0.61	0.61	0	0	0.36
85600	0.36	0.61	0.61	0	0	0.36
85700	0.36	0.61	0.61	0	0	0.36
85800	0.36	0.62	0.62	0	0	0.36
85900	0.36	0.62	0.62	0	0	0.36
86000	0.36	0.62	0.62	0	0	0.36
86100	0.35	0.62	0.62	0	0	0.35
86200	0.35	0.62	0.62	0	0	0.35
86300	0.35	0.62	0.62	0	0	0.35
86400	0.35	0.62	0.62	0	0	0.35
86500	0.35	0.62	0.62	0	0	0.35
86600	0.35	0.62	0.62	0	0	0.35
86700	0.36	0.62	0.62	0	0	0.36
86800	0.36	0.62	0.62	0	0	0.36
86900	0.36	0.62	0.62	0	0	0.36
87000	0.36	0.62	0.62	0	0	0.36
87100	0.36	0.62	0.62	0	0	0.36
87200	0.36	0.62	0.62	0	0	0.36
87300	0.36	0.62	0.62	0	0	0.36
87400	0.36	0.62	0.62	0	0	0.36
87500	0.36	0.62	0.62	0	0	0.36
87600	0.36	0.62	0.62	0	0	0.36
87700	0.36	0.62	0.62	0	0	0.36
87800	0.36	0.62	0.62	0	0	0.36
87900	0.36	0.61	0.61	0	0	0.36
88000	0.36	0.61	0.61	0	0	0.36
88100	0.36	0.61	0.61	0	0	0.36
88200	0.36	0.61	0.61	0	0	0.36
88300	0.36	0.61	0.61	0	0	0.36
88400	0.36	0.61	0.61	0	0	0.36
88500	0.36	0.61	0.61	0	0	0.36
88600	0.36	0.61	0.61	0	0	0.36
88700	0.36	0.61	0.61	0	0	0.36
88800	0.37	0.61	0.61	0	0	0.37
88900	0.37	0.61	0.61	0	0	0.37
89000	0.37	0.61	0.61	0	0	0.37
89100	0.37	0.61	0.61	0	0	0.37
89200	0.37	0.61	0.61	0	0	0.37
89300	0.37	0.61	0.61	0	0	0.37
89400	0.37	0.61	0.61	0	0	0.37
89500	0.37	0.61	0.61	0	0	0.37
89600	0.37	0.61	0.61	0	0	0.37
89700	0.37	0.61	0.61	0	0	0.37
89800	0.36	0.61	0.61	0	0	0.36
89900	0.36	0.61	0.61	0	0	0.36
90000	0.36	0.61	0.61	0	0	0.36
90100	0.36	0.61	0.61	0	0	0.36
90200	0.36	0.61	0.61	0	0	0.36
90300	0.36	0.61	0.61	0	0	0.36
90400	0.36	0.61	0.61	0	0	0.36
90500	0.36	0.61	0.61	0	0	0.36
90600	0.35	0.61	0.61	0	0	0.35
90700	0.35	0.61	0.61	0	0	0.35
90800	0.35	0.61	0.61	0	0	0.35
90900	0.35	0.61	0.61	0	0	0.35
91000	0.35	0.61	0.61	0	0	0.35
91100	0.35	0.61	0.61	0	0	0.35
91200	0.35	0.61	0.61	0	0	0.35
91300	0.35	0.61	0.61	0	0	0.35
91400	0.36	0.61	0.61	0	0	0.36
91500	0.36	0.61	0.61	0	0	0.36
91600	0.35	0.61	0.61	0	0	0.35
91700	0.35	0.61	0.61	0	0	0.35
91800	0.36	0.61	0.61	0	0	0.36
91900	0.36	0.61	0.61	0	0	0.36
92000	0.36	0.61	0.61	0	0	0.36
92100	0.36	0.61	0.61	0	0	0.36
92200	0.36	0.61	0.61	0	0	0.36
92300	0.36	0.61	0.61	0	0	0.36
92400	0.36	0.61	0.61	0	0	0.36
92500	0.36	0.61	0.61	0	0	0.36
92600	0.36	0.61	0.61	0	0	0.36
92700	0.36	0.61	0.61	0	0	0.36
92800	0.36	0.61	0.61	0	0	0.36
92900	0.36	0.61	0.61	0	0	0.36
93000	0.36	0.61	0.61	0	0	0.36
93100	0.36	0.61	0.61	0	0	0.36
93200	0.36	0.62	0.62	0	0	0.36
93300	0.36	0.62	0.62	0	0	0.36
93400	0.36	0.62	0.62	0	0	0.36
93500	0.36	0.62	0.62	0	0	0.36
93600	0.36	0.62	0.62	0	0	0.36
93700	0.36	0.62	0.62	0	0	0.36
93800	0.36	0.61	0.61	0	0	0.36
93900	0.37	0.61	0.61	0	0	0.37
94000	0.37	0.61	0.61	0	0	0.37
94100	0.37	0.61	0.61	0	0	0.37
94200	0.37	0.61	0.61	0	0	0.37
94300	0.37	0.61	0.61	0	0	0.37
94400	0.37	0.61	0.61	0	0	0.37
94500	0.37	0.61	0.61	0	0	0.37
94600	0.37	0.61	0.61	0	0	0.37
94700	0.37	0.61	0.61	0	0	0.37
94800	0.37	0.61	0.61	0	0	0.37
94900	0.37	0.61	0.61	0	0	0.37
95000	0.37	0.61	0.61	0	0	0.37
95100	0.37	0.61	0.61	0	0	0.37
95200	0.37	0.61	0.61	0	0	0.37
95300	0.37	0.61	0.61	0	0	0.37
95400	0.37	0.61	0.61	0	0	0.37
95500	0.37	0.61	0.61	0	0	0.37
95600	0.37	0.61	0.61	0	0	0.37
95700	0.37	0.61	0.61	0	0	0.37
95800	0.37	0.61	0.61	0	0	0.37
95900	0.37	0.61	0.61	0	0	0.37
96000	0.37	0.61	0.61	0	0	0.37
96100	0.37	0.61	0.61	0	0	0.37
96200	0.37	0.61	0.61	0	0	0.37
96300	0.37	0.61	0.61	0	0	0.37
96400	0.37	0.61	0.61	0	0	0.37
96500	0.37	0.61	0.61	0	0	0.37
96600	0.37	0.61	0.61	0	0	0.37
96700	0.37	0.61	0.61	0	0	0.37
96800	0.37	0.61	0.61	0	0	0.37
96900	0.37	0.61	0.61	0	0	0.37
97000	0.37	0.61	0.61	0	0	0.37
97100	0.37	0.61	0.61	0	0	0.37
97200	0.37	0.61	0.61	0	0	0.37
97300	0.37	0.61	0.61	0	0	0.37
97400	0.37	0.61	0.61	0	0	0.37
97500	0.37	0.61	0.61	0	0	0.37
97600	0.37	0.61	0.61	0	0	0.37
97700	0.37	0.61	0.61	0	0	0.37
97800	0.37	0.61	0.61	0	0	0.37
97900	0.37	0.61	0.61	0	0	0.37
98000	0.37	0.61	0.61	0	0	0.37
98100	0.37	0.61	0.61	0	0	0.37
98200	0.36	0.61	0.61	0	0	0.36
98300	0.36	0.61	0.61	0	0	0.36
98400	0.36	0.61	0.61	0	0	0.36
98500	0.36	0.61	0.61	0	0	0.36
98600	0.36	0.61	0.61	0	0	0.36
98700	0.36	0.61	0.61	0	0	0.36
98800	0.36	0.61	0.61	0	0	0.36
98900	0.36	0.61	0.61	0	0	0.36
99000	0.36	0.61	0.61	0	0	0.36
99100	0.36	0.61	0.61	0	0	0.36
99200	0.36	0.61	0.61	0	0	0.36
99300	0.36	0.61	0.61	0	0	0.36
99400	0.36	0.61	0.61	0	0	0.36
99500	0.36	0.61	0.61	0	0	0.36
99600	0.36	0.61	0.61	0	0	0.36
99700	0.36	0.61	0.61	0	0	0.36
99800	0.36	0.61	0.61	0	0	0.36
99900	0.36	0.61	0.61	0	0	0.36
100000	0.36	0.61	0.61	0	0	0.36
100100	0.36	0.61	0.61	0	0	0.36
100200	0.36	0.61	0.61	0	0	0.36
100300	0.36	0.61	0.61	0	0	0.36
100400	0.36	0.61	0.61	0	0	0.36
100500	0.36	0.61	0.61	0	0	0.36
100600	0.37	0.61	0.61	0	0	0.37
100700	0.37	0.61	0.61	0	0	0.37
100800	0.37	0.61	0.61	0	0	0.37
100900	0.37	0.61	0.61	0	0	0.37
101000	0.36	0.61	0.61	0	0	0.36
101100	0.36	0.62	0.62	0	0	0.36
101200	0.36	0.62	0.62	0	0	0.36
101300	0.36	0.62	0.62	0	0	0.36
101400	0.36	0.62	0.62	0	0	0.36
101500	0.36	0.62	0.62	0	0	0.36
101600	0.36	0.62	0.62	0	0	0.36
101700	0.36	0.62	0.62	0	0	0.36
101800	0.36	0.62	0.62	0	0	0.36
101900	0.36	0.62	0.62	0	0	0.36
102000	0.36	0.62	0.62	0	0	0.36
102100	0.36	0.62	0.62	0	0	0.36
102200	0.36	0.62	0.62	0	0	0.36
102300	0.36	0.62	0.62	0	0	0.36
102400	0.36	0.62	0.62	0	0	0.36
102500	0.36	0.62	0.62	0	0	0.36
102600	0.36	0.62	0.62	0	0	0.36
102700	0.36	0.62	0.62	0	0	0.36
102800	0.36	0.62	0.62	0	0	0.36
102900	0.36	0.62	0.62	0	0	0.36
103000	0.36	0.62	0.62	0	0	0.36
103100	0.36	0.62	0.62	0	0	0.36
103200	0.36	0.62	0.62	0	0	0.36
103300	0.36	0.62	0.62	0	0	0.36
103400	0.36	0.62	0.62	0	0	0.36
103500	0.36	0.62	0.62	0	0	0.36
103600	0.35	0.62	0.62	0	0	0.35
103700	0.35	0.62	0.62	0	0	0.35
103800	0.35	0.62	0.62	0	0	0.35
103900	0.35	0.62	0.62	0	0	0.35
104000	0.35	0.62	0.62	0	0	0.35
104100	0.35	0.62	0.62	0	0	0.35
104200	0.35	0.62	0.62	0	0	0.35
104300	0.35	0.61	0.61	0	0	0.35
104400	0.35	0.61	0.61	0	0	0.35
104500	0.35	0.61	0.61	0	0	0.35
104600	0.35	0.61	0.61	0	0	0.35
104700	0.35	0.61	0.61	0	0	0.35
104800	0.35	0.61	0.61	0	0	0.35
104900	0.36	0.61	0.61	0	0	0.36
105000	0.36	0.61	0.61	0	0	0.36
105100	0.36	0.61	0.61	0	0	0.36
105200	0.36	0.61	0.61	0	0	0.36
105300	0.35	0.61	0.61	0	0	0.35
105400	0.34	0.61	0.61	0	0	0.34
105500	0.34	0.61	0.61	0	0	0.34
105600	0.34	0.61	0.61	0	0	0.34
105700	0.34	0.61	0.61	0	0	0.34
105800	0.34	0.61	0.61	0	0	0.34
105900	0.34	0.61	0.61	0	0	0.34
106000	0.34	0.61	0.61	0	0	0.34
106100	0.34	0.61	0.61	0	0	0.34
106200	0.34	0.61	0.61	0	0	0.34
106300	0.34	0.61	0.61	0	0	0.34
106400	0.34	0.61	0.61	0	0	0.34
106500	0.34	0.61	0.61	0	0	0.34
106600	0.34	0.61	0.61	0	0	0.34
106700	0.34	0.61	0.61	0	0	0.34
106800	0.34	0.61	0.61	0	0	0.34
106900	0.34	0.61	0.61	0	0	0.34
107000	0.34	0.61	0.61	0	0	0.34
107100	0.34	0.62	0.62	0	0	0.34
107200	0.34	0.62	0.62	0	0	0.34
107300	0.34	0.61	0.61	0	0	0.34
107400	0.34	0.61	0.61	0	0	0.34
107500	0.34	0.61	0.61	0	0	0.34
107600	0.34	0.61	0.61	0	0	0.34
107700	0.34	0.61	0.61	0	0	0.34
107800	0.34	0.61	0.61	0	0	0.34
107900	0.34	0.61	0.61	0	0	0.34
108000	0.34	0.61	0.61	0	0	0.34
108100	0.34	0.61	0.61	0	0	0.34
108200	0.34	0.61	0.61	0	0	0.34
108300	0.34	0.61	0.61	0	0	0.34
108400	0.34	0.61	0.61	0	0	0.34
108500	0.34	0.61	0.61	0	0	0.34
108600	0.34	0.61	0.61	0	0	0.34
108700	0.34	0.61	0.61	0	0	0.34
108800	0.34	0.61	0.61	0	0	0.34
108900	0.34	0.61	0.61	0	0	0.34
109000	0.34	0.61	0.61	0	0	0.34
109100	0.34	0.61	0.61	0	0	0.34
109200	0.34	0.61	0.61	0	0	0.34
109300	0.34	0.61	0.61	0	0	0.34
109400	0.34	0.61	0.61	0	0	0.34
109500	0.34	0.61	0.61	0	0	0.34
109600	0.34	0.61	0.61	0	0	0.34
109700	0.34	0.6	0.6	0	0	0.34
109800	0.34	0.6	0.6	0	0	0.34
109900	0.34	0.6	0.6	0	0	0.34
110000	0.34	0.6	0.6	0	0	0.34
110100	0.34	0.6	0.6	0	0	0.34
110200	0.34	0.6	0.6	0	0	0.34
110300	0.34	0.6	0.6	0	0	0.34
110400	0.34	0.6	0.6	0	0	0.34
110500	0.34	0.6	0.6	0	0	0.34
110600	0.34	0.6	0.6	0	0	0.34
110700	0.34	0.6	0.6	0	0	0.34
110800	0.34	0.6	0.6	0	0	0.34
110900	0.34	0.6	0.6	0	0	0.34
111000	0.34	0.6	0.6	0	0	0.34
111100	0.34	0.59	0.59	0	0	0.34
111200	0.34	0.59	0.59	0	0	0.34
111300	0.34	0.59	0.59	0	0	0.34
111400	0.34	0.59	0.59	0	0	0.34
111500	0.34	0.59	0.59	0	0	0.34
111600	0.35	0.59	0.59	0	0	0.35
111700	0.35	0.59	0.59	0	0	0.35
111800	0.35	0.59	0.59	0	0	0.35
111900	0.35	0.59	0.59	0	0	0.35
112000	0.35	0.59	0.59	0	0	0.35
112100	0.35	0.59	0.59	0	0	0.35
112200	0.35	0.59	0.59	0	0	0.35
112300	0.35	0.59	0.59	0	0	0.35
112400	0.35	0.59	0.59	0	0	0.35
112500	0.35	0.59	0.59	0	0	0.35
112600	0.35	0.59	0.59	0	0	0.35
112700	0.35	0.59	0.59	0	0	0.35
112800	0.35	0.59	0.59	0	0	0.35
112900	0.35	0.59	0.59	0	0	0.35
113000	0.35	0.59	0.59	0	0	0.35
113100	0.35	0.59	0.59	0	0	0.35
113200	0.35	0.59	0.59	0	0	0.35
113300	0.36	0.59	0.59	0	0	0.36
113400	0.36	0.59	0.59	0	0	0.36
113500	0.36	0.59	0.59	0	0	0.36
113600	0.35	0.59	0.59	0	0	0.35
113700	0.35	0.6	0.6	0	0	0.35
113800	0.35	0.59	0.59	0	0	0.35
113900	0.35	0.59	0.59	0	0	0.35
114000	0.35	0.59	0.59	0	0	0.35
114100	0.35	0.59	0.59	0	0	0.35
114200	0.35	0.59	0.59	0	0	0.35
114300	0.35	0.59	0.59	0	0	0.35
114400	0.35	0.59	0.59	0	0	0.35
114500	0.35	0.59	0.59	0	0	0.35
114600	0.35	0.59	0.59	0	0	0.35
114700	0.35	0.59	0.59	0	0	0.35
114800	0.35	0.59	0.59	0	0	0.35
114900	0.35	0.59	0.59	0	0	0.35
115000	0.35	0.59	0.59	0	0	0.35
115100	0.35	0.59	0.59	0	0	0.35
115200	0.36	0.59	0.59	0	0	0.36
115300	0.36	0.59	0.59	0	0	0.36
115400	0.36	0.59	0.59	0	0	0.36
115500	0.36	0.59	0.59	0	0	0.36
115600	0.36	0.59	0.59	0	0	0.36
115700	0.36	0.59	0.59	0	0	0.36
115800	0.36	0.59	0.59	0	0	0.36
115900	0.36	0.59	0.59	0	0	0.36
116000	0.36	0.59	0.59	0	0	0.36
116100	0.36	0.59	0.59	0	0	0.36
116200	0.37	0.59	0.59	0	0	0.37
116300	0.37	0.59	0.59	0	0	0.37
116400	0.37	0.59	0.59	0	0	0.37
116500	0.37	0.59	0.59	0	0	0.37
116600	0.37	0.59	0.59	0	0	0.37
116700	0.37	0.59	0.59	0	0	0.37
116800	0.37	0.59	0.59	0	0	0.37
116900	0.35	0.59	0.59	0	0	0.35
117000	0.35	0.59	0.59	0	0	0.35
117100	0.35	0.59	0.59	0	0	0.35
117200	0.35	0.59	0.59	0	0	0.35
117300	0.35	0.59	0.59	0	0	0.35
117400	0.35	0.59	0.59	0	0	0.35
117500	0.35	0.59	0.59	0	0	0.35
117600	0.35	0.59	0.59	0	0	0.35
117700	0.35	0.59	0.59	0	0	0.35
117800	0.35	0.59	0.59	0	0	0.35
117900	0.35	0.6	0.6	0	0	0.35
118000	0.35	0.6	0.6	0	0	0.35
118100	0.35	0.61	0.61	0	0	0.35
118200	0.35	0.61	0.61	0	0	0.35
118300	0.35	0.6	0.6	0	0	0.35
118400	0.35	0.6	0.6	0	0	0.35
118500	0.35	0.6	0.6	0	0	0.35
118600	0.35	0.6	0.6	0	0	0.35
118700	0.35	0.61	0.61	0	0	0.35
118800	0.35	0.61	0.61	0	0	0.35
118900	0.35	0.61	0.61	0	0	0.35
119000	0.35	0.61	0.61	0	0	0.35
119100	0.35	0.61	0.61	0	0	0.35
119200	0.35	0.61	0.61	0	0	0.35
119300	0.35	0.61	0.61	0	0	0.35
119400	0.35	0.61	0.61	0	0	0.35
119500	0.35	0.61	0.61	0	0	0.35
119600	0.36	0.61	0.61	0	0	0.36
119700	0.36	0.61	0.61	0	0	0.36
119800	0.36	0.61	0.61	0	0	0.36
119900	0.36	0.61	0.61	0	0	0.36
120000	0.36	0.61	0.61	0	0	0.36
120100	0.36	0.61	0.61	0	0	0.36
120200	0.36	0.62	0.62	0	0	0.36
120300	0.36	0.62	0.62	0	0	0.36
120400	0.35	0.62	0.62	0	0	0.35
120500	0.35	0.62	0.62	0	0	0.35
120600	0.35	0.62	0.62	0	0	0.35
120700	0.35	0.62	0.62	0	0	0.35
120800	0.35	0.62	0.62	0	0	0.35
120900	0.34	0.62	0.62	0	0	0.34
121000	0.34	0.62	0.62	0	0	0.34
121100	0.33	0.62	0.62	0	0	0.33
121200	0.33	0.62	0.62	0	0	0.33
121300	0.33	0.62	0.62	0	0	0.33
121400	0.33	0.62	0.62	0	0	0.33
121500	0.33	0.62	0.62	0	0	0.33
121600	0.33	0.62	0.62	0	0	0.33
121700	0.33	0.62	0.62	0	0	0.33
121800	0.33	0.62	0.62	0	0	0.33
121900	0.33	0.62	0.62	0	0	0.33
122000	0.33	0.62	0.62	0	0	0.33
122100	0.33	0.62	0.62	0	0	0.33
122200	0.33	0.62	0.62	0	0	0.33
122300	0.33	0.62	0.62	0	0	0.33
122400	0.33	0.62	0.62	0	0	0.33
122500	0.33	0.62	0.62	0	0	0.33
122600	0.33	0.62	0.62	0	0	0.33
122700	0.33	0.62	0.62	0	0	0.33
122800	0.33	0.62	0.62	0	0	0.33
122900	0.33	0.62	0.62	0	0	0.33
123000	0.33	0.62	0.62	0	0	0.33
123100	0.33	0.62	0.62	0	0	0.33
123200	0.33	0.62	0.62	0	0	0.33
123300	0.33	0.62	0.62	0	0	0.33
123400	0.33	0.62	0.62	0	0	0.33
123500	0.34	0.62	0.62	0	0	0.34
123600	0.33	0.62	0.62	0	0	0.33
123700	0.33	0.62	0.62	0	0	0.33
123800	0.33	0.62	0.62	0	0	0.33
123900	0.33	0.62	0.62	0	0	0.33
124000	0.33	0.62	0.62	0	0	0.33
124100	0.33	0.62	0.62	0	0	0.33
124200	0.33	0.62	0.62	0	0	0.33
124300	0.33	0.62	0.62	0	0	0.33
124400	0.33	0.62	0.62	0	0	0.33
124500	0.33	0.62	0.62	0	0	0.33
124600	0.33	0.62	0.62	0	0	0.33
124700	0.33	0.62	0.62	0	0	0.33
124800	0.33	0.62	0.62	0	0	0.33
124900	0.33	0.62	0.62	0	0	0.33
125000	0.33	0.62	0.62	0	0	0.33
125100	0.34	0.62	0.62	0	0	0.34
125200	0.34	0.62	0.62	0	0	0.34
125300	0.34	0.62	0.62	0	0	0.34
125400	0.33	0.62	0.62	0	0	0.33
125500	0.33	0.62	0.62	0	0	0.33
125600	0.33	0.62	0.62	0	0	0.33
125700	0.33	0.62	0.62	0	0	0.33
125800	0.33	0.62	0.62	0	0	0.33
125900	0.33	0.62	0.62	0	0	0.33
126000	0.33	0.62	0.62	0	0	0.33
126100	0.34	0.62	0.62	0	0	0.34
126200	0.34	0.62	0.62	0	0	0.34
126300	0.34	0.62	0.62	0	0	0.34
126400	0.34	0.62	0.62	0	0	0.34
126500	0.34	0.62	0.62	0	0	0.34
126600	0.34	0.62	0.62	0	0	0.34
126700	0.34	0.62	0.62	0	0	0.34
126800	0.34	0.62	0.62	0	0	0.34
126900	0.34	0.62	0.62	0	0	0.34
127000	0.34	0.62	0.62	0	0	0.34
127100	0.34	0.62	0.62	0	0	0.34
127200	0.34	0.62	0.62	0	0	0.34
127300	0.34	0.62	0.62	0	0	0.34
127400	0.34	0.62	0.62	0	0	0.34
127500	0.33	0.62	0.62	0	0	0.33
127600	0.33	0.62	0.62	0	0	0.33
127700	0.33	0.62	0.62	0	0	0.33
127800	0.33	0.62	0.62	0	0	0.33
127900	0.33	0.62	0.62	0	0	0.33
128000	0.33	0.62	0.62	0	0	0.33
128100	0.33	0.62	0.62	0	0	0.33
128200	0.33	0.62	0.62	0	0	0.33
128300	0.33	0.62	0.62	0	0	0.33
128400	0.33	0.63	0.63	0	0	0.33
128500	0.33	0.63	0.63	0	0	0.33
128600	0.34	0.63	0.63	0	0	0.34
128700	0.34	0.63	0.63	0	0	0.34
128800	0.34	0.63	0.63	0	0	0.34
128900	0.34	0.63	0.63	0	0	0.34
129000	0.34	0.63	0.63	0	0	0.34
129100	0.34	0.63	0.63	0	0	0.34
129200	0.34	0.63	0.63	0	0	0.34
129300	0.34	0.63	0.63	0	0	0.34
129400	0.34	0.63	0.63	0	0	0.34
129500	0.34	0.63	0.63	0	0	0.34
129600	0.34	0.63	0.63	0	0	0.34
129700	0.34	0.63	0.63	0	0	0.34
129800	0.34	0.63	0.63	0	0	0.34
129900	0.34	0.63	0.63	0	0	0.34
130000	0.34	0.63	0.63	0	0	0.34
130100	0.34	0.63	0.63	0	0	0.34
130200	0.34	0.63	0.63	0	0	0.34
130300	0.34	0.63	0.63	0	0	0.34
130400	0.34	0.63	0.63	0	0	0.34
130500	0.34	0.63	0.63	0	0	0.34
130600	0.34	0.63	0.63	0	0	0.34
130700	0.34	0.63	0.63	0	0	0.34
130800	0.34	0.63	0.63	0	0	0.34
130900	0.34	0.63	0.63	0	0	0.34
131000	0.34	0.63	0.63	0	0	0.34
131100	0.34	0.63	0.63	0	0	0.34
131200	0.34	0.63	0.63	0	0	0.34
131300	0.34	0.63	0.63	0	0	0.34
131400	0.34	0.63	0.63	0	0	0.34
131500	0.34	0.64	0.64	0	0	0.34
131600	0.34	0.64	0.64	0	0	0.34
131700	0.34	0.64	0.64	0	0	0.34
131800	0.34	0.64	0.64	0	0	0.34
131900	0.35	0.64	0.64	0	0	0.35
132000	0.35	0.64	0.64	0	0	0.35
132100	0.35	0.64	0.64	0	0	0.35
132200	0.35	0.64	0.64	0	0	0.35
132300	0.35	0.64	0.64	0	0	0.35
132400	0.35	0.64	0.64	0	0	0.35
132500	0.35	0.64	0.64	0	0	0.35
132600	0.35	0.64	0.64	0	0	0.35
132700	0.35	0.64	0.64	0	0	0.35
132800	0.35	0.64	0.64	0	0	0.35
132900	0.35	0.64	0.64	0	0	0.35
133000	0.35	0.64	0.64	0	0	0.35
133100	0.35	0.64	0.64	0	0	0.35
133200	0.34	0.64	0.64	0	0	0.34
133300	0.34	0.64	0.64	0	0	0.34
133400	0.34	0.64	0.64	0	0	0.34
133500	0.34	0.64	0.64	0	0	0.34
133600	0.34	0.63	0.63	0	0	0.34
133700	0.34	0.63	0.63	0	0	0.34
133800	0.34	0.63	0.63	0	0	0.34
133900	0.34	0.63	0.63	0	0	0.34
134000	0.34	0.63	0.63	0	0	0.34
134100	0.34	0.63	0.63	0	0	0.34
134200	0.34	0.63	0.63	0	0	0.34
134300	0.34	0.62	0.62	0	0	0.34
134400	0.34	0.62	0.62	0	0	0.34
134500	0.34	0.62	0.62	0	0	0.34
134600	0.34	0.62	0.62	0	0	0.34
134700	0.34	0.62	0.62	0	0	0.34
134800	0.34	0.62	0.62	0	0	0.34
134900	0.34	0.62	0.62	0	0	0.34
135000	0.34	0.62	0.62	0	0	0.34
135100	0.34	0.62	0.62	0	0	0.34
135200	0.34	0.62	0.62	0	0	0.34
135300	0.34	0.62	0.62	0	0	0.34
135400	0.34	0.62	0.62	0	0	0.34
135500	0.34	0.62	0.62	0	0	0.34
135600	0.34	0.62	0.62	0	0	0.34
135700	0.34	0.62	0.62	0	0	0.34
135800	0.34	0.62	0.62	0	0	0.34
135900	0.34	0.62	0.62	0	0	0.34
136000	0.34	0.62	0.62	0	0	0.34
136100	0.35	0.62	0.62	0	0	0.35
136200	0.35	0.62	0.62	0	0	0.35
136300	0.35	0.62	0.62	0	0	0.35
136400	0.35	0.62	0.62	0	0	0.35
136500	0.35	0.62	0.62	0	0	0.35
136600	0.35	0.62	0.62	0	0	0.35
136700	0.35	0.62	0.62	0	0	0.35
136800	0.35	0.62	0.62	0	0	0.35
136900	0.35	0.62	0.62	0	0	0.35
137000	0.35	0.62	0.62	0	0	0.35
137100	0.35	0.62	0.62	0	0	0.35
137200	0.35	0.62	0.62	0	0	0.35
137300	0.36	0.62	0.62	0	0	0.36
137400	0.36	0.62	0.62	0	0	0.36
137500	0.36	0.62	0.62	0	0	0.36
137600	0.36	0.62	0.62	0	0	0.36
137700	0.36	0.62	0.62	0	0	0.36
137800	0.36	0.62	0.62	0	0	0.36
137900	0.36	0.62	0.62	0	0	0.36
138000	0.36	0.62	0.62	0	0	0.36
138100	0.36	0.62	0.62	0	0	0.36
138200	0.36	0.62	0.62	0	0	0.36
138300	0.36	0.62	0.62	0	0	0.36
138400	0.36	0.62	0.62	0	0	0.36
138500	0.36	0.62	0.62	0	0	0.36
138600	0.36	0.62	0.62	0	0	0.36
138700	0.36	0.62	0.62	0	0	0.36
138800	0.36	0.62	0.62	0	0	0.36
138900	0.36	0.62	0.62	0	0	0.36
139000	0.36	0.62	0.62	0	0	0.36
139100	0.36	0.62	0.62	0	0	0.36
139200	0.36	0.62	0.62	0	0	0.36
139300	0.36	0.62	0.62	0	0	0.36
139400	0.36	0.62	0.62	0	0	0.36
139500	0.37	0.62	0.62	0	0	0.37
139600	0.37	0.62	0.62	0	0	0.37
139700	0.37	0.62	0.62	0	0	0.37
139800	0.36	0.62	0.62	0	0	0.36
139900	0.36	0.62	0.62	0	0	0.36
140000	0.36	0.62	0.62	0	0	0.36
140100	0.36	0.62	0.62	0	0	0.36
140200	0.36	0.62	0.62	0	0	0.36
140300	0.36	0.62	0.62	0	0	0.36
140400	0.36	0.62	0.62	0	0	0.36
140500	0.36	0.62	0.62	0	0	0.36
140600	0.36	0.62	0.62	0	0	0.36
140700	0.36	0.62	0.62	0	0	0.36
140800	0.36	0.62	0.62	0	0	0.36
140900	0.36	0.62	0.62	0	0	0.36
141000	0.36	0.62	0.62	0	0	0.36
141100	0.36	0.62	0.62	0	0	0.36
141200	0.36	0.62	0.62	0	0	0.36
141300	0.36	0.62	0.62	0	0	0.36
141400	0.36	0.62	0.62	0	0	0.36
141500	0.35	0.62	0.62	0	0	0.35
141600	0.35	0.62	0.62	0	0	0.35
141700	0.35	0.62	0.62	0	0	0.35
141800	0.35	0.62	0.62	0	0	0.35
141900	0.35	0.62	0.62	0	0	0.35
142000	0.35	0.62	0.62	0	0	0.35
142100	0.35	0.63	0.63	0	0	0.35
142200	0.35	0.63	0.63	0	0	0.35
142300	0.35	0.63	0.63	0	0	0.35
142400	0.35	0.63	0.63	0	0	0.35
142500	0.35	0.63	0.63	0	0	0.35
142600	0.35	0.63	0.63	0	0	0.35
142700	0.35	0.63	0.63	0	0	0.35
142800	0.35	0.63	0.63	0	0	0.35
142900	0.35	0.63	0.63	0	0	0.35
143000	0.35	0.63	0.63	0	0	0.35
143100	0.35	0.63	0.63	0	0	0.35
143200	0.35	0.63	0.63	0	0	0.35
143300	0.35	0.62	0.62	0	0	0.35
143400	0.35	0.62	0.62	0	0	0.35
143500	0.36	0.62	0.62	0	0	0.36
143600	0.35	0.62	0.62	0	0	0.35
143700	0.35	0.62	0.62	0	0	0.35
143800	0.35	0.62	0.62	0	0	0.35
143900	0.35	0.62	0.62	0	0	0.35
144000	0.36	0.62	0.62	0	0	0.36
144100	0.36	0.62	0.62	0	0	0.36
144200	0.36	0.62	0.62	0	0	0.36
144300	0.36	0.62	0.62	0	0	0.36
144400	0.36	0.62	0.62	0	0	0.36
144500	0.36	0.62	0.62	0	0	0.36
144600	0.36	0.62	0.62	0	0	0.36
144700	0.36	0.62	0.62	0	0	0.36
144800	0.36	0.62	0.62	0	0	0.36
144900	0.36	0.62	0.62	0	0	0.36
145000	0.36	0.62	0.62	0	0	0.36
145100	0.36	0.61	0.61	0	0	0.36
145200	0.36	0.61	0.61	0	0	0.36
145300	0.36	0.61	0.61	0	0	0.36
145400	0.36	0.61	0.61	0	0	0.36
145500	0.36	0.61	0.61	0	0	0.36
145600	0.36	0.61	0.61	0	0	0.36
145700	0.36	0.61	0.61	0	0	0.36
145800	0.36	0.61	0.61	0	0	0.36
145900	0.36	0.61	0.61	0	0	0.36
146000	0.36	0.61	0.61	0	0	0.36
146100	0.36	0.61	0.61	0	0	0.36
146200	0.36	0.61	0.61	0	0	0.36
146300	0.36	0.61	0.61	0	0	0.36
146400	0.36	0.61	0.61	0	0	0.36
146500	0.36	0.61	0.61	0	0	0.36
146600	0.36	0.61	0.61	0	0	0.36
146700	0.36	0.61	0.61	0	0	0.36
146800	0.36	0.61	0.61	0	0	0.36
146900	0.36	0.61	0.61	0	0	0.36
147000	0.36	0.61	0.61	0	0	0.36
147100	0.35	0.61	0.61	0	0	0.35
147200	0.35	0.61	0.61	0	0	0.35
147300	0.35	0.61	0.61	0	0	0.35
147400	0.35	0.61	0.61	0	0	0.35
147500	0.35	0.61	0.61	0	0	0.35
147600	0.35	0.61	0.61	0	0	0.35
147700	0.35	0.61	0.61	0	0	0.35
147800	0.35	0.61	0.61	0	0	0.35
147900	0.35	0.61	0.61	0	0	0.35
148000	0.35	0.61	0.61	0	0	0.35
148100	0.35	0.61	0.61	0	0	0.35
148200	0.35	0.61	0.61	0	0	0.35
148300	0.35	0.61	0.61	0	0	0.35
148400	0.35	0.61	0.61	0	0	0.35
148500	0.35	0.61	0.61	0	0	0.35
148600	0.35	0.61	0.61	0	0	0.35
148700	0.35	0.61	0.61	0	0	0.35
148800	0.35	0.61	0.61	0	0	0.35
148900	0.35	0.61	0.61	0	0	0.35
149000	0.35	0.61	0.61	0	0	0.35
149100	0.35	0.61	0.61	0	0	0.35
149200	0.35	0.61	0.61	0	0	0.35
149300	0.35	0.61	0.61	0	0	0.35
149400	0.35	0.61	0.61	0	0	0.35
149500	0.35	0.61	0.61	0	0	0.35
149600	0.35	0.61	0.61	0	0	0.35
149700	0.35	0.61	0.61	0	0	0.35
149800	0.35	0.61	0.61	0	0	0.35
149900	0.35	0.61	0.61	0	0	0.35
150000	0.35	0.61	0.61	0	0	0.35
150100	0.35	0.61	0.61	0	0	0.35
150200	0.35	0.61	0.61	0	0	0.35
150300	0.35	0.62	0.62	0	0	0.35
150400	0.35	0.61	0.61	0	0	0.35
150500	0.35	0.61	0.61	0	0	0.35
150600	0.35	0.61	0.61	0	0	0.35
150700	0.35	0.61	0.61	0	0	0.35
150800	0.35	0.61	0.61	0	0	0.35
150900	0.35	0.61	0.61	0	0	0.35
151000	0.35	0.61	0.61	0	0	0.35
151100	0.35	0.61	0.61	0	0	0.35
151200	0.35	0.61	0.61	0	0	0.35
151300	0.35	0.61	0.61	0	0	0.35
151400	0.35	0.61	0.61	0	0	0.35
151500	0.35	0.61	0.61	0	0	0.35
151600	0.35	0.61	0.61	0	0	0.35
151700	0.35	0.61	0.61	0	0	0.35
151800	0.35	0.61	0.61	0	0	0.35
151900	0.35	0.61	0.61	0	0	0.35
152000	0.35	0.61	0.61	0	0	0.35
152100	0.35	0.61	0.61	0	0	0.35
152200	0.35	0.61	0.61	0	0	0.35
152300	0.35	0.61	0.61	0	0	0.35
152400	0.35	0.61	0.61	0	0	0.35
152500	0.35	0.62	0.62	0	0	0.35
152600	0.35	0.62	0.62	0	0	0.35
152700	0.35	0.62	0.62	0	0	0.35
152800	0.35	0.62	0.62	0	0	0.35
152900	0.35	0.62	0.62	0	0	0.35
153000	0.35	0.62	0.62	0	0	0.35
153100	0.35	0.63	0.63	0	0	0.35
153200	0.35	0.63	0.63	0	0	0.35
153300	0.35	0.63	0.63	0	0	0.35
153400	0.35	0.63	0.63	0	0	0.35
153500	0.35	0.63	0.63	0	0	0.35
153600	0.35	0.63	0.63	0	0	0.35
153700	0.35	0.63	0.63	0	0	0.35
153800	0.35	0.63	0.63	0	0	0.35
153900	0.35	0.63	0.63	0	0	0.35
154000	0.35	0.63	0.63	0	0	0.35
154100	0.35	0.63	0.63	0	0	0.35
154200	0.35	0.63	0.63	0	0	0.35
154300	0.35	0.63	0.63	0	0	0.35
154400	0.35	0.63	0.63	0	0	0.35
154500	0.35	0.63	0.63	0	0	0.35
154600	0.35	0.63	0.63	0	0	0.35
154700	0.35	0.63	0.63	0	0	0.35
154800	0.35	0.63	0.63	0	0	0.35
154900	0.35	0.64	0.64	0	0	0.35
155000	0.35	0.64	0.64	0	0	0.35
155100	0.35	0.64	0.64	0	0	0.35
155200	0.35	0.64	0.64	0	0	0.35
155300	0.35	0.64	0.64	0	0	0.35
155400	0.35	0.64	0.64	0	0	0.35
155500	0.35	0.64	0.64	0	0	0.35
155600	0.35	0.64	0.64	0	0	0.35
155700	0.35	0.64	0.64	0	0	0.35
155800	0.35	0.64	0.64	0	0	0.35
155900	0.35	0.64	0.64	0	0	0.35
156000	0.35	0.64	0.64	0	0	0.35
156100	0.35	0.64	0.64	0	0	0.35
156200	0.35	0.64	0.64	0	0	0.35
156300	0.35	0.64	0.64	0	0	0.35
156400	0.35	0.64	0.64	0	0	0.35
156500	0.35	0.64	0.64	0	0	0.35
156600	0.35	0.64	0.64	0	0	0.35
156700	0.35	0.64	0.64	0	0	0.35
156800	0.35	0.64	0.64	0	0	0.35
156900	0.35	0.64	0.64	0	0	0.35
157000	0.35	0.64	0.64	0	0	0.35
157100	0.35	0.64	0.64	0	0	0.35
157200	0.35	0.64	0.64	0	0	0.35
157300	0.35	0.64	0.64	0	0	0.35
157400	0.35	0.64	0.64	0	0	0.35
157500	0.35	0.64	0.64	0	0	0.35
157600	0.35	0.64	0.64	0	0	0.35
157700	0.35	0.64	0.64	0	0	0.35
157800	0.35	0.64	0.64	0	0	0.35
157900	0.35	0.64	0.64	0	0	0.35
158000	0.35	0.64	0.64	0	0	0.35
158100	0.35	0.64	0.64	0	0	0.35
158200	0.35	0.64	0.64	0	0	0.35
158300	0.35	0.64	0.64	0	0	0.35
158400	0.35	0.64	0.64	0	0	0.35
158500	0.35	0.64	0.64	0	0	0.35
158600	0.35	0.64	0.64	0	0	0.35
158700	0.35	0.64	0.64	0	0	0.35
158800	0.35	0.64	0.64	0	0	0.35
158900	0.35	0.64	0.64	0	0	0.35
159000	0.35	0.64	0.64	0	0	0.35
159100	0.35	0.64	0.64	0	0	0.35
159200	0.35	0.64	0.64	0	0	0.35
159300	0.35	0.64	0.64	0	0	0.35
159400	0.35	0.64	0.64	0	0	0.35
159500	0.35	0.64	0.64	0	0	0.35
159600	0.35	0.64	0.64	0	0	0.35
159700	0.35	0.64	0.64	0	0	0.35
159800	0.35	0.64	0.64	0	0	0.35
159900	0.35	0.64	0.64	0	0	0.35
160000	0.35	0.64	0.64	0	0	0.35
160100	0.35	0.64	0.64	0	0	0.35
160200	0.35	0.64	0.64	0	0	0.35
160300	0.35	0.64	0.64	0	0	0.35
160400	0.35	0.64	0.64	0	0	0.35
160500	0.35	0.64	0.64	0	0	0.35
160600	0.35	0.64	0.64	0	0	0.35
160700	0.35	0.64	0.64	0	0	0.35
160800	0.35	0.64	0.64	0	0	0.35
160900	0.35	0.64	0.64	0	0	0.35
161000	0.35	0.64	0.64	0	0	0.35
161100	0.35	0.64	0.64	0	0	0.35
161200	0.35	0.64	0.64	0	0	0.35
161300	0.35	0.64	0.64	0	0	0.35
161400	0.35	0.64	0.64	0	0	0.35
161500	0.35	0.64	0.64	0	0	0.35
161600	0.35	0.64	0.64	0	0	0.35
161700	0.35	0.64	0.64	0	0	0.35
161800	0.35	0.64	0.64	0	0	0.35
161900	0.35	0.64	0.64	0	0	0.35
162000	0.35	0.64	0.64	0	0	0.35
162100	0.35	0.64	0.64	0	0	0.35
162200	0.35	0.64	0.64	0	0	0.35
162300	0.35	0.64	0.64	0	0	0.35
162400	0.35	0.64	0.64	0	0	0.35
162500	0.35	0.64	0.64	0	0	0.35
162600	0.35	0.64	0.64	0	0	0.35
162700	0.35	0.64	0.64	0	0	0.35
162800	0.35	0.64	0.64	0	0	0.35
162900	0.35	0.64	0.64	0	0	0.35
163000	0.35	0.64	0.64	0	0	0.35
163100	0.35	0.64	0.64	0	0	0.35
163200	0.35	0.64	0.64	0	0	0.35
163300	0.35	0.64	0.64	0	0	0.35
163400	0.35	0.64	0.64	0	0	0.35
163500	0.35	0.64	0.64	0	0	0.35
163600	0.35	0.64	0.64	0	0	0.35
163700	0.35	0.64	0.64	0	0	0.35
163800	0.35	0.64	0.64	0	0	0.35
163900	0.35	0.64	0.64	0	0	0.35
164000	0.35	0.64	0.64	0	0	0.35
164100	0.35	0.64	0.64	0	0	0.35
164200	0.35	0.64	0.64	0	0	0.35
164300	0.35	0.64	0.64	0	0	0.35
164400	0.35	0.64	0.64	0	0	0.35
164500	0.35	0.64	0.64	0	0	0.35
164600	0.35	0.64	0.64	0	0	0.35
164700	0.35	0.64	0.64	0	0	0.35
164800	0.35	0.64	0.64	0	0	0.35
164900	0.35	0.64	0.64	0	0	0.35
165000	0.35	0.64	0.64	0	0	0.35
165100	0.35	0.64	0.64	0	0	0.35
165200	0.35	0.64	0.64	0	0	0.35
165300	0.35	0.64	0.64	0	0	0.35
165400	0.35	0.64	0.64	0	0	0.35
165500	0.35	0.64	0.64	0	0	0.35
165600	0.35	0.64	0.64	0	0	0.35
165700	0.35	0.64	0.64	0	0	0.35
165800	0.35	0.64	0.64	0	0	0.35
165900	0.35	0.64	0.64	0	0	0.35
166000	0.35	0.64	0.64	0	0	0.35
166100	0.35	0.64	0.64	0	0	0.35
166200	0.35	0.64	0.64	0	0	0.35
166300	0.35	0.64	0.64	0	0	0.35
166400	0.35	0.64	0.64	0	0	0.35
166500	0.35	0.64	0.64	0	0	0.35
166600	0.35	0.64	0.64	0	0	0.35
166700	0.35	0.64	0.64	0	0	0.35
166800	0.35	0.64	0.64	0	0	0.35
166900	0.35	0.64	0.64	0	0	0.35
167000	0.35	0.64	0.64	0	0	0.35
167100	0.35	0.64	0.64	0	0	0.35
167200	0.35	0.64	0.64	0	0	0.35
167300	0.35	0.64	0.64	0	0	0.35
167400	0.35	0.64	0.64	0	0	0.35
167500	0.35	0.64	0.64	0	0	0.35
167600	0.35	0.64	0.64	0	0	0.35
167700	0.35	0.64	0.64	0	0	0.35
167800	0.35	0.64	0.64	0	0	0.35
167900	0.35	0.64	0.64	0	0	0.35
168000	0.35	0.64	0.64	0	0	0.35
168100	0.35	0.64	0.64	0	0	0.35
168200	0.35	0.64	0.64	0	0	0.35
168300	0.35	0.64	0.64	0	0	0.35
168400	0.35	0.64	0.64	0	0	0.35
168500	0.35	0.64	0.64	0	0	0.35
168600	0.35	0.64	0.64	0	0	0.35
168700	0.34	0.64	0.64	0	0	0.34
168800	0.34	0.64	0.64	0	0	0.34
168900	0.34	0.64	0.64	0	0	0.34
169000	0.34	0.64	0.64	0	0	0.34
169100	0.34	0.64	0.64	0	0	0.34
169200	0.34	0.64	0.64	0	0	0.34
169300	0.34	0.64	0.64	0	0	0.34
169400	0.34	0.64	0.64	0	0	0.34
169500	0.34	0.64	0.64	0	0	0.34
169600	0.34	0.64	0.64	0	0	0.34
169700	0.34	0.64	0.64	0	0	0.34
169800	0.34	0.64	0.64	0	0	0.34
169900	0.34	0.64	0.64	0	0	0.34
170000	0.34	0.64	0.64	0	0	0.34
170100	0.34	0.64	0.64	0	0	0.34
170200	0.34	0.64	0.64	0	0	0.34
170300	0.34	0.64	0.64	0	0	0.34
170400	0.34	0.64	0.64	0	0	0.34
170500	0.34	0.65	0.65	0	0	0.34
170600	0.34	0.65	0.65	0	0	0.34
170700	0.34	0.64	0.64	0	0	0.34
170800	0.34	0.64	0.64	0	0	0.34
170900	0.34	0.64	0.64	0	0	0.34
171000	0.34	0.64	0.64	0	0	0.34
171100	0.34	0.64	0.64	0	0	0.34
171200	0.34	0.64	0.64	0	0	0.34
171300	0.34	0.64	0.64	0	0	0.34
171400	0.34	0.64	0.64	0	0	0.34
171500	0.34	0.64	0.64	0	0	0.34
171600	0.34	0.64	0.64	0	0	0.34
171700	0.34	0.64	0.64	0	0	0.34
171800	0.34	0.64	0.64	0	0	0.34
171900	0.34	0.64	0.64	0	0	0.34
172000	0.34	0.64	0.64	0	0	0.34
172100	0.34	0.64	0.64	0	0	0.34
172200	0.34	0.64	0.64	0	0	0.34
172300	0.34	0.64	0.64	0	0	0.34
172400	0.34	0.64	0.64	0	0	0.34
172500	0.34	0.64	0.64	0	0	0.34
172600	0.34	0.64	0.64	0	0	0.34
172700	0.34	0.64	0.64	0	0	0.34
172800	0.34	0.64	0.64	0	0	0.34
172900	0.34	0.64	0.64	0	0	0.34
173000	0.34	0.64	0.64	0	0	0.34
173100	0.34	0.64	0.64	0	0	0.34
173200	0.34	0.64	0.64	0	0	0.34
173300	0.34	0.64	0.64	0	0	0.34
173400	0.34	0.64	0.64	0	0	0.34
173500	0.34	0.64	0.64	0	0	0.34
173600	0.34	0.64	0.64	0	0	0.34
173700	0.34	0.64	0.64	0	0	0.34
173800	0.34	0.64	0.64	0	0	0.34
173900	0.34	0.64	0.64	0	0	0.34
174000	0.34	0.64	0.64	0	0	0.34
174100	0.34	0.64	0.64	0	0	0.34
174200	0.34	0.64	0.64	0	0	0.34
174300	0.34	0.64	0.64	0	0	0.34
174400	0.34	0.64	0.64	0	0	0.34
174500	0.34	0.63	0.63	0	0	0.34
174600	0.34	0.62	0.62	0	0	0.34
174700	0.34	0.62	0.62	0	0	0.34
174800	0.34	0.62	0.62	0	0	0.34
174900	0.34	0.62	0.62	0	0	0.34
175000	0.34	0.62	0.62	0	0	0.34
175100	0.34	0.62	0.62	0	0	0.34
175200	0.34	0.62	0.62	0	0	0.34
175300	0.34	0.62	0.62	0	0	0.34
175400	0.35	0.61	0.61	0	0	0.35
175500	0.35	0.61	0.61	0	0	0.35
175600	0.35	0.61	0.61	0	0	0.35
175700	0.35	0.61	0.61	0	0	0.35
175800	0.35	0.61	0.61	0	0	0.35
175900	0.35	0.61	0.61	0	0	0.35
176000	0.35	0.61	0.61	0	0	0.35
176100	0.35	0.61	0.61	0	0	0.35
176200	0.35	0.61	0.61	0	0	0.35
176300	0.35	0.62	0.62	0	0	0.35
176400	0.35	0.62	0.62	0	0	0.35
176500	0.35	0.62	0.62	0	0	0.35
176600	0.36	0.62	0.62	0	0	0.36
176700	0.36	0.61	0.61	0	0	0.36
176800	0.36	0.61	0.61	0	0	0.36
176900	0.36	0.61	0.61	0	0	0.36
177000	0.36	0.61	0.61	0	0	0.36
177100	0.36	0.61	0.61	0	0	0.36
177200	0.36	0.61	0.61	0	0	0.36
177300	0.36	0.61	0.61	0	0	0.36
177400	0.36	0.61	0.61	0	0	0.36
177500	0.36	0.61	0.61	0	0	0.36
177600	0.36	0.61	0.61	0	0	0.36
177700	0.35	0.61	0.61	0	0	0.35
177800	0.35	0.61	0.61	0	0	0.35
177900	0.35	0.61	0.61	0	0	0.35
178000	0.35	0.61	0.61	0	0	0.35
178100	0.35	0.61	0.61	0	0	0.35
178200	0.35	0.61	0.61	0	0	0.35
178300	0.35	0.61	0.61	0	0	0.35
178400	0.35	0.61	0.61	0	0	0.35
178500	0.35	0.61	0.61	0	0	0.35
178600	0.35	0.61	0.61	0	0	0.35
178700	0.35	0.61	0.61	0	0	0.35
178800	0.35	0.61	0.61	0	0	0.35
178900	0.35	0.61	0.61	0	0	0.35
179000	0.35	0.61	0.61	0	0	0.35
179100	0.35	0.61	0.61	0	0	0.35
179200	0.35	0.61	0.61	0	0	0.35
179300	0.35	0.61	0.61	0	0	0.35
179400	0.35	0.61	0.61	0	0	0.35
179500	0.36	0.61	0.61	0	0	0.36
179600	0.36	0.61	0.61	0	0	0.36
179700	0.36	0.61	0.61	0	0	0.36
179800	0.36	0.61	0.61	0	0	0.36
179900	0.36	0.61	0.61	0	0	0.36
180000	0.36	0.61	0.61	0	0	0.36
180100	0.36	0.61	0.61	0	0	0.36
180200	0.36	0.61	0.61	0	0	0.36
180300	0.36	0.61	0.61	0	0	0.36
180400	0.36	0.61	0.61	0	0	0.36
180500	0.36	0.61	0.61	0	0	0.36
180600	0.36	0.61	0.61	0	0	0.36
180700	0.36	0.61	0.61	0	0	0.36
180800	0.36	0.61	0.61	0	0	0.36
180900	0.36	0.61	0.61	0	0	0.36
181000	0.36	0.61	0.61	0	0	0.36
181100	0.36	0.61	0.61	0	0	0.36
181200	0.36	0.61	0.61	0	0	0.36
181300	0.36	0.61	0.61	0	0	0.36
181400	0.36	0.61	0.61	0	0	0.36
181500	0.36	0.61	0.61	0	0	0.36
181600	0.36	0.61	0.61	0	0	0.36
181700	0.36	0.61	0.61	0	0	0.36
181800	0.36	0.61	0.61	0	0	0.36
181900	0.36	0.61	0.61	0	0	0.36
182000	0.36	0.61	0.61	0	0	0.36
182100	0.36	0.61	0.61	0	0	0.36
182200	0.36	0.61	0.61	0	0	0.36
182300	0.36	0.61	0.61	0	0	0.36
182400	0.36	0.61	0.61	0	0	0.36
182500	0.36	0.61	0.61	0	0	0.36
182600	0.36	0.61	0.61	0	0	0.36
182700	0.36	0.61	0.61	0	0	0.36
182800	0.36	0.61	0.61	0	0	0.36
182900	0.36	0.61	0.61	0	0	0.36
183000	0.36	0.61	0.61	0	0	0.36
183100	0.36	0.61	0.61	0	0	0.36
183200	0.35	0.61	0.61	0	0	0.35
183300	0.35	0.61	0.61	0	0	0.35
183400	0.35	0.61	0.61	0	0	0.35
183500	0.35	0.61	0.61	0	0	0.35
183600	0.35	0.61	0.61	0	0	0.35
183700	0.35	0.61	0.61	0	0	0.35
183800	0.35	0.61	0.61	0	0	0.35
183900	0.35	0.61	0.61	0	0	0.35
184000	0.35	0.61	0.61	0	0	0.35
184100	0.35	0.61	0.61	0	0	0.35
184200	0.35	0.61	0.61	0	0	0.35
184300	0.35	0.61	0.61	0	0	0.35
184400	0.35	0.61	0.61	0	0	0.35
184500	0.35	0.61	0.61	0	0	0.35
184600	0.35	0.61	0.61	0	0	0.35
184700	0.35	0.61	0.61	0	0	0.35
184800	0.35	0.61	0.61	0	0	0.35
184900	0.35	0.61	0.61	0	0	0.35
185000	0.35	0.61	0.61	0	0	0.35
185100	0.35	0.61	0.61	0	0	0.35
185200	0.35	0.61	0.61	0	0	0.35
185300	0.35	0.61	0.61	0	0	0.35
185400	0.35	0.61	0.61	0	0	0.35
185500	0.35	0.61	0.61	0	0	0.35
185600	0.35	0.61	0.61	0	0	0.35
185700	0.35	0.61	0.61	0	0	0.35
185800	0.35	0.61	0.61	0	0	0.35
185900	0.35	0.61	0.61	0	0	0.35
186000	0.35	0.61	0.61	0	0	0.35
186100	0.35	0.61	0.61	0	0	0.35
186200	0.35	0.61	0.61	0	0	0.35
186300	0.35	0.61	0.61	0	0	0.35
186400	0.35	0.61	0.61	0	0	0.35
186500	0.35	0.61	0.61	0	0	0.35
186600	0.35	0.61	0.61	0	0	0.35
186700	0.35	0.61	0.61	0	0	0.35
186800	0.36	0.61	0.61	0	0	0.36
186900	0.36	0.61	0.61	0	0	0.36
187000	0.36	0.61	0.61	0	0	0.36
187100	0.36	0.61	0.61	0	0	0.36
187200	0.35	0.61	0.61	0	0	0.35
187300	0.35	0.61	0.61	0	0	0.35
187400	0.35	0.61	0.61	0	0	0.35
187500	0.35	0.61	0.61	0	0	0.35
187600	0.35	0.61	0.61	0	0	0.35
187700	0.35	0.61	0.61	0	0	0.35
187800	0.35	0.61	0.61	0	0	0.35
187900	0.35	0.61	0.61	0	0	0.35
188000	0.35	0.61	0.61	0	0	0.35
188100	0.35	0.61	0.61	0	0	0.35
188200	0.35	0.61	0.61	0	0	0.35
188300	0.35	0.61	0.61	0	0	0.35
188400	0.35	0.61	0.61	0	0	0.35
188500	0.35	0.61	0.61	0	0	0.35
188600	0.35	0.61	0.61	0	0	0.35
188700	0.35	0.61	0.61	0	0	0.35
188800	0.35	0.61	0.61	0	0	0.35
188900	0.35	0.61	0.61	0	0	0.35
189000	0.35	0.61	0.61	0	0	0.35
189100	0.35	0.61	0.61	0	0	0.35
189200	0.35	0.61	0.61	0	0	0.35
189300	0.35	0.61	0.61	0	0	0.35
189400	0.35	0.61	0.61	0	0	0.35
189500	0.36	0.61	0.61	0	0	0.36
189600	0.36	0.61	0.61	0	0	0.36
189700	0.36	0.61	0.61	0	0	0.36
189800	0.36	0.61	0.61	0	0	0.36
189900	0.36	0.61	0.61	0	0	0.36
190000	0.36	0.61	0.61	0	0	0.36
190100	0.36	0.61	0.61	0	0	0.36
190200	0.36	0.61	0.61	0	0	0.36
190300	0.35	0.61	0.61	0	0	0.35
190400	0.35	0.61	0.61	0	0	0.35
190500	0.35	0.61	0.61	0	0	0.35
190600	0.35	0.61	0.61	0	0	0.35
190700	0.35	0.61	0.61	0	0	0.35
190800	0.35	0.61	0.61	0	0	0.35
190900	0.35	0.61	0.61	0	0	0.35
191000	0.35	0.61	0.61	0	0	0.35
191100	0.35	0.61	0.61	0	0	0.35
191200	0.35	0.61	0.61	0	0	0.35
191300	0.35	0.61	0.61	0	0	0.35
191400	0.35	0.61	0.61	0	0	0.35
191500	0.35	0.61	0.61	0	0	0.35
191600	0.35	0.61	0.61	0	0	0.35
191700	0.35	0.61	0.61	0	0	0.35
191800	0.35	0.61	0.61	0	0	0.35
191900	0.35	0.61	0.61	0	0	0.35
192000	0.35	0.61	0.61	0	0	0.35
192100	0.35	0.61	0.61	0	0	0.35
192200	0.35	0.61	0.61	0	0	0.35
192300	0.35	0.61	0.61	0	0	0.35
192400	0.35	0.61	0.61	0	0	0.35
192500	0.35	0.61	0.61	0	0	0.35
192600	0.35	0.61	0.61	0	0	0.35
192700	0.35	0.61	0.61	0	0	0.35
192800	0.35	0.61	0.61	0	0	0.35
192900	0.35	0.61	0.61	0	0	0.35
193000	0.35	0.61	0.61	0	0	0.35
193100	0.35	0.61	0.61	0	0	0.35
193200	0.34	0.61	0.61	0	0	0.34
193300	0.34	0.61	0.61	0	0	0.34
193400	0.34	0.61	0.61	0	0	0.34
193500	0.34	0.61	0.61	0	0	0.34
193600	0.34	0.61	0.61	0	0	0.34
193700	0.34	0.61	0.61	0	0	0.34
193800	0.34	0.61	0.61	0	0	0.34
193900	0.34	0.61	0.61	0	0	0.34
194000	0.34	0.61	0.61	0	0	0.34
194100	0.34	0.61	0.61	0	0	0.34
194200	0.34	0.61	0.61	0	0	0.34
194300	0.34	0.61	0.61	0	0	0.34
194400	0.34	0.61	0.61	0	0	0.34
194500	0.34	0.61	0.61	0	0	0.34
194600	0.34	0.61	0.61	0	0	0.34
194700	0.34	0.61	0.61	0	0	0.34
194800	0.34	0.61	0.61	0	0	0.34
194900	0.34	0.61	0.61	0	0	0.34
195000	0.34	0.61	0.61	0	0	0.34
195100	0.34	0.61	0.61	0	0	0.34
195200	0.34	0.61	0.61	0	0	0.34
195300	0.34	0.62	0.62	0	0	0.34
195400	0.34	0.62	0.62	0	0	0.34
195500	0.34	0.62	0.62	0	0	0.34
195600	0.35	0.62	0.62	0	0	0.35
195700	0.35	0.62	0.62	0	0	0.35
195800	0.35	0.62	0.62	0	0	0.35
195900	0.35	0.62	0.62	0	0	0.35
196000	0.35	0.62	0.62	0	0	0.35
196100	0.35	0.62	0.62	0	0	0.35
196200	0.35	0.62	0.62	0	0	0.35
196300	0.35	0.62	0.62	0	0	0.35
196400	0.35	0.62	0.62	0	0	0.35
196500	0.36	0.62	0.62	0	0	0.36
196600	0.35	0.62	0.62	0	0	0.35
196700	0.35	0.62	0.62	0	0	0.35
196800	0.35	0.62	0.62	0	0	0.35
196900	0.35	0.62	0.62	0	0	0.35
197000	0.35	0.62	0.62	0	0	0.35
197100	0.35	0.62	0.62	0	0	0.35
197200	0.35	0.62	0.62	0	0	0.35
197300	0.35	0.62	0.62	0	0	0.35
197400	0.35	0.62	0.62	0	0	0.35
197500	0.35	0.62	0.62	0	0	0.35
197600	0.35	0.62	0.62	0	0	0.35
197700	0.35	0.62	0.62	0	0	0.35
197800	0.35	0.62	0.62	0	0	0.35
197900	0.35	0.62	0.62	0	0	0.35
198000	0.35	0.62	0.62	0	0	0.35
198100	0.35	0.62	0.62	0	0	0.35
198200	0.35	0.62	0.62	0	0	0.35
198300	0.35	0.62	0.62	0	0	0.35
198400	0.35	0.62	0.62	0	0	0.35
198500	0.35	0.62	0.62	0	0	0.35
198600	0.35	0.62	0.62	0	0	0.35
198700	0.35	0.62	0.62	0	0	0.35
198800	0.35	0.62	0.62	0	0	0.35
198900	0.35	0.63	0.63	0	0	0.35
199000	0.35	0.63	0.63	0	0	0.35
199100	0.35	0.63	0.63	0	0	0.35
199200	0.35	0.63	0.63	0	0	0.35
199300	0.35	0.63	0.63	0	0	0.35
199400	0.35	0.63	0.63	0	0	0.35
199500	0.35	0.63	0.63	0	0	0.35
199600	0.35	0.63	0.63	0	0	0.35
199700	0.35	0.63	0.63	0	0	0.35
199800	0.35	0.63	0.63	0	0	0.35
199900	0.35	0.63	0.63	0	0	0.35
200000	0.35	0.63	0.63	0	0	0.35
200100	0.35	0.63	0.63	0	0	0.35
200200	0.35	0.63	0.63	0	0	0.35
200300	0.35	0.63	0.63	0	0	0.35
200400	0.35	0.63	0.63	0	0	0.35
200500	0.35	0.63	0.63	0	0	0.35
200600	0.35	0.63	0.63	0	0	0.35
200700	0.35	0.63	0.63	0	0	0.35
200800	0.35	0.63	0.63	0	0	0.35
200900	0.36	0.63	0.63	0	0	0.36
201000	0.36	0.63	0.63	0	0	0.36
201100	0.35	0.63	0.63	0	0	0.35
201200	0.34	0.63	0.63	0	0	0.34
201300	0.34	0.63	0.63	0	0	0.34
201400	0.34	0.63	0.63	0	0	0.34
201500	0.34	0.63	0.63	0	0	0.34
201600	0.34	0.63	0.63	0	0	0.34
201700	0.34	0.63	0.63	0	0	0.34
201800	0.34	0.63	0.63	0	0	0.34
201900	0.34	0.63	0.63	0	0	0.34
202000	0.34	0.63	0.63	0	0	0.34
202100	0.34	0.63	0.63	0	0	0.34
202200	0.34	0.63	0.63	0	0	0.34
202300	0.34	0.63	0.63	0	0	0.34
202400	0.34	0.63	0.63	0	0	0.34
202500	0.34	0.63	0.63	0	0	0.34
202600	0.34	0.63	0.63	0	0	0.34
202700	0.34	0.63	0.63	0	0	0.34
202800	0.34	0.63	0.63	0	0	0.34
202900	0.34	0.63	0.63	0	0	0.34
203000	0.34	0.63	0.63	0	0	0.34
203100	0.34	0.63	0.63	0	0	0.34
203200	0.34	0.63	0.63	0	0	0.34
203300	0.34	0.63	0.63	0	0	0.34
203400	0.34	0.63	0.63	0	0	0.34
203500	0.34	0.63	0.63	0	0	0.34
203600	0.34	0.63	0.63	0	0	0.34
203700	0.34	0.63	0.63	0	0	0.34
203800	0.34	0.63	0.63	0	0	0.34
203900	0.34	0.63	0.63	0	0	0.34
204000	0.34	0.63	0.63	0	0	0.34
204100	0.34	0.63	0.63	0	0	0.34
204200	0.34	0.63	0.63	0	0	0.34
204300	0.34	0.63	0.63	0	0	0.34
204400	0.34	0.63	0.63	0	0	0.34
204500	0.34	0.63	0.63	0	0	0.34
204600	0.34	0.63	0.63	0	0	0.34
204700	0.34	0.63	0.63	0	0	0.34
204800	0.34	0.63	0.63	0	0	0.34
204900	0.34	0.63	0.63	0	0	0.34
205000	0.34	0.63	0.63	0	0	0.34
205100	0.34	0.63	0.63	0	0	0.34
205200	0.34	0.63	0.63	0	0	0.34
205300	0.34	0.63	0.63	0	0	0.34
205400	0.33	0.64	0.64	0	0	0.33
205500	0.33	0.63	0.63	0	0	0.33
205600	0.33	0.63	0.63	0	0	0.33
205700	0.33	0.63	0.63	0	0	0.33
205800	0.33	0.63	0.63	0	0	0.33
205900	0.33	0.63	0.63	0	0	0.33
206000	0.33	0.63	0.63	0	0	0.33
206100	0.33	0.63	0.63	0	0	0.33
206200	0.33	0.63	0.63	0	0	0.33
206300	0.33	0.63	0.63	0	0	0.33
206400	0.33	0.63	0.63	0	0	0.33
206500	0.33	0.63	0.63	0	0	0.33
206600	0.33	0.63	0.63	0	0	0.33
206700	0.33	0.63	0.63	0	0	0.33
206800	0.33	0.63	0.63	0	0	0.33
206900	0.34	0.63	0.63	0	0	0.34
207000	0.34	0.63	0.63	0	0	0.34
207100	0.34	0.64	0.64	0	0	0.34
207200	0.34	0.64	0.64	0	0	0.34
207300	0.34	0.64	0.64	0	0	0.34
207400	0.34	0.64	0.64	0	0	0.34
207500	0.34	0.64	0.64	0	0	0.34
207600	0.34	0.64	0.64	0	0	0.34
207700	0.34	0.64	0.64	0	0	0.34
207800	0.34	0.64	0.64	0	0	0.34
207900	0.34	0.64	0.64	0	0	0.34
208000	0.34	0.64	0.64	0	0	0.34
208100	0.34	0.64	0.64	0	0	0.34
208200	0.34	0.64	0.64	0	0	0.34
208300	0.34	0.65	0.65	0	0	0.34
208400	0.34	0.65	0.65	0	0	0.34
208500	0.34	0.65	0.65	0	0	0.34
208600	0.34	0.65	0.65	0	0	0.34
208700	0.34	0.65	0.65	0	0	0.34
208800	0.34	0.65	0.65	0	0	0.34
208900	0.34	0.65	0.65	0	0	0.34
209000	0.34	0.65	0.65	0	0	0.34
209100	0.34	0.65	0.65	0	0	0.34
209200	0.33	0.65	0.65	0	0	0.33
209300	0.33	0.65	0.65	0	0	0.33
209400	0.33	0.65	0.65	0	0	0.33
209500	0.33	0.65	0.65	0	0	0.33
209600	0.33	0.65	0.65	0	0	0.33
209700	0.33	0.65	0.65	0	0	0.33
209800	0.33	0.65	0.65	0	0	0.33
209900	0.32	0.65	0.65	0	0	0.32
210000	0.32	0.65	0.65	0	0	0.32
210100	0.32	0.65	0.65	0	0	0.32
210200	0.32	0.65	0.65	0	0	0.32
210300	0.32	0.65	0.65	0	0	0.32
210400	0.32	0.65	0.65	0	0	0.32
210500	0.32	0.65	0.65	0	0	0.32
210600	0.32	0.65	0.65	0	0	0.32
210700	0.32	0.65	0.65	0	0	0.32
210800	0.32	0.65	0.65	0	0	0.32
210900	0.32	0.65	0.65	0	0	0.32
211000	0.32	0.65	0.65	0	0	0.32
211100	0.32	0.64	0.64	0	0	0.32
211200	0.32	0.64	0.64	0	0	0.32
211300	0.32	0.64	0.64	0	0	0.32
211400	0.32	0.64	0.64	0	0	0.32
211500	0.32	0.64	0.64	0	0	0.32
211600	0.32	0.64	0.64	0	0	0.32
211700	0.32	0.64	0.64	0	0	0.32
211800	0.32	0.64	0.64	0	0	0.32
211900	0.32	0.64	0.64	0	0	0.32
212000	0.32	0.64	0.64	0	0	0.32
212100	0.32	0.64	0.64	0	0	0.32
212200	0.32	0.64	0.64	0	0	0.32
212300	0.32	0.64	0.64	0	0	0.32
212400	0.31	0.64	0.64	0	0	0.31
212500	0.31	0.64	0.64	0	0	0.31
212600	0.31	0.64	0.64	0	0	0.31
212700	0.31	0.64	0.64	0	0	0.31
212800	0.31	0.64	0.64	0	0	0.31
212900	0.31	0.64	0.64	0	0	0.31
213000	0.31	0.64	0.64	0	0	0.31
213100	0.31	0.64	0.64	0	0	0.31
213200	0.31	0.64	0.64	0	0	0.31
213300	0.31	0.64	0.64	0	0	0.31
213400	0.31	0.64	0.64	0	0	0.31
213500	0.31	0.64	0.64	0	0	0.31
213600	0.31	0.64	0.64	0	0	0.31
213700	0.31	0.64	0.64	0	0	0.31
213800	0.31	0.64	0.64	0	0	0.31
213900	0.31	0.64	0.64	0	0	0.31
214000	0.31	0.64	0.64	0	0	0.31
214100	0.31	0.65	0.65	0	0	0.31
214200	0.31	0.65	0.65	0	0	0.31
214300	0.31	0.65	0.65	0	0	0.31
214400	0.31	0.65	0.65	0	0	0.31
214500	0.31	0.65	0.65	0	0	0.31
214600	0.31	0.65	0.65	0	0	0.31
214700	0.31	0.65	0.65	0	0	0.31
214800	0.31	0.65	0.65	0	0	0.31
214900	0.31	0.66	0.66	0	0	0.31
215000	0.31	0.66	0.66	0	0	0.31
215100	0.31	0.66	0.66	0	0	0.31
215200	0.31	0.66	0.66	0	0	0.31
215300	0.3	0.66	0.66	0	0	0.3
215400	0.3	0.66	0.66	0	0	0.3
215500	0.3	0.66	0.66	0	0	0.3
215600	0.3	0.66	0.66	0	0	0.3
215700	0.3	0.66	0.66	0	0	0.3
215800	0.3	0.66	0.66	0	0	0.3
215900	0.3	0.66	0.66	0	0	0.3
216000	0.3	0.66	0.66	0	0	0.3
216100	0.3	0.66	0.66	0	0	0.3
216200	0.3	0.66	0.66	0	0	0.3
216300	0.3	0.66	0.66	0	0	0.3
216400	0.3	0.66	0.66	0	0	0.3
216500	0.3	0.66	0.66	0	0	0.3
216600	0.3	0.66	0.66	0	0	0.3
216700	0.3	0.66	0.66	0	0	0.3
216800	0.3	0.66	0.66	0	0	0.3
216900	0.3	0.65	0.65	0	0	0.3
217000	0.3	0.65	0.65	0	0	0.3
217100	0.3	0.65	0.65	0	0	0.3
217200	0.31	0.65	0.65	0	0	0.31
217300	0.31	0.65	0.65	0	0	0.31
217400	0.31	0.65	0.65	0	0	0.31
217500	0.31	0.65	0.65	0	0	0.31
217600	0.31	0.65	0.65	0	0	0.31
217700	0.31	0.65	0.65	0	0	0.31
217800	0.3	0.65	0.65	0	0	0.3
217900	0.3	0.65	0.65	0	0	0.3
218000	0.3	0.65	0.65	0	0	0.3
218100	0.3	0.65	0.65	0	0	0.3
218200	0.3	0.65	0.65	0	0	0.3
218300	0.3	0.65	0.65	0	0	0.3
218400	0.3	0.66	0.66	0	0	0.3
218500	0.3	0.66	0.66	0	0	0.3
218600	0.3	0.66	0.66	0	0	0.3
218700	0.3	0.66	0.66	0	0	0.3
218800	0.3	0.66	0.66	0	0	0.3
218900	0.3	0.66	0.66	0	0	0.3
219000	0.3	0.66	0.66	0	0	0.3
219100	0.3	0.66	0.66	0	0	0.3
219200	0.3	0.66	0.66	0	0	0.3
219300	0.3	0.66	0.66	0	0	0.3
219400	0.3	0.66	0.66	0	0	0.3
219500	0.3	0.66	0.66	0	0	0.3
219600	0.3	0.66	0.66	0	0	0.3
219700	0.3	0.66	0.66	0	0	0.3
219800	0.3	0.66	0.66	0	0	0.3
219900	0.3	0.65	0.65	0	0	0.3
220000	0.3	0.65	0.65	0	0	0.3
220100	0.3	0.65	0.65	0	0	0.3
220200	0.3	0.65	0.65	0	0	0.3
220300	0.3	0.65	0.65	0	0	0.3
220400	0.3	0.65	0.65	0	0	0.3
220500	0.3	0.65	0.65	0	0	0.3
220600	0.3	0.65	0.65	0	0	0.3
220700	0.3	0.65	0.65	0	0	0.3
220800	0.3	0.65	0.65	0	0	0.3
220900	0.3	0.65	0.65	0	0	0.3
221000	0.3	0.66	0.66	0	0	0.3
221100	0.3	0.65	0.65	0	0	0.3
221200	0.3	0.65	0.65	0	0	0.3
221300	0.3	0.65	0.65	0	0	0.3
221400	0.3	0.65	0.65	0	0	0.3
221500	0.3	0.65	0.65	0	0	0.3
221600	0.3	0.65	0.65	0	0	0.3
221700	0.3	0.65	0.65	0	0	0.3
221800	0.3	0.65	0.65	0	0	0.3
221900	0.3	0.65	0.65	0	0	0.3
222000	0.3	0.65	0.65	0	0	0.3
222100	0.3	0.65	0.65	0	0	0.3
222200	0.3	0.65	0.65	0	0	0.3
222300	0.3	0.65	0.65	0	0	0.3
222400	0.3	0.65	0.65	0	0	0.3
222500	0.3	0.65	0.65	0	0	0.3
222600	0.3	0.65	0.65	0	0	0.3
222700	0.3	0.65	0.65	0	0	0.3
222800	0.3	0.65	0.65	0	0	0.3
222900	0.3	0.65	0.65	0	0	0.3
223000	0.3	0.65	0.65	0	0	0.3
223100	0.3	0.65	0.65	0	0	0.3
223200	0.3	0.65	0.65	0	0	0.3
223300	0.3	0.65	0.65	0	0	0.3
223400	0.3	0.65	0.65	0	0	0.3
223500	0.3	0.65	0.65	0	0	0.3
223600	0.3	0.65	0.65	0	0	0.3
223700	0.3	0.66	0.66	0	0	0.3
223800	0.3	0.66	0.66	0	0	0.3
223900	0.3	0.66	0.66	0	0	0.3
224000	0.3	0.66	0.66	0	0	0.3
224100	0.3	0.66	0.66	0	0	0.3
224200	0.3	0.66	0.66	0	0	0.3
224300	0.3	0.66	0.66	0	0	0.3
224400	0.3	0.66	0.66	0	0	0.3
224500	0.3	0.66	0.66	0	0	0.3
224600	0.3	0.66	0.66	0	0	0.3
224700	0.3	0.66	0.66	0	0	0.3
224800	0.3	0.66	0.66	0	0	0.3
224900	0.3	0.66	0.66	0	0	0.3
225000	0.3	0.66	0.66	0	0	0.3
225100	0.3	0.66	0.66	0	0	0.3
225200	0.3	0.66	0.66	0	0	0.3
225300	0.3	0.66	0.66	0	0	0.3
225400	0.3	0.66	0.66	0	0	0.3
225500	0.3	0.66	0.66	0	0	0.3
225600	0.3	0.66	0.66	0	0	0.3
225700	0.3	0.66	0.66	0	0	0.3
225800	0.3	0.66	0.66	0	0	0.3
225900	0.3	0.66	0.66	0	0	0.3
226000	0.3	0.66	0.66	0	0	0.3
226100	0.3	0.66	0.66	0	0	0.3
226200	0.3	0.66	0.66	0	0	0.3
226300	0.3	0.67	0.67	0	0	0.3
226400	0.3	0.67	0.67	0	0	0.3
226500	0.3	0.67	0.67	0	0	0.3
226600	0.3	0.67	0.67	0	0	0.3
226700	0.3	0.67	0.67	0	0	0.3
226800	0.3	0.67	0.67	0	0	0.3
226900	0.3	0.67	0.67	0	0	0.3
227000	0.3	0.67	0.67	0	0	0.3
227100	0.3	0.67	0.67	0	0	0.3
227200	0.29	0.67	0.67	0	0	0.29
227300	0.29	0.67	0.67	0	0	0.29
227400	0.29	0.67	0.67	0	0	0.29
227500	0.29	0.67	0.67	0	0	0.29
227600	0.29	0.67	0.67	0	0	0.29
227700	0.29	0.67	0.67	0	0	0.29
227800	0.29	0.67	0.67	0	0	0.29
227900	0.29	0.67	0.67	0	0	0.29
228000	0.29	0.67	0.67	0	0	0.29
228100	0.29	0.67	0.67	0	0	0.29
228200	0.29	0.67	0.67	0	0	0.29
228300	0.29	0.67	0.67	0	0	0.29
228400	0.29	0.67	0.67	0	0	0.29
228500	0.29	0.67	0.67	0	0	0.29
228600	0.29	0.67	0.67	0	0	0.29
228700	0.29	0.67	0.67	0	0	0.29
228800	0.28	0.67	0.67	0	0	0.28
228900	0.28	0.67	0.67	0	0	0.28
229000	0.28	0.67	0.67	0	0	0.28
229100	0.28	0.67	0.67	0	0	0.28
229200	0.29	0.67	0.67	0	0	0.29
229300	0.29	0.67	0.67	0	0	0.29
229400	0.29	0.67	0.67	0	0	0.29
229500	0.29	0.68	0.68	0	0	0.29
229600	0.29	0.68	0.68	0	0	0.29
229700	0.29	0.68	0.68	0	0	0.29
229800	0.29	0.68	0.68	0	0	0.29
229900	0.29	0.68	0.68	0	0	0.29
230000	0.28	0.68	0.68	0	0	0.28
230100	0.28	0.68	0.68	0	0	0.28
230200	0.28	0.68	0.68	0	0	0.28
230300	0.28	0.68	0.68	0	0	0.28
230400	0.28	0.68	0.68	0	0	0.28
230500	0.28	0.68	0.68	0	0	0.28
230600	0.28	0.68	0.68	0	0	0.28
230700	0.28	0.67	0.67	0	0	0.28
230800	0.28	0.67	0.67	0	0	0.28
230900	0.28	0.67	0.67	0	0	0.28
231000	0.28	0.67	0.67	0	0	0.28
231100	0.28	0.67	0.67	0	0	0.28
231200	0.28	0.67	0.67	0	0	0.28
231300	0.28	0.67	0.67	0	0	0.28
231400	0.28	0.67	0.67	0	0	0.28
231500	0.28	0.67	0.67	0	0	0.28
231600	0.28	0.67	0.67	0	0	0.28
231700	0.28	0.67	0.67	0	0	0.28
231800	0.29	0.67	0.67	0	0	0.29
231900	0.29	0.67	0.67	0	0	0.29
232000	0.29	0.67	0.67	0	0	0.29
232100	0.29	0.67	0.67	0	0	0.29
232200	0.29	0.67	0.67	0	0	0.29
232300	0.29	0.67	0.67	0	0	0.29
232400	0.29	0.67	0.67	0	0	0.29
232500	0.29	0.67	0.67	0	0	0.29
232600	0.29	0.67	0.67	0	0	0.29
232700	0.29	0.67	0.67	0	0	0.29
232800	0.29	0.67	0.67	0	0	0.29
232900	0.29	0.67	0.67	0	0	0.29
233000	0.29	0.67	0.67	0	0	0.29
233100	0.29	0.67	0.67	0	0	0.29
233200	0.29	0.67	0.67	0	0	0.29
233300	0.29	0.67	0.67	0	0	0.29
233400	0.29	0.67	0.67	0	0	0.29
233500	0.29	0.67	0.67	0	0	0.29
233600	0.29	0.67	0.67	0	0	0.29
233700	0.29	0.67	0.67	0	0	0.29
233800	0.29	0.67	0.67	0	0	0.29
233900	0.29	0.67	0.67	0	0	0.29
234000	0.29	0.67	0.67	0	0	0.29
234100	0.29	0.67	0.67	0	0	0.29
234200	0.29	0.67	0.67	0	0	0.29
234300	0.29	0.67	0.67	0	0	0.29
234400	0.29	0.67	0.67	0	0	0.29
234500	0.29	0.67	0.67	0	0	0.29
234600	0.29	0.67	0.67	0	0	0.29
234700	0.29	0.67	0.67	0	0	0.29
234800	0.29	0.67	0.67	0	0	0.29
234900	0.29	0.67	0.67	0	0	0.29
235000	0.29	0.67	0.67	0	0	0.29
235100	0.29	0.67	0.67	0	0	0.29
235200	0.29	0.67	0.67	0	0	0.29
235300	0.29	0.67	0.67	0	0	0.29
235400	0.29	0.67	0.67	0	0	0.29
235500	0.29	0.67	0.67	0	0	0.29
235600	0.29	0.67	0.67	0	0	0.29
235700	0.29	0.67	0.67	0	0	0.29
235800	0.29	0.67	0.67	0	0	0.29
235900	0.29	0.67	0.67	0	0	0.29
236000	0.29	0.67	0.67	0	0	0.29
236100	0.29	0.67	0.67	0	0	0.29
236200	0.29	0.67	0.67	0	0	0.29
236300	0.29	0.67	0.67	0	0	0.29
236400	0.29	0.67	0.67	0	0	0.29
236500	0.29	0.67	0.67	0	0	0.29
236600	0.29	0.67	0.67	0	0	0.29
236700	0.29	0.67	0.67	0	0	0.29
236800	0.29	0.67	0.67	0	0	0.29
236900	0.29	0.67	0.67	0	0	0.29
237000	0.29	0.67	0.67	0	0	0.29
237100	0.29	0.67	0.67	0	0	0.29
237200	0.29	0.67	0.67	0	0	0.29
237300	0.28	0.67	0.67	0	0	0.28
237400	0.28	0.67	0.67	0	0	0.28
237500	0.28	0.67	0.67	0	0	0.28
237600	0.28	0.67	0.67	0	0	0.28
237700	0.28	0.67	0.67	0	0	0.28
237800	0.28	0.67	0.67	0	0	0.28
237900	0.28	0.67	0.67	0	0	0.28
238000	0.28	0.67	0.67	0	0	0.28
238100	0.28	0.67	0.67	0	0	0.28
238200	0.28	0.67	0.67	0	0	0.28
238300	0.28	0.67	0.67	0	0	0.28
238400	0.28	0.67	0.67	0	0	0.28
238500	0.29	0.67	0.67	0	0	0.29
238600	0.29	0.67	0.67	0	0	0.29
238700	0.29	0.67	0.67	0	0	0.29
238800	0.29	0.67	0.67	0	0	0.29
238900	0.29	0.67	0.67	0	0	0.29
239000	0.29	0.67	0.67	0	0	0.29
239100	0.28	0.67	0.67	0	0	0.28
239200	0.28	0.67	0.67	0	0	0.28
239300	0.28	0.67	0.67	0	0	0.28
239400	0.28	0.67	0.67	0	0	0.28
239500	0.28	0.67	0.67	0	0	0.28
239600	0.28	0.67	0.67	0	0	0.28
239700	0.28	0.67	0.67	0	0	0.28
239800	0.28	0.67	0.67	0	0	0.28
239900	0.28	0.67	0.67	0	0	0.28
240000	0.28	0.67	0.67	0	0	0.28
240100	0.28	0.67	0.67	0	0	0.28
240200	0.28	0.67	0.67	0	0	0.28
240300	0.28	0.67	0.67	0	0	0.28
240400	0.28	0.67	0.67	0	0	0.28
240500	0.28	0.67	0.67	0	0	0.28
240600	0.28	0.67	0.67	0	0	0.28
240700	0.28	0.67	0.67	0	0	0.28
240800	0.28	0.67	0.67	0	0	0.28
240900	0.28	0.67	0.67	0	0	0.28
241000	0.28	0.67	0.67	0	0	0.28
241100	0.29	0.67	0.67	0	0	0.29
241200	0.29	0.67	0.67	0	0	0.29
241300	0.29	0.67	0.67	0	0	0.29
241400	0.29	0.67	0.67	0	0	0.29
241500	0.29	0.67	0.67	0	0	0.29
241600	0.29	0.67	0.67	0	0	0.29
241700	0.29	0.67	0.67	0	0	0.29
241800	0.29	0.67	0.67	0	0	0.29
241900	0.29	0.67	0.67	0	0	0.29
242000	0.29	0.67	0.67	0	0	0.29
242100	0.29	0.67	0.67	0	0	0.29
242200	0.29	0.67	0.67	0	0	0.29
242300	0.29	0.67	0.67	0	0	0.29
242400	0.29	0.67	0.67	0	0	0.29
242500	0.29	0.67	0.67	0	0	0.29
242600	0.29	0.67	0.67	0	0	0.29
242700	0.29	0.67	0.67	0	0	0.29
242800	0.29	0.67	0.67	0	0	0.29
242900	0.29	0.67	0.67	0	0	0.29
243000	0.29	0.67	0.67	0	0	0.29
243100	0.29	0.67	0.67	0	0	0.29
243200	0.29	0.67	0.67	0	0	0.29
243300	0.29	0.67	0.67	0	0	0.29
243400	0.29	0.67	0.67	0	0	0.29
243500	0.29	0.67	0.67	0	0	0.29
243600	0.3	0.66	0.66	0	0	0.3
243700	0.3	0.66	0.66	0	0	0.3
243800	0.3	0.66	0.66	0	0	0.3
243900	0.3	0.66	0.66	0	0	0.3
244000	0.3	0.66	0.66	0	0	0.3
244100	0.3	0.66	0.66	0	0	0.3
244200	0.3	0.66	0.66	0	0	0.3
244300	0.3	0.66	0.66	0	0	0.3
244400	0.3	0.66	0.66	0	0	0.3
244500	0.3	0.66	0.66	0	0	0.3
244600	0.3	0.66	0.66	0	0	0.3
244700	0.3	0.66	0.66	0	0	0.3
244800	0.3	0.66	0.66	0	0	0.3
244900	0.3	0.66	0.66	0	0	0.3
245000	0.3	0.66	0.66	0	0	0.3
245100	0.3	0.66	0.66	0	0	0.3
245200	0.3	0.66	0.66	0	0	0.3
245300	0.3	0.66	0.66	0	0	0.3
245400	0.3	0.66	0.66	0	0	0.3
245500	0.3	0.66	0.66	0	0	0.3
245600	0.3	0.66	0.66	0	0	0.3
245700	0.3	0.66	0.66	0	0	0.3
245800	0.3	0.66	0.66	0	0	0.3
245900	0.3	0.66	0.66	0	0	0.3
246000	0.3	0.66	0.66	0	0	0.3
246100	0.3	0.66	0.66	0	0	0.3
246200	0.3	0.66	0.66	0	0	0.3
246300	0.3	0.66	0.66	0	0	0.3
246400	0.3	0.66	0.66	0	0	0.3
246500	0.3	0.66	0.66	0	0	0.3
246600	0.3	0.66	0.66	0	0	0.3
246700	0.3	0.66	0.66	0	0	0.3
246800	0.3	0.66	0.66	0	0	0.3
246900	0.3	0.66	0.66	0	0	0.3
247000	0.3	0.66	0.66	0	0	0.3
247100	0.3	0.66	0.66	0	0	0.3
247200	0.3	0.66	0.66	0	0	0.3
247300	0.3	0.66	0.66	0	0	0.3
247400	0.3	0.66	0.66	0	0	0.3
247500	0.3	0.66	0.66	0	0	0.3
247600	0.3	0.66	0.66	0	0	0.3
247700	0.3	0.66	0.66	0	0	0.3
247800	0.3	0.66	0.66	0	0	0.3
247900	0.3	0.66	0.66	0	0	0.3
248000	0.3	0.66	0.66	0	0	0.3
248100	0.3	0.66	0.66	0	0	0.3
248200	0.3	0.66	0.66	0	0	0.3
248300	0.3	0.66	0.66	0	0	0.3
248400	0.3	0.66	0.66	0	0	0.3
248500	0.3	0.66	0.66	0	0	0.3
248600	0.3	0.66	0.66	0	0	0.3
248700	0.3	0.66	0.66	0	0	0.3
248800	0.3	0.66	0.66	0	0	0.3
248900	0.3	0.66	0.66	0	0	0.3
249000	0.3	0.66	0.66	0	0	0.3
249100	0.3	0.66	0.66	0	0	0.3
249200	0.3	0.66	0.66	0	0	0.3
249300	0.3	0.66	0.66	0	0	0.3
249400	0.3	0.66	0.66	0	0	0.3
249500	0.3	0.66	0.66	0	0	0.3
249600	0.3	0.66	0.66	0	0	0.3
249700	0.3	0.66	0.66	0	0	0.3
249800	0.3	0.66	0.66	0	0	0.3
249900	0.3	0.66	0.66	0	0	0.3
250000	0.3	0.66	0.66	0	0	0.3
250100	0.3	0.66	0.66	0	0	0.3
250200	0.3	0.66	0.66	0	0	0.3
250300	0.3	0.65	0.65	0	0	0.3
250400	0.3	0.65	0.65	0	0	0.3
250500	0.3	0.65	0.65	0	0	0.3
250600	0.3	0.65	0.65	0	0	0.3
250700	0.3	0.65	0.65	0	0	0.3
250800	0.3	0.65	0.65	0	0	0.3
250900	0.3	0.65	0.65	0	0	0.3
251000	0.3	0.65	0.65	0	0	0.3
251100	0.3	0.65	0.65	0	0	0.3
251200	0.3	0.64	0.64	0	0	0.3
251300	0.3	0.64	0.64	0	0	0.3
251400	0.3	0.64	0.64	0	0	0.3
251500	0.3	0.64	0.64	0	0	0.3
251600	0.3	0.64	0.64	0	0	0.3
251700	0.3	0.64	0.64	0	0	0.3
251800	0.3	0.64	0.64	0	0	0.3
251900	0.3	0.64	0.64	0	0	0.3
252000	0.3	0.65	0.65	0	0	0.3
252100	0.3	0.65	0.65	0	0	0.3
252200	0.3	0.65	0.65	0	0	0.3
252300	0.3	0.65	0.65	0	0	0.3
252400	0.3	0.65	0.65	0	0	0.3
252500	0.3	0.65	0.65	0	0	0.3
252600	0.3	0.65	0.65	0	0	0.3
252700	0.3	0.65	0.65	0	0	0.3
252800	0.3	0.65	0.65	0	0	0.3
252900	0.3	0.65	0.65	0	0	0.3
253000	0.3	0.65	0.65	0	0	0.3
253100	0.3	0.65	0.65	0	0	0.3
253200	0.3	0.65	0.65	0	0	0.3
253300	0.3	0.65	0.65	0	0	0.3
253400	0.3	0.65	0.65	0	0	0.3
253500	0.3	0.65	0.65	0	0	0.3
253600	0.3	0.65	0.65	0	0	0.3
253700	0.3	0.65	0.65	0	0	0.3
253800	0.3	0.65	0.65	0	0	0.3
253900	0.3	0.65	0.65	0	0	0.3
254000	0.3	0.65	0.65	0	0	0.3
254100	0.3	0.65	0.65	0	0	0.3
254200	0.3	0.65	0.65	0	0	0.3
254300	0.3	0.65	0.65	0	0	0.3
254400	0.3	0.66	0.66	0	0	0.3
254500	0.3	0.66	0.66	0	0	0.3
254600	0.3	0.66	0.66	0	0	0.3
254700	0.3	0.66	0.66	0	0	0.3
254800	0.3	0.66	0.66	0	0	0.3
254900	0.3	0.66	0.66	0	0	0.3
255000	0.3	0.66	0.66	0	0	0.3
255100	0.3	0.66	0.66	0	0	0.3
255200	0.3	0.66	0.66	0	0	0.3
255300	0.3	0.66	0.66	0	0	0.3
255400	0.3	0.66	0.66	0	0	0.3
255500	0.3	0.66	0.66	0	0	0.3
255600	0.3	0.66	0.66	0	0	0.3
255700	0.3	0.66	0.66	0	0	0.3
255800	0.3	0.66	0.66	0	0	0.3
255900	0.3	0.66	0.66	0	0	0.3
256000	0.3	0.66	0.66	0	0	0.3
256100	0.3	0.67	0.67	0	0	0.3
256200	0.3	0.67	0.67	0	0	0.3
256300	0.3	0.67	0.67	0	0	0.3
256400	0.3	0.67	0.67	0	0	0.3
256500	0.3	0.67	0.67	0	0	0.3
256600	0.29	0.67	0.67	0	0	0.29
256700	0.29	0.67	0.67	0	0	0.29
256800	0.29	0.67	0.67	0	0	0.29
256900	0.29	0.67	0.67	0	0	0.29
257000	0.29	0.67	0.67	0	0	0.29
257100	0.29	0.67	0.67	0	0	0.29
257200	0.29	0.67	0.67	0	0	0.29
257300	0.29	0.67	0.67	0	0	0.29
257400	0.29	0.67	0.67	0	0	0.29
257500	0.29	0.67	0.67	0	0	0.29
257600	0.29	0.67	0.67	0	0	0.29
257700	0.29	0.67	0.67	0	0	0.29
257800	0.29	0.67	0.67	0	0	0.29
257900	0.29	0.67	0.67	0	0	0.29
258000	0.29	0.67	0.67	0	0	0.29
258100	0.29	0.67	0.67	0	0	0.29
258200	0.29	0.67	0.67	0	0	0.29
258300	0.29	0.67	0.67	0	0	0.29
258400	0.29	0.67	0.67	0	0	0.29
258500	0.29	0.67	0.67	0	0	0.29
258600	0.29	0.67	0.67	0	0	0.29
258700	0.29	0.67	0.67	0	0	0.29
258800	0.29	0.67	0.67	0	0	0.29
258900	0.29	0.67	0.67	0	0	0.29
259000	0.29	0.67	0.67	0	0	0.29
259100	0.29	0.67	0.67	0	0	0.29
259200	0.28	0.67	0.67	0	0	0.28
259300	0.28	0.67	0.67	0	0	0.28
259400	0.28	0.67	0.67	0	0	0.28
259500	0.28	0.67	0.67	0	0	0.28
259600	0.28	0.67	0.67	0	0	0.28
259700	0.28	0.67	0.67	0	0	0.28
259800	0.28	0.67	0.67	0	0	0.28
259900	0.28	0.67	0.67	0	0	0.28
260000	0.28	0.67	0.67	0	0	0.28
260100	0.28	0.67	0.67	0	0	0.28
260200	0.28	0.67	0.67	0	0	0.28
260300	0.28	0.67	0.67	0	0	0.28
260400	0.28	0.67	0.67	0	0	0.28
260500	0.28	0.67	0.67	0	0	0.28
260600	0.28	0.67	0.67	0	0	0.28
260700	0.28	0.67	0.67	0	0	0.28
260800	0.28	0.67	0.67	0	0	0.28
260900	0.28	0.67	0.67	0	0	0.28
261000	0.28	0.67	0.67	0	0	0.28
261100	0.28	0.67	0.67	0	0	0.28
261200	0.28	0.67	0.67	0	0	0.28
261300	0.28	0.67	0.67	0	0	0.28
261400	0.28	0.67	0.67	0	0	0.28
261500	0.28	0.67	0.67	0	0	0.28
261600	0.28	0.67	0.67	0	0	0.28
261700	0.28	0.67	0.67	0	0	0.28
261800	0.28	0.67	0.67	0	0	0.28
261900	0.28	0.67	0.67	0	0	0.28
262000	0.28	0.67	0.67	0	0	0.28
262100	0.28	0.67	0.67	0	0	0.28
262200	0.28	0.67	0.67	0	0	0.28
262300	0.28	0.67	0.67	0	0	0.28
262400	0.28	0.67	0.67	0	0	0.28
262500	0.28	0.67	0.67	0	0	0.28
262600	0.28	0.68	0.68	0	0	0.28
262700	0.28	0.68	0.68	0	0	0.28
262800	0.28	0.68	0.68	0	0	0.28
262900	0.28	0.68	0.68	0	0	0.28
263000	0.28	0.68	0.68	0	0	0.28
263100	0.28	0.68	0.68	0	0	0.28
263200	0.28	0.68	0.68	0	0	0.28
263300	0.28	0.68	0.68	0	0	0.28
263400	0.28	0.68	0.68	0	0	0.28
263500	0.28	0.68	0.68	0	0	0.28
263600	0.28	0.68	0.68	0	0	0.28
263700	0.28	0.68	0.68	0	0	0.28
263800	0.28	0.68	0.68	0	0	0.28
263900	0.28	0.68	0.68	0	0	0.28
264000	0.28	0.68	0.68	0	0	0.28
264100	0.28	0.68	0.68	0	0	0.28
264200	0.28	0.68	0.68	0	0	0.28
264300	0.29	0.68	0.68	0	0	0.29
264400	0.29	0.68	0.68	0	0	0.29
264500	0.29	0.68	0.68	0	0	0.29
264600	0.29	0.68	0.68	0	0	0.29
264700	0.29	0.68	0.68	0	0	0.29
264800	0.29	0.68	0.68	0	0	0.29
264900	0.29	0.68	0.68	0	0	0.29
265000	0.29	0.68	0.68	0	0	0.29
265100	0.29	0.68	0.68	0	0	0.29
265200	0.29	0.68	0.68	0	0	0.29
265300	0.29	0.68	0.68	0	0	0.29
265400	0.29	0.68	0.68	0	0	0.29
265500	0.29	0.68	0.68	0	0	0.29
265600	0.29	0.68	0.68	0	0	0.29
265700	0.28	0.68	0.68	0	0	0.28
265800	0.28	0.68	0.68	0	0	0.28
265900	0.28	0.68	0.68	0	0	0.28
266000	0.28	0.68	0.68	0	0	0.28
266100	0.28	0.68	0.68	0	0	0.28
266200	0.28	0.68	0.68	0	0	0.28
266300	0.28	0.68	0.68	0	0	0.28
266400	0.28	0.68	0.68	0	0	0.28
266500	0.28	0.68	0.68	0	0	0.28
266600	0.28	0.68	0.68	0	0	0.28
266700	0.28	0.68	0.68	0	0	0.28
266800	0.28	0.68	0.68	0	0	0.28
266900	0.28	0.68	0.68	0	0	0.28
267000	0.28	0.68	0.68	0	0	0.28
