100	0.1	0.05	0.05	0	0	0.1
200	0.11	0.07	0.07	0	0	0.11
300	0.11	0.1	0.1	0	0	0.11
400	0.14	0.11	0.11	0	0	0.14
500	0.15	0.11	0.11	0	0	0.15
600	0.14	0.11	0.11	0	0	0.14
700	0.13	0.11	0.11	0	0	0.13
800	0.13	0.1	0.1	0	0	0.13
900	0.15	0.11	0.11	0	0	0.15
1000	0.14	0.11	0.11	0	0	0.14
1100	0.14	0.11	0.11	0	0	0.14
1200	0.14	0.12	0.12	0	0	0.14
1300	0.14	0.12	0.12	0	0	0.14
1400	0.16	0.12	0.12	0	0	0.16
1500	0.17	0.13	0.13	0	0	0.17
1600	0.18	0.13	0.13	0	0	0.18
1700	0.19	0.14	0.14	0	0	0.19
1800	0.2	0.14	0.14	0	0	0.2
1900	0.21	0.14	0.14	0	0	0.21
2000	0.2	0.12	0.12	0	0	0.2
2100	0.2	0.12	0.12	0	0	0.2
2200	0.22	0.1	0.1	0	0	0.22
2300	0.21	0.1	0.1	0	0	0.21
2400	0.2	0.11	0.11	0	0	0.2
2500	0.21	0.11	0.11	0	0	0.21
2600	0.22	0.11	0.11	0	0	0.22
2700	0.19	0.12	0.12	0	0	0.19
2800	0.2	0.12	0.12	0	0	0.2
2900	0.22	0.13	0.13	0	0	0.22
3000	0.23	0.12	0.12	0	0	0.23
3100	0.23	0.13	0.13	0	0	0.23
3200	0.19	0.14	0.14	0	0	0.19
3300	0.19	0.13	0.13	0	0	0.19
3400	0.2	0.11	0.11	0	0	0.2
3500	0.21	0.11	0.11	0	0	0.21
3600	0.21	0.11	0.11	0	0	0.21
3700	0.21	0.12	0.12	0	0	0.21
3800	0.23	0.13	0.13	0	0	0.23
3900	0.25	0.13	0.13	0	0	0.25
4000	0.24	0.14	0.14	0	0	0.24
4100	0.23	0.14	0.14	0	0	0.23
4200	0.22	0.15	0.15	0	0	0.22
4300	0.22	0.15	0.15	0	0	0.22
4400	0.24	0.15	0.15	0	0	0.24
4500	0.24	0.15	0.15	0	0	0.24
4600	0.23	0.16	0.16	0	0	0.23
4700	0.23	0.17	0.17	0	0	0.23
4800	0.21	0.13	0.13	0	0	0.21
4900	0.21	0.14	0.14	0	0	0.21
5000	0.21	0.12	0.12	0	0	0.21
5100	0.23	0.12	0.12	0	0	0.23
5200	0.23	0.12	0.12	0	0	0.23
5300	0.22	0.13	0.13	0	0	0.22
5400	0.22	0.13	0.13	0	0	0.22
5500	0.23	0.13	0.13	0	0	0.23
5600	0.23	0.13	0.13	0	0	0.23
5700	0.23	0.14	0.14	0	0	0.23
5800	0.24	0.16	0.16	0	0	0.24
5900	0.25	0.16	0.16	0	0	0.25
6000	0.26	0.15	0.15	0	0	0.26
6100	0.25	0.14	0.14	0	0	0.25
6200	0.25	0.15	0.15	0	0	0.25
6300	0.26	0.15	0.15	0	0	0.26
6400	0.28	0.15	0.15	0	0	0.28
6500	0.29	0.15	0.15	0	0	0.29
6600	0.28	0.15	0.15	0	0	0.28
6700	0.27	0.15	0.15	0	0	0.27
6800	0.27	0.15	0.15	0	0	0.27
6900	0.27	0.16	0.16	0	0	0.27
7000	0.28	0.18	0.18	0	0	0.28
7100	0.28	0.18	0.18	0	0	0.28
7200	0.28	0.17	0.17	0	0	0.28
7300	0.28	0.17	0.17	0	0	0.28
7400	0.3	0.15	0.15	0	0	0.3
7500	0.32	0.15	0.15	0	0	0.32
7600	0.32	0.14	0.14	0	0	0.32
7700	0.32	0.15	0.15	0	0	0.32
7800	0.32	0.15	0.15	0	0	0.32
7900	0.29	0.16	0.16	0	0	0.29
8000	0.28	0.16	0.16	0	0	0.28
8100	0.27	0.16	0.16	0	0	0.27
8200	0.26	0.17	0.17	0	0	0.26
8300	0.27	0.18	0.18	0	0	0.27
8400	0.28	0.19	0.19	0	0	0.28
8500	0.29	0.18	0.18	0	0	0.29
8600	0.3	0.18	0.18	0	0	0.3
8700	0.29	0.2	0.2	0	0	0.29
8800	0.29	0.19	0.19	0	0	0.29
8900	0.29	0.18	0.18	0	0	0.29
9000	0.29	0.18	0.18	0	0	0.29
9100	0.29	0.17	0.17	0	0	0.29
9200	0.28	0.17	0.17	0	0	0.28
9300	0.29	0.15	0.15	0	0	0.29
9400	0.3	0.14	0.14	0	0	0.3
9500	0.28	0.12	0.12	0	0	0.28
9600	0.28	0.13	0.13	0	0	0.28
9700	0.29	0.14	0.14	0	0	0.29
9800	0.29	0.14	0.14	0	0	0.29
9900	0.31	0.12	0.12	0	0	0.31
10000	0.3	0.14	0.14	0	0	0.3
10100	0.3	0.14	0.14	0	0	0.3
10200	0.3	0.13	0.13	0	0	0.3
10300	0.3	0.14	0.14	0	0	0.3
10400	0.3	0.14	0.14	0	0	0.3
10500	0.3	0.15	0.15	0	0	0.3
10600	0.29	0.13	0.13	0	0	0.29
10700	0.28	0.14	0.14	0	0	0.28
10800	0.28	0.15	0.15	0	0	0.28
10900	0.28	0.16	0.16	0	0	0.28
11000	0.29	0.16	0.16	0	0	0.29
11100	0.3	0.16	0.16	0	0	0.3
11200	0.31	0.16	0.16	0	0	0.31
11300	0.31	0.17	0.17	0	0	0.31
11400	0.31	0.18	0.18	0	0	0.31
11500	0.31	0.18	0.18	0	0	0.31
11600	0.32	0.18	0.18	0	0	0.32
11700	0.33	0.18	0.18	0	0	0.33
11800	0.33	0.19	0.19	0	0	0.33
11900	0.32	0.19	0.19	0	0	0.32
12000	0.32	0.2	0.2	0	0	0.32
12100	0.34	0.21	0.21	0	0	0.34
12200	0.34	0.22	0.22	0	0	0.34
12300	0.34	0.22	0.22	0	0	0.34
12400	0.34	0.22	0.22	0	0	0.34
12500	0.34	0.23	0.23	0	0	0.34
12600	0.34	0.25	0.25	0	0	0.34
12700	0.34	0.23	0.23	0	0	0.34
12800	0.34	0.23	0.23	0	0	0.34
12900	0.34	0.23	0.23	0	0	0.34
13000	0.36	0.23	0.23	0	0	0.36
13100	0.37	0.23	0.23	0	0	0.37
13200	0.37	0.23	0.23	0	0	0.37
13300	0.37	0.23	0.23	0	0	0.37
13400	0.38	0.23	0.23	0	0	0.38
13500	0.38	0.24	0.24	0	0	0.38
13600	0.39	0.24	0.24	0	0	0.39
13700	0.36	0.24	0.24	0	0	0.36
13800	0.36	0.25	0.25	0	0	0.36
13900	0.37	0.27	0.27	0	0	0.37
14000	0.37	0.27	0.27	0	0	0.37
14100	0.36	0.27	0.27	0	0	0.36
14200	0.35	0.27	0.27	0	0	0.35
14300	0.35	0.27	0.27	0	0	0.35
14400	0.35	0.27	0.27	0	0	0.35
14500	0.34	0.27	0.27	0	0	0.34
14600	0.33	0.27	0.27	0	0	0.33
14700	0.33	0.27	0.27	0	0	0.33
14800	0.32	0.27	0.27	0	0	0.32
14900	0.32	0.27	0.27	0	0	0.32
15000	0.32	0.27	0.27	0	0	0.32
15100	0.33	0.27	0.27	0	0	0.33
15200	0.33	0.27	0.27	0	0	0.33
15300	0.34	0.27	0.27	0	0	0.34
15400	0.34	0.27	0.27	0	0	0.34
15500	0.33	0.27	0.27	0	0	0.33
15600	0.32	0.27	0.27	0	0	0.32
15700	0.33	0.28	0.28	0	0	0.33
15800	0.33	0.27	0.27	0	0	0.33
15900	0.33	0.27	0.27	0	0	0.33
16000	0.33	0.27	0.27	0	0	0.33
16100	0.33	0.27	0.27	0	0	0.33
16200	0.33	0.28	0.28	0	0	0.33
16300	0.34	0.28	0.28	0	0	0.34
16400	0.34	0.3	0.3	0	0	0.34
16500	0.35	0.3	0.3	0	0	0.35
16600	0.35	0.28	0.28	0	0	0.35
16700	0.36	0.28	0.28	0	0	0.36
16800	0.36	0.28	0.28	0	0	0.36
16900	0.34	0.29	0.29	0	0	0.34
17000	0.34	0.29	0.29	0	0	0.34
17100	0.34	0.29	0.29	0	0	0.34
17200	0.34	0.29	0.29	0	0	0.34
17300	0.34	0.29	0.29	0	0	0.34
17400	0.34	0.29	0.29	0	0	0.34
17500	0.34	0.29	0.29	0	0	0.34
17600	0.34	0.29	0.29	0	0	0.34
17700	0.34	0.29	0.29	0	0	0.34
17800	0.35	0.3	0.3	0	0	0.35
17900	0.35	0.31	0.31	0	0	0.35
18000	0.35	0.31	0.31	0	0	0.35
18100	0.35	0.31	0.31	0	0	0.35
18200	0.37	0.31	0.31	0	0	0.37
18300	0.37	0.31	0.31	0	0	0.37
18400	0.37	0.32	0.32	0	0	0.37
18500	0.37	0.32	0.32	0	0	0.37
18600	0.36	0.33	0.33	0	0	0.36
18700	0.35	0.33	0.33	0	0	0.35
18800	0.35	0.32	0.32	0	0	0.35
18900	0.35	0.31	0.31	0	0	0.35
19000	0.35	0.31	0.31	0	0	0.35
19100	0.35	0.31	0.31	0	0	0.35
19200	0.35	0.31	0.31	0	0	0.35
19300	0.36	0.28	0.28	0	0	0.36
19400	0.36	0.29	0.29	0	0	0.36
19500	0.36	0.27	0.27	0	0	0.36
19600	0.36	0.27	0.27	0	0	0.36
19700	0.36	0.24	0.24	0	0	0.36
19800	0.36	0.24	0.24	0	0	0.36
19900	0.36	0.24	0.24	0	0	0.36
20000	0.36	0.24	0.24	0	0	0.36
20100	0.36	0.24	0.24	0	0	0.36
20200	0.36	0.24	0.24	0	0	0.36
20300	0.38	0.25	0.25	0	0	0.38
20400	0.38	0.25	0.25	0	0	0.38
20500	0.38	0.25	0.25	0	0	0.38
20600	0.37	0.25	0.25	0	0	0.37
20700	0.37	0.25	0.25	0	0	0.37
20800	0.37	0.28	0.28	0	0	0.37
20900	0.37	0.27	0.27	0	0	0.37
21000	0.37	0.27	0.27	0	0	0.37
21100	0.36	0.26	0.26	0	0	0.36
21200	0.36	0.26	0.26	0	0	0.36
21300	0.36	0.25	0.25	0	0	0.36
21400	0.36	0.24	0.24	0	0	0.36
21500	0.37	0.23	0.23	0	0	0.37
21600	0.37	0.25	0.25	0	0	0.37
21700	0.37	0.25	0.25	0	0	0.37
21800	0.37	0.24	0.24	0	0	0.37
21900	0.37	0.23	0.23	0	0	0.37
22000	0.37	0.23	0.23	0	0	0.37
22100	0.37	0.22	0.22	0	0	0.37
22200	0.37	0.22	0.22	0	0	0.37
22300	0.37	0.22	0.22	0	0	0.37
22400	0.37	0.21	0.21	0	0	0.37
22500	0.36	0.23	0.23	0	0	0.36
22600	0.36	0.23	0.23	0	0	0.36
22700	0.36	0.24	0.24	0	0	0.36
22800	0.36	0.25	0.25	0	0	0.36
22900	0.36	0.25	0.25	0	0	0.36
23000	0.35	0.26	0.26	0	0	0.35
23100	0.35	0.25	0.25	0	0	0.35
23200	0.35	0.25	0.25	0	0	0.35
23300	0.35	0.26	0.26	0	0	0.35
23400	0.35	0.26	0.26	0	0	0.35
23500	0.35	0.26	0.26	0	0	0.35
23600	0.35	0.26	0.26	0	0	0.35
23700	0.35	0.25	0.25	0	0	0.35
23800	0.36	0.25	0.25	0	0	0.36
23900	0.36	0.26	0.26	0	0	0.36
24000	0.36	0.26	0.26	0	0	0.36
24100	0.36	0.26	0.26	0	0	0.36
24200	0.37	0.27	0.27	0	0	0.37
24300	0.36	0.27	0.27	0	0	0.36
24400	0.36	0.28	0.28	0	0	0.36
24500	0.37	0.28	0.28	0	0	0.37
24600	0.38	0.28	0.28	0	0	0.38
24700	0.37	0.29	0.29	0	0	0.37
24800	0.36	0.3	0.3	0	0	0.36
24900	0.36	0.3	0.3	0	0	0.36
25000	0.36	0.3	0.3	0	0	0.36
25100	0.36	0.31	0.31	0	0	0.36
25200	0.36	0.3	0.3	0	0	0.36
25300	0.36	0.29	0.29	0	0	0.36
25400	0.36	0.29	0.29	0	0	0.36
25500	0.36	0.29	0.29	0	0	0.36
25600	0.36	0.29	0.29	0	0	0.36
25700	0.36	0.29	0.29	0	0	0.36
25800	0.36	0.3	0.3	0	0	0.36
25900	0.37	0.3	0.3	0	0	0.37
26000	0.37	0.3	0.3	0	0	0.37
26100	0.37	0.3	0.3	0	0	0.37
26200	0.38	0.29	0.29	0	0	0.38
26300	0.38	0.31	0.31	0	0	0.38
26400	0.38	0.3	0.3	0	0	0.38
26500	0.39	0.3	0.3	0	0	0.39
26600	0.39	0.3	0.3	0	0	0.39
26700	0.39	0.28	0.28	0	0	0.39
26800	0.4	0.27	0.27	0	0	0.4
26900	0.4	0.27	0.27	0	0	0.4
27000	0.4	0.27	0.27	0	0	0.4
27100	0.4	0.28	0.28	0	0	0.4
27200	0.4	0.28	0.28	0	0	0.4
27300	0.4	0.28	0.28	0	0	0.4
27400	0.39	0.28	0.28	0	0	0.39
27500	0.39	0.29	0.29	0	0	0.39
27600	0.39	0.29	0.29	0	0	0.39
27700	0.39	0.29	0.29	0	0	0.39
27800	0.39	0.3	0.3	0	0	0.39
27900	0.39	0.31	0.31	0	0	0.39
28000	0.39	0.31	0.31	0	0	0.39
28100	0.41	0.31	0.31	0	0	0.41
28200	0.4	0.3	0.3	0	0	0.4
28300	0.4	0.3	0.3	0	0	0.4
28400	0.41	0.31	0.31	0	0	0.41
28500	0.41	0.31	0.31	0	0	0.41
28600	0.41	0.31	0.31	0	0	0.41
28700	0.41	0.32	0.32	0	0	0.41
28800	0.41	0.32	0.32	0	0	0.41
28900	0.41	0.32	0.32	0	0	0.41
29000	0.41	0.32	0.32	0	0	0.41
29100	0.41	0.32	0.32	0	0	0.41
29200	0.41	0.32	0.32	0	0	0.41
29300	0.41	0.32	0.32	0	0	0.41
29400	0.41	0.32	0.32	0	0	0.41
29500	0.41	0.35	0.35	0	0	0.41
29600	0.41	0.36	0.36	0	0	0.41
29700	0.41	0.38	0.38	0	0	0.41
29800	0.41	0.37	0.37	0	0	0.41
29900	0.41	0.36	0.36	0	0	0.41
30000	0.41	0.36	0.36	0	0	0.41
30100	0.4	0.35	0.35	0	0	0.4
30200	0.4	0.35	0.35	0	0	0.4
30300	0.41	0.35	0.35	0	0	0.41
30400	0.4	0.35	0.35	0	0	0.4
30500	0.39	0.34	0.34	0	0	0.39
30600	0.39	0.34	0.34	0	0	0.39
30700	0.39	0.33	0.33	0	0	0.39
30800	0.39	0.33	0.33	0	0	0.39
30900	0.39	0.33	0.33	0	0	0.39
31000	0.39	0.33	0.33	0	0	0.39
31100	0.39	0.34	0.34	0	0	0.39
31200	0.39	0.35	0.35	0	0	0.39
31300	0.39	0.35	0.35	0	0	0.39
31400	0.39	0.35	0.35	0	0	0.39
31500	0.39	0.34	0.34	0	0	0.39
31600	0.39	0.34	0.34	0	0	0.39
31700	0.39	0.34	0.34	0	0	0.39
31800	0.38	0.34	0.34	0	0	0.38
31900	0.38	0.34	0.34	0	0	0.38
32000	0.37	0.34	0.34	0	0	0.37
32100	0.37	0.34	0.34	0	0	0.37
32200	0.37	0.34	0.34	0	0	0.37
32300	0.37	0.35	0.35	0	0	0.37
32400	0.37	0.35	0.35	0	0	0.37
32500	0.38	0.35	0.35	0	0	0.38
32600	0.38	0.35	0.35	0	0	0.38
32700	0.37	0.35	0.35	0	0	0.37
32800	0.38	0.35	0.35	0	0	0.38
32900	0.4	0.35	0.35	0	0	0.4
33000	0.39	0.33	0.33	0	0	0.39
33100	0.39	0.33	0.33	0	0	0.39
33200	0.4	0.33	0.33	0	0	0.4
33300	0.39	0.33	0.33	0	0	0.39
33400	0.39	0.32	0.32	0	0	0.39
33500	0.4	0.33	0.33	0	0	0.4
33600	0.41	0.31	0.31	0	0	0.41
33700	0.41	0.29	0.29	0	0	0.41
33800	0.41	0.3	0.3	0	0	0.41
33900	0.41	0.29	0.29	0	0	0.41
34000	0.41	0.29	0.29	0	0	0.41
34100	0.41	0.29	0.29	0	0	0.41
34200	0.41	0.29	0.29	0	0	0.41
34300	0.41	0.29	0.29	0	0	0.41
34400	0.43	0.3	0.3	0	0	0.43
34500	0.43	0.31	0.31	0	0	0.43
34600	0.43	0.31	0.31	0	0	0.43
34700	0.43	0.31	0.31	0	0	0.43
34800	0.41	0.31	0.31	0	0	0.41
34900	0.41	0.31	0.31	0	0	0.41
35000	0.39	0.31	0.31	0	0	0.39
35100	0.39	0.32	0.32	0	0	0.39
35200	0.36	0.31	0.31	0	0	0.36
35300	0.37	0.32	0.32	0	0	0.37
35400	0.38	0.31	0.31	0	0	0.38
35500	0.38	0.31	0.31	0	0	0.38
35600	0.38	0.31	0.31	0	0	0.38
35700	0.38	0.31	0.31	0	0	0.38
35800	0.38	0.32	0.32	0	0	0.38
35900	0.39	0.33	0.33	0	0	0.39
36000	0.39	0.33	0.33	0	0	0.39
36100	0.39	0.33	0.33	0	0	0.39
36200	0.39	0.33	0.33	0	0	0.39
36300	0.39	0.33	0.33	0	0	0.39
36400	0.39	0.34	0.34	0	0	0.39
36500	0.39	0.34	0.34	0	0	0.39
36600	0.4	0.34	0.34	0	0	0.4
36700	0.4	0.34	0.34	0	0	0.4
36800	0.39	0.34	0.34	0	0	0.39
36900	0.39	0.34	0.34	0	0	0.39
37000	0.39	0.34	0.34	0	0	0.39
37100	0.39	0.34	0.34	0	0	0.39
37200	0.4	0.34	0.34	0	0	0.4
37300	0.39	0.34	0.34	0	0	0.39
37400	0.39	0.35	0.35	0	0	0.39
37500	0.4	0.35	0.35	0	0	0.4
37600	0.4	0.35	0.35	0	0	0.4
37700	0.4	0.34	0.34	0	0	0.4
37800	0.41	0.33	0.33	0	0	0.41
37900	0.41	0.33	0.33	0	0	0.41
38000	0.41	0.33	0.33	0	0	0.41
38100	0.41	0.33	0.33	0	0	0.41
38200	0.42	0.31	0.31	0	0	0.42
38300	0.42	0.33	0.33	0	0	0.42
38400	0.42	0.32	0.32	0	0	0.42
38500	0.41	0.31	0.31	0	0	0.41
38600	0.41	0.31	0.31	0	0	0.41
38700	0.41	0.31	0.31	0	0	0.41
38800	0.41	0.31	0.31	0	0	0.41
38900	0.42	0.31	0.31	0	0	0.42
39000	0.41	0.31	0.31	0	0	0.41
39100	0.41	0.32	0.32	0	0	0.41
39200	0.41	0.32	0.32	0	0	0.41
39300	0.42	0.33	0.33	0	0	0.42
39400	0.41	0.33	0.33	0	0	0.41
39500	0.42	0.33	0.33	0	0	0.42
39600	0.42	0.33	0.33	0	0	0.42
39700	0.42	0.33	0.33	0	0	0.42
39800	0.42	0.33	0.33	0	0	0.42
39900	0.42	0.33	0.33	0	0	0.42
40000	0.42	0.33	0.33	0	0	0.42
40100	0.42	0.34	0.34	0	0	0.42
40200	0.42	0.34	0.34	0	0	0.42
40300	0.42	0.33	0.33	0	0	0.42
40400	0.41	0.33	0.33	0	0	0.41
40500	0.41	0.33	0.33	0	0	0.41
40600	0.41	0.33	0.33	0	0	0.41
40700	0.41	0.34	0.34	0	0	0.41
40800	0.41	0.34	0.34	0	0	0.41
40900	0.41	0.34	0.34	0	0	0.41
41000	0.41	0.34	0.34	0	0	0.41
41100	0.42	0.34	0.34	0	0	0.42
41200	0.41	0.35	0.35	0	0	0.41
41300	0.42	0.34	0.34	0	0	0.42
41400	0.42	0.34	0.34	0	0	0.42
41500	0.41	0.34	0.34	0	0	0.41
41600	0.42	0.34	0.34	0	0	0.42
41700	0.43	0.34	0.34	0	0	0.43
41800	0.43	0.34	0.34	0	0	0.43
41900	0.43	0.34	0.34	0	0	0.43
42000	0.43	0.34	0.34	0	0	0.43
42100	0.43	0.34	0.34	0	0	0.43
42200	0.44	0.34	0.34	0	0	0.44
42300	0.43	0.33	0.33	0	0	0.43
42400	0.44	0.33	0.33	0	0	0.44
42500	0.44	0.33	0.33	0	0	0.44
42600	0.44	0.34	0.34	0	0	0.44
42700	0.45	0.33	0.33	0	0	0.45
42800	0.44	0.33	0.33	0	0	0.44
42900	0.44	0.33	0.33	0	0	0.44
43000	0.45	0.34	0.34	0	0	0.45
43100	0.44	0.34	0.34	0	0	0.44
43200	0.43	0.34	0.34	0	0	0.43
43300	0.43	0.34	0.34	0	0	0.43
43400	0.44	0.34	0.34	0	0	0.44
43500	0.43	0.34	0.34	0	0	0.43
43600	0.44	0.35	0.35	0	0	0.44
43700	0.44	0.35	0.35	0	0	0.44
43800	0.44	0.35	0.35	0	0	0.44
43900	0.44	0.35	0.35	0	0	0.44
44000	0.46	0.35	0.35	0	0	0.46
44100	0.46	0.35	0.35	0	0	0.46
44200	0.46	0.35	0.35	0	0	0.46
44300	0.46	0.35	0.35	0	0	0.46
44400	0.46	0.34	0.34	0	0	0.46
44500	0.45	0.34	0.34	0	0	0.45
44600	0.45	0.34	0.34	0	0	0.45
44700	0.44	0.34	0.34	0	0	0.44
44800	0.44	0.34	0.34	0	0	0.44
44900	0.44	0.34	0.34	0	0	0.44
45000	0.43	0.33	0.33	0	0	0.43
45100	0.4	0.33	0.33	0	0	0.4
45200	0.4	0.33	0.33	0	0	0.4
45300	0.39	0.33	0.33	0	0	0.39
45400	0.38	0.33	0.33	0	0	0.38
45500	0.38	0.33	0.33	0	0	0.38
45600	0.38	0.33	0.33	0	0	0.38
45700	0.38	0.33	0.33	0	0	0.38
45800	0.38	0.33	0.33	0	0	0.38
45900	0.37	0.33	0.33	0	0	0.37
46000	0.37	0.34	0.34	0	0	0.37
46100	0.37	0.34	0.34	0	0	0.37
46200	0.37	0.34	0.34	0	0	0.37
46300	0.37	0.34	0.34	0	0	0.37
46400	0.37	0.34	0.34	0	0	0.37
46500	0.36	0.32	0.32	0	0	0.36
46600	0.36	0.32	0.32	0	0	0.36
46700	0.37	0.33	0.33	0	0	0.37
46800	0.38	0.34	0.34	0	0	0.38
46900	0.38	0.33	0.33	0	0	0.38
47000	0.38	0.32	0.32	0	0	0.38
47100	0.39	0.32	0.32	0	0	0.39
47200	0.39	0.32	0.32	0	0	0.39
47300	0.39	0.32	0.32	0	0	0.39
47400	0.39	0.32	0.32	0	0	0.39
47500	0.39	0.32	0.32	0	0	0.39
47600	0.39	0.32	0.32	0	0	0.39
47700	0.39	0.32	0.32	0	0	0.39
47800	0.38	0.32	0.32	0	0	0.38
47900	0.37	0.33	0.33	0	0	0.37
48000	0.37	0.33	0.33	0	0	0.37
48100	0.37	0.33	0.33	0	0	0.37
48200	0.38	0.33	0.33	0	0	0.38
48300	0.38	0.33	0.33	0	0	0.38
48400	0.38	0.33	0.33	0	0	0.38
48500	0.39	0.33	0.33	0	0	0.39
48600	0.38	0.33	0.33	0	0	0.38
48700	0.38	0.34	0.34	0	0	0.38
48800	0.38	0.34	0.34	0	0	0.38
48900	0.39	0.36	0.36	0	0	0.39
49000	0.39	0.36	0.36	0	0	0.39
49100	0.39	0.36	0.36	0	0	0.39
49200	0.39	0.36	0.36	0	0	0.39
49300	0.39	0.36	0.36	0	0	0.39
49400	0.39	0.36	0.36	0	0	0.39
49500	0.39	0.36	0.36	0	0	0.39
49600	0.39	0.36	0.36	0	0	0.39
49700	0.39	0.37	0.37	0	0	0.39
49800	0.39	0.37	0.37	0	0	0.39
49900	0.39	0.38	0.38	0	0	0.39
50000	0.39	0.37	0.37	0	0	0.39
50100	0.39	0.37	0.37	0	0	0.39
50200	0.39	0.38	0.38	0	0	0.39
50300	0.39	0.39	0.39	0	0	0.39
50400	0.39	0.38	0.38	0	0	0.39
50500	0.38	0.37	0.37	0	0	0.38
50600	0.39	0.37	0.37	0	0	0.39
50700	0.39	0.37	0.37	0	0	0.39
50800	0.39	0.37	0.37	0	0	0.39
50900	0.39	0.37	0.37	0	0	0.39
51000	0.39	0.38	0.38	0	0	0.39
51100	0.39	0.38	0.38	0	0	0.39
51200	0.4	0.38	0.38	0	0	0.4
51300	0.38	0.38	0.38	0	0	0.38
51400	0.38	0.38	0.38	0	0	0.38
51500	0.38	0.38	0.38	0	0	0.38
51600	0.38	0.39	0.39	0	0	0.38
51700	0.39	0.39	0.39	0	0	0.39
51800	0.39	0.39	0.39	0	0	0.39
51900	0.38	0.39	0.39	0	0	0.38
52000	0.37	0.38	0.38	0	0	0.37
52100	0.36	0.38	0.38	0	0	0.36
52200	0.36	0.39	0.39	0	0	0.36
52300	0.36	0.39	0.39	0	0	0.36
52400	0.36	0.39	0.39	0	0	0.36
52500	0.36	0.39	0.39	0	0	0.36
52600	0.36	0.39	0.39	0	0	0.36
52700	0.36	0.39	0.39	0	0	0.36
52800	0.36	0.4	0.4	0	0	0.36
52900	0.36	0.4	0.4	0	0	0.36
53000	0.36	0.4	0.4	0	0	0.36
53100	0.36	0.4	0.4	0	0	0.36
53200	0.36	0.4	0.4	0	0	0.36
53300	0.36	0.4	0.4	0	0	0.36
53400	0.36	0.4	0.4	0	0	0.36
53500	0.36	0.4	0.4	0	0	0.36
53600	0.36	0.4	0.4	0	0	0.36
53700	0.36	0.41	0.41	0	0	0.36
53800	0.37	0.4	0.4	0	0	0.37
53900	0.38	0.4	0.4	0	0	0.38
54000	0.38	0.4	0.4	0	0	0.38
54100	0.38	0.4	0.4	0	0	0.38
54200	0.38	0.4	0.4	0	0	0.38
54300	0.38	0.42	0.42	0	0	0.38
54400	0.38	0.41	0.41	0	0	0.38
54500	0.38	0.42	0.42	0	0	0.38
54600	0.38	0.42	0.42	0	0	0.38
54700	0.38	0.42	0.42	0	0	0.38
54800	0.38	0.41	0.41	0	0	0.38
54900	0.38	0.41	0.41	0	0	0.38
55000	0.38	0.41	0.41	0	0	0.38
55100	0.38	0.41	0.41	0	0	0.38
55200	0.38	0.42	0.42	0	0	0.38
55300	0.38	0.42	0.42	0	0	0.38
55400	0.38	0.4	0.4	0	0	0.38
55500	0.38	0.4	0.4	0	0	0.38
55600	0.38	0.4	0.4	0	0	0.38
55700	0.38	0.4	0.4	0	0	0.38
55800	0.38	0.4	0.4	0	0	0.38
55900	0.38	0.4	0.4	0	0	0.38
56000	0.39	0.41	0.41	0	0	0.39
56100	0.39	0.41	0.41	0	0	0.39
56200	0.39	0.41	0.41	0	0	0.39
56300	0.39	0.41	0.41	0	0	0.39
56400	0.39	0.41	0.41	0	0	0.39
56500	0.4	0.41	0.41	0	0	0.4
56600	0.4	0.41	0.41	0	0	0.4
56700	0.4	0.41	0.41	0	0	0.4
56800	0.39	0.41	0.41	0	0	0.39
56900	0.39	0.41	0.41	0	0	0.39
57000	0.39	0.42	0.42	0	0	0.39
57100	0.39	0.42	0.42	0	0	0.39
57200	0.39	0.42	0.42	0	0	0.39
57300	0.39	0.42	0.42	0	0	0.39
57400	0.39	0.42	0.42	0	0	0.39
57500	0.39	0.43	0.43	0	0	0.39
57600	0.39	0.43	0.43	0	0	0.39
57700	0.39	0.43	0.43	0	0	0.39
57800	0.39	0.43	0.43	0	0	0.39
57900	0.4	0.43	0.43	0	0	0.4
58000	0.4	0.43	0.43	0	0	0.4
58100	0.4	0.43	0.43	0	0	0.4
58200	0.41	0.43	0.43	0	0	0.41
58300	0.41	0.43	0.43	0	0	0.41
58400	0.41	0.42	0.42	0	0	0.41
58500	0.41	0.42	0.42	0	0	0.41
58600	0.4	0.43	0.43	0	0	0.4
58700	0.4	0.42	0.42	0	0	0.4
58800	0.4	0.43	0.43	0	0	0.4
58900	0.4	0.43	0.43	0	0	0.4
59000	0.4	0.43	0.43	0	0	0.4
59100	0.4	0.43	0.43	0	0	0.4
59200	0.4	0.44	0.44	0	0	0.4
59300	0.4	0.43	0.43	0	0	0.4
59400	0.4	0.43	0.43	0	0	0.4
59500	0.39	0.43	0.43	0	0	0.39
59600	0.39	0.43	0.43	0	0	0.39
59700	0.39	0.43	0.43	0	0	0.39
59800	0.39	0.43	0.43	0	0	0.39
59900	0.39	0.43	0.43	0	0	0.39
60000	0.39	0.43	0.43	0	0	0.39
60100	0.39	0.43	0.43	0	0	0.39
60200	0.39	0.44	0.44	0	0	0.39
60300	0.39	0.44	0.44	0	0	0.39
60400	0.4	0.44	0.44	0	0	0.4
60500	0.4	0.43	0.43	0	0	0.4
60600	0.4	0.43	0.43	0	0	0.4
60700	0.4	0.43	0.43	0	0	0.4
60800	0.4	0.42	0.42	0	0	0.4
60900	0.39	0.42	0.42	0	0	0.39
61000	0.39	0.42	0.42	0	0	0.39
61100	0.39	0.43	0.43	0	0	0.39
61200	0.39	0.43	0.43	0	0	0.39
61300	0.39	0.43	0.43	0	0	0.39
61400	0.39	0.43	0.43	0	0	0.39
61500	0.39	0.43	0.43	0	0	0.39
61600	0.39	0.43	0.43	0	0	0.39
61700	0.39	0.43	0.43	0	0	0.39
61800	0.39	0.44	0.44	0	0	0.39
61900	0.39	0.44	0.44	0	0	0.39
62000	0.39	0.44	0.44	0	0	0.39
62100	0.39	0.46	0.46	0	0	0.39
62200	0.39	0.45	0.45	0	0	0.39
62300	0.39	0.45	0.45	0	0	0.39
62400	0.39	0.45	0.45	0	0	0.39
62500	0.39	0.45	0.45	0	0	0.39
62600	0.39	0.45	0.45	0	0	0.39
62700	0.39	0.45	0.45	0	0	0.39
62800	0.39	0.45	0.45	0	0	0.39
62900	0.4	0.45	0.45	0	0	0.4
63000	0.4	0.44	0.44	0	0	0.4
63100	0.4	0.43	0.43	0	0	0.4
63200	0.4	0.43	0.43	0	0	0.4
63300	0.4	0.43	0.43	0	0	0.4
63400	0.4	0.43	0.43	0	0	0.4
63500	0.41	0.44	0.44	0	0	0.41
63600	0.42	0.44	0.44	0	0	0.42
63700	0.42	0.44	0.44	0	0	0.42
63800	0.42	0.44	0.44	0	0	0.42
63900	0.41	0.44	0.44	0	0	0.41
64000	0.41	0.43	0.43	0	0	0.41
64100	0.41	0.43	0.43	0	0	0.41
64200	0.41	0.43	0.43	0	0	0.41
64300	0.41	0.43	0.43	0	0	0.41
64400	0.41	0.42	0.42	0	0	0.41
64500	0.41	0.42	0.42	0	0	0.41
64600	0.42	0.43	0.43	0	0	0.42
64700	0.42	0.43	0.43	0	0	0.42
64800	0.42	0.41	0.41	0	0	0.42
64900	0.41	0.41	0.41	0	0	0.41
65000	0.4	0.41	0.41	0	0	0.4
65100	0.4	0.41	0.41	0	0	0.4
65200	0.39	0.41	0.41	0	0	0.39
65300	0.4	0.41	0.41	0	0	0.4
65400	0.4	0.41	0.41	0	0	0.4
65500	0.4	0.41	0.41	0	0	0.4
65600	0.4	0.41	0.41	0	0	0.4
65700	0.4	0.41	0.41	0	0	0.4
65800	0.4	0.43	0.43	0	0	0.4
65900	0.41	0.42	0.42	0	0	0.41
66000	0.4	0.42	0.42	0	0	0.4
66100	0.4	0.42	0.42	0	0	0.4
66200	0.4	0.42	0.42	0	0	0.4
66300	0.4	0.42	0.42	0	0	0.4
66400	0.4	0.42	0.42	0	0	0.4
66500	0.4	0.42	0.42	0	0	0.4
66600	0.4	0.42	0.42	0	0	0.4
66700	0.39	0.42	0.42	0	0	0.39
66800	0.39	0.43	0.43	0	0	0.39
66900	0.39	0.43	0.43	0	0	0.39
67000	0.39	0.43	0.43	0	0	0.39
67100	0.39	0.43	0.43	0	0	0.39
67200	0.4	0.43	0.43	0	0	0.4
67300	0.39	0.43	0.43	0	0	0.39
67400	0.39	0.43	0.43	0	0	0.39
67500	0.39	0.43	0.43	0	0	0.39
67600	0.39	0.42	0.42	0	0	0.39
67700	0.39	0.42	0.42	0	0	0.39
67800	0.39	0.43	0.43	0	0	0.39
67900	0.39	0.43	0.43	0	0	0.39
68000	0.38	0.43	0.43	0	0	0.38
68100	0.38	0.43	0.43	0	0	0.38
68200	0.38	0.43	0.43	0	0	0.38
68300	0.39	0.43	0.43	0	0	0.39
68400	0.38	0.43	0.43	0	0	0.38
68500	0.38	0.43	0.43	0	0	0.38
68600	0.38	0.43	0.43	0	0	0.38
68700	0.38	0.43	0.43	0	0	0.38
68800	0.38	0.43	0.43	0	0	0.38
68900	0.37	0.43	0.43	0	0	0.37
69000	0.37	0.43	0.43	0	0	0.37
69100	0.37	0.43	0.43	0	0	0.37
69200	0.37	0.44	0.44	0	0	0.37
69300	0.37	0.44	0.44	0	0	0.37
69400	0.37	0.44	0.44	0	0	0.37
69500	0.37	0.44	0.44	0	0	0.37
69600	0.36	0.44	0.44	0	0	0.36
69700	0.36	0.44	0.44	0	0	0.36
69800	0.35	0.44	0.44	0	0	0.35
69900	0.35	0.44	0.44	0	0	0.35
70000	0.35	0.44	0.44	0	0	0.35
70100	0.35	0.44	0.44	0	0	0.35
70200	0.35	0.45	0.45	0	0	0.35
70300	0.35	0.45	0.45	0	0	0.35
70400	0.35	0.46	0.46	0	0	0.35
70500	0.36	0.45	0.45	0	0	0.36
70600	0.36	0.45	0.45	0	0	0.36
70700	0.36	0.45	0.45	0	0	0.36
70800	0.36	0.45	0.45	0	0	0.36
70900	0.36	0.45	0.45	0	0	0.36
71000	0.36	0.45	0.45	0	0	0.36
71100	0.36	0.45	0.45	0	0	0.36
71200	0.36	0.45	0.45	0	0	0.36
71300	0.36	0.45	0.45	0	0	0.36
71400	0.36	0.45	0.45	0	0	0.36
71500	0.36	0.45	0.45	0	0	0.36
71600	0.36	0.45	0.45	0	0	0.36
71700	0.36	0.45	0.45	0	0	0.36
71800	0.36	0.45	0.45	0	0	0.36
71900	0.36	0.45	0.45	0	0	0.36
72000	0.37	0.45	0.45	0	0	0.37
72100	0.37	0.45	0.45	0	0	0.37
72200	0.35	0.45	0.45	0	0	0.35
72300	0.35	0.45	0.45	0	0	0.35
72400	0.36	0.45	0.45	0	0	0.36
72500	0.36	0.45	0.45	0	0	0.36
72600	0.36	0.45	0.45	0	0	0.36
72700	0.36	0.45	0.45	0	0	0.36
72800	0.36	0.45	0.45	0	0	0.36
72900	0.36	0.44	0.44	0	0	0.36
73000	0.36	0.44	0.44	0	0	0.36
73100	0.36	0.44	0.44	0	0	0.36
73200	0.36	0.44	0.44	0	0	0.36
73300	0.37	0.44	0.44	0	0	0.37
73400	0.37	0.44	0.44	0	0	0.37
73500	0.37	0.44	0.44	0	0	0.37
73600	0.38	0.44	0.44	0	0	0.38
73700	0.39	0.44	0.44	0	0	0.39
73800	0.39	0.44	0.44	0	0	0.39
73900	0.39	0.44	0.44	0	0	0.39
74000	0.39	0.43	0.43	0	0	0.39
74100	0.39	0.43	0.43	0	0	0.39
74200	0.39	0.43	0.43	0	0	0.39
74300	0.39	0.43	0.43	0	0	0.39
74400	0.39	0.44	0.44	0	0	0.39
74500	0.39	0.44	0.44	0	0	0.39
74600	0.39	0.44	0.44	0	0	0.39
74700	0.39	0.44	0.44	0	0	0.39
74800	0.39	0.44	0.44	0	0	0.39
74900	0.39	0.44	0.44	0	0	0.39
75000	0.39	0.44	0.44	0	0	0.39
75100	0.39	0.44	0.44	0	0	0.39
75200	0.39	0.44	0.44	0	0	0.39
75300	0.39	0.43	0.43	0	0	0.39
75400	0.39	0.43	0.43	0	0	0.39
75500	0.39	0.43	0.43	0	0	0.39
75600	0.39	0.42	0.42	0	0	0.39
75700	0.39	0.43	0.43	0	0	0.39
75800	0.39	0.43	0.43	0	0	0.39
75900	0.39	0.44	0.44	0	0	0.39
76000	0.39	0.44	0.44	0	0	0.39
76100	0.39	0.43	0.43	0	0	0.39
76200	0.39	0.43	0.43	0	0	0.39
76300	0.39	0.43	0.43	0	0	0.39
76400	0.39	0.43	0.43	0	0	0.39
76500	0.39	0.43	0.43	0	0	0.39
76600	0.39	0.43	0.43	0	0	0.39
76700	0.39	0.43	0.43	0	0	0.39
76800	0.39	0.42	0.42	0	0	0.39
76900	0.39	0.42	0.42	0	0	0.39
77000	0.4	0.42	0.42	0	0	0.4
77100	0.4	0.42	0.42	0	0	0.4
77200	0.4	0.42	0.42	0	0	0.4
77300	0.4	0.42	0.42	0	0	0.4
77400	0.4	0.42	0.42	0	0	0.4
77500	0.39	0.42	0.42	0	0	0.39
77600	0.39	0.42	0.42	0	0	0.39
77700	0.39	0.42	0.42	0	0	0.39
77800	0.39	0.42	0.42	0	0	0.39
77900	0.39	0.42	0.42	0	0	0.39
78000	0.39	0.42	0.42	0	0	0.39
78100	0.39	0.42	0.42	0	0	0.39
78200	0.39	0.42	0.42	0	0	0.39
78300	0.38	0.42	0.42	0	0	0.38
78400	0.39	0.42	0.42	0	0	0.39
78500	0.39	0.42	0.42	0	0	0.39
78600	0.39	0.42	0.42	0	0	0.39
78700	0.39	0.42	0.42	0	0	0.39
78800	0.39	0.42	0.42	0	0	0.39
78900	0.39	0.42	0.42	0	0	0.39
79000	0.39	0.42	0.42	0	0	0.39
79100	0.39	0.42	0.42	0	0	0.39
79200	0.39	0.42	0.42	0	0	0.39
79300	0.39	0.42	0.42	0	0	0.39
79400	0.39	0.42	0.42	0	0	0.39
79500	0.39	0.42	0.42	0	0	0.39
79600	0.39	0.42	0.42	0	0	0.39
79700	0.39	0.42	0.42	0	0	0.39
79800	0.39	0.42	0.42	0	0	0.39
79900	0.39	0.42	0.42	0	0	0.39
80000	0.39	0.42	0.42	0	0	0.39
80100	0.39	0.42	0.42	0	0	0.39
80200	0.41	0.42	0.42	0	0	0.41
80300	0.41	0.42	0.42	0	0	0.41
80400	0.4	0.42	0.42	0	0	0.4
80500	0.39	0.42	0.42	0	0	0.39
80600	0.39	0.42	0.42	0	0	0.39
80700	0.39	0.42	0.42	0	0	0.39
80800	0.39	0.42	0.42	0	0	0.39
80900	0.39	0.42	0.42	0	0	0.39
81000	0.4	0.42	0.42	0	0	0.4
81100	0.39	0.42	0.42	0	0	0.39
81200	0.39	0.42	0.42	0	0	0.39
81300	0.4	0.43	0.43	0	0	0.4
81400	0.4	0.44	0.44	0	0	0.4
81500	0.41	0.44	0.44	0	0	0.41
81600	0.4	0.44	0.44	0	0	0.4
81700	0.41	0.44	0.44	0	0	0.41
81800	0.41	0.43	0.43	0	0	0.41
81900	0.41	0.43	0.43	0	0	0.41
82000	0.42	0.43	0.43	0	0	0.42
82100	0.42	0.43	0.43	0	0	0.42
82200	0.42	0.43	0.43	0	0	0.42
82300	0.42	0.43	0.43	0	0	0.42
82400	0.41	0.43	0.43	0	0	0.41
82500	0.41	0.43	0.43	0	0	0.41
82600	0.41	0.43	0.43	0	0	0.41
82700	0.4	0.43	0.43	0	0	0.4
82800	0.41	0.43	0.43	0	0	0.41
82900	0.4	0.43	0.43	0	0	0.4
83000	0.4	0.43	0.43	0	0	0.4
83100	0.4	0.44	0.44	0	0	0.4
83200	0.4	0.44	0.44	0	0	0.4
83300	0.4	0.43	0.43	0	0	0.4
83400	0.4	0.42	0.42	0	0	0.4
83500	0.41	0.42	0.42	0	0	0.41
83600	0.41	0.42	0.42	0	0	0.41
83700	0.41	0.42	0.42	0	0	0.41
83800	0.41	0.42	0.42	0	0	0.41
83900	0.41	0.42	0.42	0	0	0.41
84000	0.41	0.42	0.42	0	0	0.41
84100	0.41	0.42	0.42	0	0	0.41
84200	0.41	0.42	0.42	0	0	0.41
84300	0.41	0.41	0.41	0	0	0.41
84400	0.41	0.41	0.41	0	0	0.41
84500	0.41	0.42	0.42	0	0	0.41
84600	0.41	0.42	0.42	0	0	0.41
84700	0.4	0.42	0.42	0	0	0.4
84800	0.4	0.42	0.42	0	0	0.4
84900	0.39	0.42	0.42	0	0	0.39
85000	0.39	0.42	0.42	0	0	0.39
85100	0.38	0.42	0.42	0	0	0.38
85200	0.37	0.43	0.43	0	0	0.37
85300	0.37	0.43	0.43	0	0	0.37
85400	0.37	0.43	0.43	0	0	0.37
85500	0.38	0.43	0.43	0	0	0.38
85600	0.38	0.43	0.43	0	0	0.38
85700	0.38	0.43	0.43	0	0	0.38
85800	0.38	0.43	0.43	0	0	0.38
85900	0.38	0.43	0.43	0	0	0.38
86000	0.38	0.43	0.43	0	0	0.38
86100	0.38	0.42	0.42	0	0	0.38
86200	0.38	0.42	0.42	0	0	0.38
86300	0.38	0.42	0.42	0	0	0.38
86400	0.39	0.42	0.42	0	0	0.39
86500	0.39	0.42	0.42	0	0	0.39
86600	0.4	0.42	0.42	0	0	0.4
86700	0.41	0.42	0.42	0	0	0.41
86800	0.41	0.42	0.42	0	0	0.41
86900	0.41	0.42	0.42	0	0	0.41
87000	0.41	0.42	0.42	0	0	0.41
87100	0.41	0.42	0.42	0	0	0.41
87200	0.4	0.42	0.42	0	0	0.4
87300	0.4	0.42	0.42	0	0	0.4
87400	0.4	0.42	0.42	0	0	0.4
87500	0.4	0.42	0.42	0	0	0.4
87600	0.4	0.42	0.42	0	0	0.4
87700	0.4	0.43	0.43	0	0	0.4
87800	0.39	0.43	0.43	0	0	0.39
87900	0.39	0.43	0.43	0	0	0.39
88000	0.4	0.42	0.42	0	0	0.4
88100	0.4	0.42	0.42	0	0	0.4
88200	0.4	0.41	0.41	0	0	0.4
88300	0.4	0.42	0.42	0	0	0.4
88400	0.4	0.41	0.41	0	0	0.4
88500	0.41	0.41	0.41	0	0	0.41
88600	0.41	0.41	0.41	0	0	0.41
88700	0.41	0.41	0.41	0	0	0.41
88800	0.41	0.41	0.41	0	0	0.41
88900	0.41	0.41	0.41	0	0	0.41
89000	0.41	0.4	0.4	0	0	0.41
89100	0.41	0.4	0.4	0	0	0.41
89200	0.41	0.39	0.39	0	0	0.41
89300	0.42	0.4	0.4	0	0	0.42
89400	0.42	0.39	0.39	0	0	0.42
89500	0.43	0.39	0.39	0	0	0.43
89600	0.43	0.4	0.4	0	0	0.43
89700	0.43	0.4	0.4	0	0	0.43
89800	0.43	0.4	0.4	0	0	0.43
89900	0.43	0.4	0.4	0	0	0.43
90000	0.43	0.38	0.38	0	0	0.43
90100	0.43	0.38	0.38	0	0	0.43
90200	0.43	0.38	0.38	0	0	0.43
90300	0.43	0.38	0.38	0	0	0.43
90400	0.43	0.38	0.38	0	0	0.43
90500	0.45	0.38	0.38	0	0	0.45
90600	0.43	0.38	0.38	0	0	0.43
90700	0.43	0.38	0.38	0	0	0.43
90800	0.42	0.38	0.38	0	0	0.42
90900	0.42	0.38	0.38	0	0	0.42
91000	0.42	0.38	0.38	0	0	0.42
91100	0.42	0.38	0.38	0	0	0.42
91200	0.42	0.38	0.38	0	0	0.42
91300	0.42	0.38	0.38	0	0	0.42
91400	0.42	0.39	0.39	0	0	0.42
91500	0.42	0.39	0.39	0	0	0.42
91600	0.42	0.4	0.4	0	0	0.42
91700	0.42	0.4	0.4	0	0	0.42
91800	0.43	0.4	0.4	0	0	0.43
91900	0.43	0.4	0.4	0	0	0.43
92000	0.43	0.4	0.4	0	0	0.43
92100	0.43	0.4	0.4	0	0	0.43
92200	0.43	0.4	0.4	0	0	0.43
92300	0.43	0.4	0.4	0	0	0.43
92400	0.43	0.4	0.4	0	0	0.43
92500	0.43	0.4	0.4	0	0	0.43
92600	0.43	0.4	0.4	0	0	0.43
92700	0.44	0.4	0.4	0	0	0.44
92800	0.44	0.4	0.4	0	0	0.44
92900	0.42	0.4	0.4	0	0	0.42
93000	0.41	0.4	0.4	0	0	0.41
93100	0.41	0.4	0.4	0	0	0.41
93200	0.41	0.4	0.4	0	0	0.41
93300	0.41	0.4	0.4	0	0	0.41
93400	0.41	0.4	0.4	0	0	0.41
93500	0.41	0.4	0.4	0	0	0.41
93600	0.41	0.4	0.4	0	0	0.41
93700	0.42	0.4	0.4	0	0	0.42
93800	0.42	0.4	0.4	0	0	0.42
93900	0.42	0.4	0.4	0	0	0.42
94000	0.42	0.4	0.4	0	0	0.42
94100	0.42	0.4	0.4	0	0	0.42
94200	0.41	0.4	0.4	0	0	0.41
94300	0.41	0.4	0.4	0	0	0.41
94400	0.41	0.4	0.4	0	0	0.41
94500	0.41	0.4	0.4	0	0	0.41
94600	0.41	0.4	0.4	0	0	0.41
94700	0.41	0.4	0.4	0	0	0.41
94800	0.41	0.4	0.4	0	0	0.41
94900	0.41	0.4	0.4	0	0	0.41
95000	0.41	0.4	0.4	0	0	0.41
95100	0.42	0.4	0.4	0	0	0.42
95200	0.42	0.4	0.4	0	0	0.42
95300	0.42	0.4	0.4	0	0	0.42
95400	0.42	0.4	0.4	0	0	0.42
95500	0.41	0.4	0.4	0	0	0.41
95600	0.41	0.4	0.4	0	0	0.41
95700	0.41	0.4	0.4	0	0	0.41
95800	0.41	0.4	0.4	0	0	0.41
95900	0.41	0.4	0.4	0	0	0.41
96000	0.41	0.41	0.41	0	0	0.41
96100	0.41	0.41	0.41	0	0	0.41
96200	0.41	0.41	0.41	0	0	0.41
96300	0.41	0.41	0.41	0	0	0.41
96400	0.41	0.41	0.41	0	0	0.41
96500	0.41	0.41	0.41	0	0	0.41
96600	0.4	0.41	0.41	0	0	0.4
96700	0.4	0.41	0.41	0	0	0.4
96800	0.4	0.41	0.41	0	0	0.4
96900	0.4	0.41	0.41	0	0	0.4
97000	0.4	0.41	0.41	0	0	0.4
97100	0.4	0.41	0.41	0	0	0.4
97200	0.4	0.41	0.41	0	0	0.4
97300	0.41	0.41	0.41	0	0	0.41
97400	0.41	0.41	0.41	0	0	0.41
97500	0.41	0.42	0.42	0	0	0.41
97600	0.41	0.42	0.42	0	0	0.41
97700	0.41	0.42	0.42	0	0	0.41
97800	0.41	0.42	0.42	0	0	0.41
97900	0.4	0.42	0.42	0	0	0.4
98000	0.4	0.42	0.42	0	0	0.4
98100	0.4	0.42	0.42	0	0	0.4
98200	0.4	0.42	0.42	0	0	0.4
98300	0.4	0.42	0.42	0	0	0.4
98400	0.4	0.42	0.42	0	0	0.4
98500	0.4	0.43	0.43	0	0	0.4
98600	0.4	0.43	0.43	0	0	0.4
98700	0.4	0.43	0.43	0	0	0.4
98800	0.4	0.44	0.44	0	0	0.4
98900	0.4	0.43	0.43	0	0	0.4
99000	0.4	0.43	0.43	0	0	0.4
99100	0.4	0.43	0.43	0	0	0.4
99200	0.4	0.43	0.43	0	0	0.4
99300	0.4	0.43	0.43	0	0	0.4
99400	0.4	0.43	0.43	0	0	0.4
99500	0.4	0.44	0.44	0	0	0.4
99600	0.4	0.44	0.44	0	0	0.4
99700	0.4	0.44	0.44	0	0	0.4
99800	0.4	0.44	0.44	0	0	0.4
99900	0.4	0.44	0.44	0	0	0.4
100000	0.4	0.44	0.44	0	0	0.4
100100	0.4	0.44	0.44	0	0	0.4
100200	0.4	0.44	0.44	0	0	0.4
100300	0.4	0.44	0.44	0	0	0.4
100400	0.4	0.44	0.44	0	0	0.4
100500	0.4	0.44	0.44	0	0	0.4
100600	0.4	0.44	0.44	0	0	0.4
100700	0.4	0.44	0.44	0	0	0.4
100800	0.4	0.43	0.43	0	0	0.4
100900	0.4	0.43	0.43	0	0	0.4
101000	0.4	0.43	0.43	0	0	0.4
101100	0.4	0.43	0.43	0	0	0.4
101200	0.4	0.43	0.43	0	0	0.4
101300	0.4	0.43	0.43	0	0	0.4
101400	0.4	0.43	0.43	0	0	0.4
101500	0.4	0.43	0.43	0	0	0.4
101600	0.4	0.43	0.43	0	0	0.4
101700	0.4	0.43	0.43	0	0	0.4
101800	0.4	0.43	0.43	0	0	0.4
101900	0.4	0.43	0.43	0	0	0.4
102000	0.4	0.43	0.43	0	0	0.4
102100	0.4	0.43	0.43	0	0	0.4
102200	0.4	0.43	0.43	0	0	0.4
102300	0.4	0.43	0.43	0	0	0.4
102400	0.4	0.43	0.43	0	0	0.4
102500	0.4	0.43	0.43	0	0	0.4
102600	0.4	0.43	0.43	0	0	0.4
102700	0.4	0.43	0.43	0	0	0.4
102800	0.4	0.43	0.43	0	0	0.4
102900	0.4	0.42	0.42	0	0	0.4
103000	0.4	0.42	0.42	0	0	0.4
103100	0.4	0.42	0.42	0	0	0.4
103200	0.4	0.42	0.42	0	0	0.4
103300	0.4	0.42	0.42	0	0	0.4
103400	0.4	0.42	0.42	0	0	0.4
103500	0.41	0.42	0.42	0	0	0.41
103600	0.41	0.42	0.42	0	0	0.41
103700	0.41	0.42	0.42	0	0	0.41
103800	0.41	0.42	0.42	0	0	0.41
103900	0.41	0.42	0.42	0	0	0.41
104000	0.41	0.42	0.42	0	0	0.41
104100	0.4	0.41	0.41	0	0	0.4
104200	0.4	0.41	0.41	0	0	0.4
104300	0.4	0.41	0.41	0	0	0.4
104400	0.41	0.41	0.41	0	0	0.41
104500	0.41	0.41	0.41	0	0	0.41
104600	0.4	0.42	0.42	0	0	0.4
104700	0.4	0.42	0.42	0	0	0.4
104800	0.4	0.42	0.42	0	0	0.4
104900	0.4	0.42	0.42	0	0	0.4
105000	0.4	0.42	0.42	0	0	0.4
105100	0.4	0.42	0.42	0	0	0.4
105200	0.4	0.42	0.42	0	0	0.4
105300	0.4	0.42	0.42	0	0	0.4
105400	0.4	0.42	0.42	0	0	0.4
105500	0.4	0.42	0.42	0	0	0.4
105600	0.4	0.42	0.42	0	0	0.4
105700	0.4	0.42	0.42	0	0	0.4
105800	0.4	0.42	0.42	0	0	0.4
105900	0.41	0.42	0.42	0	0	0.41
106000	0.41	0.42	0.42	0	0	0.41
106100	0.41	0.42	0.42	0	0	0.41
106200	0.41	0.42	0.42	0	0	0.41
106300	0.41	0.42	0.42	0	0	0.41
106400	0.42	0.43	0.43	0	0	0.42
106500	0.41	0.43	0.43	0	0	0.41
106600	0.41	0.43	0.43	0	0	0.41
106700	0.41	0.43	0.43	0	0	0.41
106800	0.41	0.44	0.44	0	0	0.41
106900	0.41	0.44	0.44	0	0	0.41
107000	0.41	0.44	0.44	0	0	0.41
107100	0.41	0.44	0.44	0	0	0.41
107200	0.42	0.44	0.44	0	0	0.42
107300	0.42	0.44	0.44	0	0	0.42
107400	0.42	0.44	0.44	0	0	0.42
107500	0.42	0.44	0.44	0	0	0.42
107600	0.42	0.44	0.44	0	0	0.42
107700	0.42	0.44	0.44	0	0	0.42
107800	0.42	0.44	0.44	0	0	0.42
107900	0.42	0.44	0.44	0	0	0.42
108000	0.42	0.44	0.44	0	0	0.42
108100	0.42	0.45	0.45	0	0	0.42
108200	0.42	0.44	0.44	0	0	0.42
108300	0.42	0.44	0.44	0	0	0.42
108400	0.42	0.44	0.44	0	0	0.42
108500	0.42	0.44	0.44	0	0	0.42
108600	0.42	0.44	0.44	0	0	0.42
108700	0.42	0.44	0.44	0	0	0.42
108800	0.42	0.43	0.43	0	0	0.42
108900	0.42	0.43	0.43	0	0	0.42
109000	0.42	0.43	0.43	0	0	0.42
109100	0.42	0.43	0.43	0	0	0.42
109200	0.42	0.43	0.43	0	0	0.42
109300	0.42	0.43	0.43	0	0	0.42
109400	0.42	0.43	0.43	0	0	0.42
109500	0.42	0.43	0.43	0	0	0.42
109600	0.42	0.43	0.43	0	0	0.42
109700	0.42	0.43	0.43	0	0	0.42
109800	0.42	0.43	0.43	0	0	0.42
109900	0.41	0.43	0.43	0	0	0.41
110000	0.41	0.43	0.43	0	0	0.41
110100	0.41	0.44	0.44	0	0	0.41
110200	0.41	0.44	0.44	0	0	0.41
110300	0.41	0.44	0.44	0	0	0.41
110400	0.41	0.44	0.44	0	0	0.41
110500	0.41	0.44	0.44	0	0	0.41
110600	0.41	0.44	0.44	0	0	0.41
110700	0.41	0.43	0.43	0	0	0.41
110800	0.41	0.43	0.43	0	0	0.41
110900	0.41	0.43	0.43	0	0	0.41
111000	0.41	0.43	0.43	0	0	0.41
111100	0.42	0.43	0.43	0	0	0.42
111200	0.42	0.43	0.43	0	0	0.42
111300	0.42	0.43	0.43	0	0	0.42
111400	0.42	0.43	0.43	0	0	0.42
111500	0.42	0.43	0.43	0	0	0.42
111600	0.42	0.43	0.43	0	0	0.42
111700	0.42	0.43	0.43	0	0	0.42
111800	0.42	0.43	0.43	0	0	0.42
111900	0.42	0.43	0.43	0	0	0.42
112000	0.42	0.43	0.43	0	0	0.42
112100	0.42	0.43	0.43	0	0	0.42
112200	0.42	0.43	0.43	0	0	0.42
112300	0.42	0.43	0.43	0	0	0.42
112400	0.42	0.43	0.43	0	0	0.42
112500	0.42	0.43	0.43	0	0	0.42
112600	0.42	0.44	0.44	0	0	0.42
112700	0.42	0.44	0.44	0	0	0.42
112800	0.42	0.44	0.44	0	0	0.42
112900	0.42	0.44	0.44	0	0	0.42
113000	0.42	0.44	0.44	0	0	0.42
113100	0.42	0.43	0.43	0	0	0.42
113200	0.42	0.43	0.43	0	0	0.42
113300	0.42	0.44	0.44	0	0	0.42
113400	0.42	0.44	0.44	0	0	0.42
113500	0.42	0.44	0.44	0	0	0.42
113600	0.42	0.44	0.44	0	0	0.42
113700	0.42	0.44	0.44	0	0	0.42
113800	0.42	0.44	0.44	0	0	0.42
113900	0.42	0.43	0.43	0	0	0.42
114000	0.42	0.43	0.43	0	0	0.42
114100	0.42	0.43	0.43	0	0	0.42
114200	0.42	0.43	0.43	0	0	0.42
114300	0.42	0.43	0.43	0	0	0.42
114400	0.42	0.44	0.44	0	0	0.42
114500	0.42	0.44	0.44	0	0	0.42
114600	0.42	0.43	0.43	0	0	0.42
114700	0.42	0.43	0.43	0	0	0.42
114800	0.42	0.43	0.43	0	0	0.42
114900	0.42	0.43	0.43	0	0	0.42
115000	0.42	0.43	0.43	0	0	0.42
115100	0.42	0.43	0.43	0	0	0.42
115200	0.42	0.41	0.41	0	0	0.42
115300	0.42	0.41	0.41	0	0	0.42
115400	0.42	0.41	0.41	0	0	0.42
115500	0.42	0.41	0.41	0	0	0.42
115600	0.42	0.41	0.41	0	0	0.42
115700	0.42	0.41	0.41	0	0	0.42
115800	0.42	0.42	0.42	0	0	0.42
115900	0.42	0.42	0.42	0	0	0.42
116000	0.42	0.42	0.42	0	0	0.42
116100	0.42	0.43	0.43	0	0	0.42
116200	0.42	0.43	0.43	0	0	0.42
116300	0.42	0.43	0.43	0	0	0.42
116400	0.42	0.43	0.43	0	0	0.42
116500	0.42	0.43	0.43	0	0	0.42
116600	0.42	0.43	0.43	0	0	0.42
116700	0.42	0.43	0.43	0	0	0.42
116800	0.42	0.43	0.43	0	0	0.42
116900	0.42	0.43	0.43	0	0	0.42
117000	0.42	0.43	0.43	0	0	0.42
117100	0.42	0.44	0.44	0	0	0.42
117200	0.42	0.45	0.45	0	0	0.42
117300	0.42	0.45	0.45	0	0	0.42
117400	0.42	0.45	0.45	0	0	0.42
117500	0.42	0.45	0.45	0	0	0.42
117600	0.42	0.45	0.45	0	0	0.42
117700	0.42	0.45	0.45	0	0	0.42
117800	0.43	0.45	0.45	0	0	0.43
117900	0.43	0.45	0.45	0	0	0.43
118000	0.43	0.45	0.45	0	0	0.43
118100	0.43	0.45	0.45	0	0	0.43
118200	0.42	0.45	0.45	0	0	0.42
118300	0.42	0.45	0.45	0	0	0.42
118400	0.42	0.45	0.45	0	0	0.42
118500	0.42	0.46	0.46	0	0	0.42
118600	0.42	0.46	0.46	0	0	0.42
118700	0.42	0.45	0.45	0	0	0.42
118800	0.42	0.45	0.45	0	0	0.42
118900	0.42	0.45	0.45	0	0	0.42
119000	0.42	0.45	0.45	0	0	0.42
119100	0.42	0.45	0.45	0	0	0.42
119200	0.42	0.45	0.45	0	0	0.42
119300	0.42	0.44	0.44	0	0	0.42
119400	0.42	0.44	0.44	0	0	0.42
119500	0.42	0.44	0.44	0	0	0.42
119600	0.42	0.45	0.45	0	0	0.42
119700	0.42	0.45	0.45	0	0	0.42
119800	0.43	0.45	0.45	0	0	0.43
119900	0.42	0.45	0.45	0	0	0.42
120000	0.41	0.46	0.46	0	0	0.41
120100	0.41	0.45	0.45	0	0	0.41
120200	0.41	0.45	0.45	0	0	0.41
120300	0.41	0.45	0.45	0	0	0.41
120400	0.41	0.45	0.45	0	0	0.41
120500	0.41	0.45	0.45	0	0	0.41
120600	0.4	0.45	0.45	0	0	0.4
120700	0.4	0.46	0.46	0	0	0.4
120800	0.4	0.45	0.45	0	0	0.4
120900	0.4	0.45	0.45	0	0	0.4
121000	0.4	0.45	0.45	0	0	0.4
121100	0.4	0.45	0.45	0	0	0.4
121200	0.4	0.46	0.46	0	0	0.4
121300	0.4	0.45	0.45	0	0	0.4
121400	0.4	0.45	0.45	0	0	0.4
121500	0.4	0.45	0.45	0	0	0.4
121600	0.4	0.45	0.45	0	0	0.4
121700	0.4	0.45	0.45	0	0	0.4
121800	0.4	0.45	0.45	0	0	0.4
121900	0.4	0.45	0.45	0	0	0.4
122000	0.4	0.45	0.45	0	0	0.4
122100	0.4	0.45	0.45	0	0	0.4
122200	0.4	0.45	0.45	0	0	0.4
122300	0.4	0.45	0.45	0	0	0.4
122400	0.4	0.46	0.46	0	0	0.4
122500	0.4	0.45	0.45	0	0	0.4
122600	0.4	0.46	0.46	0	0	0.4
122700	0.4	0.46	0.46	0	0	0.4
122800	0.39	0.46	0.46	0	0	0.39
122900	0.39	0.46	0.46	0	0	0.39
123000	0.39	0.46	0.46	0	0	0.39
123100	0.39	0.46	0.46	0	0	0.39
123200	0.39	0.46	0.46	0	0	0.39
123300	0.39	0.46	0.46	0	0	0.39
123400	0.39	0.46	0.46	0	0	0.39
123500	0.39	0.46	0.46	0	0	0.39
123600	0.39	0.46	0.46	0	0	0.39
123700	0.39	0.45	0.45	0	0	0.39
123800	0.39	0.45	0.45	0	0	0.39
123900	0.39	0.45	0.45	0	0	0.39
124000	0.39	0.45	0.45	0	0	0.39
124100	0.39	0.45	0.45	0	0	0.39
124200	0.39	0.45	0.45	0	0	0.39
124300	0.4	0.45	0.45	0	0	0.4
124400	0.4	0.45	0.45	0	0	0.4
124500	0.4	0.45	0.45	0	0	0.4
124600	0.4	0.45	0.45	0	0	0.4
124700	0.4	0.45	0.45	0	0	0.4
124800	0.4	0.45	0.45	0	0	0.4
124900	0.4	0.47	0.47	0	0	0.4
125000	0.4	0.47	0.47	0	0	0.4
125100	0.4	0.47	0.47	0	0	0.4
125200	0.4	0.47	0.47	0	0	0.4
125300	0.39	0.47	0.47	0	0	0.39
125400	0.39	0.47	0.47	0	0	0.39
125500	0.39	0.47	0.47	0	0	0.39
125600	0.39	0.47	0.47	0	0	0.39
125700	0.39	0.47	0.47	0	0	0.39
125800	0.39	0.47	0.47	0	0	0.39
125900	0.39	0.47	0.47	0	0	0.39
126000	0.39	0.47	0.47	0	0	0.39
126100	0.39	0.47	0.47	0	0	0.39
126200	0.39	0.47	0.47	0	0	0.39
126300	0.39	0.46	0.46	0	0	0.39
126400	0.39	0.47	0.47	0	0	0.39
126500	0.38	0.46	0.46	0	0	0.38
126600	0.38	0.46	0.46	0	0	0.38
126700	0.37	0.46	0.46	0	0	0.37
126800	0.37	0.46	0.46	0	0	0.37
126900	0.37	0.46	0.46	0	0	0.37
127000	0.37	0.46	0.46	0	0	0.37
127100	0.37	0.46	0.46	0	0	0.37
127200	0.37	0.46	0.46	0	0	0.37
127300	0.37	0.46	0.46	0	0	0.37
127400	0.37	0.47	0.47	0	0	0.37
127500	0.37	0.47	0.47	0	0	0.37
127600	0.37	0.47	0.47	0	0	0.37
127700	0.38	0.47	0.47	0	0	0.38
127800	0.39	0.47	0.47	0	0	0.39
127900	0.39	0.47	0.47	0	0	0.39
128000	0.39	0.48	0.48	0	0	0.39
128100	0.39	0.48	0.48	0	0	0.39
128200	0.39	0.48	0.48	0	0	0.39
128300	0.39	0.48	0.48	0	0	0.39
128400	0.39	0.48	0.48	0	0	0.39
128500	0.4	0.48	0.48	0	0	0.4
128600	0.39	0.48	0.48	0	0	0.39
128700	0.39	0.47	0.47	0	0	0.39
128800	0.39	0.47	0.47	0	0	0.39
128900	0.39	0.47	0.47	0	0	0.39
129000	0.39	0.47	0.47	0	0	0.39
129100	0.39	0.47	0.47	0	0	0.39
129200	0.4	0.47	0.47	0	0	0.4
129300	0.4	0.47	0.47	0	0	0.4
129400	0.41	0.47	0.47	0	0	0.41
129500	0.4	0.47	0.47	0	0	0.4
129600	0.4	0.47	0.47	0	0	0.4
129700	0.41	0.47	0.47	0	0	0.41
129800	0.41	0.47	0.47	0	0	0.41
129900	0.42	0.47	0.47	0	0	0.42
130000	0.42	0.47	0.47	0	0	0.42
130100	0.41	0.47	0.47	0	0	0.41
130200	0.41	0.47	0.47	0	0	0.41
130300	0.41	0.47	0.47	0	0	0.41
130400	0.41	0.47	0.47	0	0	0.41
130500	0.41	0.47	0.47	0	0	0.41
130600	0.41	0.47	0.47	0	0	0.41
130700	0.41	0.47	0.47	0	0	0.41
130800	0.41	0.47	0.47	0	0	0.41
130900	0.41	0.47	0.47	0	0	0.41
131000	0.42	0.47	0.47	0	0	0.42
131100	0.42	0.47	0.47	0	0	0.42
131200	0.42	0.47	0.47	0	0	0.42
131300	0.42	0.47	0.47	0	0	0.42
131400	0.42	0.47	0.47	0	0	0.42
131500	0.42	0.47	0.47	0	0	0.42
131600	0.42	0.47	0.47	0	0	0.42
131700	0.42	0.47	0.47	0	0	0.42
131800	0.42	0.47	0.47	0	0	0.42
131900	0.42	0.47	0.47	0	0	0.42
132000	0.42	0.47	0.47	0	0	0.42
132100	0.42	0.47	0.47	0	0	0.42
132200	0.42	0.47	0.47	0	0	0.42
132300	0.42	0.47	0.47	0	0	0.42
132400	0.42	0.47	0.47	0	0	0.42
132500	0.42	0.47	0.47	0	0	0.42
132600	0.42	0.47	0.47	0	0	0.42
132700	0.42	0.47	0.47	0	0	0.42
132800	0.42	0.47	0.47	0	0	0.42
132900	0.42	0.47	0.47	0	0	0.42
133000	0.42	0.47	0.47	0	0	0.42
133100	0.42	0.47	0.47	0	0	0.42
133200	0.43	0.47	0.47	0	0	0.43
133300	0.43	0.47	0.47	0	0	0.43
133400	0.43	0.47	0.47	0	0	0.43
133500	0.43	0.47	0.47	0	0	0.43
133600	0.43	0.47	0.47	0	0	0.43
133700	0.43	0.47	0.47	0	0	0.43
133800	0.43	0.47	0.47	0	0	0.43
133900	0.42	0.47	0.47	0	0	0.42
134000	0.42	0.47	0.47	0	0	0.42
134100	0.41	0.47	0.47	0	0	0.41
134200	0.41	0.47	0.47	0	0	0.41
134300	0.41	0.47	0.47	0	0	0.41
134400	0.41	0.46	0.46	0	0	0.41
134500	0.41	0.46	0.46	0	0	0.41
134600	0.41	0.46	0.46	0	0	0.41
134700	0.41	0.46	0.46	0	0	0.41
134800	0.41	0.47	0.47	0	0	0.41
134900	0.41	0.47	0.47	0	0	0.41
135000	0.41	0.47	0.47	0	0	0.41
135100	0.41	0.47	0.47	0	0	0.41
135200	0.42	0.47	0.47	0	0	0.42
135300	0.42	0.47	0.47	0	0	0.42
135400	0.42	0.47	0.47	0	0	0.42
135500	0.42	0.47	0.47	0	0	0.42
135600	0.42	0.47	0.47	0	0	0.42
135700	0.42	0.47	0.47	0	0	0.42
135800	0.42	0.47	0.47	0	0	0.42
135900	0.42	0.47	0.47	0	0	0.42
136000	0.42	0.48	0.48	0	0	0.42
136100	0.42	0.48	0.48	0	0	0.42
136200	0.42	0.47	0.47	0	0	0.42
136300	0.43	0.47	0.47	0	0	0.43
136400	0.43	0.47	0.47	0	0	0.43
136500	0.43	0.47	0.47	0	0	0.43
136600	0.43	0.47	0.47	0	0	0.43
136700	0.43	0.47	0.47	0	0	0.43
136800	0.43	0.47	0.47	0	0	0.43
136900	0.43	0.46	0.46	0	0	0.43
137000	0.43	0.46	0.46	0	0	0.43
137100	0.43	0.46	0.46	0	0	0.43
137200	0.43	0.46	0.46	0	0	0.43
137300	0.43	0.46	0.46	0	0	0.43
137400	0.43	0.46	0.46	0	0	0.43
137500	0.43	0.46	0.46	0	0	0.43
137600	0.43	0.46	0.46	0	0	0.43
137700	0.43	0.46	0.46	0	0	0.43
137800	0.43	0.46	0.46	0	0	0.43
137900	0.43	0.47	0.47	0	0	0.43
138000	0.42	0.46	0.46	0	0	0.42
138100	0.42	0.46	0.46	0	0	0.42
138200	0.42	0.46	0.46	0	0	0.42
138300	0.42	0.46	0.46	0	0	0.42
138400	0.42	0.46	0.46	0	0	0.42
138500	0.42	0.47	0.47	0	0	0.42
138600	0.42	0.46	0.46	0	0	0.42
138700	0.42	0.46	0.46	0	0	0.42
138800	0.42	0.46	0.46	0	0	0.42
138900	0.42	0.46	0.46	0	0	0.42
139000	0.42	0.46	0.46	0	0	0.42
139100	0.42	0.46	0.46	0	0	0.42
139200	0.42	0.46	0.46	0	0	0.42
139300	0.42	0.46	0.46	0	0	0.42
139400	0.43	0.45	0.45	0	0	0.43
139500	0.43	0.45	0.45	0	0	0.43
139600	0.43	0.45	0.45	0	0	0.43
139700	0.43	0.44	0.44	0	0	0.43
139800	0.43	0.44	0.44	0	0	0.43
139900	0.43	0.44	0.44	0	0	0.43
140000	0.43	0.44	0.44	0	0	0.43
140100	0.43	0.44	0.44	0	0	0.43
140200	0.43	0.44	0.44	0	0	0.43
140300	0.43	0.44	0.44	0	0	0.43
140400	0.43	0.44	0.44	0	0	0.43
140500	0.42	0.44	0.44	0	0	0.42
140600	0.44	0.45	0.45	0	0	0.44
140700	0.44	0.45	0.45	0	0	0.44
140800	0.44	0.45	0.45	0	0	0.44
140900	0.44	0.45	0.45	0	0	0.44
141000	0.44	0.45	0.45	0	0	0.44
141100	0.44	0.45	0.45	0	0	0.44
141200	0.44	0.45	0.45	0	0	0.44
141300	0.44	0.45	0.45	0	0	0.44
141400	0.43	0.45	0.45	0	0	0.43
141500	0.43	0.45	0.45	0	0	0.43
141600	0.43	0.45	0.45	0	0	0.43
141700	0.43	0.45	0.45	0	0	0.43
141800	0.43	0.46	0.46	0	0	0.43
141900	0.43	0.45	0.45	0	0	0.43
142000	0.43	0.45	0.45	0	0	0.43
142100	0.43	0.45	0.45	0	0	0.43
142200	0.43	0.46	0.46	0	0	0.43
142300	0.43	0.46	0.46	0	0	0.43
142400	0.43	0.46	0.46	0	0	0.43
142500	0.43	0.46	0.46	0	0	0.43
142600	0.43	0.46	0.46	0	0	0.43
142700	0.43	0.46	0.46	0	0	0.43
142800	0.43	0.47	0.47	0	0	0.43
142900	0.43	0.47	0.47	0	0	0.43
143000	0.43	0.47	0.47	0	0	0.43
143100	0.43	0.47	0.47	0	0	0.43
143200	0.43	0.47	0.47	0	0	0.43
143300	0.42	0.47	0.47	0	0	0.42
143400	0.42	0.47	0.47	0	0	0.42
143500	0.42	0.47	0.47	0	0	0.42
143600	0.42	0.47	0.47	0	0	0.42
143700	0.41	0.47	0.47	0	0	0.41
143800	0.41	0.47	0.47	0	0	0.41
143900	0.41	0.47	0.47	0	0	0.41
144000	0.41	0.47	0.47	0	0	0.41
144100	0.41	0.47	0.47	0	0	0.41
144200	0.41	0.47	0.47	0	0	0.41
144300	0.41	0.47	0.47	0	0	0.41
144400	0.41	0.47	0.47	0	0	0.41
144500	0.42	0.47	0.47	0	0	0.42
144600	0.42	0.47	0.47	0	0	0.42
144700	0.42	0.47	0.47	0	0	0.42
144800	0.42	0.47	0.47	0	0	0.42
144900	0.42	0.47	0.47	0	0	0.42
145000	0.42	0.47	0.47	0	0	0.42
145100	0.42	0.47	0.47	0	0	0.42
145200	0.42	0.47	0.47	0	0	0.42
145300	0.42	0.47	0.47	0	0	0.42
145400	0.42	0.47	0.47	0	0	0.42
145500	0.42	0.48	0.48	0	0	0.42
145600	0.42	0.48	0.48	0	0	0.42
145700	0.42	0.48	0.48	0	0	0.42
145800	0.42	0.48	0.48	0	0	0.42
145900	0.42	0.48	0.48	0	0	0.42
146000	0.42	0.48	0.48	0	0	0.42
146100	0.42	0.48	0.48	0	0	0.42
146200	0.42	0.49	0.49	0	0	0.42
146300	0.42	0.49	0.49	0	0	0.42
146400	0.42	0.48	0.48	0	0	0.42
146500	0.42	0.48	0.48	0	0	0.42
146600	0.43	0.47	0.47	0	0	0.43
146700	0.43	0.47	0.47	0	0	0.43
146800	0.43	0.47	0.47	0	0	0.43
146900	0.43	0.47	0.47	0	0	0.43
147000	0.43	0.47	0.47	0	0	0.43
147100	0.43	0.47	0.47	0	0	0.43
147200	0.43	0.47	0.47	0	0	0.43
147300	0.43	0.47	0.47	0	0	0.43
147400	0.43	0.47	0.47	0	0	0.43
147500	0.43	0.47	0.47	0	0	0.43
147600	0.43	0.47	0.47	0	0	0.43
147700	0.43	0.47	0.47	0	0	0.43
147800	0.43	0.47	0.47	0	0	0.43
147900	0.43	0.47	0.47	0	0	0.43
148000	0.43	0.47	0.47	0	0	0.43
148100	0.43	0.47	0.47	0	0	0.43
148200	0.43	0.47	0.47	0	0	0.43
148300	0.43	0.47	0.47	0	0	0.43
148400	0.42	0.47	0.47	0	0	0.42
148500	0.42	0.47	0.47	0	0	0.42
148600	0.42	0.47	0.47	0	0	0.42
148700	0.42	0.47	0.47	0	0	0.42
148800	0.42	0.47	0.47	0	0	0.42
148900	0.42	0.47	0.47	0	0	0.42
149000	0.42	0.47	0.47	0	0	0.42
149100	0.42	0.47	0.47	0	0	0.42
149200	0.43	0.47	0.47	0	0	0.43
149300	0.42	0.47	0.47	0	0	0.42
149400	0.42	0.47	0.47	0	0	0.42
149500	0.42	0.47	0.47	0	0	0.42
149600	0.42	0.48	0.48	0	0	0.42
149700	0.42	0.48	0.48	0	0	0.42
149800	0.42	0.48	0.48	0	0	0.42
149900	0.42	0.48	0.48	0	0	0.42
150000	0.42	0.48	0.48	0	0	0.42
150100	0.42	0.48	0.48	0	0	0.42
150200	0.42	0.48	0.48	0	0	0.42
150300	0.42	0.48	0.48	0	0	0.42
150400	0.42	0.48	0.48	0	0	0.42
150500	0.42	0.48	0.48	0	0	0.42
150600	0.42	0.48	0.48	0	0	0.42
150700	0.42	0.48	0.48	0	0	0.42
150800	0.42	0.48	0.48	0	0	0.42
150900	0.41	0.48	0.48	0	0	0.41
151000	0.41	0.48	0.48	0	0	0.41
151100	0.41	0.47	0.47	0	0	0.41
151200	0.41	0.47	0.47	0	0	0.41
151300	0.4	0.47	0.47	0	0	0.4
151400	0.4	0.47	0.47	0	0	0.4
151500	0.4	0.48	0.48	0	0	0.4
151600	0.4	0.47	0.47	0	0	0.4
151700	0.4	0.47	0.47	0	0	0.4
151800	0.4	0.47	0.47	0	0	0.4
151900	0.4	0.47	0.47	0	0	0.4
152000	0.41	0.47	0.47	0	0	0.41
152100	0.41	0.47	0.47	0	0	0.41
152200	0.41	0.47	0.47	0	0	0.41
152300	0.41	0.47	0.47	0	0	0.41
152400	0.41	0.47	0.47	0	0	0.41
152500	0.41	0.47	0.47	0	0	0.41
152600	0.41	0.47	0.47	0	0	0.41
152700	0.41	0.47	0.47	0	0	0.41
152800	0.41	0.47	0.47	0	0	0.41
152900	0.41	0.47	0.47	0	0	0.41
153000	0.4	0.47	0.47	0	0	0.4
153100	0.4	0.47	0.47	0	0	0.4
153200	0.4	0.47	0.47	0	0	0.4
153300	0.4	0.47	0.47	0	0	0.4
153400	0.4	0.47	0.47	0	0	0.4
153500	0.41	0.47	0.47	0	0	0.41
153600	0.41	0.47	0.47	0	0	0.41
153700	0.41	0.48	0.48	0	0	0.41
153800	0.41	0.47	0.47	0	0	0.41
153900	0.41	0.47	0.47	0	0	0.41
154000	0.41	0.47	0.47	0	0	0.41
154100	0.41	0.47	0.47	0	0	0.41
154200	0.42	0.47	0.47	0	0	0.42
154300	0.42	0.47	0.47	0	0	0.42
154400	0.42	0.47	0.47	0	0	0.42
154500	0.42	0.47	0.47	0	0	0.42
154600	0.42	0.47	0.47	0	0	0.42
154700	0.42	0.47	0.47	0	0	0.42
154800	0.42	0.47	0.47	0	0	0.42
154900	0.42	0.47	0.47	0	0	0.42
155000	0.42	0.47	0.47	0	0	0.42
155100	0.42	0.47	0.47	0	0	0.42
155200	0.42	0.47	0.47	0	0	0.42
155300	0.42	0.47	0.47	0	0	0.42
155400	0.42	0.47	0.47	0	0	0.42
155500	0.42	0.47	0.47	0	0	0.42
155600	0.42	0.47	0.47	0	0	0.42
155700	0.42	0.47	0.47	0	0	0.42
155800	0.42	0.47	0.47	0	0	0.42
155900	0.42	0.47	0.47	0	0	0.42
156000	0.42	0.47	0.47	0	0	0.42
156100	0.42	0.47	0.47	0	0	0.42
156200	0.42	0.47	0.47	0	0	0.42
156300	0.42	0.48	0.48	0	0	0.42
156400	0.42	0.48	0.48	0	0	0.42
156500	0.41	0.48	0.48	0	0	0.41
156600	0.41	0.48	0.48	0	0	0.41
156700	0.41	0.48	0.48	0	0	0.41
156800	0.41	0.48	0.48	0	0	0.41
156900	0.41	0.48	0.48	0	0	0.41
157000	0.41	0.48	0.48	0	0	0.41
157100	0.41	0.48	0.48	0	0	0.41
157200	0.41	0.48	0.48	0	0	0.41
157300	0.41	0.48	0.48	0	0	0.41
157400	0.41	0.48	0.48	0	0	0.41
157500	0.41	0.48	0.48	0	0	0.41
157600	0.41	0.48	0.48	0	0	0.41
157700	0.41	0.48	0.48	0	0	0.41
157800	0.41	0.48	0.48	0	0	0.41
157900	0.41	0.48	0.48	0	0	0.41
158000	0.41	0.48	0.48	0	0	0.41
158100	0.41	0.48	0.48	0	0	0.41
158200	0.41	0.48	0.48	0	0	0.41
158300	0.41	0.48	0.48	0	0	0.41
158400	0.41	0.48	0.48	0	0	0.41
158500	0.41	0.48	0.48	0	0	0.41
158600	0.41	0.48	0.48	0	0	0.41
158700	0.41	0.48	0.48	0	0	0.41
158800	0.41	0.48	0.48	0	0	0.41
158900	0.41	0.48	0.48	0	0	0.41
159000	0.41	0.48	0.48	0	0	0.41
159100	0.41	0.48	0.48	0	0	0.41
159200	0.41	0.48	0.48	0	0	0.41
159300	0.41	0.48	0.48	0	0	0.41
159400	0.41	0.48	0.48	0	0	0.41
159500	0.41	0.48	0.48	0	0	0.41
159600	0.41	0.48	0.48	0	0	0.41
159700	0.41	0.48	0.48	0	0	0.41
159800	0.41	0.48	0.48	0	0	0.41
159900	0.41	0.48	0.48	0	0	0.41
160000	0.41	0.48	0.48	0	0	0.41
160100	0.41	0.48	0.48	0	0	0.41
160200	0.41	0.48	0.48	0	0	0.41
160300	0.41	0.48	0.48	0	0	0.41
160400	0.41	0.48	0.48	0	0	0.41
160500	0.41	0.48	0.48	0	0	0.41
160600	0.41	0.48	0.48	0	0	0.41
160700	0.41	0.48	0.48	0	0	0.41
160800	0.41	0.48	0.48	0	0	0.41
160900	0.42	0.48	0.48	0	0	0.42
161000	0.41	0.48	0.48	0	0	0.41
161100	0.41	0.48	0.48	0	0	0.41
161200	0.41	0.48	0.48	0	0	0.41
161300	0.4	0.48	0.48	0	0	0.4
161400	0.4	0.48	0.48	0	0	0.4
161500	0.4	0.48	0.48	0	0	0.4
161600	0.4	0.48	0.48	0	0	0.4
161700	0.4	0.48	0.48	0	0	0.4
161800	0.4	0.48	0.48	0	0	0.4
161900	0.4	0.48	0.48	0	0	0.4
162000	0.4	0.48	0.48	0	0	0.4
162100	0.4	0.48	0.48	0	0	0.4
162200	0.4	0.48	0.48	0	0	0.4
162300	0.4	0.48	0.48	0	0	0.4
162400	0.4	0.48	0.48	0	0	0.4
162500	0.4	0.48	0.48	0	0	0.4
162600	0.4	0.48	0.48	0	0	0.4
162700	0.4	0.49	0.49	0	0	0.4
162800	0.4	0.47	0.47	0	0	0.4
162900	0.4	0.47	0.47	0	0	0.4
163000	0.4	0.47	0.47	0	0	0.4
163100	0.4	0.47	0.47	0	0	0.4
163200	0.4	0.47	0.47	0	0	0.4
163300	0.4	0.47	0.47	0	0	0.4
163400	0.4	0.47	0.47	0	0	0.4
163500	0.4	0.47	0.47	0	0	0.4
163600	0.4	0.47	0.47	0	0	0.4
163700	0.4	0.47	0.47	0	0	0.4
163800	0.4	0.47	0.47	0	0	0.4
163900	0.4	0.47	0.47	0	0	0.4
164000	0.4	0.47	0.47	0	0	0.4
164100	0.4	0.47	0.47	0	0	0.4
164200	0.4	0.47	0.47	0	0	0.4
164300	0.4	0.47	0.47	0	0	0.4
164400	0.4	0.47	0.47	0	0	0.4
164500	0.4	0.47	0.47	0	0	0.4
164600	0.4	0.47	0.47	0	0	0.4
164700	0.4	0.47	0.47	0	0	0.4
164800	0.4	0.47	0.47	0	0	0.4
164900	0.4	0.47	0.47	0	0	0.4
165000	0.4	0.47	0.47	0	0	0.4
165100	0.4	0.47	0.47	0	0	0.4
165200	0.4	0.47	0.47	0	0	0.4
165300	0.4	0.47	0.47	0	0	0.4
165400	0.4	0.47	0.47	0	0	0.4
165500	0.41	0.47	0.47	0	0	0.41
165600	0.41	0.47	0.47	0	0	0.41
165700	0.41	0.47	0.47	0	0	0.41
165800	0.41	0.47	0.47	0	0	0.41
165900	0.41	0.47	0.47	0	0	0.41
166000	0.41	0.47	0.47	0	0	0.41
166100	0.41	0.47	0.47	0	0	0.41
166200	0.41	0.47	0.47	0	0	0.41
166300	0.41	0.47	0.47	0	0	0.41
166400	0.41	0.47	0.47	0	0	0.41
166500	0.41	0.48	0.48	0	0	0.41
166600	0.41	0.48	0.48	0	0	0.41
166700	0.41	0.48	0.48	0	0	0.41
166800	0.4	0.48	0.48	0	0	0.4
166900	0.4	0.48	0.48	0	0	0.4
167000	0.4	0.48	0.48	0	0	0.4
167100	0.41	0.48	0.48	0	0	0.41
167200	0.42	0.48	0.48	0	0	0.42
167300	0.42	0.48	0.48	0	0	0.42
167400	0.41	0.48	0.48	0	0	0.41
167500	0.41	0.48	0.48	0	0	0.41
167600	0.41	0.48	0.48	0	0	0.41
167700	0.41	0.48	0.48	0	0	0.41
167800	0.4	0.48	0.48	0	0	0.4
167900	0.4	0.48	0.48	0	0	0.4
168000	0.4	0.48	0.48	0	0	0.4
168100	0.4	0.48	0.48	0	0	0.4
168200	0.4	0.48	0.48	0	0	0.4
168300	0.4	0.48	0.48	0	0	0.4
168400	0.4	0.48	0.48	0	0	0.4
168500	0.4	0.48	0.48	0	0	0.4
168600	0.4	0.48	0.48	0	0	0.4
168700	0.4	0.48	0.48	0	0	0.4
168800	0.41	0.48	0.48	0	0	0.41
168900	0.41	0.48	0.48	0	0	0.41
169000	0.41	0.48	0.48	0	0	0.41
169100	0.41	0.48	0.48	0	0	0.41
169200	0.41	0.48	0.48	0	0	0.41
169300	0.41	0.48	0.48	0	0	0.41
169400	0.41	0.48	0.48	0	0	0.41
169500	0.41	0.47	0.47	0	0	0.41
169600	0.41	0.47	0.47	0	0	0.41
169700	0.42	0.47	0.47	0	0	0.42
169800	0.42	0.47	0.47	0	0	0.42
169900	0.42	0.47	0.47	0	0	0.42
170000	0.42	0.48	0.48	0	0	0.42
170100	0.42	0.48	0.48	0	0	0.42
170200	0.41	0.48	0.48	0	0	0.41
170300	0.41	0.48	0.48	0	0	0.41
170400	0.41	0.48	0.48	0	0	0.41
170500	0.41	0.48	0.48	0	0	0.41
170600	0.41	0.48	0.48	0	0	0.41
170700	0.41	0.48	0.48	0	0	0.41
170800	0.42	0.48	0.48	0	0	0.42
170900	0.42	0.48	0.48	0	0	0.42
171000	0.41	0.48	0.48	0	0	0.41
171100	0.41	0.48	0.48	0	0	0.41
171200	0.41	0.48	0.48	0	0	0.41
171300	0.41	0.48	0.48	0	0	0.41
171400	0.41	0.48	0.48	0	0	0.41
171500	0.41	0.48	0.48	0	0	0.41
171600	0.41	0.48	0.48	0	0	0.41
171700	0.41	0.48	0.48	0	0	0.41
171800	0.41	0.48	0.48	0	0	0.41
171900	0.41	0.48	0.48	0	0	0.41
172000	0.41	0.48	0.48	0	0	0.41
172100	0.41	0.48	0.48	0	0	0.41
172200	0.41	0.48	0.48	0	0	0.41
172300	0.41	0.48	0.48	0	0	0.41
172400	0.41	0.48	0.48	0	0	0.41
172500	0.41	0.48	0.48	0	0	0.41
172600	0.41	0.48	0.48	0	0	0.41
172700	0.41	0.48	0.48	0	0	0.41
172800	0.41	0.48	0.48	0	0	0.41
172900	0.41	0.48	0.48	0	0	0.41
173000	0.41	0.48	0.48	0	0	0.41
173100	0.41	0.48	0.48	0	0	0.41
173200	0.41	0.48	0.48	0	0	0.41
173300	0.41	0.48	0.48	0	0	0.41
173400	0.41	0.48	0.48	0	0	0.41
173500	0.41	0.48	0.48	0	0	0.41
173600	0.41	0.48	0.48	0	0	0.41
173700	0.41	0.48	0.48	0	0	0.41
173800	0.41	0.48	0.48	0	0	0.41
173900	0.41	0.48	0.48	0	0	0.41
174000	0.41	0.48	0.48	0	0	0.41
174100	0.42	0.48	0.48	0	0	0.42
174200	0.42	0.48	0.48	0	0	0.42
174300	0.42	0.48	0.48	0	0	0.42
174400	0.43	0.48	0.48	0	0	0.43
174500	0.43	0.48	0.48	0	0	0.43
174600	0.42	0.48	0.48	0	0	0.42
174700	0.42	0.48	0.48	0	0	0.42
174800	0.42	0.48	0.48	0	0	0.42
174900	0.42	0.48	0.48	0	0	0.42
175000	0.42	0.48	0.48	0	0	0.42
175100	0.42	0.48	0.48	0	0	0.42
175200	0.42	0.48	0.48	0	0	0.42
175300	0.42	0.48	0.48	0	0	0.42
175400	0.42	0.48	0.48	0	0	0.42
175500	0.42	0.48	0.48	0	0	0.42
175600	0.42	0.48	0.48	0	0	0.42
175700	0.42	0.48	0.48	0	0	0.42
175800	0.42	0.48	0.48	0	0	0.42
175900	0.42	0.48	0.48	0	0	0.42
176000	0.43	0.49	0.49	0	0	0.43
176100	0.43	0.49	0.49	0	0	0.43
176200	0.43	0.49	0.49	0	0	0.43
176300	0.43	0.5	0.5	0	0	0.43
176400	0.43	0.5	0.5	0	0	0.43
176500	0.43	0.51	0.51	0	0	0.43
176600	0.43	0.51	0.51	0	0	0.43
176700	0.43	0.5	0.5	0	0	0.43
176800	0.43	0.5	0.5	0	0	0.43
176900	0.43	0.5	0.5	0	0	0.43
177000	0.43	0.5	0.5	0	0	0.43
177100	0.43	0.5	0.5	0	0	0.43
177200	0.43	0.5	0.5	0	0	0.43
177300	0.43	0.5	0.5	0	0	0.43
177400	0.44	0.5	0.5	0	0	0.44
177500	0.44	0.51	0.51	0	0	0.44
177600	0.44	0.51	0.51	0	0	0.44
177700	0.44	0.51	0.51	0	0	0.44
177800	0.44	0.51	0.51	0	0	0.44
177900	0.44	0.51	0.51	0	0	0.44
178000	0.44	0.51	0.51	0	0	0.44
178100	0.44	0.51	0.51	0	0	0.44
178200	0.44	0.51	0.51	0	0	0.44
178300	0.44	0.51	0.51	0	0	0.44
178400	0.44	0.51	0.51	0	0	0.44
178500	0.44	0.51	0.51	0	0	0.44
178600	0.44	0.51	0.51	0	0	0.44
178700	0.44	0.51	0.51	0	0	0.44
178800	0.44	0.51	0.51	0	0	0.44
178900	0.44	0.51	0.51	0	0	0.44
179000	0.44	0.51	0.51	0	0	0.44
179100	0.44	0.51	0.51	0	0	0.44
179200	0.44	0.51	0.51	0	0	0.44
179300	0.44	0.51	0.51	0	0	0.44
179400	0.44	0.5	0.5	0	0	0.44
179500	0.44	0.5	0.5	0	0	0.44
179600	0.44	0.5	0.5	0	0	0.44
179700	0.44	0.5	0.5	0	0	0.44
179800	0.44	0.5	0.5	0	0	0.44
179900	0.44	0.5	0.5	0	0	0.44
180000	0.44	0.5	0.5	0	0	0.44
180100	0.44	0.5	0.5	0	0	0.44
180200	0.44	0.5	0.5	0	0	0.44
180300	0.44	0.5	0.5	0	0	0.44
180400	0.45	0.5	0.5	0	0	0.45
180500	0.44	0.5	0.5	0	0	0.44
180600	0.44	0.5	0.5	0	0	0.44
180700	0.44	0.5	0.5	0	0	0.44
180800	0.44	0.5	0.5	0	0	0.44
180900	0.44	0.5	0.5	0	0	0.44
181000	0.44	0.5	0.5	0	0	0.44
181100	0.44	0.5	0.5	0	0	0.44
181200	0.44	0.49	0.49	0	0	0.44
181300	0.44	0.49	0.49	0	0	0.44
181400	0.44	0.49	0.49	0	0	0.44
181500	0.44	0.49	0.49	0	0	0.44
181600	0.44	0.5	0.5	0	0	0.44
181700	0.44	0.5	0.5	0	0	0.44
181800	0.44	0.5	0.5	0	0	0.44
181900	0.44	0.5	0.5	0	0	0.44
182000	0.44	0.5	0.5	0	0	0.44
182100	0.44	0.5	0.5	0	0	0.44
182200	0.44	0.49	0.49	0	0	0.44
182300	0.44	0.48	0.48	0	0	0.44
182400	0.44	0.47	0.47	0	0	0.44
182500	0.44	0.47	0.47	0	0	0.44
182600	0.44	0.47	0.47	0	0	0.44
182700	0.44	0.47	0.47	0	0	0.44
182800	0.44	0.47	0.47	0	0	0.44
182900	0.44	0.47	0.47	0	0	0.44
183000	0.44	0.47	0.47	0	0	0.44
183100	0.44	0.47	0.47	0	0	0.44
183200	0.44	0.47	0.47	0	0	0.44
183300	0.44	0.47	0.47	0	0	0.44
183400	0.44	0.47	0.47	0	0	0.44
183500	0.44	0.47	0.47	0	0	0.44
183600	0.44	0.47	0.47	0	0	0.44
183700	0.44	0.47	0.47	0	0	0.44
183800	0.44	0.47	0.47	0	0	0.44
183900	0.44	0.47	0.47	0	0	0.44
184000	0.44	0.47	0.47	0	0	0.44
184100	0.44	0.46	0.46	0	0	0.44
184200	0.44	0.46	0.46	0	0	0.44
184300	0.44	0.46	0.46	0	0	0.44
184400	0.44	0.46	0.46	0	0	0.44
184500	0.44	0.46	0.46	0	0	0.44
184600	0.44	0.46	0.46	0	0	0.44
184700	0.44	0.46	0.46	0	0	0.44
184800	0.44	0.46	0.46	0	0	0.44
184900	0.44	0.46	0.46	0	0	0.44
185000	0.44	0.46	0.46	0	0	0.44
185100	0.44	0.46	0.46	0	0	0.44
185200	0.44	0.46	0.46	0	0	0.44
185300	0.44	0.46	0.46	0	0	0.44
185400	0.44	0.46	0.46	0	0	0.44
185500	0.44	0.46	0.46	0	0	0.44
185600	0.44	0.46	0.46	0	0	0.44
185700	0.44	0.46	0.46	0	0	0.44
185800	0.44	0.46	0.46	0	0	0.44
185900	0.44	0.46	0.46	0	0	0.44
186000	0.44	0.46	0.46	0	0	0.44
186100	0.44	0.46	0.46	0	0	0.44
186200	0.44	0.46	0.46	0	0	0.44
186300	0.44	0.46	0.46	0	0	0.44
186400	0.44	0.46	0.46	0	0	0.44
186500	0.44	0.46	0.46	0	0	0.44
186600	0.44	0.46	0.46	0	0	0.44
186700	0.44	0.46	0.46	0	0	0.44
186800	0.44	0.46	0.46	0	0	0.44
186900	0.44	0.46	0.46	0	0	0.44
187000	0.44	0.46	0.46	0	0	0.44
187100	0.44	0.46	0.46	0	0	0.44
187200	0.44	0.47	0.47	0	0	0.44
187300	0.44	0.47	0.47	0	0	0.44
187400	0.44	0.47	0.47	0	0	0.44
187500	0.44	0.47	0.47	0	0	0.44
187600	0.44	0.47	0.47	0	0	0.44
187700	0.44	0.47	0.47	0	0	0.44
187800	0.44	0.47	0.47	0	0	0.44
187900	0.44	0.47	0.47	0	0	0.44
188000	0.44	0.47	0.47	0	0	0.44
188100	0.44	0.46	0.46	0	0	0.44
188200	0.45	0.46	0.46	0	0	0.45
188300	0.45	0.46	0.46	0	0	0.45
188400	0.45	0.46	0.46	0	0	0.45
188500	0.44	0.46	0.46	0	0	0.44
188600	0.44	0.46	0.46	0	0	0.44
188700	0.44	0.46	0.46	0	0	0.44
188800	0.44	0.46	0.46	0	0	0.44
188900	0.44	0.46	0.46	0	0	0.44
189000	0.44	0.46	0.46	0	0	0.44
189100	0.44	0.46	0.46	0	0	0.44
189200	0.44	0.46	0.46	0	0	0.44
189300	0.43	0.46	0.46	0	0	0.43
189400	0.43	0.46	0.46	0	0	0.43
189500	0.43	0.46	0.46	0	0	0.43
189600	0.43	0.46	0.46	0	0	0.43
189700	0.43	0.46	0.46	0	0	0.43
189800	0.43	0.46	0.46	0	0	0.43
189900	0.43	0.47	0.47	0	0	0.43
190000	0.43	0.47	0.47	0	0	0.43
190100	0.43	0.47	0.47	0	0	0.43
190200	0.43	0.47	0.47	0	0	0.43
190300	0.43	0.47	0.47	0	0	0.43
190400	0.43	0.47	0.47	0	0	0.43
190500	0.43	0.47	0.47	0	0	0.43
190600	0.43	0.47	0.47	0	0	0.43
190700	0.43	0.46	0.46	0	0	0.43
190800	0.43	0.46	0.46	0	0	0.43
190900	0.43	0.46	0.46	0	0	0.43
191000	0.43	0.46	0.46	0	0	0.43
191100	0.43	0.46	0.46	0	0	0.43
191200	0.43	0.46	0.46	0	0	0.43
191300	0.43	0.46	0.46	0	0	0.43
191400	0.43	0.46	0.46	0	0	0.43
191500	0.43	0.46	0.46	0	0	0.43
191600	0.43	0.47	0.47	0	0	0.43
191700	0.43	0.47	0.47	0	0	0.43
191800	0.43	0.47	0.47	0	0	0.43
191900	0.43	0.47	0.47	0	0	0.43
192000	0.43	0.47	0.47	0	0	0.43
192100	0.43	0.47	0.47	0	0	0.43
192200	0.43	0.47	0.47	0	0	0.43
192300	0.43	0.47	0.47	0	0	0.43
192400	0.43	0.47	0.47	0	0	0.43
192500	0.43	0.47	0.47	0	0	0.43
192600	0.43	0.47	0.47	0	0	0.43
192700	0.43	0.47	0.47	0	0	0.43
192800	0.43	0.47	0.47	0	0	0.43
192900	0.43	0.47	0.47	0	0	0.43
193000	0.43	0.47	0.47	0	0	0.43
193100	0.44	0.46	0.46	0	0	0.44
193200	0.44	0.46	0.46	0	0	0.44
193300	0.44	0.47	0.47	0	0	0.44
193400	0.44	0.48	0.48	0	0	0.44
193500	0.44	0.48	0.48	0	0	0.44
193600	0.43	0.48	0.48	0	0	0.43
193700	0.43	0.48	0.48	0	0	0.43
193800	0.43	0.48	0.48	0	0	0.43
193900	0.43	0.48	0.48	0	0	0.43
194000	0.42	0.48	0.48	0	0	0.42
194100	0.42	0.48	0.48	0	0	0.42
194200	0.42	0.48	0.48	0	0	0.42
194300	0.42	0.48	0.48	0	0	0.42
194400	0.43	0.48	0.48	0	0	0.43
194500	0.43	0.48	0.48	0	0	0.43
194600	0.43	0.48	0.48	0	0	0.43
194700	0.43	0.48	0.48	0	0	0.43
194800	0.43	0.48	0.48	0	0	0.43
194900	0.43	0.48	0.48	0	0	0.43
195000	0.42	0.48	0.48	0	0	0.42
195100	0.42	0.48	0.48	0	0	0.42
195200	0.42	0.48	0.48	0	0	0.42
195300	0.43	0.48	0.48	0	0	0.43
195400	0.42	0.48	0.48	0	0	0.42
195500	0.42	0.48	0.48	0	0	0.42
195600	0.42	0.48	0.48	0	0	0.42
195700	0.42	0.48	0.48	0	0	0.42
195800	0.42	0.48	0.48	0	0	0.42
195900	0.42	0.48	0.48	0	0	0.42
196000	0.42	0.48	0.48	0	0	0.42
196100	0.42	0.48	0.48	0	0	0.42
196200	0.42	0.48	0.48	0	0	0.42
196300	0.42	0.48	0.48	0	0	0.42
196400	0.42	0.49	0.49	0	0	0.42
196500	0.42	0.48	0.48	0	0	0.42
196600	0.42	0.48	0.48	0	0	0.42
196700	0.42	0.48	0.48	0	0	0.42
196800	0.42	0.48	0.48	0	0	0.42
196900	0.42	0.47	0.47	0	0	0.42
197000	0.42	0.47	0.47	0	0	0.42
197100	0.42	0.47	0.47	0	0	0.42
197200	0.42	0.47	0.47	0	0	0.42
197300	0.42	0.47	0.47	0	0	0.42
197400	0.42	0.47	0.47	0	0	0.42
197500	0.42	0.47	0.47	0	0	0.42
197600	0.42	0.47	0.47	0	0	0.42
197700	0.42	0.47	0.47	0	0	0.42
197800	0.42	0.47	0.47	0	0	0.42
197900	0.42	0.48	0.48	0	0	0.42
198000	0.42	0.48	0.48	0	0	0.42
198100	0.42	0.48	0.48	0	0	0.42
198200	0.42	0.48	0.48	0	0	0.42
198300	0.42	0.48	0.48	0	0	0.42
198400	0.42	0.48	0.48	0	0	0.42
198500	0.42	0.48	0.48	0	0	0.42
198600	0.42	0.48	0.48	0	0	0.42
198700	0.42	0.48	0.48	0	0	0.42
198800	0.42	0.48	0.48	0	0	0.42
198900	0.42	0.48	0.48	0	0	0.42
199000	0.42	0.47	0.47	0	0	0.42
199100	0.42	0.48	0.48	0	0	0.42
199200	0.42	0.48	0.48	0	0	0.42
199300	0.42	0.47	0.47	0	0	0.42
199400	0.42	0.47	0.47	0	0	0.42
199500	0.42	0.47	0.47	0	0	0.42
199600	0.43	0.47	0.47	0	0	0.43
199700	0.43	0.47	0.47	0	0	0.43
199800	0.43	0.47	0.47	0	0	0.43
199900	0.43	0.46	0.46	0	0	0.43
200000	0.43	0.46	0.46	0	0	0.43
200100	0.43	0.46	0.46	0	0	0.43
200200	0.43	0.46	0.46	0	0	0.43
200300	0.43	0.45	0.45	0	0	0.43
200400	0.43	0.45	0.45	0	0	0.43
200500	0.43	0.45	0.45	0	0	0.43
200600	0.43	0.45	0.45	0	0	0.43
200700	0.43	0.45	0.45	0	0	0.43
200800	0.43	0.45	0.45	0	0	0.43
200900	0.42	0.45	0.45	0	0	0.42
201000	0.43	0.45	0.45	0	0	0.43
201100	0.43	0.45	0.45	0	0	0.43
201200	0.43	0.45	0.45	0	0	0.43
201300	0.43	0.45	0.45	0	0	0.43
201400	0.43	0.45	0.45	0	0	0.43
201500	0.43	0.45	0.45	0	0	0.43
201600	0.43	0.45	0.45	0	0	0.43
201700	0.43	0.45	0.45	0	0	0.43
201800	0.43	0.45	0.45	0	0	0.43
201900	0.43	0.45	0.45	0	0	0.43
202000	0.43	0.45	0.45	0	0	0.43
202100	0.43	0.45	0.45	0	0	0.43
202200	0.43	0.45	0.45	0	0	0.43
202300	0.43	0.45	0.45	0	0	0.43
202400	0.43	0.44	0.44	0	0	0.43
202500	0.44	0.44	0.44	0	0	0.44
202600	0.44	0.44	0.44	0	0	0.44
202700	0.43	0.44	0.44	0	0	0.43
202800	0.43	0.44	0.44	0	0	0.43
202900	0.43	0.44	0.44	0	0	0.43
203000	0.43	0.43	0.43	0	0	0.43
203100	0.43	0.43	0.43	0	0	0.43
203200	0.43	0.43	0.43	0	0	0.43
203300	0.43	0.43	0.43	0	0	0.43
203400	0.43	0.43	0.43	0	0	0.43
203500	0.43	0.43	0.43	0	0	0.43
203600	0.43	0.43	0.43	0	0	0.43
203700	0.43	0.43	0.43	0	0	0.43
203800	0.43	0.43	0.43	0	0	0.43
203900	0.43	0.43	0.43	0	0	0.43
204000	0.43	0.43	0.43	0	0	0.43
204100	0.43	0.43	0.43	0	0	0.43
204200	0.43	0.43	0.43	0	0	0.43
204300	0.43	0.43	0.43	0	0	0.43
204400	0.44	0.43	0.43	0	0	0.44
204500	0.44	0.43	0.43	0	0	0.44
204600	0.44	0.43	0.43	0	0	0.44
204700	0.44	0.43	0.43	0	0	0.44
204800	0.43	0.43	0.43	0	0	0.43
204900	0.43	0.43	0.43	0	0	0.43
205000	0.43	0.43	0.43	0	0	0.43
205100	0.43	0.43	0.43	0	0	0.43
205200	0.43	0.43	0.43	0	0	0.43
205300	0.43	0.43	0.43	0	0	0.43
205400	0.43	0.43	0.43	0	0	0.43
205500	0.44	0.43	0.43	0	0	0.44
205600	0.44	0.43	0.43	0	0	0.44
205700	0.44	0.43	0.43	0	0	0.44
205800	0.44	0.43	0.43	0	0	0.44
205900	0.45	0.43	0.43	0	0	0.45
206000	0.45	0.43	0.43	0	0	0.45
206100	0.46	0.43	0.43	0	0	0.46
206200	0.45	0.43	0.43	0	0	0.45
206300	0.45	0.43	0.43	0	0	0.45
206400	0.45	0.43	0.43	0	0	0.45
206500	0.45	0.43	0.43	0	0	0.45
206600	0.45	0.43	0.43	0	0	0.45
206700	0.45	0.43	0.43	0	0	0.45
206800	0.45	0.43	0.43	0	0	0.45
206900	0.45	0.43	0.43	0	0	0.45
207000	0.45	0.43	0.43	0	0	0.45
207100	0.45	0.43	0.43	0	0	0.45
207200	0.45	0.43	0.43	0	0	0.45
207300	0.45	0.43	0.43	0	0	0.45
207400	0.45	0.43	0.43	0	0	0.45
207500	0.45	0.43	0.43	0	0	0.45
207600	0.45	0.44	0.44	0	0	0.45
207700	0.45	0.44	0.44	0	0	0.45
207800	0.45	0.44	0.44	0	0	0.45
207900	0.45	0.44	0.44	0	0	0.45
208000	0.45	0.44	0.44	0	0	0.45
208100	0.45	0.44	0.44	0	0	0.45
208200	0.45	0.44	0.44	0	0	0.45
208300	0.44	0.44	0.44	0	0	0.44
208400	0.44	0.44	0.44	0	0	0.44
208500	0.44	0.44	0.44	0	0	0.44
208600	0.44	0.44	0.44	0	0	0.44
208700	0.44	0.44	0.44	0	0	0.44
208800	0.44	0.44	0.44	0	0	0.44
208900	0.44	0.44	0.44	0	0	0.44
209000	0.44	0.44	0.44	0	0	0.44
209100	0.44	0.44	0.44	0	0	0.44
209200	0.46	0.45	0.45	0	0	0.46
209300	0.46	0.45	0.45	0	0	0.46
209400	0.46	0.45	0.45	0	0	0.46
209500	0.46	0.45	0.45	0	0	0.46
209600	0.46	0.45	0.45	0	0	0.46
209700	0.46	0.45	0.45	0	0	0.46
209800	0.46	0.44	0.44	0	0	0.46
209900	0.46	0.44	0.44	0	0	0.46
210000	0.46	0.46	0.46	0	0	0.46
210100	0.46	0.45	0.45	0	0	0.46
210200	0.46	0.45	0.45	0	0	0.46
210300	0.46	0.45	0.45	0	0	0.46
210400	0.46	0.45	0.45	0	0	0.46
210500	0.46	0.45	0.45	0	0	0.46
210600	0.46	0.45	0.45	0	0	0.46
210700	0.46	0.45	0.45	0	0	0.46
210800	0.46	0.45	0.45	0	0	0.46
210900	0.46	0.45	0.45	0	0	0.46
211000	0.46	0.45	0.45	0	0	0.46
211100	0.46	0.45	0.45	0	0	0.46
211200	0.46	0.45	0.45	0	0	0.46
211300	0.46	0.44	0.44	0	0	0.46
211400	0.46	0.44	0.44	0	0	0.46
211500	0.46	0.44	0.44	0	0	0.46
211600	0.46	0.44	0.44	0	0	0.46
211700	0.46	0.44	0.44	0	0	0.46
211800	0.46	0.44	0.44	0	0	0.46
211900	0.46	0.44	0.44	0	0	0.46
212000	0.46	0.44	0.44	0	0	0.46
212100	0.46	0.44	0.44	0	0	0.46
212200	0.47	0.44	0.44	0	0	0.47
212300	0.48	0.44	0.44	0	0	0.48
212400	0.48	0.44	0.44	0	0	0.48
212500	0.47	0.44	0.44	0	0	0.47
212600	0.47	0.44	0.44	0	0	0.47
212700	0.47	0.44	0.44	0	0	0.47
212800	0.47	0.44	0.44	0	0	0.47
212900	0.47	0.44	0.44	0	0	0.47
213000	0.47	0.44	0.44	0	0	0.47
213100	0.47	0.44	0.44	0	0	0.47
213200	0.47	0.44	0.44	0	0	0.47
213300	0.47	0.44	0.44	0	0	0.47
213400	0.47	0.43	0.43	0	0	0.47
213500	0.47	0.43	0.43	0	0	0.47
213600	0.47	0.43	0.43	0	0	0.47
213700	0.46	0.43	0.43	0	0	0.46
213800	0.46	0.44	0.44	0	0	0.46
213900	0.46	0.43	0.43	0	0	0.46
214000	0.46	0.44	0.44	0	0	0.46
214100	0.46	0.44	0.44	0	0	0.46
214200	0.46	0.44	0.44	0	0	0.46
214300	0.46	0.44	0.44	0	0	0.46
214400	0.46	0.44	0.44	0	0	0.46
214500	0.45	0.44	0.44	0	0	0.45
214600	0.45	0.44	0.44	0	0	0.45
214700	0.44	0.44	0.44	0	0	0.44
214800	0.44	0.44	0.44	0	0	0.44
214900	0.44	0.44	0.44	0	0	0.44
215000	0.44	0.44	0.44	0	0	0.44
215100	0.44	0.44	0.44	0	0	0.44
215200	0.44	0.44	0.44	0	0	0.44
215300	0.44	0.44	0.44	0	0	0.44
215400	0.44	0.44	0.44	0	0	0.44
215500	0.44	0.44	0.44	0	0	0.44
215600	0.44	0.44	0.44	0	0	0.44
215700	0.44	0.44	0.44	0	0	0.44
215800	0.44	0.44	0.44	0	0	0.44
215900	0.44	0.44	0.44	0	0	0.44
216000	0.44	0.44	0.44	0	0	0.44
216100	0.44	0.44	0.44	0	0	0.44
216200	0.44	0.44	0.44	0	0	0.44
216300	0.44	0.44	0.44	0	0	0.44
216400	0.44	0.44	0.44	0	0	0.44
216500	0.44	0.44	0.44	0	0	0.44
216600	0.45	0.45	0.45	0	0	0.45
216700	0.45	0.44	0.44	0	0	0.45
216800	0.45	0.44	0.44	0	0	0.45
216900	0.45	0.44	0.44	0	0	0.45
217000	0.45	0.44	0.44	0	0	0.45
217100	0.45	0.44	0.44	0	0	0.45
217200	0.45	0.44	0.44	0	0	0.45
217300	0.45	0.44	0.44	0	0	0.45
217400	0.45	0.45	0.45	0	0	0.45
217500	0.45	0.45	0.45	0	0	0.45
217600	0.45	0.45	0.45	0	0	0.45
217700	0.45	0.45	0.45	0	0	0.45
217800	0.45	0.45	0.45	0	0	0.45
217900	0.45	0.45	0.45	0	0	0.45
218000	0.45	0.45	0.45	0	0	0.45
218100	0.45	0.45	0.45	0	0	0.45
218200	0.45	0.45	0.45	0	0	0.45
218300	0.45	0.45	0.45	0	0	0.45
218400	0.45	0.45	0.45	0	0	0.45
218500	0.45	0.45	0.45	0	0	0.45
218600	0.45	0.45	0.45	0	0	0.45
218700	0.45	0.45	0.45	0	0	0.45
218800	0.45	0.45	0.45	0	0	0.45
218900	0.45	0.45	0.45	0	0	0.45
219000	0.45	0.45	0.45	0	0	0.45
219100	0.45	0.45	0.45	0	0	0.45
219200	0.45	0.45	0.45	0	0	0.45
219300	0.45	0.45	0.45	0	0	0.45
219400	0.45	0.45	0.45	0	0	0.45
219500	0.45	0.45	0.45	0	0	0.45
219600	0.45	0.45	0.45	0	0	0.45
219700	0.45	0.45	0.45	0	0	0.45
219800	0.45	0.45	0.45	0	0	0.45
219900	0.45	0.45	0.45	0	0	0.45
220000	0.45	0.45	0.45	0	0	0.45
220100	0.45	0.45	0.45	0	0	0.45
220200	0.45	0.45	0.45	0	0	0.45
220300	0.45	0.45	0.45	0	0	0.45
220400	0.45	0.46	0.46	0	0	0.45
220500	0.45	0.46	0.46	0	0	0.45
220600	0.45	0.46	0.46	0	0	0.45
220700	0.45	0.47	0.47	0	0	0.45
220800	0.45	0.47	0.47	0	0	0.45
220900	0.45	0.47	0.47	0	0	0.45
221000	0.45	0.47	0.47	0	0	0.45
221100	0.45	0.47	0.47	0	0	0.45
221200	0.45	0.47	0.47	0	0	0.45
221300	0.45	0.47	0.47	0	0	0.45
221400	0.44	0.47	0.47	0	0	0.44
221500	0.44	0.47	0.47	0	0	0.44
221600	0.44	0.47	0.47	0	0	0.44
221700	0.44	0.47	0.47	0	0	0.44
221800	0.44	0.47	0.47	0	0	0.44
221900	0.44	0.47	0.47	0	0	0.44
222000	0.44	0.47	0.47	0	0	0.44
222100	0.44	0.47	0.47	0	0	0.44
222200	0.44	0.47	0.47	0	0	0.44
222300	0.44	0.47	0.47	0	0	0.44
222400	0.44	0.47	0.47	0	0	0.44
222500	0.44	0.47	0.47	0	0	0.44
222600	0.44	0.47	0.47	0	0	0.44
222700	0.44	0.47	0.47	0	0	0.44
222800	0.44	0.47	0.47	0	0	0.44
222900	0.44	0.47	0.47	0	0	0.44
223000	0.44	0.47	0.47	0	0	0.44
223100	0.44	0.47	0.47	0	0	0.44
223200	0.44	0.48	0.48	0	0	0.44
223300	0.44	0.48	0.48	0	0	0.44
223400	0.44	0.48	0.48	0	0	0.44
223500	0.44	0.48	0.48	0	0	0.44
223600	0.44	0.48	0.48	0	0	0.44
223700	0.44	0.48	0.48	0	0	0.44
223800	0.44	0.48	0.48	0	0	0.44
223900	0.44	0.48	0.48	0	0	0.44
224000	0.45	0.48	0.48	0	0	0.45
224100	0.45	0.48	0.48	0	0	0.45
224200	0.45	0.48	0.48	0	0	0.45
224300	0.45	0.49	0.49	0	0	0.45
224400	0.45	0.49	0.49	0	0	0.45
224500	0.45	0.49	0.49	0	0	0.45
224600	0.45	0.49	0.49	0	0	0.45
224700	0.45	0.49	0.49	0	0	0.45
224800	0.45	0.49	0.49	0	0	0.45
224900	0.45	0.49	0.49	0	0	0.45
225000	0.45	0.49	0.49	0	0	0.45
225100	0.45	0.49	0.49	0	0	0.45
225200	0.45	0.49	0.49	0	0	0.45
225300	0.45	0.49	0.49	0	0	0.45
225400	0.45	0.49	0.49	0	0	0.45
225500	0.45	0.49	0.49	0	0	0.45
225600	0.45	0.49	0.49	0	0	0.45
225700	0.45	0.49	0.49	0	0	0.45
225800	0.46	0.49	0.49	0	0	0.46
225900	0.46	0.49	0.49	0	0	0.46
226000	0.46	0.49	0.49	0	0	0.46
226100	0.46	0.49	0.49	0	0	0.46
226200	0.46	0.49	0.49	0	0	0.46
226300	0.46	0.49	0.49	0	0	0.46
226400	0.47	0.49	0.49	0	0	0.47
226500	0.47	0.49	0.49	0	0	0.47
226600	0.47	0.49	0.49	0	0	0.47
226700	0.47	0.49	0.49	0	0	0.47
226800	0.47	0.49	0.49	0	0	0.47
226900	0.47	0.49	0.49	0	0	0.47
227000	0.46	0.49	0.49	0	0	0.46
227100	0.46	0.49	0.49	0	0	0.46
227200	0.46	0.49	0.49	0	0	0.46
227300	0.46	0.49	0.49	0	0	0.46
227400	0.46	0.49	0.49	0	0	0.46
227500	0.46	0.49	0.49	0	0	0.46
227600	0.46	0.49	0.49	0	0	0.46
227700	0.46	0.49	0.49	0	0	0.46
227800	0.46	0.49	0.49	0	0	0.46
227900	0.46	0.49	0.49	0	0	0.46
228000	0.46	0.49	0.49	0	0	0.46
228100	0.46	0.49	0.49	0	0	0.46
228200	0.46	0.49	0.49	0	0	0.46
228300	0.46	0.49	0.49	0	0	0.46
228400	0.46	0.49	0.49	0	0	0.46
228500	0.46	0.49	0.49	0	0	0.46
228600	0.46	0.49	0.49	0	0	0.46
