100	0.09	0.04	0.04	0	0	0.09
200	0.12	0.05	0.05	0	0	0.12
300	0.12	0.04	0.04	0	0	0.12
400	0.14	0.06	0.06	0	0	0.14
500	0.14	0.06	0.06	0	0	0.14
600	0.13	0.08	0.08	0	0	0.13
700	0.13	0.07	0.07	0	0	0.13
800	0.14	0.07	0.07	0	0	0.14
900	0.12	0.06	0.06	0	0	0.12
1000	0.12	0.05	0.05	0	0	0.12
1100	0.12	0.05	0.05	0	0	0.12
1200	0.12	0.04	0.04	0	0	0.12
1300	0.16	0.03	0.03	0	0	0.16
1400	0.17	0.01	0.01	0	0	0.17
1500	0.17	0.01	0.01	0	0	0.17
1600	0.16	0.02	0.02	0	0	0.16
1700	0.17	0.03	0.03	0	0	0.17
1800	0.16	0.02	0.02	0	0	0.16
1900	0.15	0.04	0.04	0	0	0.15
2000	0.16	0.04	0.04	0	0	0.16
2100	0.17	0.03	0.03	0	0	0.17
2200	0.18	0.03	0.03	0	0	0.18
2300	0.19	0.03	0.03	0	0	0.19
2400	0.19	0.03	0.03	0	0	0.19
2500	0.19	0.03	0.03	0	0	0.19
2600	0.18	0.04	0.04	0	0	0.18
2700	0.17	0.04	0.04	0	0	0.17
2800	0.17	0.04	0.04	0	0	0.17
2900	0.17	0.07	0.07	0	0	0.17
3000	0.18	0.07	0.07	0	0	0.18
3100	0.19	0.07	0.07	0	0	0.19
3200	0.19	0.06	0.06	0	0	0.19
3300	0.18	0.08	0.08	0	0	0.18
3400	0.17	0.09	0.09	0	0	0.17
3500	0.17	0.1	0.1	0	0	0.17
3600	0.19	0.1	0.1	0	0	0.19
3700	0.19	0.09	0.09	0	0	0.19
3800	0.19	0.09	0.09	0	0	0.19
3900	0.18	0.09	0.09	0	0	0.18
4000	0.19	0.09	0.09	0	0	0.19
4100	0.2	0.09	0.09	0	0	0.2
4200	0.21	0.08	0.08	0	0	0.21
4300	0.22	0.09	0.09	0	0	0.22
4400	0.2	0.09	0.09	0	0	0.2
4500	0.22	0.12	0.12	0	0	0.22
4600	0.21	0.11	0.11	0	0	0.21
4700	0.21	0.13	0.13	0	0	0.21
4800	0.2	0.1	0.1	0	0	0.2
4900	0.21	0.1	0.1	0	0	0.21
5000	0.2	0.1	0.1	0	0	0.2
5100	0.21	0.09	0.09	0	0	0.21
5200	0.2	0.09	0.09	0	0	0.2
5300	0.2	0.09	0.09	0	0	0.2
5400	0.2	0.08	0.08	0	0	0.2
5500	0.2	0.08	0.08	0	0	0.2
5600	0.2	0.08	0.08	0	0	0.2
5700	0.2	0.08	0.08	0	0	0.2
5800	0.2	0.08	0.08	0	0	0.2
5900	0.2	0.09	0.09	0	0	0.2
6000	0.21	0.09	0.09	0	0	0.21
6100	0.22	0.1	0.1	0	0	0.22
6200	0.21	0.09	0.09	0	0	0.21
6300	0.21	0.09	0.09	0	0	0.21
6400	0.23	0.09	0.09	0	0	0.23
6500	0.22	0.09	0.09	0	0	0.22
6600	0.21	0.09	0.09	0	0	0.21
6700	0.21	0.09	0.09	0	0	0.21
6800	0.21	0.11	0.11	0	0	0.21
6900	0.23	0.1	0.1	0	0	0.23
7000	0.24	0.1	0.1	0	0	0.24
7100	0.25	0.1	0.1	0	0	0.25
7200	0.26	0.11	0.11	0	0	0.26
7300	0.27	0.1	0.1	0	0	0.27
7400	0.27	0.11	0.11	0	0	0.27
7500	0.26	0.12	0.12	0	0	0.26
7600	0.25	0.12	0.12	0	0	0.25
7700	0.25	0.12	0.12	0	0	0.25
7800	0.26	0.11	0.11	0	0	0.26
7900	0.25	0.13	0.13	0	0	0.25
8000	0.25	0.1	0.1	0	0	0.25
8100	0.23	0.1	0.1	0	0	0.23
8200	0.23	0.1	0.1	0	0	0.23
8300	0.24	0.1	0.1	0	0	0.24
8400	0.23	0.1	0.1	0	0	0.23
8500	0.24	0.1	0.1	0	0	0.24
8600	0.25	0.1	0.1	0	0	0.25
8700	0.25	0.11	0.11	0	0	0.25
8800	0.24	0.11	0.11	0	0	0.24
8900	0.24	0.13	0.13	0	0	0.24
9000	0.24	0.14	0.14	0	0	0.24
9100	0.25	0.13	0.13	0	0	0.25
9200	0.25	0.14	0.14	0	0	0.25
9300	0.26	0.14	0.14	0	0	0.26
9400	0.26	0.13	0.13	0	0	0.26
9500	0.26	0.13	0.13	0	0	0.26
9600	0.26	0.13	0.13	0	0	0.26
9700	0.27	0.13	0.13	0	0	0.27
9800	0.27	0.12	0.12	0	0	0.27
9900	0.27	0.12	0.12	0	0	0.27
10000	0.27	0.12	0.12	0	0	0.27
10100	0.27	0.12	0.12	0	0	0.27
10200	0.25	0.12	0.12	0	0	0.25
10300	0.26	0.12	0.12	0	0	0.26
10400	0.28	0.12	0.12	0	0	0.28
10500	0.28	0.13	0.13	0	0	0.28
10600	0.28	0.14	0.14	0	0	0.28
10700	0.28	0.14	0.14	0	0	0.28
10800	0.28	0.14	0.14	0	0	0.28
10900	0.28	0.15	0.15	0	0	0.28
11000	0.28	0.15	0.15	0	0	0.28
11100	0.28	0.14	0.14	0	0	0.28
11200	0.29	0.13	0.13	0	0	0.29
11300	0.3	0.13	0.13	0	0	0.3
11400	0.3	0.14	0.14	0	0	0.3
11500	0.3	0.15	0.15	0	0	0.3
11600	0.3	0.15	0.15	0	0	0.3
11700	0.31	0.17	0.17	0	0	0.31
11800	0.31	0.16	0.16	0	0	0.31
11900	0.31	0.15	0.15	0	0	0.31
12000	0.3	0.15	0.15	0	0	0.3
12100	0.3	0.15	0.15	0	0	0.3
12200	0.31	0.16	0.16	0	0	0.31
12300	0.3	0.15	0.15	0	0	0.3
12400	0.29	0.14	0.14	0	0	0.29
12500	0.29	0.13	0.13	0	0	0.29
12600	0.29	0.13	0.13	0	0	0.29
12700	0.29	0.14	0.14	0	0	0.29
12800	0.29	0.15	0.15	0	0	0.29
12900	0.29	0.16	0.16	0	0	0.29
13000	0.29	0.15	0.15	0	0	0.29
13100	0.3	0.16	0.16	0	0	0.3
13200	0.3	0.15	0.15	0	0	0.3
13300	0.31	0.15	0.15	0	0	0.31
13400	0.32	0.12	0.12	0	0	0.32
13500	0.33	0.12	0.12	0	0	0.33
13600	0.33	0.13	0.13	0	0	0.33
13700	0.33	0.13	0.13	0	0	0.33
13800	0.34	0.14	0.14	0	0	0.34
13900	0.34	0.12	0.12	0	0	0.34
14000	0.33	0.11	0.11	0	0	0.33
14100	0.34	0.1	0.1	0	0	0.34
14200	0.35	0.12	0.12	0	0	0.35
14300	0.32	0.12	0.12	0	0	0.32
14400	0.32	0.12	0.12	0	0	0.32
14500	0.32	0.13	0.13	0	0	0.32
14600	0.32	0.13	0.13	0	0	0.32
14700	0.32	0.13	0.13	0	0	0.32
14800	0.32	0.12	0.12	0	0	0.32
14900	0.33	0.12	0.12	0	0	0.33
15000	0.34	0.12	0.12	0	0	0.34
15100	0.34	0.13	0.13	0	0	0.34
15200	0.33	0.13	0.13	0	0	0.33
15300	0.32	0.13	0.13	0	0	0.32
15400	0.32	0.13	0.13	0	0	0.32
15500	0.33	0.12	0.12	0	0	0.33
15600	0.33	0.12	0.12	0	0	0.33
15700	0.32	0.12	0.12	0	0	0.32
15800	0.31	0.12	0.12	0	0	0.31
15900	0.31	0.12	0.12	0	0	0.31
16000	0.33	0.13	0.13	0	0	0.33
16100	0.31	0.13	0.13	0	0	0.31
16200	0.32	0.13	0.13	0	0	0.32
16300	0.31	0.14	0.14	0	0	0.31
16400	0.31	0.14	0.14	0	0	0.31
16500	0.31	0.15	0.15	0	0	0.31
16600	0.34	0.14	0.14	0	0	0.34
16700	0.34	0.14	0.14	0	0	0.34
16800	0.32	0.14	0.14	0	0	0.32
16900	0.32	0.14	0.14	0	0	0.32
17000	0.32	0.14	0.14	0	0	0.32
17100	0.32	0.14	0.14	0	0	0.32
17200	0.32	0.12	0.12	0	0	0.32
17300	0.32	0.14	0.14	0	0	0.32
17400	0.32	0.15	0.15	0	0	0.32
17500	0.32	0.17	0.17	0	0	0.32
17600	0.33	0.16	0.16	0	0	0.33
17700	0.33	0.14	0.14	0	0	0.33
17800	0.34	0.14	0.14	0	0	0.34
17900	0.34	0.15	0.15	0	0	0.34
18000	0.34	0.14	0.14	0	0	0.34
18100	0.34	0.15	0.15	0	0	0.34
18200	0.34	0.15	0.15	0	0	0.34
18300	0.34	0.16	0.16	0	0	0.34
18400	0.33	0.16	0.16	0	0	0.33
18500	0.33	0.16	0.16	0	0	0.33
18600	0.33	0.16	0.16	0	0	0.33
18700	0.33	0.15	0.15	0	0	0.33
18800	0.33	0.16	0.16	0	0	0.33
18900	0.33	0.16	0.16	0	0	0.33
19000	0.33	0.15	0.15	0	0	0.33
19100	0.33	0.14	0.14	0	0	0.33
19200	0.35	0.14	0.14	0	0	0.35
19300	0.36	0.14	0.14	0	0	0.36
19400	0.36	0.14	0.14	0	0	0.36
19500	0.36	0.15	0.15	0	0	0.36
19600	0.35	0.14	0.14	0	0	0.35
19700	0.36	0.15	0.15	0	0	0.36
19800	0.35	0.15	0.15	0	0	0.35
19900	0.35	0.14	0.14	0	0	0.35
20000	0.36	0.13	0.13	0	0	0.36
20100	0.36	0.13	0.13	0	0	0.36
20200	0.36	0.13	0.13	0	0	0.36
20300	0.35	0.14	0.14	0	0	0.35
20400	0.35	0.15	0.15	0	0	0.35
20500	0.35	0.14	0.14	0	0	0.35
20600	0.35	0.14	0.14	0	0	0.35
20700	0.35	0.14	0.14	0	0	0.35
20800	0.35	0.14	0.14	0	0	0.35
20900	0.36	0.14	0.14	0	0	0.36
21000	0.36	0.14	0.14	0	0	0.36
21100	0.35	0.15	0.15	0	0	0.35
21200	0.35	0.14	0.14	0	0	0.35
21300	0.35	0.14	0.14	0	0	0.35
21400	0.35	0.14	0.14	0	0	0.35
21500	0.35	0.14	0.14	0	0	0.35
21600	0.35	0.14	0.14	0	0	0.35
21700	0.37	0.14	0.14	0	0	0.37
21800	0.37	0.14	0.14	0	0	0.37
21900	0.37	0.15	0.15	0	0	0.37
22000	0.37	0.17	0.17	0	0	0.37
22100	0.37	0.18	0.18	0	0	0.37
22200	0.37	0.18	0.18	0	0	0.37
22300	0.37	0.16	0.16	0	0	0.37
22400	0.36	0.16	0.16	0	0	0.36
22500	0.36	0.17	0.17	0	0	0.36
22600	0.36	0.17	0.17	0	0	0.36
22700	0.37	0.16	0.16	0	0	0.37
22800	0.37	0.16	0.16	0	0	0.37
22900	0.37	0.16	0.16	0	0	0.37
23000	0.37	0.17	0.17	0	0	0.37
23100	0.37	0.17	0.17	0	0	0.37
23200	0.37	0.17	0.17	0	0	0.37
23300	0.37	0.17	0.17	0	0	0.37
23400	0.37	0.18	0.18	0	0	0.37
23500	0.37	0.18	0.18	0	0	0.37
23600	0.37	0.18	0.18	0	0	0.37
23700	0.37	0.19	0.19	0	0	0.37
23800	0.36	0.19	0.19	0	0	0.36
23900	0.35	0.21	0.21	0	0	0.35
24000	0.34	0.2	0.2	0	0	0.34
24100	0.34	0.2	0.2	0	0	0.34
24200	0.34	0.19	0.19	0	0	0.34
24300	0.34	0.18	0.18	0	0	0.34
24400	0.34	0.17	0.17	0	0	0.34
24500	0.34	0.17	0.17	0	0	0.34
24600	0.34	0.19	0.19	0	0	0.34
24700	0.34	0.19	0.19	0	0	0.34
24800	0.34	0.19	0.19	0	0	0.34
24900	0.34	0.2	0.2	0	0	0.34
25000	0.37	0.22	0.22	0	0	0.37
25100	0.37	0.22	0.22	0	0	0.37
25200	0.36	0.21	0.21	0	0	0.36
25300	0.38	0.22	0.22	0	0	0.38
25400	0.38	0.22	0.22	0	0	0.38
25500	0.38	0.21	0.21	0	0	0.38
25600	0.39	0.21	0.21	0	0	0.39
25700	0.38	0.21	0.21	0	0	0.38
25800	0.38	0.21	0.21	0	0	0.38
25900	0.38	0.22	0.22	0	0	0.38
26000	0.38	0.22	0.22	0	0	0.38
26100	0.38	0.23	0.23	0	0	0.38
26200	0.38	0.23	0.23	0	0	0.38
26300	0.38	0.21	0.21	0	0	0.38
26400	0.37	0.21	0.21	0	0	0.37
26500	0.38	0.21	0.21	0	0	0.38
26600	0.38	0.21	0.21	0	0	0.38
26700	0.39	0.21	0.21	0	0	0.39
26800	0.39	0.22	0.22	0	0	0.39
26900	0.39	0.22	0.22	0	0	0.39
27000	0.39	0.22	0.22	0	0	0.39
27100	0.4	0.21	0.21	0	0	0.4
27200	0.4	0.21	0.21	0	0	0.4
27300	0.4	0.22	0.22	0	0	0.4
27400	0.4	0.22	0.22	0	0	0.4
27500	0.4	0.22	0.22	0	0	0.4
27600	0.4	0.22	0.22	0	0	0.4
27700	0.4	0.24	0.24	0	0	0.4
27800	0.41	0.24	0.24	0	0	0.41
27900	0.41	0.24	0.24	0	0	0.41
28000	0.41	0.25	0.25	0	0	0.41
28100	0.41	0.23	0.23	0	0	0.41
28200	0.4	0.23	0.23	0	0	0.4
28300	0.4	0.24	0.24	0	0	0.4
28400	0.42	0.24	0.24	0	0	0.42
28500	0.42	0.24	0.24	0	0	0.42
28600	0.42	0.24	0.24	0	0	0.42
28700	0.41	0.26	0.26	0	0	0.41
28800	0.41	0.26	0.26	0	0	0.41
28900	0.42	0.26	0.26	0	0	0.42
29000	0.42	0.26	0.26	0	0	0.42
29100	0.42	0.26	0.26	0	0	0.42
29200	0.42	0.26	0.26	0	0	0.42
29300	0.42	0.26	0.26	0	0	0.42
29400	0.42	0.27	0.27	0	0	0.42
29500	0.42	0.28	0.28	0	0	0.42
29600	0.42	0.27	0.27	0	0	0.42
29700	0.43	0.27	0.27	0	0	0.43
29800	0.43	0.27	0.27	0	0	0.43
29900	0.43	0.27	0.27	0	0	0.43
30000	0.43	0.27	0.27	0	0	0.43
30100	0.43	0.27	0.27	0	0	0.43
30200	0.43	0.27	0.27	0	0	0.43
30300	0.42	0.28	0.28	0	0	0.42
30400	0.42	0.29	0.29	0	0	0.42
30500	0.42	0.3	0.3	0	0	0.42
30600	0.42	0.28	0.28	0	0	0.42
30700	0.42	0.28	0.28	0	0	0.42
30800	0.42	0.28	0.28	0	0	0.42
30900	0.43	0.28	0.28	0	0	0.43
31000	0.43	0.28	0.28	0	0	0.43
31100	0.43	0.28	0.28	0	0	0.43
31200	0.43	0.28	0.28	0	0	0.43
31300	0.43	0.28	0.28	0	0	0.43
31400	0.43	0.28	0.28	0	0	0.43
31500	0.43	0.29	0.29	0	0	0.43
31600	0.43	0.29	0.29	0	0	0.43
31700	0.43	0.29	0.29	0	0	0.43
31800	0.43	0.29	0.29	0	0	0.43
31900	0.43	0.29	0.29	0	0	0.43
32000	0.43	0.3	0.3	0	0	0.43
32100	0.43	0.29	0.29	0	0	0.43
32200	0.44	0.29	0.29	0	0	0.44
32300	0.44	0.29	0.29	0	0	0.44
32400	0.44	0.29	0.29	0	0	0.44
32500	0.44	0.29	0.29	0	0	0.44
32600	0.45	0.29	0.29	0	0	0.45
32700	0.44	0.29	0.29	0	0	0.44
32800	0.44	0.3	0.3	0	0	0.44
32900	0.43	0.3	0.3	0	0	0.43
33000	0.43	0.3	0.3	0	0	0.43
33100	0.43	0.3	0.3	0	0	0.43
33200	0.43	0.32	0.32	0	0	0.43
33300	0.43	0.31	0.31	0	0	0.43
33400	0.44	0.31	0.31	0	0	0.44
33500	0.44	0.31	0.31	0	0	0.44
33600	0.45	0.31	0.31	0	0	0.45
33700	0.45	0.31	0.31	0	0	0.45
33800	0.45	0.31	0.31	0	0	0.45
33900	0.44	0.32	0.32	0	0	0.44
34000	0.44	0.32	0.32	0	0	0.44
34100	0.44	0.32	0.32	0	0	0.44
34200	0.45	0.32	0.32	0	0	0.45
34300	0.44	0.32	0.32	0	0	0.44
34400	0.44	0.32	0.32	0	0	0.44
34500	0.44	0.32	0.32	0	0	0.44
34600	0.44	0.32	0.32	0	0	0.44
34700	0.44	0.32	0.32	0	0	0.44
34800	0.44	0.32	0.32	0	0	0.44
34900	0.44	0.32	0.32	0	0	0.44
35000	0.44	0.32	0.32	0	0	0.44
35100	0.44	0.33	0.33	0	0	0.44
35200	0.44	0.34	0.34	0	0	0.44
35300	0.45	0.35	0.35	0	0	0.45
35400	0.44	0.35	0.35	0	0	0.44
35500	0.44	0.35	0.35	0	0	0.44
35600	0.45	0.34	0.34	0	0	0.45
35700	0.45	0.34	0.34	0	0	0.45
35800	0.45	0.34	0.34	0	0	0.45
35900	0.46	0.34	0.34	0	0	0.46
36000	0.46	0.34	0.34	0	0	0.46
36100	0.46	0.34	0.34	0	0	0.46
36200	0.47	0.34	0.34	0	0	0.47
36300	0.48	0.34	0.34	0	0	0.48
36400	0.47	0.34	0.34	0	0	0.47
36500	0.47	0.34	0.34	0	0	0.47
36600	0.47	0.34	0.34	0	0	0.47
36700	0.47	0.34	0.34	0	0	0.47
36800	0.47	0.34	0.34	0	0	0.47
36900	0.47	0.34	0.34	0	0	0.47
37000	0.47	0.34	0.34	0	0	0.47
37100	0.47	0.34	0.34	0	0	0.47
37200	0.48	0.34	0.34	0	0	0.48
37300	0.48	0.34	0.34	0	0	0.48
37400	0.48	0.34	0.34	0	0	0.48
37500	0.48	0.35	0.35	0	0	0.48
37600	0.48	0.35	0.35	0	0	0.48
37700	0.48	0.36	0.36	0	0	0.48
37800	0.48	0.36	0.36	0	0	0.48
37900	0.48	0.36	0.36	0	0	0.48
38000	0.48	0.36	0.36	0	0	0.48
38100	0.47	0.36	0.36	0	0	0.47
38200	0.47	0.36	0.36	0	0	0.47
38300	0.47	0.37	0.37	0	0	0.47
38400	0.47	0.36	0.36	0	0	0.47
38500	0.48	0.36	0.36	0	0	0.48
38600	0.48	0.35	0.35	0	0	0.48
38700	0.48	0.35	0.35	0	0	0.48
38800	0.48	0.35	0.35	0	0	0.48
38900	0.47	0.35	0.35	0	0	0.47
39000	0.47	0.35	0.35	0	0	0.47
39100	0.48	0.35	0.35	0	0	0.48
39200	0.48	0.35	0.35	0	0	0.48
39300	0.47	0.35	0.35	0	0	0.47
39400	0.47	0.35	0.35	0	0	0.47
39500	0.47	0.35	0.35	0	0	0.47
39600	0.46	0.35	0.35	0	0	0.46
39700	0.47	0.35	0.35	0	0	0.47
39800	0.47	0.35	0.35	0	0	0.47
39900	0.47	0.35	0.35	0	0	0.47
40000	0.47	0.35	0.35	0	0	0.47
40100	0.47	0.35	0.35	0	0	0.47
40200	0.47	0.35	0.35	0	0	0.47
40300	0.47	0.35	0.35	0	0	0.47
40400	0.47	0.35	0.35	0	0	0.47
40500	0.47	0.35	0.35	0	0	0.47
40600	0.48	0.35	0.35	0	0	0.48
40700	0.48	0.35	0.35	0	0	0.48
40800	0.48	0.35	0.35	0	0	0.48
40900	0.48	0.36	0.36	0	0	0.48
41000	0.48	0.36	0.36	0	0	0.48
41100	0.48	0.36	0.36	0	0	0.48
41200	0.48	0.37	0.37	0	0	0.48
41300	0.49	0.36	0.36	0	0	0.49
41400	0.49	0.37	0.37	0	0	0.49
41500	0.5	0.37	0.37	0	0	0.5
41600	0.5	0.36	0.36	0	0	0.5
41700	0.5	0.36	0.36	0	0	0.5
41800	0.5	0.36	0.36	0	0	0.5
41900	0.5	0.36	0.36	0	0	0.5
42000	0.51	0.36	0.36	0	0	0.51
42100	0.51	0.36	0.36	0	0	0.51
42200	0.51	0.36	0.36	0	0	0.51
42300	0.51	0.36	0.36	0	0	0.51
42400	0.51	0.36	0.36	0	0	0.51
42500	0.51	0.36	0.36	0	0	0.51
42600	0.51	0.36	0.36	0	0	0.51
42700	0.51	0.36	0.36	0	0	0.51
42800	0.51	0.36	0.36	0	0	0.51
42900	0.51	0.36	0.36	0	0	0.51
43000	0.51	0.36	0.36	0	0	0.51
43100	0.51	0.37	0.37	0	0	0.51
43200	0.51	0.37	0.37	0	0	0.51
43300	0.51	0.37	0.37	0	0	0.51
43400	0.5	0.37	0.37	0	0	0.5
43500	0.5	0.37	0.37	0	0	0.5
43600	0.5	0.37	0.37	0	0	0.5
43700	0.5	0.37	0.37	0	0	0.5
43800	0.51	0.37	0.37	0	0	0.51
43900	0.51	0.36	0.36	0	0	0.51
44000	0.51	0.36	0.36	0	0	0.51
44100	0.51	0.36	0.36	0	0	0.51
44200	0.51	0.36	0.36	0	0	0.51
44300	0.51	0.36	0.36	0	0	0.51
44400	0.51	0.36	0.36	0	0	0.51
44500	0.51	0.36	0.36	0	0	0.51
44600	0.51	0.36	0.36	0	0	0.51
44700	0.51	0.36	0.36	0	0	0.51
44800	0.51	0.36	0.36	0	0	0.51
44900	0.51	0.36	0.36	0	0	0.51
45000	0.52	0.36	0.36	0	0	0.52
45100	0.51	0.36	0.36	0	0	0.51
45200	0.51	0.36	0.36	0	0	0.51
45300	0.51	0.36	0.36	0	0	0.51
45400	0.51	0.36	0.36	0	0	0.51
45500	0.51	0.36	0.36	0	0	0.51
45600	0.51	0.36	0.36	0	0	0.51
45700	0.51	0.36	0.36	0	0	0.51
45800	0.51	0.36	0.36	0	0	0.51
45900	0.51	0.36	0.36	0	0	0.51
46000	0.51	0.36	0.36	0	0	0.51
46100	0.51	0.36	0.36	0	0	0.51
46200	0.51	0.36	0.36	0	0	0.51
46300	0.51	0.36	0.36	0	0	0.51
46400	0.51	0.36	0.36	0	0	0.51
46500	0.51	0.36	0.36	0	0	0.51
46600	0.51	0.36	0.36	0	0	0.51
46700	0.51	0.37	0.37	0	0	0.51
46800	0.51	0.38	0.38	0	0	0.51
46900	0.51	0.37	0.37	0	0	0.51
47000	0.51	0.37	0.37	0	0	0.51
47100	0.5	0.37	0.37	0	0	0.5
47200	0.5	0.37	0.37	0	0	0.5
47300	0.5	0.37	0.37	0	0	0.5
47400	0.5	0.37	0.37	0	0	0.5
47500	0.51	0.37	0.37	0	0	0.51
47600	0.51	0.37	0.37	0	0	0.51
47700	0.51	0.37	0.37	0	0	0.51
47800	0.51	0.37	0.37	0	0	0.51
47900	0.51	0.37	0.37	0	0	0.51
48000	0.51	0.37	0.37	0	0	0.51
48100	0.5	0.37	0.37	0	0	0.5
48200	0.5	0.37	0.37	0	0	0.5
48300	0.5	0.37	0.37	0	0	0.5
48400	0.5	0.37	0.37	0	0	0.5
48500	0.5	0.37	0.37	0	0	0.5
48600	0.5	0.37	0.37	0	0	0.5
48700	0.5	0.38	0.38	0	0	0.5
48800	0.5	0.38	0.38	0	0	0.5
48900	0.49	0.38	0.38	0	0	0.49
49000	0.49	0.38	0.38	0	0	0.49
49100	0.49	0.38	0.38	0	0	0.49
49200	0.49	0.38	0.38	0	0	0.49
49300	0.49	0.38	0.38	0	0	0.49
49400	0.49	0.38	0.38	0	0	0.49
49500	0.49	0.38	0.38	0	0	0.49
49600	0.49	0.4	0.4	0	0	0.49
49700	0.49	0.4	0.4	0	0	0.49
49800	0.49	0.39	0.39	0	0	0.49
49900	0.49	0.39	0.39	0	0	0.49
50000	0.49	0.38	0.38	0	0	0.49
50100	0.49	0.38	0.38	0	0	0.49
50200	0.49	0.38	0.38	0	0	0.49
50300	0.48	0.38	0.38	0	0	0.48
50400	0.48	0.38	0.38	0	0	0.48
50500	0.48	0.38	0.38	0	0	0.48
50600	0.49	0.38	0.38	0	0	0.49
50700	0.49	0.38	0.38	0	0	0.49
50800	0.49	0.38	0.38	0	0	0.49
50900	0.5	0.38	0.38	0	0	0.5
51000	0.5	0.38	0.38	0	0	0.5
51100	0.51	0.38	0.38	0	0	0.51
51200	0.51	0.38	0.38	0	0	0.51
51300	0.51	0.38	0.38	0	0	0.51
51400	0.51	0.38	0.38	0	0	0.51
51500	0.51	0.38	0.38	0	0	0.51
51600	0.51	0.38	0.38	0	0	0.51
51700	0.51	0.38	0.38	0	0	0.51
51800	0.51	0.39	0.39	0	0	0.51
51900	0.5	0.39	0.39	0	0	0.5
52000	0.5	0.39	0.39	0	0	0.5
52100	0.5	0.39	0.39	0	0	0.5
52200	0.51	0.39	0.39	0	0	0.51
52300	0.51	0.39	0.39	0	0	0.51
52400	0.51	0.39	0.39	0	0	0.51
52500	0.51	0.39	0.39	0	0	0.51
52600	0.52	0.39	0.39	0	0	0.52
52700	0.52	0.4	0.4	0	0	0.52
52800	0.53	0.39	0.39	0	0	0.53
52900	0.53	0.39	0.39	0	0	0.53
53000	0.52	0.39	0.39	0	0	0.52
53100	0.52	0.39	0.39	0	0	0.52
53200	0.52	0.39	0.39	0	0	0.52
53300	0.52	0.39	0.39	0	0	0.52
53400	0.52	0.39	0.39	0	0	0.52
53500	0.52	0.39	0.39	0	0	0.52
53600	0.52	0.39	0.39	0	0	0.52
53700	0.51	0.39	0.39	0	0	0.51
53800	0.51	0.39	0.39	0	0	0.51
53900	0.49	0.39	0.39	0	0	0.49
54000	0.48	0.39	0.39	0	0	0.48
54100	0.48	0.39	0.39	0	0	0.48
54200	0.48	0.39	0.39	0	0	0.48
54300	0.48	0.39	0.39	0	0	0.48
54400	0.48	0.39	0.39	0	0	0.48
54500	0.48	0.39	0.39	0	0	0.48
54600	0.48	0.39	0.39	0	0	0.48
54700	0.48	0.39	0.39	0	0	0.48
54800	0.48	0.39	0.39	0	0	0.48
54900	0.48	0.39	0.39	0	0	0.48
55000	0.48	0.39	0.39	0	0	0.48
55100	0.48	0.39	0.39	0	0	0.48
55200	0.48	0.39	0.39	0	0	0.48
55300	0.48	0.39	0.39	0	0	0.48
55400	0.47	0.39	0.39	0	0	0.47
55500	0.47	0.39	0.39	0	0	0.47
55600	0.47	0.39	0.39	0	0	0.47
55700	0.47	0.4	0.4	0	0	0.47
55800	0.48	0.4	0.4	0	0	0.48
55900	0.48	0.4	0.4	0	0	0.48
56000	0.48	0.4	0.4	0	0	0.48
56100	0.48	0.39	0.39	0	0	0.48
56200	0.48	0.39	0.39	0	0	0.48
56300	0.48	0.39	0.39	0	0	0.48
56400	0.48	0.39	0.39	0	0	0.48
56500	0.48	0.39	0.39	0	0	0.48
56600	0.48	0.39	0.39	0	0	0.48
56700	0.48	0.39	0.39	0	0	0.48
56800	0.48	0.39	0.39	0	0	0.48
56900	0.48	0.39	0.39	0	0	0.48
57000	0.48	0.39	0.39	0	0	0.48
57100	0.48	0.39	0.39	0	0	0.48
57200	0.48	0.39	0.39	0	0	0.48
57300	0.48	0.39	0.39	0	0	0.48
57400	0.48	0.39	0.39	0	0	0.48
57500	0.48	0.39	0.39	0	0	0.48
57600	0.48	0.39	0.39	0	0	0.48
57700	0.48	0.39	0.39	0	0	0.48
57800	0.48	0.39	0.39	0	0	0.48
57900	0.48	0.39	0.39	0	0	0.48
58000	0.48	0.39	0.39	0	0	0.48
58100	0.48	0.39	0.39	0	0	0.48
58200	0.48	0.39	0.39	0	0	0.48
58300	0.48	0.39	0.39	0	0	0.48
58400	0.48	0.39	0.39	0	0	0.48
58500	0.49	0.39	0.39	0	0	0.49
58600	0.49	0.39	0.39	0	0	0.49
58700	0.49	0.39	0.39	0	0	0.49
58800	0.49	0.39	0.39	0	0	0.49
58900	0.49	0.39	0.39	0	0	0.49
59000	0.5	0.39	0.39	0	0	0.5
59100	0.5	0.4	0.4	0	0	0.5
59200	0.5	0.4	0.4	0	0	0.5
59300	0.5	0.4	0.4	0	0	0.5
59400	0.51	0.4	0.4	0	0	0.51
59500	0.51	0.4	0.4	0	0	0.51
59600	0.51	0.4	0.4	0	0	0.51
59700	0.51	0.4	0.4	0	0	0.51
59800	0.51	0.4	0.4	0	0	0.51
59900	0.51	0.41	0.41	0	0	0.51
60000	0.51	0.41	0.41	0	0	0.51
60100	0.51	0.41	0.41	0	0	0.51
60200	0.5	0.41	0.41	0	0	0.5
60300	0.5	0.41	0.41	0	0	0.5
60400	0.5	0.41	0.41	0	0	0.5
60500	0.51	0.41	0.41	0	0	0.51
60600	0.5	0.41	0.41	0	0	0.5
60700	0.49	0.41	0.41	0	0	0.49
60800	0.49	0.41	0.41	0	0	0.49
60900	0.49	0.41	0.41	0	0	0.49
61000	0.48	0.41	0.41	0	0	0.48
61100	0.47	0.41	0.41	0	0	0.47
61200	0.46	0.41	0.41	0	0	0.46
61300	0.46	0.41	0.41	0	0	0.46
61400	0.46	0.41	0.41	0	0	0.46
61500	0.46	0.42	0.42	0	0	0.46
61600	0.46	0.42	0.42	0	0	0.46
61700	0.46	0.42	0.42	0	0	0.46
61800	0.46	0.42	0.42	0	0	0.46
61900	0.47	0.42	0.42	0	0	0.47
62000	0.47	0.42	0.42	0	0	0.47
62100	0.47	0.42	0.42	0	0	0.47
62200	0.47	0.42	0.42	0	0	0.47
62300	0.47	0.42	0.42	0	0	0.47
62400	0.47	0.41	0.41	0	0	0.47
62500	0.47	0.41	0.41	0	0	0.47
62600	0.47	0.41	0.41	0	0	0.47
62700	0.48	0.41	0.41	0	0	0.48
62800	0.48	0.41	0.41	0	0	0.48
62900	0.48	0.41	0.41	0	0	0.48
63000	0.48	0.41	0.41	0	0	0.48
63100	0.48	0.41	0.41	0	0	0.48
63200	0.48	0.41	0.41	0	0	0.48
63300	0.48	0.41	0.41	0	0	0.48
63400	0.49	0.41	0.41	0	0	0.49
63500	0.49	0.41	0.41	0	0	0.49
63600	0.49	0.41	0.41	0	0	0.49
63700	0.49	0.41	0.41	0	0	0.49
63800	0.49	0.41	0.41	0	0	0.49
63900	0.49	0.41	0.41	0	0	0.49
64000	0.49	0.41	0.41	0	0	0.49
64100	0.48	0.41	0.41	0	0	0.48
64200	0.49	0.41	0.41	0	0	0.49
64300	0.5	0.41	0.41	0	0	0.5
64400	0.5	0.41	0.41	0	0	0.5
64500	0.5	0.41	0.41	0	0	0.5
64600	0.5	0.41	0.41	0	0	0.5
64700	0.5	0.42	0.42	0	0	0.5
64800	0.5	0.41	0.41	0	0	0.5
64900	0.5	0.41	0.41	0	0	0.5
65000	0.5	0.41	0.41	0	0	0.5
65100	0.5	0.41	0.41	0	0	0.5
65200	0.51	0.41	0.41	0	0	0.51
65300	0.51	0.41	0.41	0	0	0.51
65400	0.51	0.41	0.41	0	0	0.51
65500	0.51	0.41	0.41	0	0	0.51
65600	0.51	0.41	0.41	0	0	0.51
65700	0.51	0.41	0.41	0	0	0.51
65800	0.51	0.41	0.41	0	0	0.51
65900	0.51	0.41	0.41	0	0	0.51
66000	0.52	0.41	0.41	0	0	0.52
66100	0.52	0.41	0.41	0	0	0.52
66200	0.51	0.41	0.41	0	0	0.51
66300	0.51	0.41	0.41	0	0	0.51
66400	0.51	0.41	0.41	0	0	0.51
66500	0.51	0.41	0.41	0	0	0.51
66600	0.51	0.41	0.41	0	0	0.51
66700	0.51	0.41	0.41	0	0	0.51
66800	0.51	0.41	0.41	0	0	0.51
66900	0.51	0.41	0.41	0	0	0.51
67000	0.51	0.41	0.41	0	0	0.51
67100	0.51	0.41	0.41	0	0	0.51
67200	0.51	0.41	0.41	0	0	0.51
67300	0.5	0.41	0.41	0	0	0.5
67400	0.5	0.41	0.41	0	0	0.5
67500	0.5	0.41	0.41	0	0	0.5
67600	0.5	0.41	0.41	0	0	0.5
67700	0.5	0.41	0.41	0	0	0.5
67800	0.5	0.41	0.41	0	0	0.5
67900	0.5	0.41	0.41	0	0	0.5
68000	0.5	0.41	0.41	0	0	0.5
68100	0.51	0.41	0.41	0	0	0.51
68200	0.51	0.41	0.41	0	0	0.51
68300	0.51	0.41	0.41	0	0	0.51
68400	0.51	0.41	0.41	0	0	0.51
68500	0.51	0.41	0.41	0	0	0.51
68600	0.51	0.41	0.41	0	0	0.51
68700	0.51	0.41	0.41	0	0	0.51
68800	0.51	0.41	0.41	0	0	0.51
68900	0.51	0.41	0.41	0	0	0.51
69000	0.51	0.41	0.41	0	0	0.51
69100	0.52	0.41	0.41	0	0	0.52
69200	0.52	0.41	0.41	0	0	0.52
69300	0.52	0.41	0.41	0	0	0.52
69400	0.52	0.41	0.41	0	0	0.52
69500	0.52	0.41	0.41	0	0	0.52
69600	0.52	0.41	0.41	0	0	0.52
69700	0.53	0.41	0.41	0	0	0.53
69800	0.53	0.41	0.41	0	0	0.53
69900	0.53	0.41	0.41	0	0	0.53
70000	0.52	0.41	0.41	0	0	0.52
70100	0.53	0.41	0.41	0	0	0.53
70200	0.54	0.41	0.41	0	0	0.54
70300	0.54	0.41	0.41	0	0	0.54
70400	0.54	0.41	0.41	0	0	0.54
70500	0.54	0.41	0.41	0	0	0.54
70600	0.54	0.41	0.41	0	0	0.54
70700	0.54	0.41	0.41	0	0	0.54
70800	0.54	0.41	0.41	0	0	0.54
70900	0.54	0.41	0.41	0	0	0.54
71000	0.54	0.41	0.41	0	0	0.54
71100	0.54	0.41	0.41	0	0	0.54
71200	0.54	0.41	0.41	0	0	0.54
71300	0.54	0.41	0.41	0	0	0.54
71400	0.54	0.41	0.41	0	0	0.54
71500	0.54	0.41	0.41	0	0	0.54
71600	0.54	0.41	0.41	0	0	0.54
71700	0.54	0.41	0.41	0	0	0.54
71800	0.54	0.41	0.41	0	0	0.54
71900	0.54	0.41	0.41	0	0	0.54
72000	0.54	0.41	0.41	0	0	0.54
72100	0.54	0.41	0.41	0	0	0.54
72200	0.54	0.41	0.41	0	0	0.54
72300	0.54	0.41	0.41	0	0	0.54
72400	0.54	0.41	0.41	0	0	0.54
72500	0.55	0.41	0.41	0	0	0.55
72600	0.55	0.41	0.41	0	0	0.55
72700	0.55	0.41	0.41	0	0	0.55
72800	0.54	0.41	0.41	0	0	0.54
72900	0.54	0.41	0.41	0	0	0.54
73000	0.54	0.41	0.41	0	0	0.54
73100	0.54	0.41	0.41	0	0	0.54
73200	0.54	0.41	0.41	0	0	0.54
73300	0.54	0.41	0.41	0	0	0.54
73400	0.54	0.41	0.41	0	0	0.54
73500	0.54	0.41	0.41	0	0	0.54
73600	0.54	0.41	0.41	0	0	0.54
73700	0.54	0.41	0.41	0	0	0.54
73800	0.54	0.41	0.41	0	0	0.54
73900	0.54	0.41	0.41	0	0	0.54
74000	0.54	0.41	0.41	0	0	0.54
74100	0.54	0.41	0.41	0	0	0.54
74200	0.54	0.41	0.41	0	0	0.54
74300	0.54	0.41	0.41	0	0	0.54
74400	0.54	0.41	0.41	0	0	0.54
74500	0.54	0.41	0.41	0	0	0.54
74600	0.54	0.41	0.41	0	0	0.54
74700	0.54	0.41	0.41	0	0	0.54
74800	0.54	0.41	0.41	0	0	0.54
74900	0.54	0.41	0.41	0	0	0.54
75000	0.54	0.41	0.41	0	0	0.54
75100	0.54	0.41	0.41	0	0	0.54
75200	0.54	0.41	0.41	0	0	0.54
75300	0.54	0.41	0.41	0	0	0.54
75400	0.54	0.41	0.41	0	0	0.54
75500	0.54	0.41	0.41	0	0	0.54
75600	0.54	0.41	0.41	0	0	0.54
75700	0.54	0.41	0.41	0	0	0.54
75800	0.54	0.41	0.41	0	0	0.54
75900	0.54	0.41	0.41	0	0	0.54
76000	0.53	0.41	0.41	0	0	0.53
76100	0.53	0.41	0.41	0	0	0.53
76200	0.53	0.41	0.41	0	0	0.53
76300	0.53	0.41	0.41	0	0	0.53
76400	0.53	0.41	0.41	0	0	0.53
76500	0.53	0.41	0.41	0	0	0.53
76600	0.53	0.41	0.41	0	0	0.53
76700	0.53	0.41	0.41	0	0	0.53
76800	0.53	0.41	0.41	0	0	0.53
76900	0.53	0.41	0.41	0	0	0.53
77000	0.53	0.41	0.41	0	0	0.53
77100	0.53	0.41	0.41	0	0	0.53
77200	0.53	0.41	0.41	0	0	0.53
77300	0.53	0.41	0.41	0	0	0.53
77400	0.53	0.42	0.42	0	0	0.53
77500	0.53	0.42	0.42	0	0	0.53
77600	0.53	0.42	0.42	0	0	0.53
77700	0.53	0.42	0.42	0	0	0.53
77800	0.53	0.42	0.42	0	0	0.53
77900	0.53	0.42	0.42	0	0	0.53
78000	0.53	0.42	0.42	0	0	0.53
78100	0.53	0.42	0.42	0	0	0.53
78200	0.53	0.42	0.42	0	0	0.53
78300	0.53	0.42	0.42	0	0	0.53
78400	0.53	0.42	0.42	0	0	0.53
78500	0.53	0.42	0.42	0	0	0.53
78600	0.53	0.42	0.42	0	0	0.53
78700	0.53	0.42	0.42	0	0	0.53
78800	0.53	0.42	0.42	0	0	0.53
78900	0.53	0.42	0.42	0	0	0.53
79000	0.53	0.42	0.42	0	0	0.53
79100	0.53	0.42	0.42	0	0	0.53
79200	0.53	0.42	0.42	0	0	0.53
79300	0.53	0.42	0.42	0	0	0.53
79400	0.53	0.42	0.42	0	0	0.53
79500	0.53	0.42	0.42	0	0	0.53
79600	0.53	0.42	0.42	0	0	0.53
79700	0.53	0.42	0.42	0	0	0.53
79800	0.53	0.42	0.42	0	0	0.53
79900	0.53	0.42	0.42	0	0	0.53
80000	0.53	0.42	0.42	0	0	0.53
80100	0.53	0.42	0.42	0	0	0.53
80200	0.53	0.42	0.42	0	0	0.53
80300	0.53	0.42	0.42	0	0	0.53
80400	0.53	0.42	0.42	0	0	0.53
80500	0.53	0.42	0.42	0	0	0.53
80600	0.53	0.42	0.42	0	0	0.53
80700	0.53	0.42	0.42	0	0	0.53
80800	0.53	0.42	0.42	0	0	0.53
80900	0.53	0.42	0.42	0	0	0.53
81000	0.53	0.42	0.42	0	0	0.53
81100	0.53	0.42	0.42	0	0	0.53
81200	0.53	0.42	0.42	0	0	0.53
81300	0.53	0.42	0.42	0	0	0.53
81400	0.53	0.42	0.42	0	0	0.53
81500	0.53	0.42	0.42	0	0	0.53
81600	0.53	0.42	0.42	0	0	0.53
81700	0.53	0.42	0.42	0	0	0.53
81800	0.53	0.42	0.42	0	0	0.53
81900	0.53	0.42	0.42	0	0	0.53
82000	0.53	0.42	0.42	0	0	0.53
82100	0.53	0.42	0.42	0	0	0.53
82200	0.53	0.42	0.42	0	0	0.53
82300	0.53	0.42	0.42	0	0	0.53
82400	0.53	0.42	0.42	0	0	0.53
82500	0.53	0.42	0.42	0	0	0.53
82600	0.53	0.42	0.42	0	0	0.53
82700	0.53	0.42	0.42	0	0	0.53
82800	0.53	0.42	0.42	0	0	0.53
82900	0.53	0.42	0.42	0	0	0.53
83000	0.52	0.42	0.42	0	0	0.52
83100	0.52	0.42	0.42	0	0	0.52
83200	0.52	0.42	0.42	0	0	0.52
83300	0.52	0.42	0.42	0	0	0.52
83400	0.52	0.42	0.42	0	0	0.52
83500	0.52	0.42	0.42	0	0	0.52
83600	0.52	0.42	0.42	0	0	0.52
83700	0.52	0.42	0.42	0	0	0.52
83800	0.52	0.42	0.42	0	0	0.52
83900	0.52	0.42	0.42	0	0	0.52
84000	0.52	0.42	0.42	0	0	0.52
84100	0.52	0.42	0.42	0	0	0.52
84200	0.52	0.42	0.42	0	0	0.52
84300	0.52	0.42	0.42	0	0	0.52
84400	0.52	0.42	0.42	0	0	0.52
84500	0.52	0.42	0.42	0	0	0.52
84600	0.52	0.42	0.42	0	0	0.52
84700	0.52	0.42	0.42	0	0	0.52
84800	0.52	0.42	0.42	0	0	0.52
84900	0.52	0.42	0.42	0	0	0.52
85000	0.52	0.42	0.42	0	0	0.52
85100	0.52	0.42	0.42	0	0	0.52
85200	0.52	0.42	0.42	0	0	0.52
85300	0.52	0.42	0.42	0	0	0.52
85400	0.52	0.42	0.42	0	0	0.52
85500	0.52	0.42	0.42	0	0	0.52
85600	0.52	0.42	0.42	0	0	0.52
85700	0.52	0.42	0.42	0	0	0.52
85800	0.52	0.42	0.42	0	0	0.52
85900	0.52	0.42	0.42	0	0	0.52
86000	0.52	0.42	0.42	0	0	0.52
86100	0.52	0.42	0.42	0	0	0.52
86200	0.52	0.42	0.42	0	0	0.52
86300	0.52	0.42	0.42	0	0	0.52
86400	0.52	0.42	0.42	0	0	0.52
86500	0.52	0.42	0.42	0	0	0.52
86600	0.52	0.42	0.42	0	0	0.52
86700	0.51	0.42	0.42	0	0	0.51
86800	0.51	0.42	0.42	0	0	0.51
86900	0.51	0.42	0.42	0	0	0.51
87000	0.51	0.42	0.42	0	0	0.51
87100	0.51	0.42	0.42	0	0	0.51
87200	0.51	0.42	0.42	0	0	0.51
87300	0.51	0.42	0.42	0	0	0.51
87400	0.51	0.42	0.42	0	0	0.51
87500	0.51	0.42	0.42	0	0	0.51
87600	0.51	0.42	0.42	0	0	0.51
87700	0.51	0.42	0.42	0	0	0.51
87800	0.51	0.42	0.42	0	0	0.51
87900	0.51	0.42	0.42	0	0	0.51
88000	0.51	0.42	0.42	0	0	0.51
88100	0.51	0.42	0.42	0	0	0.51
88200	0.51	0.42	0.42	0	0	0.51
88300	0.51	0.42	0.42	0	0	0.51
88400	0.51	0.42	0.42	0	0	0.51
88500	0.51	0.42	0.42	0	0	0.51
88600	0.51	0.42	0.42	0	0	0.51
88700	0.51	0.42	0.42	0	0	0.51
88800	0.51	0.42	0.42	0	0	0.51
88900	0.51	0.42	0.42	0	0	0.51
89000	0.51	0.42	0.42	0	0	0.51
89100	0.51	0.42	0.42	0	0	0.51
89200	0.51	0.42	0.42	0	0	0.51
89300	0.51	0.42	0.42	0	0	0.51
89400	0.51	0.42	0.42	0	0	0.51
89500	0.51	0.42	0.42	0	0	0.51
89600	0.51	0.42	0.42	0	0	0.51
89700	0.51	0.42	0.42	0	0	0.51
89800	0.51	0.42	0.42	0	0	0.51
89900	0.51	0.42	0.42	0	0	0.51
90000	0.51	0.42	0.42	0	0	0.51
90100	0.51	0.42	0.42	0	0	0.51
90200	0.51	0.42	0.42	0	0	0.51
90300	0.51	0.42	0.42	0	0	0.51
90400	0.51	0.42	0.42	0	0	0.51
90500	0.51	0.42	0.42	0	0	0.51
90600	0.51	0.42	0.42	0	0	0.51
90700	0.51	0.42	0.42	0	0	0.51
90800	0.51	0.42	0.42	0	0	0.51
90900	0.51	0.44	0.44	0	0	0.51
91000	0.51	0.43	0.43	0	0	0.51
91100	0.51	0.43	0.43	0	0	0.51
91200	0.51	0.42	0.42	0	0	0.51
91300	0.51	0.42	0.42	0	0	0.51
91400	0.51	0.42	0.42	0	0	0.51
91500	0.51	0.42	0.42	0	0	0.51
91600	0.51	0.42	0.42	0	0	0.51
91700	0.51	0.42	0.42	0	0	0.51
91800	0.51	0.42	0.42	0	0	0.51
91900	0.51	0.42	0.42	0	0	0.51
92000	0.51	0.42	0.42	0	0	0.51
92100	0.51	0.42	0.42	0	0	0.51
92200	0.51	0.42	0.42	0	0	0.51
92300	0.51	0.42	0.42	0	0	0.51
92400	0.51	0.42	0.42	0	0	0.51
92500	0.51	0.42	0.42	0	0	0.51
92600	0.51	0.43	0.43	0	0	0.51
92700	0.51	0.43	0.43	0	0	0.51
92800	0.52	0.43	0.43	0	0	0.52
92900	0.52	0.43	0.43	0	0	0.52
93000	0.52	0.43	0.43	0	0	0.52
93100	0.52	0.43	0.43	0	0	0.52
93200	0.52	0.43	0.43	0	0	0.52
93300	0.52	0.43	0.43	0	0	0.52
93400	0.52	0.42	0.42	0	0	0.52
93500	0.52	0.42	0.42	0	0	0.52
93600	0.52	0.42	0.42	0	0	0.52
93700	0.52	0.42	0.42	0	0	0.52
93800	0.52	0.42	0.42	0	0	0.52
93900	0.52	0.42	0.42	0	0	0.52
94000	0.52	0.42	0.42	0	0	0.52
94100	0.52	0.42	0.42	0	0	0.52
94200	0.52	0.42	0.42	0	0	0.52
94300	0.52	0.42	0.42	0	0	0.52
94400	0.52	0.42	0.42	0	0	0.52
94500	0.52	0.42	0.42	0	0	0.52
94600	0.53	0.42	0.42	0	0	0.53
94700	0.53	0.42	0.42	0	0	0.53
94800	0.53	0.42	0.42	0	0	0.53
94900	0.53	0.42	0.42	0	0	0.53
95000	0.53	0.42	0.42	0	0	0.53
95100	0.53	0.42	0.42	0	0	0.53
95200	0.53	0.42	0.42	0	0	0.53
95300	0.53	0.42	0.42	0	0	0.53
95400	0.52	0.42	0.42	0	0	0.52
95500	0.52	0.42	0.42	0	0	0.52
95600	0.52	0.42	0.42	0	0	0.52
95700	0.52	0.42	0.42	0	0	0.52
95800	0.52	0.42	0.42	0	0	0.52
95900	0.52	0.43	0.43	0	0	0.52
96000	0.51	0.43	0.43	0	0	0.51
96100	0.51	0.43	0.43	0	0	0.51
96200	0.51	0.43	0.43	0	0	0.51
96300	0.51	0.43	0.43	0	0	0.51
96400	0.52	0.43	0.43	0	0	0.52
96500	0.52	0.43	0.43	0	0	0.52
96600	0.52	0.42	0.42	0	0	0.52
96700	0.52	0.42	0.42	0	0	0.52
96800	0.52	0.42	0.42	0	0	0.52
96900	0.52	0.42	0.42	0	0	0.52
97000	0.53	0.42	0.42	0	0	0.53
97100	0.52	0.42	0.42	0	0	0.52
97200	0.52	0.42	0.42	0	0	0.52
97300	0.52	0.42	0.42	0	0	0.52
97400	0.52	0.42	0.42	0	0	0.52
97500	0.52	0.42	0.42	0	0	0.52
97600	0.52	0.42	0.42	0	0	0.52
97700	0.52	0.41	0.41	0	0	0.52
97800	0.52	0.41	0.41	0	0	0.52
97900	0.52	0.41	0.41	0	0	0.52
98000	0.52	0.41	0.41	0	0	0.52
98100	0.52	0.41	0.41	0	0	0.52
98200	0.52	0.41	0.41	0	0	0.52
98300	0.52	0.41	0.41	0	0	0.52
98400	0.52	0.41	0.41	0	0	0.52
98500	0.52	0.41	0.41	0	0	0.52
98600	0.52	0.41	0.41	0	0	0.52
98700	0.52	0.41	0.41	0	0	0.52
98800	0.52	0.41	0.41	0	0	0.52
98900	0.52	0.42	0.42	0	0	0.52
99000	0.52	0.41	0.41	0	0	0.52
99100	0.52	0.42	0.42	0	0	0.52
99200	0.52	0.42	0.42	0	0	0.52
99300	0.52	0.42	0.42	0	0	0.52
99400	0.52	0.41	0.41	0	0	0.52
99500	0.52	0.41	0.41	0	0	0.52
99600	0.52	0.41	0.41	0	0	0.52
99700	0.52	0.41	0.41	0	0	0.52
99800	0.52	0.41	0.41	0	0	0.52
99900	0.52	0.41	0.41	0	0	0.52
100000	0.52	0.41	0.41	0	0	0.52
100100	0.52	0.41	0.41	0	0	0.52
100200	0.52	0.41	0.41	0	0	0.52
100300	0.52	0.41	0.41	0	0	0.52
100400	0.52	0.41	0.41	0	0	0.52
100500	0.52	0.41	0.41	0	0	0.52
100600	0.52	0.41	0.41	0	0	0.52
100700	0.52	0.41	0.41	0	0	0.52
100800	0.52	0.41	0.41	0	0	0.52
100900	0.52	0.41	0.41	0	0	0.52
101000	0.52	0.41	0.41	0	0	0.52
101100	0.53	0.41	0.41	0	0	0.53
101200	0.53	0.41	0.41	0	0	0.53
101300	0.53	0.41	0.41	0	0	0.53
101400	0.53	0.41	0.41	0	0	0.53
101500	0.53	0.41	0.41	0	0	0.53
101600	0.53	0.41	0.41	0	0	0.53
101700	0.53	0.41	0.41	0	0	0.53
101800	0.53	0.41	0.41	0	0	0.53
101900	0.53	0.41	0.41	0	0	0.53
102000	0.53	0.41	0.41	0	0	0.53
102100	0.53	0.41	0.41	0	0	0.53
102200	0.53	0.41	0.41	0	0	0.53
102300	0.53	0.41	0.41	0	0	0.53
102400	0.53	0.41	0.41	0	0	0.53
102500	0.53	0.41	0.41	0	0	0.53
102600	0.53	0.41	0.41	0	0	0.53
102700	0.53	0.41	0.41	0	0	0.53
102800	0.53	0.41	0.41	0	0	0.53
102900	0.53	0.41	0.41	0	0	0.53
103000	0.53	0.41	0.41	0	0	0.53
103100	0.53	0.41	0.41	0	0	0.53
103200	0.53	0.41	0.41	0	0	0.53
103300	0.53	0.41	0.41	0	0	0.53
103400	0.53	0.41	0.41	0	0	0.53
103500	0.52	0.41	0.41	0	0	0.52
103600	0.52	0.41	0.41	0	0	0.52
103700	0.52	0.41	0.41	0	0	0.52
103800	0.52	0.41	0.41	0	0	0.52
103900	0.52	0.41	0.41	0	0	0.52
104000	0.52	0.41	0.41	0	0	0.52
104100	0.52	0.41	0.41	0	0	0.52
104200	0.52	0.41	0.41	0	0	0.52
104300	0.52	0.41	0.41	0	0	0.52
104400	0.52	0.41	0.41	0	0	0.52
104500	0.52	0.41	0.41	0	0	0.52
104600	0.52	0.41	0.41	0	0	0.52
104700	0.52	0.41	0.41	0	0	0.52
104800	0.52	0.41	0.41	0	0	0.52
104900	0.52	0.41	0.41	0	0	0.52
105000	0.52	0.41	0.41	0	0	0.52
105100	0.52	0.41	0.41	0	0	0.52
105200	0.52	0.42	0.42	0	0	0.52
105300	0.52	0.42	0.42	0	0	0.52
105400	0.52	0.42	0.42	0	0	0.52
105500	0.52	0.43	0.43	0	0	0.52
105600	0.52	0.43	0.43	0	0	0.52
105700	0.52	0.43	0.43	0	0	0.52
105800	0.52	0.43	0.43	0	0	0.52
105900	0.52	0.43	0.43	0	0	0.52
106000	0.52	0.42	0.42	0	0	0.52
106100	0.52	0.42	0.42	0	0	0.52
106200	0.53	0.42	0.42	0	0	0.53
106300	0.53	0.42	0.42	0	0	0.53
106400	0.53	0.42	0.42	0	0	0.53
106500	0.53	0.42	0.42	0	0	0.53
106600	0.52	0.42	0.42	0	0	0.52
106700	0.52	0.42	0.42	0	0	0.52
106800	0.52	0.42	0.42	0	0	0.52
106900	0.52	0.42	0.42	0	0	0.52
107000	0.52	0.42	0.42	0	0	0.52
107100	0.52	0.42	0.42	0	0	0.52
107200	0.52	0.42	0.42	0	0	0.52
107300	0.52	0.42	0.42	0	0	0.52
107400	0.52	0.42	0.42	0	0	0.52
107500	0.53	0.42	0.42	0	0	0.53
107600	0.53	0.42	0.42	0	0	0.53
107700	0.53	0.42	0.42	0	0	0.53
107800	0.53	0.42	0.42	0	0	0.53
107900	0.53	0.42	0.42	0	0	0.53
108000	0.53	0.42	0.42	0	0	0.53
108100	0.53	0.42	0.42	0	0	0.53
108200	0.53	0.42	0.42	0	0	0.53
108300	0.53	0.42	0.42	0	0	0.53
108400	0.53	0.42	0.42	0	0	0.53
108500	0.53	0.42	0.42	0	0	0.53
108600	0.53	0.42	0.42	0	0	0.53
108700	0.53	0.42	0.42	0	0	0.53
108800	0.53	0.42	0.42	0	0	0.53
108900	0.53	0.42	0.42	0	0	0.53
109000	0.53	0.42	0.42	0	0	0.53
109100	0.53	0.42	0.42	0	0	0.53
109200	0.53	0.42	0.42	0	0	0.53
109300	0.53	0.42	0.42	0	0	0.53
109400	0.53	0.42	0.42	0	0	0.53
109500	0.53	0.42	0.42	0	0	0.53
109600	0.53	0.42	0.42	0	0	0.53
109700	0.53	0.43	0.43	0	0	0.53
109800	0.53	0.43	0.43	0	0	0.53
109900	0.53	0.43	0.43	0	0	0.53
110000	0.53	0.43	0.43	0	0	0.53
110100	0.53	0.43	0.43	0	0	0.53
110200	0.53	0.43	0.43	0	0	0.53
110300	0.53	0.43	0.43	0	0	0.53
110400	0.53	0.43	0.43	0	0	0.53
110500	0.53	0.43	0.43	0	0	0.53
110600	0.53	0.43	0.43	0	0	0.53
110700	0.53	0.43	0.43	0	0	0.53
110800	0.53	0.43	0.43	0	0	0.53
110900	0.53	0.43	0.43	0	0	0.53
111000	0.53	0.43	0.43	0	0	0.53
111100	0.53	0.43	0.43	0	0	0.53
111200	0.53	0.43	0.43	0	0	0.53
111300	0.53	0.43	0.43	0	0	0.53
111400	0.53	0.43	0.43	0	0	0.53
111500	0.53	0.43	0.43	0	0	0.53
111600	0.53	0.43	0.43	0	0	0.53
111700	0.53	0.43	0.43	0	0	0.53
111800	0.53	0.43	0.43	0	0	0.53
111900	0.53	0.43	0.43	0	0	0.53
112000	0.53	0.43	0.43	0	0	0.53
112100	0.54	0.43	0.43	0	0	0.54
112200	0.53	0.43	0.43	0	0	0.53
112300	0.53	0.43	0.43	0	0	0.53
112400	0.53	0.43	0.43	0	0	0.53
112500	0.53	0.43	0.43	0	0	0.53
112600	0.53	0.43	0.43	0	0	0.53
112700	0.53	0.43	0.43	0	0	0.53
112800	0.53	0.43	0.43	0	0	0.53
112900	0.53	0.43	0.43	0	0	0.53
113000	0.53	0.43	0.43	0	0	0.53
113100	0.53	0.43	0.43	0	0	0.53
113200	0.53	0.43	0.43	0	0	0.53
113300	0.53	0.43	0.43	0	0	0.53
113400	0.53	0.43	0.43	0	0	0.53
113500	0.53	0.43	0.43	0	0	0.53
113600	0.53	0.43	0.43	0	0	0.53
113700	0.53	0.43	0.43	0	0	0.53
113800	0.53	0.43	0.43	0	0	0.53
113900	0.53	0.43	0.43	0	0	0.53
114000	0.53	0.43	0.43	0	0	0.53
114100	0.54	0.43	0.43	0	0	0.54
114200	0.53	0.43	0.43	0	0	0.53
114300	0.53	0.43	0.43	0	0	0.53
114400	0.53	0.42	0.42	0	0	0.53
114500	0.53	0.42	0.42	0	0	0.53
114600	0.53	0.42	0.42	0	0	0.53
114700	0.53	0.42	0.42	0	0	0.53
114800	0.53	0.42	0.42	0	0	0.53
114900	0.53	0.42	0.42	0	0	0.53
115000	0.53	0.42	0.42	0	0	0.53
115100	0.53	0.42	0.42	0	0	0.53
115200	0.53	0.42	0.42	0	0	0.53
115300	0.53	0.42	0.42	0	0	0.53
115400	0.53	0.42	0.42	0	0	0.53
115500	0.52	0.42	0.42	0	0	0.52
115600	0.52	0.42	0.42	0	0	0.52
115700	0.52	0.42	0.42	0	0	0.52
115800	0.52	0.42	0.42	0	0	0.52
115900	0.52	0.42	0.42	0	0	0.52
116000	0.52	0.42	0.42	0	0	0.52
116100	0.52	0.42	0.42	0	0	0.52
116200	0.52	0.42	0.42	0	0	0.52
116300	0.52	0.42	0.42	0	0	0.52
116400	0.52	0.42	0.42	0	0	0.52
116500	0.52	0.43	0.43	0	0	0.52
116600	0.52	0.43	0.43	0	0	0.52
116700	0.52	0.43	0.43	0	0	0.52
116800	0.52	0.43	0.43	0	0	0.52
116900	0.52	0.43	0.43	0	0	0.52
117000	0.52	0.43	0.43	0	0	0.52
117100	0.52	0.43	0.43	0	0	0.52
117200	0.52	0.43	0.43	0	0	0.52
117300	0.52	0.43	0.43	0	0	0.52
117400	0.52	0.43	0.43	0	0	0.52
117500	0.52	0.43	0.43	0	0	0.52
117600	0.52	0.43	0.43	0	0	0.52
117700	0.52	0.43	0.43	0	0	0.52
117800	0.52	0.43	0.43	0	0	0.52
117900	0.52	0.43	0.43	0	0	0.52
118000	0.52	0.43	0.43	0	0	0.52
118100	0.52	0.43	0.43	0	0	0.52
118200	0.52	0.43	0.43	0	0	0.52
118300	0.52	0.43	0.43	0	0	0.52
118400	0.52	0.43	0.43	0	0	0.52
118500	0.52	0.43	0.43	0	0	0.52
118600	0.52	0.43	0.43	0	0	0.52
118700	0.52	0.43	0.43	0	0	0.52
118800	0.52	0.43	0.43	0	0	0.52
118900	0.52	0.43	0.43	0	0	0.52
119000	0.52	0.43	0.43	0	0	0.52
119100	0.52	0.43	0.43	0	0	0.52
119200	0.52	0.43	0.43	0	0	0.52
119300	0.52	0.44	0.44	0	0	0.52
119400	0.52	0.44	0.44	0	0	0.52
119500	0.52	0.44	0.44	0	0	0.52
119600	0.52	0.44	0.44	0	0	0.52
119700	0.52	0.44	0.44	0	0	0.52
119800	0.52	0.44	0.44	0	0	0.52
119900	0.52	0.44	0.44	0	0	0.52
120000	0.52	0.44	0.44	0	0	0.52
120100	0.52	0.44	0.44	0	0	0.52
120200	0.52	0.44	0.44	0	0	0.52
120300	0.52	0.44	0.44	0	0	0.52
120400	0.52	0.44	0.44	0	0	0.52
120500	0.53	0.44	0.44	0	0	0.53
120600	0.53	0.44	0.44	0	0	0.53
120700	0.53	0.44	0.44	0	0	0.53
120800	0.53	0.44	0.44	0	0	0.53
120900	0.53	0.44	0.44	0	0	0.53
121000	0.53	0.44	0.44	0	0	0.53
121100	0.53	0.44	0.44	0	0	0.53
121200	0.53	0.44	0.44	0	0	0.53
121300	0.53	0.44	0.44	0	0	0.53
121400	0.53	0.44	0.44	0	0	0.53
121500	0.53	0.44	0.44	0	0	0.53
121600	0.53	0.44	0.44	0	0	0.53
121700	0.53	0.44	0.44	0	0	0.53
121800	0.53	0.44	0.44	0	0	0.53
121900	0.53	0.44	0.44	0	0	0.53
122000	0.53	0.44	0.44	0	0	0.53
122100	0.53	0.44	0.44	0	0	0.53
122200	0.53	0.44	0.44	0	0	0.53
122300	0.53	0.44	0.44	0	0	0.53
122400	0.53	0.44	0.44	0	0	0.53
122500	0.53	0.44	0.44	0	0	0.53
122600	0.53	0.44	0.44	0	0	0.53
122700	0.53	0.44	0.44	0	0	0.53
122800	0.53	0.44	0.44	0	0	0.53
122900	0.53	0.44	0.44	0	0	0.53
123000	0.53	0.44	0.44	0	0	0.53
123100	0.53	0.44	0.44	0	0	0.53
123200	0.53	0.44	0.44	0	0	0.53
123300	0.53	0.44	0.44	0	0	0.53
123400	0.53	0.44	0.44	0	0	0.53
123500	0.53	0.44	0.44	0	0	0.53
123600	0.53	0.44	0.44	0	0	0.53
123700	0.53	0.44	0.44	0	0	0.53
123800	0.53	0.44	0.44	0	0	0.53
123900	0.53	0.44	0.44	0	0	0.53
124000	0.53	0.44	0.44	0	0	0.53
124100	0.53	0.44	0.44	0	0	0.53
124200	0.53	0.44	0.44	0	0	0.53
124300	0.53	0.44	0.44	0	0	0.53
124400	0.53	0.44	0.44	0	0	0.53
124500	0.53	0.44	0.44	0	0	0.53
124600	0.53	0.45	0.45	0	0	0.53
124700	0.53	0.45	0.45	0	0	0.53
124800	0.53	0.45	0.45	0	0	0.53
124900	0.53	0.45	0.45	0	0	0.53
125000	0.53	0.45	0.45	0	0	0.53
125100	0.53	0.45	0.45	0	0	0.53
125200	0.53	0.45	0.45	0	0	0.53
125300	0.53	0.45	0.45	0	0	0.53
125400	0.53	0.45	0.45	0	0	0.53
125500	0.53	0.45	0.45	0	0	0.53
125600	0.53	0.45	0.45	0	0	0.53
125700	0.53	0.45	0.45	0	0	0.53
125800	0.53	0.45	0.45	0	0	0.53
125900	0.53	0.45	0.45	0	0	0.53
126000	0.53	0.45	0.45	0	0	0.53
126100	0.53	0.45	0.45	0	0	0.53
126200	0.53	0.45	0.45	0	0	0.53
126300	0.53	0.45	0.45	0	0	0.53
126400	0.53	0.45	0.45	0	0	0.53
126500	0.53	0.45	0.45	0	0	0.53
126600	0.53	0.45	0.45	0	0	0.53
126700	0.53	0.45	0.45	0	0	0.53
126800	0.53	0.45	0.45	0	0	0.53
126900	0.53	0.45	0.45	0	0	0.53
127000	0.53	0.45	0.45	0	0	0.53
127100	0.53	0.45	0.45	0	0	0.53
127200	0.53	0.45	0.45	0	0	0.53
127300	0.53	0.45	0.45	0	0	0.53
127400	0.53	0.45	0.45	0	0	0.53
127500	0.53	0.45	0.45	0	0	0.53
127600	0.53	0.45	0.45	0	0	0.53
127700	0.53	0.45	0.45	0	0	0.53
127800	0.53	0.45	0.45	0	0	0.53
127900	0.53	0.45	0.45	0	0	0.53
128000	0.53	0.45	0.45	0	0	0.53
128100	0.53	0.45	0.45	0	0	0.53
128200	0.53	0.45	0.45	0	0	0.53
128300	0.53	0.45	0.45	0	0	0.53
128400	0.53	0.45	0.45	0	0	0.53
128500	0.53	0.45	0.45	0	0	0.53
128600	0.53	0.45	0.45	0	0	0.53
128700	0.53	0.45	0.45	0	0	0.53
128800	0.53	0.45	0.45	0	0	0.53
128900	0.53	0.45	0.45	0	0	0.53
129000	0.53	0.45	0.45	0	0	0.53
129100	0.53	0.45	0.45	0	0	0.53
129200	0.53	0.45	0.45	0	0	0.53
129300	0.53	0.45	0.45	0	0	0.53
129400	0.53	0.45	0.45	0	0	0.53
129500	0.53	0.45	0.45	0	0	0.53
129600	0.53	0.45	0.45	0	0	0.53
129700	0.53	0.45	0.45	0	0	0.53
129800	0.53	0.45	0.45	0	0	0.53
129900	0.53	0.45	0.45	0	0	0.53
130000	0.53	0.45	0.45	0	0	0.53
130100	0.53	0.45	0.45	0	0	0.53
130200	0.53	0.45	0.45	0	0	0.53
130300	0.53	0.44	0.44	0	0	0.53
130400	0.53	0.43	0.43	0	0	0.53
130500	0.53	0.43	0.43	0	0	0.53
130600	0.53	0.43	0.43	0	0	0.53
130700	0.53	0.43	0.43	0	0	0.53
130800	0.53	0.43	0.43	0	0	0.53
130900	0.53	0.43	0.43	0	0	0.53
131000	0.53	0.43	0.43	0	0	0.53
131100	0.53	0.43	0.43	0	0	0.53
131200	0.53	0.44	0.44	0	0	0.53
131300	0.53	0.44	0.44	0	0	0.53
131400	0.53	0.44	0.44	0	0	0.53
131500	0.53	0.44	0.44	0	0	0.53
131600	0.53	0.44	0.44	0	0	0.53
131700	0.53	0.44	0.44	0	0	0.53
131800	0.53	0.44	0.44	0	0	0.53
131900	0.53	0.44	0.44	0	0	0.53
132000	0.53	0.44	0.44	0	0	0.53
132100	0.53	0.44	0.44	0	0	0.53
132200	0.53	0.44	0.44	0	0	0.53
132300	0.53	0.44	0.44	0	0	0.53
132400	0.53	0.44	0.44	0	0	0.53
132500	0.53	0.44	0.44	0	0	0.53
132600	0.53	0.44	0.44	0	0	0.53
132700	0.53	0.44	0.44	0	0	0.53
132800	0.53	0.44	0.44	0	0	0.53
132900	0.53	0.44	0.44	0	0	0.53
133000	0.53	0.44	0.44	0	0	0.53
133100	0.53	0.44	0.44	0	0	0.53
133200	0.53	0.44	0.44	0	0	0.53
133300	0.53	0.45	0.45	0	0	0.53
133400	0.53	0.45	0.45	0	0	0.53
133500	0.53	0.45	0.45	0	0	0.53
133600	0.52	0.45	0.45	0	0	0.52
133700	0.52	0.45	0.45	0	0	0.52
133800	0.52	0.45	0.45	0	0	0.52
133900	0.52	0.45	0.45	0	0	0.52
134000	0.52	0.45	0.45	0	0	0.52
134100	0.52	0.45	0.45	0	0	0.52
134200	0.52	0.45	0.45	0	0	0.52
134300	0.52	0.45	0.45	0	0	0.52
134400	0.52	0.45	0.45	0	0	0.52
134500	0.52	0.45	0.45	0	0	0.52
134600	0.52	0.45	0.45	0	0	0.52
134700	0.52	0.45	0.45	0	0	0.52
134800	0.52	0.45	0.45	0	0	0.52
134900	0.52	0.45	0.45	0	0	0.52
135000	0.52	0.45	0.45	0	0	0.52
135100	0.52	0.45	0.45	0	0	0.52
135200	0.52	0.45	0.45	0	0	0.52
135300	0.52	0.45	0.45	0	0	0.52
135400	0.52	0.45	0.45	0	0	0.52
135500	0.52	0.45	0.45	0	0	0.52
135600	0.52	0.45	0.45	0	0	0.52
135700	0.52	0.45	0.45	0	0	0.52
135800	0.52	0.45	0.45	0	0	0.52
135900	0.52	0.45	0.45	0	0	0.52
136000	0.52	0.45	0.45	0	0	0.52
136100	0.52	0.45	0.45	0	0	0.52
136200	0.52	0.45	0.45	0	0	0.52
136300	0.52	0.45	0.45	0	0	0.52
136400	0.52	0.45	0.45	0	0	0.52
136500	0.52	0.45	0.45	0	0	0.52
136600	0.52	0.45	0.45	0	0	0.52
136700	0.52	0.45	0.45	0	0	0.52
136800	0.52	0.45	0.45	0	0	0.52
136900	0.52	0.45	0.45	0	0	0.52
137000	0.52	0.45	0.45	0	0	0.52
137100	0.52	0.45	0.45	0	0	0.52
137200	0.52	0.45	0.45	0	0	0.52
137300	0.52	0.45	0.45	0	0	0.52
137400	0.52	0.45	0.45	0	0	0.52
137500	0.52	0.45	0.45	0	0	0.52
137600	0.52	0.45	0.45	0	0	0.52
137700	0.52	0.45	0.45	0	0	0.52
137800	0.52	0.45	0.45	0	0	0.52
137900	0.52	0.45	0.45	0	0	0.52
138000	0.52	0.45	0.45	0	0	0.52
138100	0.52	0.44	0.44	0	0	0.52
138200	0.52	0.44	0.44	0	0	0.52
138300	0.52	0.44	0.44	0	0	0.52
138400	0.52	0.44	0.44	0	0	0.52
138500	0.52	0.44	0.44	0	0	0.52
138600	0.52	0.44	0.44	0	0	0.52
138700	0.52	0.44	0.44	0	0	0.52
138800	0.52	0.44	0.44	0	0	0.52
138900	0.52	0.44	0.44	0	0	0.52
139000	0.52	0.44	0.44	0	0	0.52
139100	0.52	0.44	0.44	0	0	0.52
139200	0.52	0.44	0.44	0	0	0.52
139300	0.52	0.44	0.44	0	0	0.52
139400	0.52	0.44	0.44	0	0	0.52
139500	0.52	0.44	0.44	0	0	0.52
139600	0.52	0.44	0.44	0	0	0.52
139700	0.52	0.44	0.44	0	0	0.52
139800	0.52	0.44	0.44	0	0	0.52
139900	0.52	0.44	0.44	0	0	0.52
140000	0.52	0.44	0.44	0	0	0.52
140100	0.52	0.44	0.44	0	0	0.52
140200	0.52	0.44	0.44	0	0	0.52
140300	0.52	0.44	0.44	0	0	0.52
140400	0.52	0.44	0.44	0	0	0.52
140500	0.52	0.44	0.44	0	0	0.52
140600	0.52	0.44	0.44	0	0	0.52
140700	0.53	0.44	0.44	0	0	0.53
140800	0.53	0.44	0.44	0	0	0.53
140900	0.53	0.44	0.44	0	0	0.53
141000	0.53	0.44	0.44	0	0	0.53
141100	0.53	0.44	0.44	0	0	0.53
141200	0.53	0.44	0.44	0	0	0.53
141300	0.53	0.44	0.44	0	0	0.53
141400	0.53	0.44	0.44	0	0	0.53
141500	0.53	0.44	0.44	0	0	0.53
141600	0.53	0.44	0.44	0	0	0.53
141700	0.53	0.44	0.44	0	0	0.53
141800	0.53	0.44	0.44	0	0	0.53
141900	0.53	0.44	0.44	0	0	0.53
142000	0.53	0.44	0.44	0	0	0.53
142100	0.53	0.44	0.44	0	0	0.53
142200	0.52	0.44	0.44	0	0	0.52
142300	0.52	0.44	0.44	0	0	0.52
142400	0.52	0.44	0.44	0	0	0.52
142500	0.52	0.44	0.44	0	0	0.52
142600	0.52	0.44	0.44	0	0	0.52
142700	0.52	0.44	0.44	0	0	0.52
142800	0.53	0.44	0.44	0	0	0.53
142900	0.53	0.44	0.44	0	0	0.53
143000	0.53	0.44	0.44	0	0	0.53
143100	0.53	0.44	0.44	0	0	0.53
143200	0.53	0.44	0.44	0	0	0.53
143300	0.53	0.44	0.44	0	0	0.53
143400	0.53	0.44	0.44	0	0	0.53
143500	0.53	0.44	0.44	0	0	0.53
143600	0.53	0.44	0.44	0	0	0.53
143700	0.53	0.44	0.44	0	0	0.53
143800	0.53	0.44	0.44	0	0	0.53
143900	0.53	0.44	0.44	0	0	0.53
144000	0.53	0.44	0.44	0	0	0.53
144100	0.53	0.44	0.44	0	0	0.53
144200	0.53	0.44	0.44	0	0	0.53
144300	0.53	0.44	0.44	0	0	0.53
144400	0.53	0.44	0.44	0	0	0.53
144500	0.53	0.44	0.44	0	0	0.53
144600	0.53	0.44	0.44	0	0	0.53
144700	0.53	0.44	0.44	0	0	0.53
144800	0.53	0.44	0.44	0	0	0.53
144900	0.53	0.44	0.44	0	0	0.53
145000	0.53	0.44	0.44	0	0	0.53
145100	0.53	0.44	0.44	0	0	0.53
145200	0.53	0.44	0.44	0	0	0.53
145300	0.53	0.44	0.44	0	0	0.53
145400	0.53	0.44	0.44	0	0	0.53
145500	0.53	0.44	0.44	0	0	0.53
145600	0.52	0.44	0.44	0	0	0.52
145700	0.52	0.44	0.44	0	0	0.52
145800	0.52	0.44	0.44	0	0	0.52
145900	0.52	0.44	0.44	0	0	0.52
146000	0.52	0.44	0.44	0	0	0.52
146100	0.52	0.44	0.44	0	0	0.52
146200	0.52	0.44	0.44	0	0	0.52
146300	0.52	0.44	0.44	0	0	0.52
146400	0.52	0.44	0.44	0	0	0.52
146500	0.52	0.44	0.44	0	0	0.52
146600	0.52	0.44	0.44	0	0	0.52
146700	0.52	0.44	0.44	0	0	0.52
146800	0.52	0.44	0.44	0	0	0.52
146900	0.53	0.44	0.44	0	0	0.53
147000	0.53	0.44	0.44	0	0	0.53
147100	0.53	0.44	0.44	0	0	0.53
147200	0.52	0.44	0.44	0	0	0.52
147300	0.52	0.44	0.44	0	0	0.52
147400	0.52	0.44	0.44	0	0	0.52
147500	0.52	0.44	0.44	0	0	0.52
147600	0.52	0.44	0.44	0	0	0.52
147700	0.52	0.44	0.44	0	0	0.52
147800	0.52	0.44	0.44	0	0	0.52
147900	0.52	0.44	0.44	0	0	0.52
148000	0.52	0.44	0.44	0	0	0.52
148100	0.52	0.44	0.44	0	0	0.52
148200	0.52	0.44	0.44	0	0	0.52
148300	0.52	0.44	0.44	0	0	0.52
148400	0.52	0.44	0.44	0	0	0.52
148500	0.52	0.44	0.44	0	0	0.52
148600	0.52	0.44	0.44	0	0	0.52
148700	0.52	0.44	0.44	0	0	0.52
148800	0.52	0.44	0.44	0	0	0.52
148900	0.52	0.44	0.44	0	0	0.52
149000	0.52	0.44	0.44	0	0	0.52
149100	0.52	0.44	0.44	0	0	0.52
149200	0.52	0.44	0.44	0	0	0.52
149300	0.52	0.44	0.44	0	0	0.52
149400	0.52	0.44	0.44	0	0	0.52
149500	0.52	0.44	0.44	0	0	0.52
149600	0.52	0.44	0.44	0	0	0.52
149700	0.52	0.44	0.44	0	0	0.52
149800	0.52	0.44	0.44	0	0	0.52
149900	0.52	0.44	0.44	0	0	0.52
150000	0.52	0.44	0.44	0	0	0.52
150100	0.52	0.44	0.44	0	0	0.52
150200	0.52	0.44	0.44	0	0	0.52
150300	0.52	0.44	0.44	0	0	0.52
150400	0.52	0.44	0.44	0	0	0.52
150500	0.52	0.44	0.44	0	0	0.52
150600	0.52	0.44	0.44	0	0	0.52
150700	0.52	0.44	0.44	0	0	0.52
150800	0.52	0.44	0.44	0	0	0.52
150900	0.52	0.44	0.44	0	0	0.52
151000	0.52	0.44	0.44	0	0	0.52
151100	0.52	0.44	0.44	0	0	0.52
151200	0.53	0.44	0.44	0	0	0.53
151300	0.53	0.44	0.44	0	0	0.53
151400	0.53	0.44	0.44	0	0	0.53
151500	0.53	0.44	0.44	0	0	0.53
151600	0.53	0.44	0.44	0	0	0.53
151700	0.53	0.44	0.44	0	0	0.53
151800	0.53	0.44	0.44	0	0	0.53
151900	0.52	0.44	0.44	0	0	0.52
152000	0.52	0.44	0.44	0	0	0.52
152100	0.52	0.44	0.44	0	0	0.52
152200	0.52	0.44	0.44	0	0	0.52
152300	0.52	0.44	0.44	0	0	0.52
152400	0.52	0.44	0.44	0	0	0.52
152500	0.52	0.44	0.44	0	0	0.52
152600	0.52	0.44	0.44	0	0	0.52
152700	0.52	0.44	0.44	0	0	0.52
152800	0.52	0.44	0.44	0	0	0.52
152900	0.52	0.44	0.44	0	0	0.52
153000	0.52	0.44	0.44	0	0	0.52
153100	0.52	0.44	0.44	0	0	0.52
153200	0.52	0.44	0.44	0	0	0.52
153300	0.52	0.44	0.44	0	0	0.52
153400	0.52	0.44	0.44	0	0	0.52
153500	0.52	0.44	0.44	0	0	0.52
153600	0.52	0.44	0.44	0	0	0.52
153700	0.52	0.44	0.44	0	0	0.52
153800	0.52	0.44	0.44	0	0	0.52
153900	0.52	0.44	0.44	0	0	0.52
154000	0.51	0.44	0.44	0	0	0.51
154100	0.51	0.44	0.44	0	0	0.51
154200	0.51	0.44	0.44	0	0	0.51
154300	0.51	0.44	0.44	0	0	0.51
154400	0.51	0.44	0.44	0	0	0.51
154500	0.51	0.44	0.44	0	0	0.51
154600	0.51	0.44	0.44	0	0	0.51
154700	0.51	0.44	0.44	0	0	0.51
154800	0.51	0.44	0.44	0	0	0.51
154900	0.51	0.44	0.44	0	0	0.51
155000	0.51	0.44	0.44	0	0	0.51
155100	0.51	0.44	0.44	0	0	0.51
155200	0.51	0.44	0.44	0	0	0.51
155300	0.51	0.44	0.44	0	0	0.51
155400	0.51	0.44	0.44	0	0	0.51
155500	0.51	0.44	0.44	0	0	0.51
155600	0.51	0.44	0.44	0	0	0.51
155700	0.51	0.44	0.44	0	0	0.51
155800	0.51	0.44	0.44	0	0	0.51
155900	0.51	0.44	0.44	0	0	0.51
156000	0.51	0.44	0.44	0	0	0.51
156100	0.51	0.44	0.44	0	0	0.51
156200	0.51	0.44	0.44	0	0	0.51
156300	0.51	0.44	0.44	0	0	0.51
156400	0.51	0.44	0.44	0	0	0.51
156500	0.51	0.44	0.44	0	0	0.51
156600	0.51	0.44	0.44	0	0	0.51
156700	0.51	0.44	0.44	0	0	0.51
156800	0.51	0.44	0.44	0	0	0.51
156900	0.51	0.44	0.44	0	0	0.51
157000	0.51	0.44	0.44	0	0	0.51
157100	0.51	0.44	0.44	0	0	0.51
157200	0.52	0.44	0.44	0	0	0.52
157300	0.52	0.44	0.44	0	0	0.52
157400	0.52	0.44	0.44	0	0	0.52
157500	0.52	0.44	0.44	0	0	0.52
157600	0.52	0.44	0.44	0	0	0.52
157700	0.52	0.44	0.44	0	0	0.52
157800	0.52	0.44	0.44	0	0	0.52
157900	0.52	0.44	0.44	0	0	0.52
158000	0.52	0.44	0.44	0	0	0.52
158100	0.52	0.44	0.44	0	0	0.52
158200	0.52	0.44	0.44	0	0	0.52
158300	0.52	0.44	0.44	0	0	0.52
158400	0.52	0.44	0.44	0	0	0.52
158500	0.52	0.44	0.44	0	0	0.52
158600	0.52	0.44	0.44	0	0	0.52
158700	0.52	0.44	0.44	0	0	0.52
158800	0.52	0.44	0.44	0	0	0.52
158900	0.52	0.44	0.44	0	0	0.52
159000	0.52	0.44	0.44	0	0	0.52
159100	0.52	0.44	0.44	0	0	0.52
159200	0.52	0.44	0.44	0	0	0.52
159300	0.52	0.44	0.44	0	0	0.52
159400	0.52	0.44	0.44	0	0	0.52
159500	0.53	0.44	0.44	0	0	0.53
159600	0.52	0.44	0.44	0	0	0.52
159700	0.52	0.44	0.44	0	0	0.52
159800	0.52	0.44	0.44	0	0	0.52
159900	0.53	0.44	0.44	0	0	0.53
160000	0.53	0.44	0.44	0	0	0.53
160100	0.53	0.44	0.44	0	0	0.53
160200	0.53	0.44	0.44	0	0	0.53
160300	0.53	0.44	0.44	0	0	0.53
160400	0.53	0.44	0.44	0	0	0.53
160500	0.53	0.44	0.44	0	0	0.53
160600	0.53	0.44	0.44	0	0	0.53
160700	0.53	0.44	0.44	0	0	0.53
160800	0.53	0.44	0.44	0	0	0.53
160900	0.52	0.44	0.44	0	0	0.52
161000	0.52	0.44	0.44	0	0	0.52
161100	0.52	0.44	0.44	0	0	0.52
161200	0.52	0.44	0.44	0	0	0.52
161300	0.52	0.44	0.44	0	0	0.52
161400	0.52	0.44	0.44	0	0	0.52
161500	0.52	0.44	0.44	0	0	0.52
161600	0.52	0.44	0.44	0	0	0.52
161700	0.52	0.44	0.44	0	0	0.52
161800	0.52	0.44	0.44	0	0	0.52
161900	0.52	0.44	0.44	0	0	0.52
162000	0.52	0.44	0.44	0	0	0.52
162100	0.52	0.44	0.44	0	0	0.52
162200	0.52	0.44	0.44	0	0	0.52
162300	0.52	0.44	0.44	0	0	0.52
162400	0.52	0.44	0.44	0	0	0.52
162500	0.52	0.44	0.44	0	0	0.52
162600	0.52	0.44	0.44	0	0	0.52
162700	0.52	0.44	0.44	0	0	0.52
162800	0.52	0.44	0.44	0	0	0.52
162900	0.52	0.44	0.44	0	0	0.52
163000	0.52	0.44	0.44	0	0	0.52
163100	0.52	0.44	0.44	0	0	0.52
163200	0.53	0.44	0.44	0	0	0.53
163300	0.53	0.44	0.44	0	0	0.53
163400	0.53	0.44	0.44	0	0	0.53
163500	0.53	0.44	0.44	0	0	0.53
163600	0.52	0.44	0.44	0	0	0.52
163700	0.52	0.44	0.44	0	0	0.52
163800	0.52	0.44	0.44	0	0	0.52
163900	0.52	0.44	0.44	0	0	0.52
164000	0.52	0.44	0.44	0	0	0.52
164100	0.52	0.44	0.44	0	0	0.52
164200	0.52	0.44	0.44	0	0	0.52
164300	0.52	0.44	0.44	0	0	0.52
164400	0.53	0.44	0.44	0	0	0.53
164500	0.53	0.44	0.44	0	0	0.53
164600	0.53	0.44	0.44	0	0	0.53
164700	0.53	0.44	0.44	0	0	0.53
164800	0.53	0.44	0.44	0	0	0.53
164900	0.53	0.44	0.44	0	0	0.53
165000	0.53	0.44	0.44	0	0	0.53
165100	0.53	0.44	0.44	0	0	0.53
165200	0.53	0.44	0.44	0	0	0.53
165300	0.53	0.44	0.44	0	0	0.53
165400	0.51	0.44	0.44	0	0	0.51
165500	0.51	0.44	0.44	0	0	0.51
165600	0.51	0.44	0.44	0	0	0.51
165700	0.51	0.44	0.44	0	0	0.51
165800	0.51	0.44	0.44	0	0	0.51
165900	0.51	0.44	0.44	0	0	0.51
166000	0.51	0.44	0.44	0	0	0.51
166100	0.51	0.44	0.44	0	0	0.51
166200	0.51	0.44	0.44	0	0	0.51
166300	0.51	0.44	0.44	0	0	0.51
166400	0.51	0.44	0.44	0	0	0.51
166500	0.51	0.44	0.44	0	0	0.51
166600	0.51	0.44	0.44	0	0	0.51
166700	0.51	0.44	0.44	0	0	0.51
166800	0.51	0.44	0.44	0	0	0.51
166900	0.51	0.44	0.44	0	0	0.51
167000	0.51	0.44	0.44	0	0	0.51
167100	0.51	0.44	0.44	0	0	0.51
167200	0.51	0.44	0.44	0	0	0.51
167300	0.51	0.44	0.44	0	0	0.51
167400	0.51	0.44	0.44	0	0	0.51
167500	0.51	0.44	0.44	0	0	0.51
167600	0.51	0.44	0.44	0	0	0.51
167700	0.51	0.44	0.44	0	0	0.51
167800	0.52	0.44	0.44	0	0	0.52
167900	0.51	0.44	0.44	0	0	0.51
168000	0.51	0.44	0.44	0	0	0.51
168100	0.51	0.44	0.44	0	0	0.51
168200	0.51	0.44	0.44	0	0	0.51
168300	0.51	0.44	0.44	0	0	0.51
168400	0.51	0.44	0.44	0	0	0.51
168500	0.51	0.44	0.44	0	0	0.51
168600	0.51	0.44	0.44	0	0	0.51
168700	0.51	0.44	0.44	0	0	0.51
168800	0.51	0.44	0.44	0	0	0.51
168900	0.51	0.44	0.44	0	0	0.51
169000	0.51	0.44	0.44	0	0	0.51
169100	0.51	0.44	0.44	0	0	0.51
169200	0.51	0.44	0.44	0	0	0.51
169300	0.51	0.44	0.44	0	0	0.51
169400	0.51	0.44	0.44	0	0	0.51
169500	0.51	0.44	0.44	0	0	0.51
169600	0.51	0.44	0.44	0	0	0.51
169700	0.51	0.44	0.44	0	0	0.51
169800	0.51	0.44	0.44	0	0	0.51
169900	0.51	0.44	0.44	0	0	0.51
170000	0.51	0.44	0.44	0	0	0.51
170100	0.51	0.44	0.44	0	0	0.51
170200	0.51	0.44	0.44	0	0	0.51
170300	0.51	0.44	0.44	0	0	0.51
170400	0.51	0.44	0.44	0	0	0.51
170500	0.51	0.44	0.44	0	0	0.51
170600	0.5	0.44	0.44	0	0	0.5
170700	0.5	0.44	0.44	0	0	0.5
170800	0.49	0.44	0.44	0	0	0.49
170900	0.49	0.44	0.44	0	0	0.49
171000	0.49	0.44	0.44	0	0	0.49
171100	0.49	0.44	0.44	0	0	0.49
171200	0.49	0.44	0.44	0	0	0.49
171300	0.49	0.44	0.44	0	0	0.49
171400	0.49	0.44	0.44	0	0	0.49
171500	0.49	0.44	0.44	0	0	0.49
171600	0.49	0.44	0.44	0	0	0.49
171700	0.49	0.44	0.44	0	0	0.49
171800	0.49	0.44	0.44	0	0	0.49
171900	0.49	0.44	0.44	0	0	0.49
172000	0.49	0.44	0.44	0	0	0.49
172100	0.49	0.44	0.44	0	0	0.49
172200	0.49	0.44	0.44	0	0	0.49
172300	0.49	0.44	0.44	0	0	0.49
172400	0.49	0.44	0.44	0	0	0.49
172500	0.49	0.44	0.44	0	0	0.49
172600	0.49	0.44	0.44	0	0	0.49
172700	0.49	0.44	0.44	0	0	0.49
172800	0.49	0.44	0.44	0	0	0.49
172900	0.49	0.44	0.44	0	0	0.49
173000	0.49	0.44	0.44	0	0	0.49
173100	0.49	0.44	0.44	0	0	0.49
173200	0.49	0.44	0.44	0	0	0.49
173300	0.48	0.44	0.44	0	0	0.48
173400	0.48	0.44	0.44	0	0	0.48
173500	0.48	0.44	0.44	0	0	0.48
173600	0.48	0.44	0.44	0	0	0.48
173700	0.48	0.44	0.44	0	0	0.48
173800	0.48	0.44	0.44	0	0	0.48
173900	0.48	0.44	0.44	0	0	0.48
174000	0.48	0.44	0.44	0	0	0.48
174100	0.48	0.44	0.44	0	0	0.48
174200	0.48	0.44	0.44	0	0	0.48
174300	0.48	0.44	0.44	0	0	0.48
174400	0.48	0.44	0.44	0	0	0.48
174500	0.48	0.44	0.44	0	0	0.48
174600	0.48	0.44	0.44	0	0	0.48
174700	0.48	0.44	0.44	0	0	0.48
174800	0.48	0.44	0.44	0	0	0.48
174900	0.48	0.44	0.44	0	0	0.48
175000	0.48	0.44	0.44	0	0	0.48
175100	0.48	0.44	0.44	0	0	0.48
175200	0.48	0.44	0.44	0	0	0.48
175300	0.48	0.44	0.44	0	0	0.48
175400	0.48	0.44	0.44	0	0	0.48
175500	0.48	0.44	0.44	0	0	0.48
175600	0.48	0.44	0.44	0	0	0.48
175700	0.48	0.44	0.44	0	0	0.48
175800	0.48	0.44	0.44	0	0	0.48
175900	0.48	0.44	0.44	0	0	0.48
176000	0.48	0.44	0.44	0	0	0.48
176100	0.48	0.44	0.44	0	0	0.48
176200	0.48	0.44	0.44	0	0	0.48
176300	0.48	0.44	0.44	0	0	0.48
176400	0.48	0.44	0.44	0	0	0.48
176500	0.48	0.44	0.44	0	0	0.48
176600	0.48	0.44	0.44	0	0	0.48
176700	0.48	0.44	0.44	0	0	0.48
176800	0.48	0.44	0.44	0	0	0.48
176900	0.48	0.44	0.44	0	0	0.48
177000	0.48	0.44	0.44	0	0	0.48
177100	0.48	0.44	0.44	0	0	0.48
177200	0.48	0.44	0.44	0	0	0.48
177300	0.48	0.44	0.44	0	0	0.48
177400	0.48	0.44	0.44	0	0	0.48
177500	0.48	0.44	0.44	0	0	0.48
177600	0.48	0.44	0.44	0	0	0.48
177700	0.48	0.44	0.44	0	0	0.48
177800	0.48	0.44	0.44	0	0	0.48
177900	0.48	0.44	0.44	0	0	0.48
178000	0.48	0.45	0.45	0	0	0.48
178100	0.48	0.44	0.44	0	0	0.48
178200	0.48	0.44	0.44	0	0	0.48
178300	0.48	0.44	0.44	0	0	0.48
178400	0.48	0.44	0.44	0	0	0.48
178500	0.48	0.44	0.44	0	0	0.48
178600	0.48	0.44	0.44	0	0	0.48
178700	0.48	0.44	0.44	0	0	0.48
178800	0.48	0.44	0.44	0	0	0.48
178900	0.48	0.44	0.44	0	0	0.48
179000	0.48	0.44	0.44	0	0	0.48
179100	0.47	0.44	0.44	0	0	0.47
179200	0.47	0.45	0.45	0	0	0.47
179300	0.47	0.45	0.45	0	0	0.47
179400	0.47	0.45	0.45	0	0	0.47
179500	0.47	0.45	0.45	0	0	0.47
179600	0.47	0.45	0.45	0	0	0.47
179700	0.47	0.45	0.45	0	0	0.47
179800	0.47	0.45	0.45	0	0	0.47
179900	0.48	0.45	0.45	0	0	0.48
180000	0.48	0.45	0.45	0	0	0.48
180100	0.47	0.45	0.45	0	0	0.47
180200	0.47	0.45	0.45	0	0	0.47
180300	0.47	0.45	0.45	0	0	0.47
180400	0.47	0.45	0.45	0	0	0.47
180500	0.47	0.45	0.45	0	0	0.47
180600	0.47	0.45	0.45	0	0	0.47
180700	0.47	0.45	0.45	0	0	0.47
180800	0.47	0.45	0.45	0	0	0.47
180900	0.47	0.45	0.45	0	0	0.47
181000	0.47	0.45	0.45	0	0	0.47
181100	0.47	0.45	0.45	0	0	0.47
181200	0.47	0.45	0.45	0	0	0.47
181300	0.47	0.45	0.45	0	0	0.47
181400	0.47	0.45	0.45	0	0	0.47
181500	0.47	0.45	0.45	0	0	0.47
181600	0.47	0.45	0.45	0	0	0.47
181700	0.47	0.45	0.45	0	0	0.47
181800	0.47	0.45	0.45	0	0	0.47
181900	0.47	0.45	0.45	0	0	0.47
182000	0.47	0.45	0.45	0	0	0.47
182100	0.47	0.45	0.45	0	0	0.47
182200	0.47	0.45	0.45	0	0	0.47
182300	0.47	0.45	0.45	0	0	0.47
182400	0.47	0.45	0.45	0	0	0.47
182500	0.47	0.45	0.45	0	0	0.47
182600	0.47	0.45	0.45	0	0	0.47
182700	0.47	0.45	0.45	0	0	0.47
182800	0.47	0.45	0.45	0	0	0.47
182900	0.47	0.46	0.46	0	0	0.47
183000	0.47	0.46	0.46	0	0	0.47
183100	0.47	0.46	0.46	0	0	0.47
183200	0.47	0.46	0.46	0	0	0.47
183300	0.47	0.46	0.46	0	0	0.47
183400	0.47	0.46	0.46	0	0	0.47
183500	0.47	0.45	0.45	0	0	0.47
183600	0.47	0.45	0.45	0	0	0.47
183700	0.47	0.45	0.45	0	0	0.47
183800	0.47	0.45	0.45	0	0	0.47
183900	0.47	0.45	0.45	0	0	0.47
184000	0.47	0.45	0.45	0	0	0.47
184100	0.47	0.45	0.45	0	0	0.47
184200	0.47	0.45	0.45	0	0	0.47
184300	0.47	0.45	0.45	0	0	0.47
184400	0.47	0.45	0.45	0	0	0.47
184500	0.47	0.45	0.45	0	0	0.47
184600	0.47	0.45	0.45	0	0	0.47
184700	0.47	0.45	0.45	0	0	0.47
184800	0.47	0.45	0.45	0	0	0.47
184900	0.48	0.45	0.45	0	0	0.48
185000	0.48	0.45	0.45	0	0	0.48
185100	0.48	0.45	0.45	0	0	0.48
185200	0.48	0.45	0.45	0	0	0.48
185300	0.48	0.45	0.45	0	0	0.48
185400	0.48	0.45	0.45	0	0	0.48
185500	0.48	0.45	0.45	0	0	0.48
185600	0.48	0.45	0.45	0	0	0.48
185700	0.48	0.45	0.45	0	0	0.48
185800	0.48	0.45	0.45	0	0	0.48
185900	0.48	0.45	0.45	0	0	0.48
186000	0.48	0.45	0.45	0	0	0.48
186100	0.48	0.45	0.45	0	0	0.48
186200	0.48	0.45	0.45	0	0	0.48
186300	0.48	0.45	0.45	0	0	0.48
186400	0.48	0.45	0.45	0	0	0.48
186500	0.48	0.45	0.45	0	0	0.48
186600	0.48	0.45	0.45	0	0	0.48
186700	0.48	0.45	0.45	0	0	0.48
186800	0.48	0.45	0.45	0	0	0.48
186900	0.48	0.45	0.45	0	0	0.48
187000	0.48	0.45	0.45	0	0	0.48
187100	0.48	0.45	0.45	0	0	0.48
187200	0.48	0.45	0.45	0	0	0.48
187300	0.48	0.45	0.45	0	0	0.48
187400	0.48	0.45	0.45	0	0	0.48
187500	0.48	0.45	0.45	0	0	0.48
187600	0.48	0.45	0.45	0	0	0.48
187700	0.48	0.45	0.45	0	0	0.48
187800	0.48	0.45	0.45	0	0	0.48
187900	0.48	0.45	0.45	0	0	0.48
188000	0.48	0.45	0.45	0	0	0.48
188100	0.48	0.45	0.45	0	0	0.48
188200	0.48	0.45	0.45	0	0	0.48
188300	0.48	0.45	0.45	0	0	0.48
188400	0.48	0.45	0.45	0	0	0.48
188500	0.48	0.45	0.45	0	0	0.48
188600	0.49	0.45	0.45	0	0	0.49
188700	0.49	0.45	0.45	0	0	0.49
188800	0.49	0.45	0.45	0	0	0.49
188900	0.49	0.45	0.45	0	0	0.49
189000	0.49	0.45	0.45	0	0	0.49
189100	0.5	0.45	0.45	0	0	0.5
189200	0.5	0.45	0.45	0	0	0.5
189300	0.5	0.45	0.45	0	0	0.5
189400	0.5	0.45	0.45	0	0	0.5
189500	0.5	0.45	0.45	0	0	0.5
189600	0.5	0.45	0.45	0	0	0.5
189700	0.5	0.45	0.45	0	0	0.5
189800	0.5	0.45	0.45	0	0	0.5
189900	0.51	0.45	0.45	0	0	0.51
190000	0.51	0.45	0.45	0	0	0.51
190100	0.51	0.45	0.45	0	0	0.51
190200	0.51	0.45	0.45	0	0	0.51
190300	0.51	0.45	0.45	0	0	0.51
190400	0.51	0.45	0.45	0	0	0.51
190500	0.51	0.45	0.45	0	0	0.51
190600	0.51	0.45	0.45	0	0	0.51
190700	0.51	0.45	0.45	0	0	0.51
190800	0.51	0.45	0.45	0	0	0.51
190900	0.51	0.45	0.45	0	0	0.51
191000	0.51	0.45	0.45	0	0	0.51
191100	0.51	0.45	0.45	0	0	0.51
191200	0.51	0.45	0.45	0	0	0.51
191300	0.51	0.45	0.45	0	0	0.51
191400	0.51	0.45	0.45	0	0	0.51
191500	0.51	0.45	0.45	0	0	0.51
191600	0.51	0.45	0.45	0	0	0.51
191700	0.51	0.45	0.45	0	0	0.51
191800	0.51	0.45	0.45	0	0	0.51
191900	0.51	0.45	0.45	0	0	0.51
192000	0.51	0.45	0.45	0	0	0.51
192100	0.51	0.45	0.45	0	0	0.51
192200	0.5	0.45	0.45	0	0	0.5
192300	0.49	0.45	0.45	0	0	0.49
192400	0.49	0.45	0.45	0	0	0.49
192500	0.49	0.45	0.45	0	0	0.49
192600	0.49	0.45	0.45	0	0	0.49
192700	0.49	0.45	0.45	0	0	0.49
192800	0.49	0.45	0.45	0	0	0.49
192900	0.49	0.45	0.45	0	0	0.49
193000	0.49	0.45	0.45	0	0	0.49
193100	0.49	0.45	0.45	0	0	0.49
193200	0.5	0.45	0.45	0	0	0.5
193300	0.5	0.45	0.45	0	0	0.5
193400	0.5	0.45	0.45	0	0	0.5
193500	0.5	0.45	0.45	0	0	0.5
193600	0.5	0.45	0.45	0	0	0.5
193700	0.5	0.45	0.45	0	0	0.5
193800	0.5	0.45	0.45	0	0	0.5
193900	0.5	0.45	0.45	0	0	0.5
194000	0.5	0.45	0.45	0	0	0.5
194100	0.5	0.45	0.45	0	0	0.5
194200	0.5	0.45	0.45	0	0	0.5
194300	0.51	0.45	0.45	0	0	0.51
194400	0.51	0.45	0.45	0	0	0.51
194500	0.51	0.45	0.45	0	0	0.51
194600	0.51	0.45	0.45	0	0	0.51
194700	0.51	0.45	0.45	0	0	0.51
194800	0.51	0.45	0.45	0	0	0.51
194900	0.51	0.45	0.45	0	0	0.51
195000	0.51	0.45	0.45	0	0	0.51
195100	0.51	0.45	0.45	0	0	0.51
195200	0.51	0.45	0.45	0	0	0.51
195300	0.51	0.45	0.45	0	0	0.51
195400	0.51	0.45	0.45	0	0	0.51
195500	0.51	0.45	0.45	0	0	0.51
195600	0.51	0.45	0.45	0	0	0.51
195700	0.51	0.45	0.45	0	0	0.51
195800	0.51	0.45	0.45	0	0	0.51
195900	0.51	0.45	0.45	0	0	0.51
196000	0.51	0.45	0.45	0	0	0.51
196100	0.51	0.45	0.45	0	0	0.51
196200	0.51	0.45	0.45	0	0	0.51
196300	0.51	0.45	0.45	0	0	0.51
196400	0.51	0.45	0.45	0	0	0.51
196500	0.51	0.45	0.45	0	0	0.51
196600	0.51	0.45	0.45	0	0	0.51
196700	0.51	0.45	0.45	0	0	0.51
196800	0.5	0.45	0.45	0	0	0.5
196900	0.5	0.45	0.45	0	0	0.5
197000	0.5	0.45	0.45	0	0	0.5
197100	0.5	0.45	0.45	0	0	0.5
197200	0.5	0.45	0.45	0	0	0.5
197300	0.51	0.45	0.45	0	0	0.51
197400	0.51	0.45	0.45	0	0	0.51
197500	0.51	0.45	0.45	0	0	0.51
197600	0.51	0.45	0.45	0	0	0.51
197700	0.51	0.45	0.45	0	0	0.51
197800	0.51	0.45	0.45	0	0	0.51
197900	0.51	0.45	0.45	0	0	0.51
198000	0.51	0.45	0.45	0	0	0.51
198100	0.51	0.45	0.45	0	0	0.51
198200	0.51	0.45	0.45	0	0	0.51
198300	0.51	0.45	0.45	0	0	0.51
198400	0.51	0.45	0.45	0	0	0.51
198500	0.51	0.45	0.45	0	0	0.51
198600	0.51	0.45	0.45	0	0	0.51
198700	0.51	0.45	0.45	0	0	0.51
198800	0.51	0.45	0.45	0	0	0.51
198900	0.51	0.45	0.45	0	0	0.51
199000	0.51	0.45	0.45	0	0	0.51
199100	0.51	0.45	0.45	0	0	0.51
199200	0.51	0.45	0.45	0	0	0.51
199300	0.51	0.45	0.45	0	0	0.51
199400	0.51	0.45	0.45	0	0	0.51
199500	0.51	0.45	0.45	0	0	0.51
199600	0.51	0.45	0.45	0	0	0.51
199700	0.51	0.45	0.45	0	0	0.51
199800	0.51	0.45	0.45	0	0	0.51
199900	0.51	0.45	0.45	0	0	0.51
200000	0.51	0.45	0.45	0	0	0.51
200100	0.51	0.45	0.45	0	0	0.51
200200	0.51	0.45	0.45	0	0	0.51
200300	0.51	0.45	0.45	0	0	0.51
200400	0.51	0.45	0.45	0	0	0.51
200500	0.51	0.45	0.45	0	0	0.51
200600	0.51	0.45	0.45	0	0	0.51
200700	0.51	0.45	0.45	0	0	0.51
200800	0.51	0.45	0.45	0	0	0.51
200900	0.51	0.45	0.45	0	0	0.51
201000	0.51	0.45	0.45	0	0	0.51
201100	0.51	0.45	0.45	0	0	0.51
201200	0.51	0.45	0.45	0	0	0.51
201300	0.51	0.45	0.45	0	0	0.51
201400	0.51	0.45	0.45	0	0	0.51
201500	0.51	0.45	0.45	0	0	0.51
201600	0.51	0.45	0.45	0	0	0.51
201700	0.51	0.45	0.45	0	0	0.51
201800	0.51	0.45	0.45	0	0	0.51
201900	0.51	0.45	0.45	0	0	0.51
202000	0.51	0.45	0.45	0	0	0.51
202100	0.51	0.45	0.45	0	0	0.51
202200	0.51	0.45	0.45	0	0	0.51
202300	0.51	0.45	0.45	0	0	0.51
202400	0.51	0.45	0.45	0	0	0.51
202500	0.51	0.45	0.45	0	0	0.51
202600	0.51	0.45	0.45	0	0	0.51
202700	0.51	0.45	0.45	0	0	0.51
202800	0.51	0.45	0.45	0	0	0.51
202900	0.51	0.45	0.45	0	0	0.51
203000	0.51	0.45	0.45	0	0	0.51
203100	0.51	0.45	0.45	0	0	0.51
203200	0.51	0.45	0.45	0	0	0.51
203300	0.51	0.45	0.45	0	0	0.51
203400	0.51	0.45	0.45	0	0	0.51
203500	0.51	0.45	0.45	0	0	0.51
203600	0.51	0.45	0.45	0	0	0.51
203700	0.51	0.45	0.45	0	0	0.51
203800	0.51	0.45	0.45	0	0	0.51
203900	0.51	0.45	0.45	0	0	0.51
204000	0.51	0.45	0.45	0	0	0.51
204100	0.51	0.45	0.45	0	0	0.51
204200	0.51	0.45	0.45	0	0	0.51
204300	0.51	0.45	0.45	0	0	0.51
204400	0.51	0.45	0.45	0	0	0.51
204500	0.51	0.45	0.45	0	0	0.51
204600	0.51	0.45	0.45	0	0	0.51
204700	0.51	0.45	0.45	0	0	0.51
204800	0.51	0.45	0.45	0	0	0.51
204900	0.51	0.45	0.45	0	0	0.51
205000	0.51	0.45	0.45	0	0	0.51
205100	0.51	0.45	0.45	0	0	0.51
205200	0.51	0.45	0.45	0	0	0.51
205300	0.51	0.45	0.45	0	0	0.51
205400	0.51	0.45	0.45	0	0	0.51
205500	0.51	0.45	0.45	0	0	0.51
205600	0.51	0.45	0.45	0	0	0.51
205700	0.51	0.45	0.45	0	0	0.51
205800	0.51	0.45	0.45	0	0	0.51
205900	0.51	0.45	0.45	0	0	0.51
206000	0.51	0.45	0.45	0	0	0.51
206100	0.51	0.45	0.45	0	0	0.51
206200	0.51	0.45	0.45	0	0	0.51
206300	0.51	0.45	0.45	0	0	0.51
206400	0.51	0.45	0.45	0	0	0.51
206500	0.51	0.45	0.45	0	0	0.51
206600	0.51	0.45	0.45	0	0	0.51
206700	0.51	0.45	0.45	0	0	0.51
206800	0.51	0.45	0.45	0	0	0.51
206900	0.5	0.45	0.45	0	0	0.5
207000	0.5	0.45	0.45	0	0	0.5
207100	0.5	0.45	0.45	0	0	0.5
207200	0.5	0.45	0.45	0	0	0.5
207300	0.5	0.45	0.45	0	0	0.5
207400	0.5	0.45	0.45	0	0	0.5
207500	0.5	0.45	0.45	0	0	0.5
207600	0.5	0.45	0.45	0	0	0.5
207700	0.5	0.45	0.45	0	0	0.5
207800	0.5	0.45	0.45	0	0	0.5
207900	0.5	0.45	0.45	0	0	0.5
208000	0.5	0.45	0.45	0	0	0.5
208100	0.5	0.45	0.45	0	0	0.5
208200	0.5	0.45	0.45	0	0	0.5
208300	0.5	0.45	0.45	0	0	0.5
208400	0.5	0.45	0.45	0	0	0.5
208500	0.5	0.45	0.45	0	0	0.5
208600	0.5	0.45	0.45	0	0	0.5
208700	0.5	0.45	0.45	0	0	0.5
208800	0.5	0.45	0.45	0	0	0.5
208900	0.5	0.45	0.45	0	0	0.5
209000	0.5	0.45	0.45	0	0	0.5
209100	0.5	0.45	0.45	0	0	0.5
209200	0.5	0.45	0.45	0	0	0.5
209300	0.5	0.45	0.45	0	0	0.5
209400	0.5	0.45	0.45	0	0	0.5
209500	0.5	0.45	0.45	0	0	0.5
209600	0.5	0.45	0.45	0	0	0.5
209700	0.5	0.45	0.45	0	0	0.5
209800	0.5	0.45	0.45	0	0	0.5
209900	0.5	0.45	0.45	0	0	0.5
210000	0.5	0.45	0.45	0	0	0.5
210100	0.5	0.45	0.45	0	0	0.5
210200	0.5	0.45	0.45	0	0	0.5
210300	0.51	0.45	0.45	0	0	0.51
210400	0.5	0.45	0.45	0	0	0.5
210500	0.5	0.45	0.45	0	0	0.5
210600	0.5	0.45	0.45	0	0	0.5
210700	0.5	0.45	0.45	0	0	0.5
210800	0.5	0.45	0.45	0	0	0.5
210900	0.5	0.45	0.45	0	0	0.5
211000	0.5	0.45	0.45	0	0	0.5
211100	0.5	0.45	0.45	0	0	0.5
211200	0.5	0.45	0.45	0	0	0.5
211300	0.5	0.45	0.45	0	0	0.5
211400	0.5	0.45	0.45	0	0	0.5
211500	0.5	0.45	0.45	0	0	0.5
211600	0.5	0.45	0.45	0	0	0.5
211700	0.5	0.45	0.45	0	0	0.5
211800	0.5	0.45	0.45	0	0	0.5
211900	0.5	0.45	0.45	0	0	0.5
212000	0.5	0.45	0.45	0	0	0.5
212100	0.5	0.45	0.45	0	0	0.5
212200	0.51	0.45	0.45	0	0	0.51
212300	0.51	0.45	0.45	0	0	0.51
212400	0.5	0.45	0.45	0	0	0.5
212500	0.5	0.45	0.45	0	0	0.5
212600	0.5	0.45	0.45	0	0	0.5
212700	0.5	0.45	0.45	0	0	0.5
212800	0.5	0.45	0.45	0	0	0.5
212900	0.5	0.45	0.45	0	0	0.5
213000	0.5	0.45	0.45	0	0	0.5
213100	0.5	0.45	0.45	0	0	0.5
213200	0.5	0.45	0.45	0	0	0.5
213300	0.5	0.45	0.45	0	0	0.5
213400	0.5	0.45	0.45	0	0	0.5
213500	0.51	0.45	0.45	0	0	0.51
213600	0.51	0.45	0.45	0	0	0.51
213700	0.51	0.45	0.45	0	0	0.51
213800	0.51	0.45	0.45	0	0	0.51
213900	0.51	0.45	0.45	0	0	0.51
214000	0.51	0.45	0.45	0	0	0.51
214100	0.51	0.45	0.45	0	0	0.51
214200	0.51	0.45	0.45	0	0	0.51
214300	0.51	0.45	0.45	0	0	0.51
214400	0.51	0.45	0.45	0	0	0.51
214500	0.51	0.45	0.45	0	0	0.51
214600	0.51	0.45	0.45	0	0	0.51
214700	0.51	0.45	0.45	0	0	0.51
214800	0.51	0.45	0.45	0	0	0.51
214900	0.51	0.45	0.45	0	0	0.51
215000	0.51	0.45	0.45	0	0	0.51
215100	0.51	0.45	0.45	0	0	0.51
215200	0.51	0.45	0.45	0	0	0.51
215300	0.51	0.45	0.45	0	0	0.51
215400	0.51	0.45	0.45	0	0	0.51
215500	0.51	0.45	0.45	0	0	0.51
215600	0.51	0.45	0.45	0	0	0.51
215700	0.51	0.45	0.45	0	0	0.51
215800	0.51	0.45	0.45	0	0	0.51
215900	0.51	0.45	0.45	0	0	0.51
216000	0.51	0.45	0.45	0	0	0.51
216100	0.51	0.45	0.45	0	0	0.51
216200	0.51	0.45	0.45	0	0	0.51
216300	0.51	0.45	0.45	0	0	0.51
216400	0.51	0.45	0.45	0	0	0.51
216500	0.51	0.45	0.45	0	0	0.51
216600	0.51	0.45	0.45	0	0	0.51
216700	0.51	0.45	0.45	0	0	0.51
216800	0.51	0.45	0.45	0	0	0.51
216900	0.51	0.45	0.45	0	0	0.51
217000	0.51	0.45	0.45	0	0	0.51
217100	0.51	0.45	0.45	0	0	0.51
217200	0.51	0.45	0.45	0	0	0.51
217300	0.51	0.45	0.45	0	0	0.51
217400	0.51	0.45	0.45	0	0	0.51
217500	0.51	0.45	0.45	0	0	0.51
217600	0.51	0.45	0.45	0	0	0.51
217700	0.51	0.45	0.45	0	0	0.51
217800	0.51	0.45	0.45	0	0	0.51
217900	0.51	0.45	0.45	0	0	0.51
218000	0.51	0.45	0.45	0	0	0.51
218100	0.51	0.45	0.45	0	0	0.51
218200	0.51	0.45	0.45	0	0	0.51
218300	0.51	0.45	0.45	0	0	0.51
218400	0.51	0.45	0.45	0	0	0.51
218500	0.51	0.45	0.45	0	0	0.51
218600	0.52	0.45	0.45	0	0	0.52
218700	0.52	0.45	0.45	0	0	0.52
218800	0.52	0.45	0.45	0	0	0.52
218900	0.52	0.45	0.45	0	0	0.52
219000	0.52	0.45	0.45	0	0	0.52
219100	0.52	0.45	0.45	0	0	0.52
219200	0.52	0.45	0.45	0	0	0.52
219300	0.52	0.45	0.45	0	0	0.52
219400	0.52	0.45	0.45	0	0	0.52
219500	0.52	0.45	0.45	0	0	0.52
219600	0.52	0.45	0.45	0	0	0.52
219700	0.52	0.45	0.45	0	0	0.52
219800	0.52	0.45	0.45	0	0	0.52
219900	0.52	0.45	0.45	0	0	0.52
220000	0.52	0.45	0.45	0	0	0.52
220100	0.5	0.45	0.45	0	0	0.5
220200	0.5	0.45	0.45	0	0	0.5
220300	0.5	0.45	0.45	0	0	0.5
220400	0.5	0.45	0.45	0	0	0.5
220500	0.5	0.45	0.45	0	0	0.5
220600	0.5	0.45	0.45	0	0	0.5
220700	0.5	0.45	0.45	0	0	0.5
220800	0.5	0.45	0.45	0	0	0.5
220900	0.5	0.45	0.45	0	0	0.5
221000	0.5	0.45	0.45	0	0	0.5
221100	0.5	0.45	0.45	0	0	0.5
221200	0.5	0.45	0.45	0	0	0.5
221300	0.5	0.45	0.45	0	0	0.5
221400	0.5	0.45	0.45	0	0	0.5
221500	0.5	0.45	0.45	0	0	0.5
221600	0.5	0.45	0.45	0	0	0.5
221700	0.5	0.45	0.45	0	0	0.5
221800	0.5	0.45	0.45	0	0	0.5
221900	0.5	0.45	0.45	0	0	0.5
222000	0.5	0.45	0.45	0	0	0.5
222100	0.5	0.45	0.45	0	0	0.5
222200	0.5	0.45	0.45	0	0	0.5
222300	0.5	0.45	0.45	0	0	0.5
222400	0.5	0.45	0.45	0	0	0.5
222500	0.5	0.45	0.45	0	0	0.5
222600	0.5	0.45	0.45	0	0	0.5
222700	0.5	0.45	0.45	0	0	0.5
222800	0.51	0.45	0.45	0	0	0.51
222900	0.51	0.45	0.45	0	0	0.51
223000	0.51	0.45	0.45	0	0	0.51
223100	0.51	0.45	0.45	0	0	0.51
223200	0.51	0.45	0.45	0	0	0.51
223300	0.51	0.45	0.45	0	0	0.51
223400	0.51	0.45	0.45	0	0	0.51
223500	0.51	0.45	0.45	0	0	0.51
223600	0.51	0.45	0.45	0	0	0.51
223700	0.51	0.45	0.45	0	0	0.51
223800	0.51	0.45	0.45	0	0	0.51
223900	0.51	0.45	0.45	0	0	0.51
224000	0.51	0.45	0.45	0	0	0.51
224100	0.51	0.45	0.45	0	0	0.51
224200	0.51	0.45	0.45	0	0	0.51
224300	0.51	0.45	0.45	0	0	0.51
224400	0.51	0.45	0.45	0	0	0.51
224500	0.51	0.45	0.45	0	0	0.51
224600	0.51	0.45	0.45	0	0	0.51
224700	0.51	0.45	0.45	0	0	0.51
224800	0.51	0.45	0.45	0	0	0.51
224900	0.51	0.45	0.45	0	0	0.51
225000	0.51	0.45	0.45	0	0	0.51
225100	0.51	0.45	0.45	0	0	0.51
225200	0.51	0.45	0.45	0	0	0.51
225300	0.51	0.45	0.45	0	0	0.51
225400	0.51	0.45	0.45	0	0	0.51
225500	0.51	0.45	0.45	0	0	0.51
225600	0.51	0.45	0.45	0	0	0.51
225700	0.51	0.45	0.45	0	0	0.51
225800	0.51	0.45	0.45	0	0	0.51
225900	0.51	0.45	0.45	0	0	0.51
226000	0.51	0.45	0.45	0	0	0.51
226100	0.51	0.45	0.45	0	0	0.51
226200	0.51	0.45	0.45	0	0	0.51
226300	0.51	0.45	0.45	0	0	0.51
226400	0.51	0.45	0.45	0	0	0.51
226500	0.51	0.45	0.45	0	0	0.51
226600	0.51	0.45	0.45	0	0	0.51
226700	0.51	0.45	0.45	0	0	0.51
226800	0.51	0.45	0.45	0	0	0.51
226900	0.51	0.45	0.45	0	0	0.51
227000	0.51	0.45	0.45	0	0	0.51
227100	0.51	0.45	0.45	0	0	0.51
227200	0.51	0.45	0.45	0	0	0.51
227300	0.51	0.45	0.45	0	0	0.51
227400	0.51	0.45	0.45	0	0	0.51
227500	0.51	0.45	0.45	0	0	0.51
227600	0.51	0.45	0.45	0	0	0.51
227700	0.51	0.45	0.45	0	0	0.51
227800	0.51	0.45	0.45	0	0	0.51
227900	0.51	0.45	0.45	0	0	0.51
228000	0.51	0.45	0.45	0	0	0.51
228100	0.51	0.45	0.45	0	0	0.51
228200	0.51	0.45	0.45	0	0	0.51
228300	0.51	0.45	0.45	0	0	0.51
228400	0.51	0.45	0.45	0	0	0.51
228500	0.51	0.45	0.45	0	0	0.51
228600	0.51	0.45	0.45	0	0	0.51
228700	0.51	0.45	0.45	0	0	0.51
228800	0.51	0.45	0.45	0	0	0.51
228900	0.51	0.45	0.45	0	0	0.51
229000	0.5	0.45	0.45	0	0	0.5
229100	0.5	0.45	0.45	0	0	0.5
229200	0.5	0.45	0.45	0	0	0.5
229300	0.5	0.45	0.45	0	0	0.5
229400	0.5	0.45	0.45	0	0	0.5
229500	0.5	0.45	0.45	0	0	0.5
229600	0.5	0.45	0.45	0	0	0.5
229700	0.5	0.45	0.45	0	0	0.5
229800	0.5	0.45	0.45	0	0	0.5
229900	0.5	0.45	0.45	0	0	0.5
230000	0.5	0.45	0.45	0	0	0.5
230100	0.5	0.45	0.45	0	0	0.5
230200	0.5	0.45	0.45	0	0	0.5
230300	0.5	0.45	0.45	0	0	0.5
230400	0.5	0.45	0.45	0	0	0.5
230500	0.5	0.45	0.45	0	0	0.5
230600	0.5	0.45	0.45	0	0	0.5
230700	0.5	0.45	0.45	0	0	0.5
230800	0.5	0.45	0.45	0	0	0.5
230900	0.5	0.45	0.45	0	0	0.5
231000	0.5	0.45	0.45	0	0	0.5
231100	0.5	0.45	0.45	0	0	0.5
231200	0.5	0.45	0.45	0	0	0.5
231300	0.5	0.45	0.45	0	0	0.5
231400	0.5	0.45	0.45	0	0	0.5
231500	0.5	0.45	0.45	0	0	0.5
231600	0.5	0.45	0.45	0	0	0.5
231700	0.51	0.45	0.45	0	0	0.51
231800	0.5	0.45	0.45	0	0	0.5
231900	0.5	0.45	0.45	0	0	0.5
232000	0.5	0.45	0.45	0	0	0.5
232100	0.5	0.45	0.45	0	0	0.5
232200	0.5	0.45	0.45	0	0	0.5
232300	0.5	0.45	0.45	0	0	0.5
232400	0.5	0.45	0.45	0	0	0.5
232500	0.5	0.45	0.45	0	0	0.5
232600	0.5	0.45	0.45	0	0	0.5
232700	0.5	0.45	0.45	0	0	0.5
232800	0.5	0.45	0.45	0	0	0.5
232900	0.51	0.45	0.45	0	0	0.51
233000	0.51	0.45	0.45	0	0	0.51
233100	0.51	0.45	0.45	0	0	0.51
233200	0.51	0.45	0.45	0	0	0.51
233300	0.51	0.45	0.45	0	0	0.51
233400	0.51	0.45	0.45	0	0	0.51
233500	0.51	0.45	0.45	0	0	0.51
233600	0.51	0.45	0.45	0	0	0.51
233700	0.51	0.45	0.45	0	0	0.51
233800	0.51	0.45	0.45	0	0	0.51
233900	0.51	0.45	0.45	0	0	0.51
234000	0.51	0.45	0.45	0	0	0.51
234100	0.5	0.45	0.45	0	0	0.5
234200	0.5	0.45	0.45	0	0	0.5
234300	0.5	0.45	0.45	0	0	0.5
234400	0.5	0.45	0.45	0	0	0.5
234500	0.5	0.45	0.45	0	0	0.5
234600	0.5	0.45	0.45	0	0	0.5
234700	0.5	0.45	0.45	0	0	0.5
234800	0.5	0.45	0.45	0	0	0.5
234900	0.5	0.45	0.45	0	0	0.5
235000	0.5	0.45	0.45	0	0	0.5
235100	0.5	0.45	0.45	0	0	0.5
235200	0.5	0.45	0.45	0	0	0.5
235300	0.5	0.45	0.45	0	0	0.5
235400	0.5	0.45	0.45	0	0	0.5
235500	0.5	0.45	0.45	0	0	0.5
235600	0.5	0.45	0.45	0	0	0.5
235700	0.5	0.45	0.45	0	0	0.5
235800	0.5	0.45	0.45	0	0	0.5
235900	0.5	0.45	0.45	0	0	0.5
236000	0.49	0.45	0.45	0	0	0.49
236100	0.49	0.45	0.45	0	0	0.49
236200	0.49	0.45	0.45	0	0	0.49
236300	0.49	0.45	0.45	0	0	0.49
236400	0.49	0.45	0.45	0	0	0.49
236500	0.49	0.45	0.45	0	0	0.49
236600	0.49	0.45	0.45	0	0	0.49
236700	0.49	0.45	0.45	0	0	0.49
236800	0.49	0.45	0.45	0	0	0.49
236900	0.49	0.45	0.45	0	0	0.49
237000	0.49	0.45	0.45	0	0	0.49
237100	0.49	0.45	0.45	0	0	0.49
237200	0.49	0.45	0.45	0	0	0.49
237300	0.49	0.45	0.45	0	0	0.49
237400	0.49	0.45	0.45	0	0	0.49
237500	0.49	0.45	0.45	0	0	0.49
237600	0.5	0.45	0.45	0	0	0.5
237700	0.51	0.45	0.45	0	0	0.51
237800	0.51	0.45	0.45	0	0	0.51
237900	0.5	0.45	0.45	0	0	0.5
238000	0.5	0.45	0.45	0	0	0.5
238100	0.5	0.45	0.45	0	0	0.5
238200	0.5	0.45	0.45	0	0	0.5
238300	0.5	0.45	0.45	0	0	0.5
238400	0.5	0.45	0.45	0	0	0.5
238500	0.5	0.46	0.46	0	0	0.5
238600	0.5	0.46	0.46	0	0	0.5
238700	0.5	0.46	0.46	0	0	0.5
238800	0.5	0.46	0.46	0	0	0.5
238900	0.5	0.46	0.46	0	0	0.5
239000	0.5	0.46	0.46	0	0	0.5
239100	0.5	0.46	0.46	0	0	0.5
239200	0.5	0.46	0.46	0	0	0.5
239300	0.5	0.46	0.46	0	0	0.5
239400	0.5	0.46	0.46	0	0	0.5
239500	0.5	0.46	0.46	0	0	0.5
239600	0.5	0.46	0.46	0	0	0.5
239700	0.5	0.46	0.46	0	0	0.5
239800	0.5	0.46	0.46	0	0	0.5
239900	0.5	0.46	0.46	0	0	0.5
240000	0.5	0.46	0.46	0	0	0.5
240100	0.5	0.46	0.46	0	0	0.5
240200	0.5	0.46	0.46	0	0	0.5
240300	0.5	0.46	0.46	0	0	0.5
240400	0.5	0.46	0.46	0	0	0.5
240500	0.5	0.46	0.46	0	0	0.5
240600	0.5	0.46	0.46	0	0	0.5
240700	0.5	0.46	0.46	0	0	0.5
240800	0.5	0.46	0.46	0	0	0.5
240900	0.5	0.46	0.46	0	0	0.5
241000	0.5	0.46	0.46	0	0	0.5
241100	0.5	0.46	0.46	0	0	0.5
241200	0.5	0.46	0.46	0	0	0.5
241300	0.5	0.46	0.46	0	0	0.5
241400	0.5	0.46	0.46	0	0	0.5
241500	0.5	0.46	0.46	0	0	0.5
241600	0.5	0.46	0.46	0	0	0.5
241700	0.5	0.46	0.46	0	0	0.5
241800	0.5	0.46	0.46	0	0	0.5
241900	0.5	0.46	0.46	0	0	0.5
242000	0.5	0.46	0.46	0	0	0.5
242100	0.5	0.46	0.46	0	0	0.5
242200	0.5	0.46	0.46	0	0	0.5
242300	0.5	0.46	0.46	0	0	0.5
242400	0.5	0.46	0.46	0	0	0.5
242500	0.49	0.46	0.46	0	0	0.49
242600	0.49	0.46	0.46	0	0	0.49
242700	0.49	0.46	0.46	0	0	0.49
242800	0.49	0.46	0.46	0	0	0.49
242900	0.49	0.46	0.46	0	0	0.49
243000	0.49	0.46	0.46	0	0	0.49
243100	0.49	0.46	0.46	0	0	0.49
243200	0.49	0.46	0.46	0	0	0.49
243300	0.49	0.46	0.46	0	0	0.49
243400	0.49	0.46	0.46	0	0	0.49
243500	0.49	0.46	0.46	0	0	0.49
243600	0.49	0.46	0.46	0	0	0.49
243700	0.49	0.46	0.46	0	0	0.49
243800	0.49	0.46	0.46	0	0	0.49
243900	0.49	0.46	0.46	0	0	0.49
244000	0.48	0.46	0.46	0	0	0.48
244100	0.48	0.46	0.46	0	0	0.48
244200	0.48	0.46	0.46	0	0	0.48
244300	0.48	0.46	0.46	0	0	0.48
244400	0.48	0.46	0.46	0	0	0.48
244500	0.48	0.46	0.46	0	0	0.48
244600	0.48	0.46	0.46	0	0	0.48
244700	0.48	0.46	0.46	0	0	0.48
244800	0.48	0.46	0.46	0	0	0.48
244900	0.48	0.46	0.46	0	0	0.48
245000	0.48	0.46	0.46	0	0	0.48
245100	0.48	0.46	0.46	0	0	0.48
245200	0.48	0.46	0.46	0	0	0.48
245300	0.48	0.46	0.46	0	0	0.48
245400	0.48	0.46	0.46	0	0	0.48
245500	0.48	0.46	0.46	0	0	0.48
245600	0.48	0.46	0.46	0	0	0.48
245700	0.49	0.46	0.46	0	0	0.49
245800	0.49	0.46	0.46	0	0	0.49
245900	0.5	0.46	0.46	0	0	0.5
246000	0.5	0.46	0.46	0	0	0.5
246100	0.5	0.46	0.46	0	0	0.5
246200	0.5	0.46	0.46	0	0	0.5
246300	0.5	0.46	0.46	0	0	0.5
246400	0.5	0.46	0.46	0	0	0.5
246500	0.5	0.46	0.46	0	0	0.5
246600	0.5	0.46	0.46	0	0	0.5
246700	0.5	0.46	0.46	0	0	0.5
246800	0.5	0.46	0.46	0	0	0.5
246900	0.5	0.46	0.46	0	0	0.5
247000	0.5	0.46	0.46	0	0	0.5
247100	0.5	0.46	0.46	0	0	0.5
247200	0.5	0.46	0.46	0	0	0.5
247300	0.5	0.46	0.46	0	0	0.5
247400	0.5	0.46	0.46	0	0	0.5
247500	0.5	0.46	0.46	0	0	0.5
247600	0.5	0.46	0.46	0	0	0.5
247700	0.5	0.46	0.46	0	0	0.5
247800	0.5	0.46	0.46	0	0	0.5
247900	0.5	0.46	0.46	0	0	0.5
248000	0.5	0.46	0.46	0	0	0.5
248100	0.5	0.46	0.46	0	0	0.5
248200	0.5	0.46	0.46	0	0	0.5
248300	0.5	0.46	0.46	0	0	0.5
248400	0.5	0.46	0.46	0	0	0.5
248500	0.5	0.46	0.46	0	0	0.5
248600	0.5	0.46	0.46	0	0	0.5
248700	0.5	0.46	0.46	0	0	0.5
248800	0.5	0.46	0.46	0	0	0.5
248900	0.51	0.46	0.46	0	0	0.51
249000	0.51	0.46	0.46	0	0	0.51
249100	0.51	0.46	0.46	0	0	0.51
249200	0.51	0.46	0.46	0	0	0.51
249300	0.51	0.46	0.46	0	0	0.51
249400	0.51	0.46	0.46	0	0	0.51
249500	0.51	0.46	0.46	0	0	0.51
249600	0.51	0.46	0.46	0	0	0.51
249700	0.51	0.46	0.46	0	0	0.51
249800	0.51	0.46	0.46	0	0	0.51
249900	0.51	0.46	0.46	0	0	0.51
250000	0.51	0.46	0.46	0	0	0.51
250100	0.51	0.46	0.46	0	0	0.51
250200	0.51	0.46	0.46	0	0	0.51
250300	0.51	0.46	0.46	0	0	0.51
250400	0.51	0.46	0.46	0	0	0.51
250500	0.51	0.46	0.46	0	0	0.51
250600	0.51	0.46	0.46	0	0	0.51
250700	0.51	0.46	0.46	0	0	0.51
250800	0.51	0.46	0.46	0	0	0.51
250900	0.51	0.46	0.46	0	0	0.51
251000	0.51	0.46	0.46	0	0	0.51
251100	0.51	0.46	0.46	0	0	0.51
251200	0.51	0.46	0.46	0	0	0.51
251300	0.51	0.46	0.46	0	0	0.51
251400	0.51	0.46	0.46	0	0	0.51
251500	0.51	0.46	0.46	0	0	0.51
251600	0.51	0.46	0.46	0	0	0.51
251700	0.51	0.46	0.46	0	0	0.51
251800	0.51	0.46	0.46	0	0	0.51
251900	0.51	0.46	0.46	0	0	0.51
252000	0.51	0.46	0.46	0	0	0.51
252100	0.51	0.46	0.46	0	0	0.51
252200	0.51	0.46	0.46	0	0	0.51
252300	0.51	0.46	0.46	0	0	0.51
252400	0.51	0.46	0.46	0	0	0.51
252500	0.51	0.46	0.46	0	0	0.51
252600	0.51	0.46	0.46	0	0	0.51
252700	0.51	0.46	0.46	0	0	0.51
252800	0.51	0.46	0.46	0	0	0.51
252900	0.51	0.46	0.46	0	0	0.51
253000	0.51	0.46	0.46	0	0	0.51
253100	0.51	0.46	0.46	0	0	0.51
253200	0.51	0.46	0.46	0	0	0.51
253300	0.51	0.46	0.46	0	0	0.51
253400	0.51	0.46	0.46	0	0	0.51
253500	0.51	0.46	0.46	0	0	0.51
253600	0.51	0.46	0.46	0	0	0.51
253700	0.51	0.46	0.46	0	0	0.51
253800	0.51	0.46	0.46	0	0	0.51
253900	0.51	0.46	0.46	0	0	0.51
254000	0.51	0.46	0.46	0	0	0.51
254100	0.51	0.46	0.46	0	0	0.51
254200	0.51	0.46	0.46	0	0	0.51
254300	0.51	0.46	0.46	0	0	0.51
254400	0.51	0.46	0.46	0	0	0.51
254500	0.51	0.46	0.46	0	0	0.51
254600	0.51	0.46	0.46	0	0	0.51
254700	0.51	0.46	0.46	0	0	0.51
254800	0.51	0.46	0.46	0	0	0.51
254900	0.51	0.46	0.46	0	0	0.51
255000	0.51	0.46	0.46	0	0	0.51
255100	0.51	0.46	0.46	0	0	0.51
255200	0.51	0.46	0.46	0	0	0.51
255300	0.51	0.46	0.46	0	0	0.51
255400	0.51	0.46	0.46	0	0	0.51
255500	0.51	0.46	0.46	0	0	0.51
255600	0.51	0.46	0.46	0	0	0.51
255700	0.51	0.46	0.46	0	0	0.51
255800	0.51	0.46	0.46	0	0	0.51
255900	0.51	0.46	0.46	0	0	0.51
256000	0.51	0.46	0.46	0	0	0.51
256100	0.51	0.46	0.46	0	0	0.51
256200	0.51	0.46	0.46	0	0	0.51
256300	0.51	0.46	0.46	0	0	0.51
256400	0.51	0.46	0.46	0	0	0.51
256500	0.51	0.46	0.46	0	0	0.51
256600	0.51	0.46	0.46	0	0	0.51
256700	0.51	0.46	0.46	0	0	0.51
256800	0.51	0.46	0.46	0	0	0.51
256900	0.51	0.46	0.46	0	0	0.51
257000	0.51	0.46	0.46	0	0	0.51
257100	0.51	0.46	0.46	0	0	0.51
257200	0.51	0.46	0.46	0	0	0.51
257300	0.51	0.46	0.46	0	0	0.51
257400	0.51	0.46	0.46	0	0	0.51
257500	0.51	0.46	0.46	0	0	0.51
257600	0.51	0.46	0.46	0	0	0.51
257700	0.51	0.46	0.46	0	0	0.51
257800	0.51	0.46	0.46	0	0	0.51
257900	0.51	0.46	0.46	0	0	0.51
258000	0.51	0.46	0.46	0	0	0.51
258100	0.51	0.46	0.46	0	0	0.51
258200	0.51	0.46	0.46	0	0	0.51
258300	0.51	0.46	0.46	0	0	0.51
258400	0.51	0.46	0.46	0	0	0.51
258500	0.51	0.46	0.46	0	0	0.51
258600	0.51	0.46	0.46	0	0	0.51
258700	0.51	0.46	0.46	0	0	0.51
258800	0.51	0.46	0.46	0	0	0.51
258900	0.51	0.46	0.46	0	0	0.51
259000	0.51	0.46	0.46	0	0	0.51
259100	0.51	0.46	0.46	0	0	0.51
259200	0.51	0.46	0.46	0	0	0.51
259300	0.51	0.46	0.46	0	0	0.51
259400	0.51	0.46	0.46	0	0	0.51
259500	0.51	0.46	0.46	0	0	0.51
259600	0.51	0.46	0.46	0	0	0.51
259700	0.51	0.46	0.46	0	0	0.51
259800	0.51	0.46	0.46	0	0	0.51
259900	0.51	0.46	0.46	0	0	0.51
260000	0.51	0.46	0.46	0	0	0.51
260100	0.51	0.46	0.46	0	0	0.51
260200	0.51	0.46	0.46	0	0	0.51
260300	0.51	0.46	0.46	0	0	0.51
260400	0.51	0.46	0.46	0	0	0.51
260500	0.51	0.46	0.46	0	0	0.51
260600	0.51	0.46	0.46	0	0	0.51
260700	0.51	0.46	0.46	0	0	0.51
260800	0.51	0.46	0.46	0	0	0.51
260900	0.51	0.46	0.46	0	0	0.51
261000	0.51	0.46	0.46	0	0	0.51
261100	0.51	0.46	0.46	0	0	0.51
261200	0.51	0.46	0.46	0	0	0.51
261300	0.51	0.46	0.46	0	0	0.51
261400	0.51	0.46	0.46	0	0	0.51
261500	0.51	0.46	0.46	0	0	0.51
261600	0.51	0.46	0.46	0	0	0.51
261700	0.51	0.46	0.46	0	0	0.51
261800	0.51	0.46	0.46	0	0	0.51
261900	0.51	0.46	0.46	0	0	0.51
262000	0.51	0.46	0.46	0	0	0.51
262100	0.52	0.46	0.46	0	0	0.52
262200	0.52	0.46	0.46	0	0	0.52
262300	0.52	0.46	0.46	0	0	0.52
262400	0.52	0.46	0.46	0	0	0.52
262500	0.52	0.46	0.46	0	0	0.52
262600	0.52	0.46	0.46	0	0	0.52
262700	0.52	0.46	0.46	0	0	0.52
262800	0.52	0.46	0.46	0	0	0.52
262900	0.52	0.46	0.46	0	0	0.52
263000	0.51	0.46	0.46	0	0	0.51
263100	0.51	0.46	0.46	0	0	0.51
263200	0.51	0.46	0.46	0	0	0.51
263300	0.51	0.46	0.46	0	0	0.51
263400	0.51	0.46	0.46	0	0	0.51
263500	0.51	0.46	0.46	0	0	0.51
263600	0.51	0.46	0.46	0	0	0.51
263700	0.51	0.46	0.46	0	0	0.51
263800	0.51	0.46	0.46	0	0	0.51
263900	0.51	0.46	0.46	0	0	0.51
264000	0.51	0.46	0.46	0	0	0.51
264100	0.52	0.46	0.46	0	0	0.52
264200	0.52	0.46	0.46	0	0	0.52
264300	0.52	0.46	0.46	0	0	0.52
264400	0.52	0.46	0.46	0	0	0.52
264500	0.52	0.46	0.46	0	0	0.52
264600	0.52	0.46	0.46	0	0	0.52
264700	0.52	0.46	0.46	0	0	0.52
264800	0.52	0.46	0.46	0	0	0.52
264900	0.52	0.46	0.46	0	0	0.52
265000	0.52	0.46	0.46	0	0	0.52
265100	0.52	0.46	0.46	0	0	0.52
265200	0.52	0.46	0.46	0	0	0.52
265300	0.52	0.46	0.46	0	0	0.52
265400	0.52	0.46	0.46	0	0	0.52
265500	0.52	0.46	0.46	0	0	0.52
265600	0.52	0.46	0.46	0	0	0.52
265700	0.52	0.46	0.46	0	0	0.52
265800	0.52	0.46	0.46	0	0	0.52
265900	0.52	0.46	0.46	0	0	0.52
266000	0.52	0.46	0.46	0	0	0.52
266100	0.52	0.46	0.46	0	0	0.52
266200	0.52	0.46	0.46	0	0	0.52
266300	0.52	0.46	0.46	0	0	0.52
266400	0.52	0.46	0.46	0	0	0.52
266500	0.52	0.46	0.46	0	0	0.52
266600	0.52	0.46	0.46	0	0	0.52
266700	0.52	0.46	0.46	0	0	0.52
266800	0.52	0.46	0.46	0	0	0.52
266900	0.52	0.46	0.46	0	0	0.52
267000	0.52	0.46	0.46	0	0	0.52
267100	0.52	0.46	0.46	0	0	0.52
267200	0.52	0.46	0.46	0	0	0.52
267300	0.52	0.46	0.46	0	0	0.52
267400	0.52	0.46	0.46	0	0	0.52
267500	0.52	0.46	0.46	0	0	0.52
267600	0.52	0.46	0.46	0	0	0.52
267700	0.52	0.46	0.46	0	0	0.52
267800	0.52	0.46	0.46	0	0	0.52
267900	0.52	0.46	0.46	0	0	0.52
268000	0.52	0.46	0.46	0	0	0.52
268100	0.52	0.46	0.46	0	0	0.52
268200	0.52	0.46	0.46	0	0	0.52
268300	0.52	0.46	0.46	0	0	0.52
268400	0.52	0.46	0.46	0	0	0.52
268500	0.52	0.46	0.46	0	0	0.52
268600	0.51	0.46	0.46	0	0	0.51
268700	0.51	0.46	0.46	0	0	0.51
268800	0.51	0.46	0.46	0	0	0.51
268900	0.51	0.46	0.46	0	0	0.51
269000	0.51	0.46	0.46	0	0	0.51
269100	0.51	0.46	0.46	0	0	0.51
269200	0.51	0.46	0.46	0	0	0.51
269300	0.51	0.46	0.46	0	0	0.51
269400	0.51	0.46	0.46	0	0	0.51
269500	0.51	0.46	0.46	0	0	0.51
269600	0.51	0.46	0.46	0	0	0.51
269700	0.51	0.46	0.46	0	0	0.51
269800	0.51	0.46	0.46	0	0	0.51
269900	0.51	0.46	0.46	0	0	0.51
270000	0.51	0.46	0.46	0	0	0.51
270100	0.51	0.46	0.46	0	0	0.51
270200	0.51	0.46	0.46	0	0	0.51
270300	0.51	0.46	0.46	0	0	0.51
270400	0.51	0.46	0.46	0	0	0.51
270500	0.51	0.46	0.46	0	0	0.51
270600	0.51	0.46	0.46	0	0	0.51
270700	0.51	0.46	0.46	0	0	0.51
270800	0.51	0.46	0.46	0	0	0.51
270900	0.51	0.46	0.46	0	0	0.51
271000	0.51	0.46	0.46	0	0	0.51
271100	0.51	0.46	0.46	0	0	0.51
271200	0.51	0.46	0.46	0	0	0.51
271300	0.51	0.46	0.46	0	0	0.51
271400	0.51	0.46	0.46	0	0	0.51
271500	0.51	0.46	0.46	0	0	0.51
271600	0.51	0.46	0.46	0	0	0.51
271700	0.51	0.46	0.46	0	0	0.51
271800	0.51	0.46	0.46	0	0	0.51
271900	0.51	0.46	0.46	0	0	0.51
272000	0.51	0.46	0.46	0	0	0.51
272100	0.51	0.46	0.46	0	0	0.51
272200	0.51	0.46	0.46	0	0	0.51
