100	0.07	0.07	0.07	0	0	0.07
200	0.05	0.07	0.07	0	0	0.05
300	0.05	0.07	0.07	0	0	0.05
400	0.06	0.07	0.07	0	0	0.06
500	0.07	0.05	0.05	0	0	0.07
600	0.09	0.06	0.06	0	0	0.09
700	0.1	0.05	0.05	0	0	0.1
800	0.11	0.05	0.05	0	0	0.11
900	0.12	0.05	0.05	0	0	0.12
1000	0.12	0.05	0.05	0	0	0.12
1100	0.12	0.06	0.06	0	0	0.12
1200	0.12	0.07	0.07	0	0	0.12
1300	0.12	0.09	0.09	0	0	0.12
1400	0.13	0.09	0.09	0	0	0.13
1500	0.13	0.11	0.11	0	0	0.13
1600	0.13	0.12	0.12	0	0	0.13
1700	0.13	0.14	0.14	0	0	0.13
1800	0.14	0.12	0.12	0	0	0.14
1900	0.15	0.13	0.13	0	0	0.15
2000	0.18	0.14	0.14	0	0	0.18
2100	0.18	0.12	0.12	0	0	0.18
2200	0.18	0.15	0.15	0	0	0.18
2300	0.19	0.15	0.15	0	0	0.19
2400	0.17	0.17	0.17	0	0	0.17
2500	0.17	0.17	0.17	0	0	0.17
2600	0.17	0.17	0.17	0	0	0.17
2700	0.16	0.15	0.15	0	0	0.16
2800	0.16	0.14	0.14	0	0	0.16
2900	0.16	0.14	0.14	0	0	0.16
3000	0.16	0.15	0.15	0	0	0.16
3100	0.16	0.18	0.18	0	0	0.16
3200	0.16	0.16	0.16	0	0	0.16
3300	0.16	0.16	0.16	0	0	0.16
3400	0.17	0.18	0.18	0	0	0.17
3500	0.17	0.15	0.15	0	0	0.17
3600	0.16	0.16	0.16	0	0	0.16
3700	0.16	0.15	0.15	0	0	0.16
3800	0.15	0.15	0.15	0	0	0.15
3900	0.15	0.16	0.16	0	0	0.15
4000	0.15	0.15	0.15	0	0	0.15
4100	0.15	0.16	0.16	0	0	0.15
4200	0.17	0.16	0.16	0	0	0.17
4300	0.17	0.17	0.17	0	0	0.17
4400	0.17	0.19	0.19	0	0	0.17
4500	0.18	0.19	0.19	0	0	0.18
4600	0.18	0.19	0.19	0	0	0.18
4700	0.17	0.18	0.18	0	0	0.17
4800	0.18	0.17	0.17	0	0	0.18
4900	0.17	0.18	0.18	0	0	0.17
5000	0.17	0.18	0.18	0	0	0.17
5100	0.17	0.16	0.16	0	0	0.17
5200	0.17	0.18	0.18	0	0	0.17
5300	0.17	0.19	0.19	0	0	0.17
5400	0.17	0.18	0.18	0	0	0.17
5500	0.17	0.2	0.2	0	0	0.17
5600	0.17	0.2	0.2	0	0	0.17
5700	0.17	0.21	0.21	0	0	0.17
5800	0.17	0.21	0.21	0	0	0.17
5900	0.16	0.22	0.22	0	0	0.16
6000	0.17	0.22	0.22	0	0	0.17
6100	0.18	0.23	0.23	0	0	0.18
6200	0.19	0.24	0.24	0	0	0.19
6300	0.19	0.23	0.23	0	0	0.19
6400	0.18	0.24	0.24	0	0	0.18
6500	0.18	0.23	0.23	0	0	0.18
6600	0.17	0.24	0.24	0	0	0.17
6700	0.17	0.26	0.26	0	0	0.17
6800	0.18	0.26	0.26	0	0	0.18
6900	0.18	0.24	0.24	0	0	0.18
7000	0.18	0.24	0.24	0	0	0.18
7100	0.19	0.24	0.24	0	0	0.19
7200	0.19	0.24	0.24	0	0	0.19
7300	0.19	0.24	0.24	0	0	0.19
7400	0.19	0.25	0.25	0	0	0.19
7500	0.19	0.25	0.25	0	0	0.19
7600	0.19	0.25	0.25	0	0	0.19
7700	0.2	0.24	0.24	0	0	0.2
7800	0.21	0.24	0.24	0	0	0.21
7900	0.21	0.24	0.24	0	0	0.21
8000	0.21	0.24	0.24	0	0	0.21
8100	0.22	0.26	0.26	0	0	0.22
8200	0.21	0.26	0.26	0	0	0.21
8300	0.21	0.26	0.26	0	0	0.21
8400	0.21	0.26	0.26	0	0	0.21
8500	0.21	0.27	0.27	0	0	0.21
8600	0.23	0.28	0.28	0	0	0.23
8700	0.22	0.27	0.27	0	0	0.22
8800	0.22	0.28	0.28	0	0	0.22
8900	0.22	0.28	0.28	0	0	0.22
9000	0.22	0.28	0.28	0	0	0.22
9100	0.22	0.28	0.28	0	0	0.22
9200	0.22	0.28	0.28	0	0	0.22
9300	0.22	0.29	0.29	0	0	0.22
9400	0.22	0.28	0.28	0	0	0.22
9500	0.23	0.29	0.29	0	0	0.23
9600	0.23	0.29	0.29	0	0	0.23
9700	0.23	0.29	0.29	0	0	0.23
9800	0.23	0.29	0.29	0	0	0.23
9900	0.22	0.3	0.3	0	0	0.22
10000	0.22	0.29	0.29	0	0	0.22
10100	0.22	0.3	0.3	0	0	0.22
10200	0.22	0.29	0.29	0	0	0.22
10300	0.22	0.3	0.3	0	0	0.22
10400	0.22	0.31	0.31	0	0	0.22
10500	0.22	0.3	0.3	0	0	0.22
10600	0.23	0.3	0.3	0	0	0.23
10700	0.23	0.3	0.3	0	0	0.23
10800	0.21	0.3	0.3	0	0	0.21
10900	0.21	0.3	0.3	0	0	0.21
11000	0.21	0.31	0.31	0	0	0.21
11100	0.19	0.31	0.31	0	0	0.19
11200	0.21	0.31	0.31	0	0	0.21
11300	0.2	0.33	0.33	0	0	0.2
11400	0.18	0.34	0.34	0	0	0.18
11500	0.19	0.35	0.35	0	0	0.19
11600	0.19	0.35	0.35	0	0	0.19
11700	0.18	0.34	0.34	0	0	0.18
11800	0.18	0.34	0.34	0	0	0.18
11900	0.18	0.34	0.34	0	0	0.18
12000	0.17	0.34	0.34	0	0	0.17
12100	0.17	0.34	0.34	0	0	0.17
12200	0.17	0.36	0.36	0	0	0.17
12300	0.18	0.37	0.37	0	0	0.18
12400	0.18	0.36	0.36	0	0	0.18
12500	0.17	0.36	0.36	0	0	0.17
12600	0.18	0.36	0.36	0	0	0.18
12700	0.18	0.36	0.36	0	0	0.18
12800	0.17	0.36	0.36	0	0	0.17
12900	0.17	0.36	0.36	0	0	0.17
13000	0.17	0.37	0.37	0	0	0.17
13100	0.16	0.37	0.37	0	0	0.16
13200	0.16	0.37	0.37	0	0	0.16
13300	0.16	0.37	0.37	0	0	0.16
13400	0.16	0.35	0.35	0	0	0.16
13500	0.17	0.35	0.35	0	0	0.17
13600	0.17	0.34	0.34	0	0	0.17
13700	0.18	0.33	0.33	0	0	0.18
13800	0.18	0.33	0.33	0	0	0.18
13900	0.17	0.33	0.33	0	0	0.17
14000	0.17	0.32	0.32	0	0	0.17
14100	0.18	0.33	0.33	0	0	0.18
14200	0.18	0.34	0.34	0	0	0.18
14300	0.18	0.35	0.35	0	0	0.18
14400	0.18	0.34	0.34	0	0	0.18
14500	0.18	0.34	0.34	0	0	0.18
14600	0.18	0.33	0.33	0	0	0.18
14700	0.17	0.33	0.33	0	0	0.17
14800	0.18	0.33	0.33	0	0	0.18
14900	0.18	0.33	0.33	0	0	0.18
15000	0.18	0.33	0.33	0	0	0.18
15100	0.18	0.33	0.33	0	0	0.18
15200	0.17	0.34	0.34	0	0	0.17
15300	0.19	0.35	0.35	0	0	0.19
15400	0.19	0.33	0.33	0	0	0.19
15500	0.19	0.33	0.33	0	0	0.19
15600	0.17	0.33	0.33	0	0	0.17
15700	0.17	0.33	0.33	0	0	0.17
15800	0.17	0.33	0.33	0	0	0.17
15900	0.18	0.32	0.32	0	0	0.18
16000	0.18	0.32	0.32	0	0	0.18
16100	0.17	0.32	0.32	0	0	0.17
16200	0.18	0.33	0.33	0	0	0.18
16300	0.18	0.33	0.33	0	0	0.18
16400	0.18	0.33	0.33	0	0	0.18
16500	0.18	0.33	0.33	0	0	0.18
16600	0.18	0.33	0.33	0	0	0.18
16700	0.18	0.33	0.33	0	0	0.18
16800	0.19	0.33	0.33	0	0	0.19
16900	0.19	0.34	0.34	0	0	0.19
17000	0.19	0.35	0.35	0	0	0.19
17100	0.19	0.36	0.36	0	0	0.19
17200	0.19	0.36	0.36	0	0	0.19
17300	0.19	0.38	0.38	0	0	0.19
17400	0.19	0.38	0.38	0	0	0.19
17500	0.19	0.38	0.38	0	0	0.19
17600	0.19	0.38	0.38	0	0	0.19
17700	0.2	0.37	0.37	0	0	0.2
17800	0.21	0.37	0.37	0	0	0.21
17900	0.2	0.38	0.38	0	0	0.2
18000	0.19	0.37	0.37	0	0	0.19
18100	0.19	0.37	0.37	0	0	0.19
18200	0.19	0.37	0.37	0	0	0.19
18300	0.19	0.37	0.37	0	0	0.19
18400	0.19	0.37	0.37	0	0	0.19
18500	0.19	0.37	0.37	0	0	0.19
18600	0.19	0.37	0.37	0	0	0.19
18700	0.2	0.36	0.36	0	0	0.2
18800	0.2	0.36	0.36	0	0	0.2
18900	0.21	0.36	0.36	0	0	0.21
19000	0.21	0.37	0.37	0	0	0.21
19100	0.21	0.36	0.36	0	0	0.21
19200	0.2	0.37	0.37	0	0	0.2
19300	0.2	0.38	0.38	0	0	0.2
19400	0.2	0.39	0.39	0	0	0.2
19500	0.21	0.39	0.39	0	0	0.21
19600	0.2	0.39	0.39	0	0	0.2
19700	0.2	0.39	0.39	0	0	0.2
19800	0.2	0.39	0.39	0	0	0.2
19900	0.19	0.39	0.39	0	0	0.19
20000	0.2	0.39	0.39	0	0	0.2
20100	0.21	0.39	0.39	0	0	0.21
20200	0.2	0.41	0.41	0	0	0.2
20300	0.21	0.41	0.41	0	0	0.21
20400	0.2	0.41	0.41	0	0	0.2
20500	0.2	0.41	0.41	0	0	0.2
20600	0.2	0.42	0.42	0	0	0.2
20700	0.21	0.4	0.4	0	0	0.21
20800	0.21	0.4	0.4	0	0	0.21
20900	0.22	0.4	0.4	0	0	0.22
21000	0.21	0.4	0.4	0	0	0.21
21100	0.21	0.4	0.4	0	0	0.21
21200	0.22	0.4	0.4	0	0	0.22
21300	0.22	0.4	0.4	0	0	0.22
21400	0.22	0.4	0.4	0	0	0.22
21500	0.22	0.39	0.39	0	0	0.22
21600	0.22	0.38	0.38	0	0	0.22
21700	0.22	0.38	0.38	0	0	0.22
21800	0.22	0.38	0.38	0	0	0.22
21900	0.22	0.38	0.38	0	0	0.22
22000	0.22	0.38	0.38	0	0	0.22
22100	0.21	0.38	0.38	0	0	0.21
22200	0.21	0.39	0.39	0	0	0.21
22300	0.21	0.39	0.39	0	0	0.21
22400	0.21	0.4	0.4	0	0	0.21
22500	0.21	0.4	0.4	0	0	0.21
22600	0.22	0.4	0.4	0	0	0.22
22700	0.22	0.41	0.41	0	0	0.22
22800	0.22	0.41	0.41	0	0	0.22
22900	0.22	0.41	0.41	0	0	0.22
23000	0.23	0.41	0.41	0	0	0.23
23100	0.22	0.41	0.41	0	0	0.22
23200	0.22	0.42	0.42	0	0	0.22
23300	0.22	0.43	0.43	0	0	0.22
23400	0.21	0.41	0.41	0	0	0.21
23500	0.21	0.41	0.41	0	0	0.21
23600	0.21	0.39	0.39	0	0	0.21
23700	0.21	0.41	0.41	0	0	0.21
23800	0.21	0.42	0.42	0	0	0.21
23900	0.2	0.43	0.43	0	0	0.2
24000	0.21	0.43	0.43	0	0	0.21
24100	0.21	0.42	0.42	0	0	0.21
24200	0.21	0.42	0.42	0	0	0.21
24300	0.21	0.42	0.42	0	0	0.21
24400	0.21	0.42	0.42	0	0	0.21
24500	0.21	0.42	0.42	0	0	0.21
24600	0.21	0.42	0.42	0	0	0.21
24700	0.21	0.42	0.42	0	0	0.21
24800	0.21	0.42	0.42	0	0	0.21
24900	0.21	0.44	0.44	0	0	0.21
25000	0.21	0.44	0.44	0	0	0.21
25100	0.21	0.43	0.43	0	0	0.21
25200	0.22	0.43	0.43	0	0	0.22
25300	0.21	0.43	0.43	0	0	0.21
25400	0.22	0.43	0.43	0	0	0.22
25500	0.22	0.43	0.43	0	0	0.22
25600	0.22	0.45	0.45	0	0	0.22
25700	0.22	0.44	0.44	0	0	0.22
25800	0.22	0.44	0.44	0	0	0.22
25900	0.22	0.44	0.44	0	0	0.22
26000	0.22	0.44	0.44	0	0	0.22
26100	0.22	0.43	0.43	0	0	0.22
26200	0.22	0.46	0.46	0	0	0.22
26300	0.21	0.46	0.46	0	0	0.21
26400	0.22	0.47	0.47	0	0	0.22
26500	0.22	0.48	0.48	0	0	0.22
26600	0.23	0.48	0.48	0	0	0.23
26700	0.24	0.49	0.49	0	0	0.24
26800	0.24	0.5	0.5	0	0	0.24
26900	0.23	0.51	0.51	0	0	0.23
27000	0.23	0.5	0.5	0	0	0.23
27100	0.22	0.5	0.5	0	0	0.22
27200	0.21	0.5	0.5	0	0	0.21
27300	0.21	0.5	0.5	0	0	0.21
27400	0.21	0.5	0.5	0	0	0.21
27500	0.2	0.5	0.5	0	0	0.2
27600	0.2	0.5	0.5	0	0	0.2
27700	0.2	0.49	0.49	0	0	0.2
27800	0.2	0.49	0.49	0	0	0.2
27900	0.2	0.49	0.49	0	0	0.2
28000	0.2	0.49	0.49	0	0	0.2
28100	0.2	0.5	0.5	0	0	0.2
28200	0.2	0.49	0.49	0	0	0.2
28300	0.2	0.49	0.49	0	0	0.2
28400	0.2	0.49	0.49	0	0	0.2
28500	0.2	0.49	0.49	0	0	0.2
28600	0.2	0.5	0.5	0	0	0.2
28700	0.2	0.5	0.5	0	0	0.2
28800	0.2	0.5	0.5	0	0	0.2
28900	0.2	0.5	0.5	0	0	0.2
29000	0.2	0.5	0.5	0	0	0.2
29100	0.21	0.5	0.5	0	0	0.21
29200	0.21	0.51	0.51	0	0	0.21
29300	0.21	0.51	0.51	0	0	0.21
29400	0.23	0.5	0.5	0	0	0.23
29500	0.22	0.5	0.5	0	0	0.22
29600	0.22	0.5	0.5	0	0	0.22
29700	0.22	0.5	0.5	0	0	0.22
29800	0.22	0.49	0.49	0	0	0.22
29900	0.22	0.5	0.5	0	0	0.22
30000	0.22	0.5	0.5	0	0	0.22
30100	0.22	0.5	0.5	0	0	0.22
30200	0.22	0.51	0.51	0	0	0.22
30300	0.21	0.51	0.51	0	0	0.21
30400	0.21	0.51	0.51	0	0	0.21
30500	0.21	0.51	0.51	0	0	0.21
30600	0.21	0.51	0.51	0	0	0.21
30700	0.22	0.51	0.51	0	0	0.22
30800	0.22	0.51	0.51	0	0	0.22
30900	0.22	0.5	0.5	0	0	0.22
31000	0.23	0.5	0.5	0	0	0.23
31100	0.23	0.49	0.49	0	0	0.23
31200	0.21	0.49	0.49	0	0	0.21
31300	0.21	0.48	0.48	0	0	0.21
31400	0.21	0.48	0.48	0	0	0.21
31500	0.21	0.49	0.49	0	0	0.21
31600	0.21	0.5	0.5	0	0	0.21
31700	0.21	0.5	0.5	0	0	0.21
31800	0.21	0.5	0.5	0	0	0.21
31900	0.22	0.49	0.49	0	0	0.22
32000	0.23	0.49	0.49	0	0	0.23
32100	0.23	0.49	0.49	0	0	0.23
32200	0.23	0.49	0.49	0	0	0.23
32300	0.24	0.49	0.49	0	0	0.24
32400	0.24	0.49	0.49	0	0	0.24
32500	0.24	0.5	0.5	0	0	0.24
32600	0.24	0.5	0.5	0	0	0.24
32700	0.24	0.5	0.5	0	0	0.24
32800	0.24	0.51	0.51	0	0	0.24
32900	0.24	0.5	0.5	0	0	0.24
33000	0.24	0.5	0.5	0	0	0.24
33100	0.25	0.5	0.5	0	0	0.25
33200	0.25	0.49	0.49	0	0	0.25
33300	0.25	0.5	0.5	0	0	0.25
33400	0.26	0.5	0.5	0	0	0.26
33500	0.25	0.51	0.51	0	0	0.25
33600	0.25	0.52	0.52	0	0	0.25
33700	0.25	0.52	0.52	0	0	0.25
33800	0.24	0.52	0.52	0	0	0.24
33900	0.24	0.52	0.52	0	0	0.24
34000	0.24	0.52	0.52	0	0	0.24
34100	0.24	0.52	0.52	0	0	0.24
34200	0.24	0.53	0.53	0	0	0.24
34300	0.25	0.53	0.53	0	0	0.25
34400	0.25	0.53	0.53	0	0	0.25
34500	0.24	0.53	0.53	0	0	0.24
34600	0.24	0.53	0.53	0	0	0.24
34700	0.24	0.53	0.53	0	0	0.24
34800	0.24	0.53	0.53	0	0	0.24
34900	0.24	0.53	0.53	0	0	0.24
35000	0.24	0.53	0.53	0	0	0.24
35100	0.24	0.53	0.53	0	0	0.24
35200	0.24	0.53	0.53	0	0	0.24
35300	0.23	0.53	0.53	0	0	0.23
35400	0.23	0.54	0.54	0	0	0.23
35500	0.23	0.53	0.53	0	0	0.23
35600	0.23	0.53	0.53	0	0	0.23
35700	0.23	0.54	0.54	0	0	0.23
35800	0.24	0.54	0.54	0	0	0.24
35900	0.24	0.54	0.54	0	0	0.24
36000	0.24	0.54	0.54	0	0	0.24
36100	0.24	0.56	0.56	0	0	0.24
36200	0.23	0.55	0.55	0	0	0.23
36300	0.23	0.55	0.55	0	0	0.23
36400	0.23	0.55	0.55	0	0	0.23
36500	0.24	0.56	0.56	0	0	0.24
36600	0.24	0.57	0.57	0	0	0.24
36700	0.24	0.56	0.56	0	0	0.24
36800	0.24	0.56	0.56	0	0	0.24
36900	0.23	0.56	0.56	0	0	0.23
37000	0.22	0.56	0.56	0	0	0.22
37100	0.22	0.56	0.56	0	0	0.22
37200	0.22	0.56	0.56	0	0	0.22
37300	0.22	0.56	0.56	0	0	0.22
37400	0.22	0.56	0.56	0	0	0.22
37500	0.21	0.56	0.56	0	0	0.21
37600	0.2	0.56	0.56	0	0	0.2
37700	0.2	0.56	0.56	0	0	0.2
37800	0.21	0.56	0.56	0	0	0.21
37900	0.21	0.56	0.56	0	0	0.21
38000	0.21	0.56	0.56	0	0	0.21
38100	0.21	0.56	0.56	0	0	0.21
38200	0.21	0.56	0.56	0	0	0.21
38300	0.21	0.56	0.56	0	0	0.21
38400	0.21	0.55	0.55	0	0	0.21
38500	0.21	0.55	0.55	0	0	0.21
38600	0.21	0.55	0.55	0	0	0.21
38700	0.21	0.55	0.55	0	0	0.21
38800	0.21	0.55	0.55	0	0	0.21
38900	0.2	0.55	0.55	0	0	0.2
39000	0.2	0.55	0.55	0	0	0.2
39100	0.2	0.55	0.55	0	0	0.2
39200	0.2	0.56	0.56	0	0	0.2
39300	0.2	0.56	0.56	0	0	0.2
39400	0.2	0.56	0.56	0	0	0.2
39500	0.2	0.56	0.56	0	0	0.2
39600	0.21	0.56	0.56	0	0	0.21
39700	0.22	0.56	0.56	0	0	0.22
39800	0.22	0.55	0.55	0	0	0.22
39900	0.21	0.55	0.55	0	0	0.21
40000	0.21	0.55	0.55	0	0	0.21
40100	0.22	0.55	0.55	0	0	0.22
40200	0.22	0.55	0.55	0	0	0.22
40300	0.22	0.55	0.55	0	0	0.22
40400	0.22	0.55	0.55	0	0	0.22
40500	0.22	0.55	0.55	0	0	0.22
40600	0.23	0.55	0.55	0	0	0.23
40700	0.23	0.55	0.55	0	0	0.23
40800	0.23	0.55	0.55	0	0	0.23
40900	0.23	0.56	0.56	0	0	0.23
41000	0.23	0.56	0.56	0	0	0.23
41100	0.23	0.56	0.56	0	0	0.23
41200	0.24	0.55	0.55	0	0	0.24
41300	0.23	0.55	0.55	0	0	0.23
41400	0.24	0.55	0.55	0	0	0.24
41500	0.24	0.55	0.55	0	0	0.24
41600	0.23	0.55	0.55	0	0	0.23
41700	0.23	0.55	0.55	0	0	0.23
41800	0.23	0.55	0.55	0	0	0.23
41900	0.23	0.55	0.55	0	0	0.23
42000	0.23	0.55	0.55	0	0	0.23
42100	0.24	0.56	0.56	0	0	0.24
42200	0.24	0.55	0.55	0	0	0.24
42300	0.24	0.55	0.55	0	0	0.24
42400	0.24	0.54	0.54	0	0	0.24
42500	0.24	0.54	0.54	0	0	0.24
42600	0.25	0.54	0.54	0	0	0.25
42700	0.26	0.54	0.54	0	0	0.26
42800	0.25	0.53	0.53	0	0	0.25
42900	0.24	0.53	0.53	0	0	0.24
43000	0.24	0.52	0.52	0	0	0.24
43100	0.24	0.51	0.51	0	0	0.24
43200	0.24	0.52	0.52	0	0	0.24
43300	0.24	0.52	0.52	0	0	0.24
43400	0.24	0.52	0.52	0	0	0.24
43500	0.24	0.52	0.52	0	0	0.24
43600	0.24	0.51	0.51	0	0	0.24
43700	0.24	0.51	0.51	0	0	0.24
43800	0.24	0.51	0.51	0	0	0.24
43900	0.23	0.51	0.51	0	0	0.23
44000	0.23	0.51	0.51	0	0	0.23
44100	0.23	0.51	0.51	0	0	0.23
44200	0.23	0.51	0.51	0	0	0.23
44300	0.24	0.51	0.51	0	0	0.24
44400	0.24	0.51	0.51	0	0	0.24
44500	0.24	0.51	0.51	0	0	0.24
44600	0.24	0.51	0.51	0	0	0.24
44700	0.24	0.51	0.51	0	0	0.24
44800	0.24	0.51	0.51	0	0	0.24
44900	0.24	0.51	0.51	0	0	0.24
45000	0.24	0.51	0.51	0	0	0.24
45100	0.25	0.52	0.52	0	0	0.25
45200	0.23	0.52	0.52	0	0	0.23
45300	0.23	0.52	0.52	0	0	0.23
45400	0.23	0.52	0.52	0	0	0.23
45500	0.23	0.52	0.52	0	0	0.23
45600	0.23	0.52	0.52	0	0	0.23
45700	0.23	0.52	0.52	0	0	0.23
45800	0.23	0.52	0.52	0	0	0.23
45900	0.23	0.52	0.52	0	0	0.23
46000	0.23	0.52	0.52	0	0	0.23
46100	0.22	0.52	0.52	0	0	0.22
46200	0.22	0.52	0.52	0	0	0.22
46300	0.22	0.52	0.52	0	0	0.22
46400	0.22	0.53	0.53	0	0	0.22
46500	0.22	0.53	0.53	0	0	0.22
46600	0.22	0.53	0.53	0	0	0.22
46700	0.22	0.53	0.53	0	0	0.22
46800	0.22	0.53	0.53	0	0	0.22
46900	0.22	0.53	0.53	0	0	0.22
47000	0.22	0.53	0.53	0	0	0.22
47100	0.22	0.53	0.53	0	0	0.22
47200	0.23	0.53	0.53	0	0	0.23
47300	0.24	0.54	0.54	0	0	0.24
47400	0.24	0.54	0.54	0	0	0.24
47500	0.24	0.53	0.53	0	0	0.24
47600	0.23	0.53	0.53	0	0	0.23
47700	0.23	0.53	0.53	0	0	0.23
47800	0.23	0.53	0.53	0	0	0.23
47900	0.23	0.53	0.53	0	0	0.23
48000	0.23	0.54	0.54	0	0	0.23
48100	0.23	0.54	0.54	0	0	0.23
48200	0.23	0.54	0.54	0	0	0.23
48300	0.23	0.54	0.54	0	0	0.23
48400	0.23	0.54	0.54	0	0	0.23
48500	0.23	0.54	0.54	0	0	0.23
48600	0.23	0.54	0.54	0	0	0.23
48700	0.23	0.54	0.54	0	0	0.23
48800	0.23	0.54	0.54	0	0	0.23
48900	0.23	0.54	0.54	0	0	0.23
49000	0.23	0.55	0.55	0	0	0.23
49100	0.23	0.55	0.55	0	0	0.23
49200	0.23	0.55	0.55	0	0	0.23
49300	0.24	0.55	0.55	0	0	0.24
49400	0.22	0.55	0.55	0	0	0.22
49500	0.22	0.55	0.55	0	0	0.22
49600	0.23	0.56	0.56	0	0	0.23
49700	0.23	0.56	0.56	0	0	0.23
49800	0.23	0.55	0.55	0	0	0.23
49900	0.23	0.55	0.55	0	0	0.23
50000	0.25	0.55	0.55	0	0	0.25
50100	0.25	0.55	0.55	0	0	0.25
50200	0.25	0.54	0.54	0	0	0.25
50300	0.25	0.54	0.54	0	0	0.25
50400	0.25	0.54	0.54	0	0	0.25
50500	0.25	0.54	0.54	0	0	0.25
50600	0.25	0.54	0.54	0	0	0.25
50700	0.26	0.54	0.54	0	0	0.26
50800	0.26	0.55	0.55	0	0	0.26
50900	0.26	0.56	0.56	0	0	0.26
51000	0.26	0.55	0.55	0	0	0.26
51100	0.26	0.55	0.55	0	0	0.26
51200	0.25	0.55	0.55	0	0	0.25
51300	0.25	0.55	0.55	0	0	0.25
51400	0.25	0.55	0.55	0	0	0.25
51500	0.25	0.55	0.55	0	0	0.25
51600	0.25	0.55	0.55	0	0	0.25
51700	0.25	0.55	0.55	0	0	0.25
51800	0.25	0.55	0.55	0	0	0.25
51900	0.25	0.55	0.55	0	0	0.25
52000	0.25	0.55	0.55	0	0	0.25
52100	0.25	0.55	0.55	0	0	0.25
52200	0.25	0.55	0.55	0	0	0.25
52300	0.25	0.55	0.55	0	0	0.25
52400	0.25	0.55	0.55	0	0	0.25
52500	0.25	0.55	0.55	0	0	0.25
52600	0.25	0.55	0.55	0	0	0.25
52700	0.25	0.55	0.55	0	0	0.25
52800	0.25	0.56	0.56	0	0	0.25
52900	0.25	0.56	0.56	0	0	0.25
53000	0.26	0.56	0.56	0	0	0.26
53100	0.25	0.56	0.56	0	0	0.25
53200	0.25	0.56	0.56	0	0	0.25
53300	0.24	0.55	0.55	0	0	0.24
53400	0.24	0.55	0.55	0	0	0.24
53500	0.24	0.55	0.55	0	0	0.24
53600	0.24	0.55	0.55	0	0	0.24
53700	0.24	0.55	0.55	0	0	0.24
53800	0.24	0.55	0.55	0	0	0.24
53900	0.24	0.54	0.54	0	0	0.24
54000	0.23	0.54	0.54	0	0	0.23
54100	0.23	0.54	0.54	0	0	0.23
54200	0.23	0.55	0.55	0	0	0.23
54300	0.23	0.54	0.54	0	0	0.23
54400	0.24	0.54	0.54	0	0	0.24
54500	0.24	0.54	0.54	0	0	0.24
54600	0.25	0.54	0.54	0	0	0.25
54700	0.25	0.54	0.54	0	0	0.25
54800	0.25	0.54	0.54	0	0	0.25
54900	0.25	0.54	0.54	0	0	0.25
55000	0.25	0.54	0.54	0	0	0.25
55100	0.25	0.54	0.54	0	0	0.25
55200	0.25	0.54	0.54	0	0	0.25
55300	0.25	0.54	0.54	0	0	0.25
55400	0.25	0.54	0.54	0	0	0.25
55500	0.25	0.54	0.54	0	0	0.25
55600	0.25	0.54	0.54	0	0	0.25
55700	0.25	0.54	0.54	0	0	0.25
55800	0.25	0.55	0.55	0	0	0.25
55900	0.26	0.56	0.56	0	0	0.26
56000	0.28	0.56	0.56	0	0	0.28
56100	0.28	0.56	0.56	0	0	0.28
56200	0.28	0.56	0.56	0	0	0.28
56300	0.27	0.57	0.57	0	0	0.27
56400	0.27	0.56	0.56	0	0	0.27
56500	0.27	0.56	0.56	0	0	0.27
56600	0.27	0.56	0.56	0	0	0.27
56700	0.27	0.56	0.56	0	0	0.27
56800	0.27	0.56	0.56	0	0	0.27
56900	0.27	0.56	0.56	0	0	0.27
57000	0.27	0.56	0.56	0	0	0.27
57100	0.28	0.56	0.56	0	0	0.28
57200	0.28	0.56	0.56	0	0	0.28
57300	0.28	0.56	0.56	0	0	0.28
57400	0.27	0.55	0.55	0	0	0.27
57500	0.27	0.55	0.55	0	0	0.27
57600	0.27	0.55	0.55	0	0	0.27
57700	0.27	0.55	0.55	0	0	0.27
57800	0.27	0.55	0.55	0	0	0.27
57900	0.27	0.55	0.55	0	0	0.27
58000	0.27	0.55	0.55	0	0	0.27
58100	0.27	0.55	0.55	0	0	0.27
58200	0.27	0.55	0.55	0	0	0.27
58300	0.27	0.55	0.55	0	0	0.27
58400	0.27	0.55	0.55	0	0	0.27
58500	0.27	0.55	0.55	0	0	0.27
58600	0.27	0.55	0.55	0	0	0.27
58700	0.27	0.55	0.55	0	0	0.27
58800	0.27	0.55	0.55	0	0	0.27
58900	0.27	0.55	0.55	0	0	0.27
59000	0.27	0.55	0.55	0	0	0.27
59100	0.27	0.55	0.55	0	0	0.27
59200	0.27	0.55	0.55	0	0	0.27
59300	0.28	0.54	0.54	0	0	0.28
59400	0.28	0.54	0.54	0	0	0.28
59500	0.28	0.54	0.54	0	0	0.28
59600	0.28	0.54	0.54	0	0	0.28
59700	0.28	0.54	0.54	0	0	0.28
59800	0.28	0.54	0.54	0	0	0.28
59900	0.28	0.53	0.53	0	0	0.28
60000	0.29	0.53	0.53	0	0	0.29
60100	0.29	0.53	0.53	0	0	0.29
60200	0.29	0.53	0.53	0	0	0.29
60300	0.29	0.53	0.53	0	0	0.29
60400	0.29	0.53	0.53	0	0	0.29
60500	0.29	0.53	0.53	0	0	0.29
60600	0.29	0.53	0.53	0	0	0.29
60700	0.3	0.53	0.53	0	0	0.3
60800	0.3	0.53	0.53	0	0	0.3
60900	0.3	0.53	0.53	0	0	0.3
61000	0.3	0.53	0.53	0	0	0.3
61100	0.3	0.53	0.53	0	0	0.3
61200	0.3	0.53	0.53	0	0	0.3
61300	0.3	0.54	0.54	0	0	0.3
61400	0.3	0.54	0.54	0	0	0.3
61500	0.31	0.54	0.54	0	0	0.31
61600	0.31	0.54	0.54	0	0	0.31
61700	0.3	0.54	0.54	0	0	0.3
61800	0.3	0.54	0.54	0	0	0.3
61900	0.3	0.54	0.54	0	0	0.3
62000	0.3	0.54	0.54	0	0	0.3
62100	0.3	0.55	0.55	0	0	0.3
62200	0.29	0.55	0.55	0	0	0.29
62300	0.29	0.55	0.55	0	0	0.29
62400	0.29	0.56	0.56	0	0	0.29
62500	0.28	0.56	0.56	0	0	0.28
62600	0.28	0.56	0.56	0	0	0.28
62700	0.28	0.56	0.56	0	0	0.28
62800	0.28	0.56	0.56	0	0	0.28
62900	0.28	0.56	0.56	0	0	0.28
63000	0.28	0.56	0.56	0	0	0.28
63100	0.28	0.56	0.56	0	0	0.28
63200	0.28	0.57	0.57	0	0	0.28
63300	0.28	0.57	0.57	0	0	0.28
63400	0.28	0.57	0.57	0	0	0.28
63500	0.27	0.57	0.57	0	0	0.27
63600	0.27	0.57	0.57	0	0	0.27
63700	0.27	0.57	0.57	0	0	0.27
63800	0.27	0.57	0.57	0	0	0.27
63900	0.27	0.57	0.57	0	0	0.27
64000	0.27	0.58	0.58	0	0	0.27
64100	0.27	0.58	0.58	0	0	0.27
64200	0.27	0.58	0.58	0	0	0.27
64300	0.27	0.58	0.58	0	0	0.27
64400	0.28	0.58	0.58	0	0	0.28
64500	0.28	0.58	0.58	0	0	0.28
64600	0.28	0.58	0.58	0	0	0.28
64700	0.28	0.58	0.58	0	0	0.28
64800	0.3	0.58	0.58	0	0	0.3
64900	0.3	0.57	0.57	0	0	0.3
65000	0.3	0.57	0.57	0	0	0.3
65100	0.3	0.57	0.57	0	0	0.3
65200	0.3	0.57	0.57	0	0	0.3
65300	0.29	0.56	0.56	0	0	0.29
65400	0.29	0.56	0.56	0	0	0.29
65500	0.28	0.56	0.56	0	0	0.28
65600	0.29	0.56	0.56	0	0	0.29
65700	0.29	0.57	0.57	0	0	0.29
65800	0.29	0.56	0.56	0	0	0.29
65900	0.29	0.56	0.56	0	0	0.29
66000	0.29	0.56	0.56	0	0	0.29
66100	0.29	0.56	0.56	0	0	0.29
66200	0.29	0.56	0.56	0	0	0.29
66300	0.28	0.57	0.57	0	0	0.28
66400	0.3	0.57	0.57	0	0	0.3
66500	0.29	0.57	0.57	0	0	0.29
66600	0.28	0.56	0.56	0	0	0.28
66700	0.28	0.56	0.56	0	0	0.28
66800	0.28	0.56	0.56	0	0	0.28
66900	0.28	0.57	0.57	0	0	0.28
67000	0.28	0.58	0.58	0	0	0.28
67100	0.28	0.57	0.57	0	0	0.28
67200	0.28	0.57	0.57	0	0	0.28
67300	0.28	0.57	0.57	0	0	0.28
67400	0.28	0.57	0.57	0	0	0.28
67500	0.28	0.57	0.57	0	0	0.28
67600	0.28	0.57	0.57	0	0	0.28
67700	0.28	0.57	0.57	0	0	0.28
67800	0.28	0.57	0.57	0	0	0.28
67900	0.28	0.57	0.57	0	0	0.28
68000	0.28	0.57	0.57	0	0	0.28
68100	0.28	0.57	0.57	0	0	0.28
68200	0.3	0.57	0.57	0	0	0.3
68300	0.3	0.57	0.57	0	0	0.3
68400	0.3	0.57	0.57	0	0	0.3
68500	0.3	0.58	0.58	0	0	0.3
68600	0.3	0.57	0.57	0	0	0.3
68700	0.3	0.57	0.57	0	0	0.3
68800	0.29	0.57	0.57	0	0	0.29
68900	0.29	0.57	0.57	0	0	0.29
69000	0.29	0.57	0.57	0	0	0.29
69100	0.29	0.57	0.57	0	0	0.29
69200	0.29	0.57	0.57	0	0	0.29
69300	0.29	0.57	0.57	0	0	0.29
69400	0.29	0.57	0.57	0	0	0.29
69500	0.29	0.57	0.57	0	0	0.29
69600	0.29	0.57	0.57	0	0	0.29
69700	0.29	0.58	0.58	0	0	0.29
69800	0.29	0.58	0.58	0	0	0.29
69900	0.29	0.57	0.57	0	0	0.29
70000	0.29	0.57	0.57	0	0	0.29
70100	0.29	0.57	0.57	0	0	0.29
70200	0.29	0.57	0.57	0	0	0.29
70300	0.29	0.57	0.57	0	0	0.29
70400	0.29	0.57	0.57	0	0	0.29
70500	0.3	0.58	0.58	0	0	0.3
70600	0.29	0.58	0.58	0	0	0.29
70700	0.29	0.58	0.58	0	0	0.29
70800	0.3	0.59	0.59	0	0	0.3
70900	0.3	0.59	0.59	0	0	0.3
71000	0.3	0.59	0.59	0	0	0.3
71100	0.31	0.59	0.59	0	0	0.31
71200	0.31	0.59	0.59	0	0	0.31
71300	0.31	0.59	0.59	0	0	0.31
71400	0.31	0.59	0.59	0	0	0.31
71500	0.31	0.59	0.59	0	0	0.31
71600	0.31	0.59	0.59	0	0	0.31
71700	0.31	0.59	0.59	0	0	0.31
71800	0.31	0.59	0.59	0	0	0.31
71900	0.31	0.59	0.59	0	0	0.31
72000	0.31	0.59	0.59	0	0	0.31
72100	0.31	0.59	0.59	0	0	0.31
72200	0.31	0.59	0.59	0	0	0.31
72300	0.31	0.59	0.59	0	0	0.31
72400	0.31	0.59	0.59	0	0	0.31
72500	0.31	0.59	0.59	0	0	0.31
72600	0.31	0.59	0.59	0	0	0.31
72700	0.31	0.59	0.59	0	0	0.31
72800	0.31	0.59	0.59	0	0	0.31
72900	0.31	0.59	0.59	0	0	0.31
73000	0.31	0.59	0.59	0	0	0.31
73100	0.31	0.59	0.59	0	0	0.31
73200	0.31	0.59	0.59	0	0	0.31
73300	0.3	0.59	0.59	0	0	0.3
73400	0.3	0.59	0.59	0	0	0.3
73500	0.3	0.59	0.59	0	0	0.3
73600	0.3	0.59	0.59	0	0	0.3
73700	0.3	0.59	0.59	0	0	0.3
73800	0.3	0.59	0.59	0	0	0.3
73900	0.3	0.59	0.59	0	0	0.3
74000	0.3	0.59	0.59	0	0	0.3
74100	0.31	0.59	0.59	0	0	0.31
74200	0.31	0.59	0.59	0	0	0.31
74300	0.31	0.59	0.59	0	0	0.31
74400	0.31	0.59	0.59	0	0	0.31
74500	0.31	0.59	0.59	0	0	0.31
74600	0.31	0.59	0.59	0	0	0.31
74700	0.31	0.59	0.59	0	0	0.31
74800	0.31	0.59	0.59	0	0	0.31
74900	0.31	0.59	0.59	0	0	0.31
75000	0.31	0.59	0.59	0	0	0.31
75100	0.32	0.59	0.59	0	0	0.32
75200	0.32	0.59	0.59	0	0	0.32
75300	0.32	0.59	0.59	0	0	0.32
75400	0.33	0.59	0.59	0	0	0.33
75500	0.33	0.59	0.59	0	0	0.33
75600	0.33	0.59	0.59	0	0	0.33
75700	0.33	0.59	0.59	0	0	0.33
75800	0.33	0.59	0.59	0	0	0.33
75900	0.33	0.59	0.59	0	0	0.33
76000	0.33	0.59	0.59	0	0	0.33
76100	0.33	0.59	0.59	0	0	0.33
76200	0.33	0.59	0.59	0	0	0.33
76300	0.32	0.59	0.59	0	0	0.32
76400	0.32	0.6	0.6	0	0	0.32
76500	0.31	0.6	0.6	0	0	0.31
76600	0.31	0.6	0.6	0	0	0.31
76700	0.31	0.59	0.59	0	0	0.31
76800	0.31	0.59	0.59	0	0	0.31
76900	0.31	0.59	0.59	0	0	0.31
77000	0.31	0.59	0.59	0	0	0.31
77100	0.31	0.59	0.59	0	0	0.31
77200	0.31	0.59	0.59	0	0	0.31
77300	0.31	0.59	0.59	0	0	0.31
77400	0.32	0.59	0.59	0	0	0.32
77500	0.33	0.59	0.59	0	0	0.33
77600	0.33	0.59	0.59	0	0	0.33
77700	0.33	0.59	0.59	0	0	0.33
77800	0.33	0.59	0.59	0	0	0.33
77900	0.33	0.59	0.59	0	0	0.33
78000	0.33	0.59	0.59	0	0	0.33
78100	0.33	0.59	0.59	0	0	0.33
78200	0.33	0.59	0.59	0	0	0.33
78300	0.33	0.59	0.59	0	0	0.33
78400	0.33	0.59	0.59	0	0	0.33
78500	0.33	0.59	0.59	0	0	0.33
78600	0.33	0.59	0.59	0	0	0.33
78700	0.33	0.59	0.59	0	0	0.33
78800	0.33	0.59	0.59	0	0	0.33
78900	0.33	0.59	0.59	0	0	0.33
79000	0.33	0.59	0.59	0	0	0.33
79100	0.33	0.59	0.59	0	0	0.33
79200	0.33	0.59	0.59	0	0	0.33
79300	0.33	0.59	0.59	0	0	0.33
79400	0.33	0.59	0.59	0	0	0.33
79500	0.33	0.59	0.59	0	0	0.33
79600	0.33	0.59	0.59	0	0	0.33
79700	0.34	0.59	0.59	0	0	0.34
79800	0.34	0.59	0.59	0	0	0.34
79900	0.34	0.59	0.59	0	0	0.34
80000	0.34	0.59	0.59	0	0	0.34
80100	0.35	0.59	0.59	0	0	0.35
80200	0.34	0.59	0.59	0	0	0.34
80300	0.34	0.59	0.59	0	0	0.34
80400	0.33	0.59	0.59	0	0	0.33
80500	0.33	0.59	0.59	0	0	0.33
80600	0.33	0.59	0.59	0	0	0.33
80700	0.33	0.59	0.59	0	0	0.33
80800	0.33	0.59	0.59	0	0	0.33
80900	0.33	0.59	0.59	0	0	0.33
81000	0.34	0.59	0.59	0	0	0.34
81100	0.34	0.59	0.59	0	0	0.34
81200	0.34	0.59	0.59	0	0	0.34
81300	0.34	0.59	0.59	0	0	0.34
81400	0.34	0.59	0.59	0	0	0.34
81500	0.35	0.59	0.59	0	0	0.35
81600	0.35	0.59	0.59	0	0	0.35
81700	0.35	0.6	0.6	0	0	0.35
81800	0.35	0.6	0.6	0	0	0.35
81900	0.35	0.6	0.6	0	0	0.35
82000	0.35	0.6	0.6	0	0	0.35
82100	0.35	0.61	0.61	0	0	0.35
82200	0.35	0.6	0.6	0	0	0.35
82300	0.35	0.6	0.6	0	0	0.35
82400	0.35	0.6	0.6	0	0	0.35
82500	0.35	0.6	0.6	0	0	0.35
82600	0.35	0.6	0.6	0	0	0.35
82700	0.35	0.6	0.6	0	0	0.35
82800	0.35	0.6	0.6	0	0	0.35
82900	0.35	0.6	0.6	0	0	0.35
83000	0.35	0.6	0.6	0	0	0.35
83100	0.35	0.6	0.6	0	0	0.35
83200	0.35	0.6	0.6	0	0	0.35
83300	0.35	0.6	0.6	0	0	0.35
83400	0.35	0.6	0.6	0	0	0.35
83500	0.35	0.6	0.6	0	0	0.35
83600	0.35	0.6	0.6	0	0	0.35
83700	0.35	0.6	0.6	0	0	0.35
83800	0.35	0.6	0.6	0	0	0.35
83900	0.35	0.6	0.6	0	0	0.35
84000	0.35	0.6	0.6	0	0	0.35
84100	0.35	0.6	0.6	0	0	0.35
84200	0.35	0.6	0.6	0	0	0.35
84300	0.35	0.6	0.6	0	0	0.35
84400	0.35	0.6	0.6	0	0	0.35
84500	0.35	0.6	0.6	0	0	0.35
84600	0.35	0.6	0.6	0	0	0.35
84700	0.35	0.6	0.6	0	0	0.35
84800	0.35	0.6	0.6	0	0	0.35
84900	0.35	0.6	0.6	0	0	0.35
85000	0.35	0.6	0.6	0	0	0.35
85100	0.35	0.6	0.6	0	0	0.35
85200	0.35	0.6	0.6	0	0	0.35
85300	0.34	0.6	0.6	0	0	0.34
85400	0.34	0.6	0.6	0	0	0.34
85500	0.34	0.6	0.6	0	0	0.34
85600	0.34	0.6	0.6	0	0	0.34
85700	0.34	0.6	0.6	0	0	0.34
85800	0.34	0.6	0.6	0	0	0.34
85900	0.34	0.6	0.6	0	0	0.34
86000	0.34	0.6	0.6	0	0	0.34
86100	0.34	0.6	0.6	0	0	0.34
86200	0.34	0.6	0.6	0	0	0.34
86300	0.34	0.59	0.59	0	0	0.34
86400	0.34	0.59	0.59	0	0	0.34
86500	0.34	0.59	0.59	0	0	0.34
86600	0.34	0.59	0.59	0	0	0.34
86700	0.35	0.59	0.59	0	0	0.35
86800	0.35	0.59	0.59	0	0	0.35
86900	0.35	0.59	0.59	0	0	0.35
87000	0.35	0.59	0.59	0	0	0.35
87100	0.35	0.59	0.59	0	0	0.35
87200	0.35	0.59	0.59	0	0	0.35
87300	0.35	0.59	0.59	0	0	0.35
87400	0.35	0.59	0.59	0	0	0.35
87500	0.35	0.59	0.59	0	0	0.35
87600	0.35	0.59	0.59	0	0	0.35
87700	0.35	0.59	0.59	0	0	0.35
87800	0.34	0.59	0.59	0	0	0.34
87900	0.34	0.59	0.59	0	0	0.34
88000	0.34	0.59	0.59	0	0	0.34
88100	0.34	0.59	0.59	0	0	0.34
88200	0.34	0.59	0.59	0	0	0.34
88300	0.34	0.59	0.59	0	0	0.34
88400	0.34	0.59	0.59	0	0	0.34
88500	0.34	0.59	0.59	0	0	0.34
88600	0.34	0.59	0.59	0	0	0.34
88700	0.34	0.59	0.59	0	0	0.34
88800	0.34	0.59	0.59	0	0	0.34
88900	0.33	0.59	0.59	0	0	0.33
89000	0.33	0.59	0.59	0	0	0.33
89100	0.33	0.59	0.59	0	0	0.33
89200	0.33	0.59	0.59	0	0	0.33
89300	0.33	0.59	0.59	0	0	0.33
89400	0.33	0.6	0.6	0	0	0.33
89500	0.33	0.58	0.58	0	0	0.33
89600	0.33	0.58	0.58	0	0	0.33
89700	0.33	0.58	0.58	0	0	0.33
89800	0.33	0.58	0.58	0	0	0.33
89900	0.33	0.58	0.58	0	0	0.33
90000	0.33	0.58	0.58	0	0	0.33
90100	0.33	0.58	0.58	0	0	0.33
90200	0.33	0.58	0.58	0	0	0.33
90300	0.32	0.58	0.58	0	0	0.32
90400	0.32	0.58	0.58	0	0	0.32
90500	0.32	0.58	0.58	0	0	0.32
90600	0.32	0.58	0.58	0	0	0.32
90700	0.31	0.57	0.57	0	0	0.31
90800	0.31	0.57	0.57	0	0	0.31
90900	0.31	0.57	0.57	0	0	0.31
91000	0.32	0.57	0.57	0	0	0.32
91100	0.32	0.57	0.57	0	0	0.32
91200	0.32	0.57	0.57	0	0	0.32
91300	0.32	0.57	0.57	0	0	0.32
91400	0.32	0.57	0.57	0	0	0.32
91500	0.32	0.57	0.57	0	0	0.32
91600	0.33	0.57	0.57	0	0	0.33
91700	0.33	0.57	0.57	0	0	0.33
91800	0.33	0.57	0.57	0	0	0.33
91900	0.33	0.57	0.57	0	0	0.33
92000	0.33	0.57	0.57	0	0	0.33
92100	0.34	0.57	0.57	0	0	0.34
92200	0.34	0.57	0.57	0	0	0.34
92300	0.34	0.57	0.57	0	0	0.34
92400	0.34	0.57	0.57	0	0	0.34
92500	0.33	0.57	0.57	0	0	0.33
92600	0.33	0.57	0.57	0	0	0.33
92700	0.33	0.57	0.57	0	0	0.33
92800	0.33	0.57	0.57	0	0	0.33
92900	0.33	0.57	0.57	0	0	0.33
93000	0.33	0.57	0.57	0	0	0.33
93100	0.33	0.57	0.57	0	0	0.33
93200	0.33	0.57	0.57	0	0	0.33
93300	0.33	0.57	0.57	0	0	0.33
93400	0.33	0.57	0.57	0	0	0.33
93500	0.33	0.57	0.57	0	0	0.33
93600	0.33	0.58	0.58	0	0	0.33
93700	0.33	0.58	0.58	0	0	0.33
93800	0.33	0.58	0.58	0	0	0.33
93900	0.33	0.58	0.58	0	0	0.33
94000	0.33	0.58	0.58	0	0	0.33
94100	0.33	0.58	0.58	0	0	0.33
94200	0.33	0.58	0.58	0	0	0.33
94300	0.34	0.58	0.58	0	0	0.34
94400	0.35	0.59	0.59	0	0	0.35
94500	0.34	0.59	0.59	0	0	0.34
94600	0.34	0.59	0.59	0	0	0.34
94700	0.34	0.59	0.59	0	0	0.34
94800	0.31	0.6	0.6	0	0	0.31
94900	0.31	0.59	0.59	0	0	0.31
95000	0.31	0.59	0.59	0	0	0.31
95100	0.31	0.59	0.59	0	0	0.31
95200	0.32	0.59	0.59	0	0	0.32
95300	0.32	0.59	0.59	0	0	0.32
95400	0.32	0.59	0.59	0	0	0.32
95500	0.32	0.59	0.59	0	0	0.32
95600	0.32	0.59	0.59	0	0	0.32
95700	0.32	0.59	0.59	0	0	0.32
95800	0.32	0.59	0.59	0	0	0.32
95900	0.32	0.59	0.59	0	0	0.32
96000	0.32	0.59	0.59	0	0	0.32
96100	0.32	0.59	0.59	0	0	0.32
96200	0.32	0.59	0.59	0	0	0.32
96300	0.32	0.59	0.59	0	0	0.32
96400	0.32	0.59	0.59	0	0	0.32
96500	0.32	0.59	0.59	0	0	0.32
96600	0.32	0.59	0.59	0	0	0.32
96700	0.32	0.59	0.59	0	0	0.32
96800	0.32	0.59	0.59	0	0	0.32
96900	0.32	0.59	0.59	0	0	0.32
97000	0.32	0.59	0.59	0	0	0.32
97100	0.32	0.59	0.59	0	0	0.32
97200	0.32	0.59	0.59	0	0	0.32
97300	0.32	0.59	0.59	0	0	0.32
97400	0.32	0.59	0.59	0	0	0.32
97500	0.32	0.59	0.59	0	0	0.32
97600	0.32	0.59	0.59	0	0	0.32
97700	0.32	0.59	0.59	0	0	0.32
97800	0.32	0.59	0.59	0	0	0.32
97900	0.33	0.59	0.59	0	0	0.33
98000	0.32	0.59	0.59	0	0	0.32
98100	0.32	0.59	0.59	0	0	0.32
98200	0.32	0.59	0.59	0	0	0.32
98300	0.32	0.59	0.59	0	0	0.32
98400	0.33	0.59	0.59	0	0	0.33
98500	0.33	0.59	0.59	0	0	0.33
98600	0.32	0.59	0.59	0	0	0.32
98700	0.32	0.59	0.59	0	0	0.32
98800	0.32	0.59	0.59	0	0	0.32
98900	0.32	0.59	0.59	0	0	0.32
99000	0.32	0.59	0.59	0	0	0.32
99100	0.32	0.59	0.59	0	0	0.32
99200	0.32	0.59	0.59	0	0	0.32
99300	0.32	0.59	0.59	0	0	0.32
99400	0.32	0.59	0.59	0	0	0.32
99500	0.32	0.59	0.59	0	0	0.32
99600	0.33	0.59	0.59	0	0	0.33
99700	0.33	0.59	0.59	0	0	0.33
99800	0.33	0.59	0.59	0	0	0.33
99900	0.33	0.59	0.59	0	0	0.33
100000	0.33	0.59	0.59	0	0	0.33
100100	0.33	0.59	0.59	0	0	0.33
100200	0.33	0.59	0.59	0	0	0.33
100300	0.33	0.59	0.59	0	0	0.33
100400	0.33	0.59	0.59	0	0	0.33
100500	0.33	0.59	0.59	0	0	0.33
100600	0.33	0.59	0.59	0	0	0.33
100700	0.33	0.59	0.59	0	0	0.33
100800	0.33	0.59	0.59	0	0	0.33
100900	0.34	0.59	0.59	0	0	0.34
101000	0.34	0.59	0.59	0	0	0.34
101100	0.34	0.59	0.59	0	0	0.34
101200	0.34	0.59	0.59	0	0	0.34
101300	0.34	0.59	0.59	0	0	0.34
101400	0.34	0.59	0.59	0	0	0.34
101500	0.34	0.59	0.59	0	0	0.34
101600	0.34	0.59	0.59	0	0	0.34
101700	0.34	0.58	0.58	0	0	0.34
101800	0.34	0.58	0.58	0	0	0.34
101900	0.34	0.58	0.58	0	0	0.34
102000	0.34	0.58	0.58	0	0	0.34
102100	0.34	0.58	0.58	0	0	0.34
102200	0.33	0.58	0.58	0	0	0.33
102300	0.33	0.58	0.58	0	0	0.33
102400	0.33	0.58	0.58	0	0	0.33
102500	0.34	0.58	0.58	0	0	0.34
102600	0.34	0.58	0.58	0	0	0.34
102700	0.34	0.58	0.58	0	0	0.34
102800	0.34	0.59	0.59	0	0	0.34
102900	0.33	0.59	0.59	0	0	0.33
103000	0.33	0.59	0.59	0	0	0.33
103100	0.33	0.59	0.59	0	0	0.33
103200	0.33	0.59	0.59	0	0	0.33
103300	0.33	0.59	0.59	0	0	0.33
103400	0.33	0.6	0.6	0	0	0.33
103500	0.33	0.6	0.6	0	0	0.33
103600	0.33	0.6	0.6	0	0	0.33
103700	0.33	0.6	0.6	0	0	0.33
103800	0.33	0.6	0.6	0	0	0.33
103900	0.33	0.6	0.6	0	0	0.33
104000	0.34	0.6	0.6	0	0	0.34
104100	0.34	0.6	0.6	0	0	0.34
104200	0.34	0.6	0.6	0	0	0.34
104300	0.34	0.6	0.6	0	0	0.34
104400	0.34	0.6	0.6	0	0	0.34
104500	0.34	0.6	0.6	0	0	0.34
104600	0.34	0.6	0.6	0	0	0.34
104700	0.34	0.6	0.6	0	0	0.34
104800	0.34	0.6	0.6	0	0	0.34
104900	0.34	0.6	0.6	0	0	0.34
105000	0.34	0.6	0.6	0	0	0.34
105100	0.34	0.6	0.6	0	0	0.34
105200	0.34	0.6	0.6	0	0	0.34
105300	0.34	0.6	0.6	0	0	0.34
105400	0.34	0.6	0.6	0	0	0.34
105500	0.34	0.6	0.6	0	0	0.34
105600	0.34	0.6	0.6	0	0	0.34
105700	0.34	0.6	0.6	0	0	0.34
105800	0.34	0.59	0.59	0	0	0.34
105900	0.34	0.59	0.59	0	0	0.34
106000	0.34	0.59	0.59	0	0	0.34
106100	0.34	0.59	0.59	0	0	0.34
106200	0.34	0.59	0.59	0	0	0.34
106300	0.34	0.59	0.59	0	0	0.34
106400	0.34	0.59	0.59	0	0	0.34
106500	0.34	0.59	0.59	0	0	0.34
106600	0.34	0.59	0.59	0	0	0.34
106700	0.34	0.59	0.59	0	0	0.34
106800	0.33	0.59	0.59	0	0	0.33
106900	0.33	0.59	0.59	0	0	0.33
107000	0.33	0.59	0.59	0	0	0.33
107100	0.33	0.59	0.59	0	0	0.33
107200	0.33	0.59	0.59	0	0	0.33
107300	0.33	0.59	0.59	0	0	0.33
107400	0.33	0.59	0.59	0	0	0.33
107500	0.33	0.59	0.59	0	0	0.33
107600	0.33	0.59	0.59	0	0	0.33
107700	0.33	0.59	0.59	0	0	0.33
107800	0.34	0.59	0.59	0	0	0.34
107900	0.34	0.59	0.59	0	0	0.34
108000	0.34	0.59	0.59	0	0	0.34
108100	0.34	0.59	0.59	0	0	0.34
108200	0.34	0.59	0.59	0	0	0.34
108300	0.35	0.59	0.59	0	0	0.35
108400	0.34	0.59	0.59	0	0	0.34
108500	0.33	0.59	0.59	0	0	0.33
108600	0.33	0.59	0.59	0	0	0.33
108700	0.32	0.59	0.59	0	0	0.32
108800	0.32	0.59	0.59	0	0	0.32
108900	0.32	0.59	0.59	0	0	0.32
109000	0.32	0.59	0.59	0	0	0.32
109100	0.32	0.59	0.59	0	0	0.32
109200	0.31	0.59	0.59	0	0	0.31
109300	0.31	0.59	0.59	0	0	0.31
109400	0.31	0.59	0.59	0	0	0.31
109500	0.31	0.59	0.59	0	0	0.31
109600	0.31	0.59	0.59	0	0	0.31
109700	0.31	0.59	0.59	0	0	0.31
109800	0.31	0.59	0.59	0	0	0.31
109900	0.33	0.59	0.59	0	0	0.33
110000	0.32	0.59	0.59	0	0	0.32
110100	0.33	0.59	0.59	0	0	0.33
110200	0.33	0.59	0.59	0	0	0.33
110300	0.33	0.59	0.59	0	0	0.33
110400	0.33	0.59	0.59	0	0	0.33
110500	0.33	0.59	0.59	0	0	0.33
110600	0.33	0.59	0.59	0	0	0.33
110700	0.33	0.59	0.59	0	0	0.33
110800	0.33	0.6	0.6	0	0	0.33
110900	0.33	0.59	0.59	0	0	0.33
111000	0.33	0.59	0.59	0	0	0.33
111100	0.33	0.59	0.59	0	0	0.33
111200	0.33	0.59	0.59	0	0	0.33
111300	0.33	0.59	0.59	0	0	0.33
111400	0.33	0.59	0.59	0	0	0.33
111500	0.33	0.59	0.59	0	0	0.33
111600	0.33	0.59	0.59	0	0	0.33
111700	0.33	0.59	0.59	0	0	0.33
111800	0.33	0.59	0.59	0	0	0.33
111900	0.33	0.6	0.6	0	0	0.33
112000	0.33	0.6	0.6	0	0	0.33
112100	0.33	0.6	0.6	0	0	0.33
112200	0.33	0.6	0.6	0	0	0.33
112300	0.33	0.6	0.6	0	0	0.33
112400	0.33	0.6	0.6	0	0	0.33
112500	0.33	0.6	0.6	0	0	0.33
112600	0.33	0.6	0.6	0	0	0.33
112700	0.32	0.6	0.6	0	0	0.32
112800	0.32	0.6	0.6	0	0	0.32
112900	0.31	0.6	0.6	0	0	0.31
113000	0.31	0.6	0.6	0	0	0.31
113100	0.31	0.6	0.6	0	0	0.31
113200	0.31	0.6	0.6	0	0	0.31
113300	0.31	0.6	0.6	0	0	0.31
113400	0.32	0.6	0.6	0	0	0.32
113500	0.32	0.59	0.59	0	0	0.32
113600	0.32	0.59	0.59	0	0	0.32
113700	0.32	0.6	0.6	0	0	0.32
113800	0.32	0.6	0.6	0	0	0.32
113900	0.32	0.6	0.6	0	0	0.32
114000	0.32	0.6	0.6	0	0	0.32
114100	0.32	0.6	0.6	0	0	0.32
114200	0.32	0.6	0.6	0	0	0.32
114300	0.33	0.6	0.6	0	0	0.33
114400	0.33	0.61	0.61	0	0	0.33
114500	0.33	0.61	0.61	0	0	0.33
114600	0.33	0.6	0.6	0	0	0.33
114700	0.33	0.6	0.6	0	0	0.33
114800	0.33	0.6	0.6	0	0	0.33
114900	0.33	0.6	0.6	0	0	0.33
115000	0.33	0.6	0.6	0	0	0.33
115100	0.33	0.6	0.6	0	0	0.33
115200	0.33	0.6	0.6	0	0	0.33
115300	0.33	0.59	0.59	0	0	0.33
115400	0.33	0.59	0.59	0	0	0.33
115500	0.33	0.59	0.59	0	0	0.33
115600	0.32	0.59	0.59	0	0	0.32
115700	0.32	0.59	0.59	0	0	0.32
115800	0.32	0.59	0.59	0	0	0.32
115900	0.32	0.59	0.59	0	0	0.32
116000	0.33	0.59	0.59	0	0	0.33
116100	0.33	0.59	0.59	0	0	0.33
116200	0.33	0.59	0.59	0	0	0.33
116300	0.33	0.59	0.59	0	0	0.33
116400	0.33	0.59	0.59	0	0	0.33
116500	0.33	0.59	0.59	0	0	0.33
116600	0.33	0.59	0.59	0	0	0.33
116700	0.33	0.59	0.59	0	0	0.33
116800	0.33	0.59	0.59	0	0	0.33
116900	0.32	0.59	0.59	0	0	0.32
117000	0.32	0.59	0.59	0	0	0.32
117100	0.31	0.59	0.59	0	0	0.31
117200	0.31	0.59	0.59	0	0	0.31
117300	0.31	0.59	0.59	0	0	0.31
117400	0.31	0.59	0.59	0	0	0.31
117500	0.31	0.59	0.59	0	0	0.31
117600	0.31	0.59	0.59	0	0	0.31
117700	0.31	0.59	0.59	0	0	0.31
117800	0.31	0.6	0.6	0	0	0.31
117900	0.3	0.59	0.59	0	0	0.3
118000	0.3	0.59	0.59	0	0	0.3
118100	0.3	0.59	0.59	0	0	0.3
118200	0.3	0.59	0.59	0	0	0.3
118300	0.3	0.59	0.59	0	0	0.3
118400	0.3	0.59	0.59	0	0	0.3
118500	0.3	0.59	0.59	0	0	0.3
118600	0.31	0.59	0.59	0	0	0.31
118700	0.31	0.59	0.59	0	0	0.31
118800	0.31	0.59	0.59	0	0	0.31
118900	0.31	0.59	0.59	0	0	0.31
119000	0.32	0.6	0.6	0	0	0.32
119100	0.32	0.6	0.6	0	0	0.32
119200	0.33	0.6	0.6	0	0	0.33
119300	0.33	0.6	0.6	0	0	0.33
119400	0.33	0.6	0.6	0	0	0.33
119500	0.33	0.6	0.6	0	0	0.33
119600	0.33	0.6	0.6	0	0	0.33
119700	0.33	0.6	0.6	0	0	0.33
119800	0.33	0.6	0.6	0	0	0.33
119900	0.33	0.6	0.6	0	0	0.33
120000	0.33	0.6	0.6	0	0	0.33
120100	0.33	0.6	0.6	0	0	0.33
120200	0.32	0.6	0.6	0	0	0.32
120300	0.32	0.6	0.6	0	0	0.32
120400	0.32	0.6	0.6	0	0	0.32
120500	0.32	0.6	0.6	0	0	0.32
120600	0.32	0.6	0.6	0	0	0.32
120700	0.32	0.6	0.6	0	0	0.32
120800	0.32	0.6	0.6	0	0	0.32
120900	0.32	0.61	0.61	0	0	0.32
121000	0.32	0.61	0.61	0	0	0.32
121100	0.32	0.61	0.61	0	0	0.32
121200	0.32	0.61	0.61	0	0	0.32
121300	0.32	0.61	0.61	0	0	0.32
121400	0.32	0.61	0.61	0	0	0.32
121500	0.32	0.61	0.61	0	0	0.32
121600	0.32	0.61	0.61	0	0	0.32
121700	0.33	0.61	0.61	0	0	0.33
121800	0.33	0.61	0.61	0	0	0.33
121900	0.33	0.61	0.61	0	0	0.33
122000	0.33	0.61	0.61	0	0	0.33
122100	0.33	0.61	0.61	0	0	0.33
122200	0.33	0.61	0.61	0	0	0.33
122300	0.33	0.61	0.61	0	0	0.33
122400	0.33	0.61	0.61	0	0	0.33
122500	0.33	0.61	0.61	0	0	0.33
122600	0.33	0.61	0.61	0	0	0.33
122700	0.34	0.61	0.61	0	0	0.34
122800	0.34	0.61	0.61	0	0	0.34
122900	0.34	0.61	0.61	0	0	0.34
123000	0.35	0.61	0.61	0	0	0.35
123100	0.36	0.61	0.61	0	0	0.36
123200	0.36	0.61	0.61	0	0	0.36
123300	0.36	0.61	0.61	0	0	0.36
123400	0.36	0.61	0.61	0	0	0.36
123500	0.35	0.61	0.61	0	0	0.35
123600	0.35	0.61	0.61	0	0	0.35
123700	0.34	0.61	0.61	0	0	0.34
123800	0.34	0.61	0.61	0	0	0.34
123900	0.34	0.61	0.61	0	0	0.34
124000	0.34	0.61	0.61	0	0	0.34
124100	0.34	0.61	0.61	0	0	0.34
124200	0.34	0.61	0.61	0	0	0.34
124300	0.34	0.61	0.61	0	0	0.34
124400	0.34	0.61	0.61	0	0	0.34
124500	0.34	0.61	0.61	0	0	0.34
124600	0.34	0.61	0.61	0	0	0.34
124700	0.33	0.61	0.61	0	0	0.33
124800	0.33	0.61	0.61	0	0	0.33
124900	0.33	0.61	0.61	0	0	0.33
125000	0.33	0.61	0.61	0	0	0.33
125100	0.33	0.61	0.61	0	0	0.33
125200	0.33	0.61	0.61	0	0	0.33
125300	0.33	0.61	0.61	0	0	0.33
125400	0.33	0.61	0.61	0	0	0.33
125500	0.33	0.61	0.61	0	0	0.33
125600	0.33	0.61	0.61	0	0	0.33
125700	0.33	0.61	0.61	0	0	0.33
125800	0.33	0.61	0.61	0	0	0.33
125900	0.33	0.61	0.61	0	0	0.33
126000	0.33	0.61	0.61	0	0	0.33
126100	0.33	0.61	0.61	0	0	0.33
126200	0.33	0.61	0.61	0	0	0.33
126300	0.33	0.61	0.61	0	0	0.33
126400	0.33	0.61	0.61	0	0	0.33
126500	0.33	0.61	0.61	0	0	0.33
126600	0.33	0.61	0.61	0	0	0.33
126700	0.32	0.61	0.61	0	0	0.32
126800	0.32	0.61	0.61	0	0	0.32
126900	0.32	0.61	0.61	0	0	0.32
127000	0.32	0.61	0.61	0	0	0.32
127100	0.32	0.61	0.61	0	0	0.32
127200	0.32	0.61	0.61	0	0	0.32
127300	0.32	0.61	0.61	0	0	0.32
127400	0.32	0.61	0.61	0	0	0.32
127500	0.32	0.62	0.62	0	0	0.32
127600	0.32	0.62	0.62	0	0	0.32
127700	0.32	0.62	0.62	0	0	0.32
127800	0.32	0.62	0.62	0	0	0.32
127900	0.32	0.62	0.62	0	0	0.32
128000	0.32	0.62	0.62	0	0	0.32
128100	0.32	0.62	0.62	0	0	0.32
128200	0.32	0.62	0.62	0	0	0.32
128300	0.32	0.62	0.62	0	0	0.32
128400	0.32	0.63	0.63	0	0	0.32
128500	0.32	0.63	0.63	0	0	0.32
128600	0.32	0.63	0.63	0	0	0.32
128700	0.32	0.63	0.63	0	0	0.32
128800	0.32	0.63	0.63	0	0	0.32
128900	0.33	0.63	0.63	0	0	0.33
129000	0.33	0.63	0.63	0	0	0.33
129100	0.33	0.63	0.63	0	0	0.33
129200	0.33	0.63	0.63	0	0	0.33
129300	0.34	0.63	0.63	0	0	0.34
129400	0.34	0.63	0.63	0	0	0.34
129500	0.34	0.63	0.63	0	0	0.34
129600	0.34	0.63	0.63	0	0	0.34
129700	0.34	0.63	0.63	0	0	0.34
129800	0.34	0.63	0.63	0	0	0.34
129900	0.34	0.63	0.63	0	0	0.34
130000	0.34	0.63	0.63	0	0	0.34
130100	0.34	0.63	0.63	0	0	0.34
130200	0.34	0.63	0.63	0	0	0.34
130300	0.34	0.63	0.63	0	0	0.34
130400	0.34	0.63	0.63	0	0	0.34
130500	0.34	0.63	0.63	0	0	0.34
130600	0.34	0.63	0.63	0	0	0.34
130700	0.33	0.63	0.63	0	0	0.33
130800	0.33	0.63	0.63	0	0	0.33
130900	0.33	0.63	0.63	0	0	0.33
131000	0.33	0.63	0.63	0	0	0.33
131100	0.33	0.63	0.63	0	0	0.33
131200	0.33	0.63	0.63	0	0	0.33
131300	0.32	0.63	0.63	0	0	0.32
131400	0.32	0.63	0.63	0	0	0.32
131500	0.32	0.63	0.63	0	0	0.32
131600	0.32	0.63	0.63	0	0	0.32
131700	0.32	0.63	0.63	0	0	0.32
131800	0.32	0.63	0.63	0	0	0.32
131900	0.32	0.63	0.63	0	0	0.32
132000	0.32	0.63	0.63	0	0	0.32
132100	0.32	0.63	0.63	0	0	0.32
132200	0.32	0.63	0.63	0	0	0.32
132300	0.32	0.63	0.63	0	0	0.32
132400	0.32	0.63	0.63	0	0	0.32
132500	0.32	0.63	0.63	0	0	0.32
132600	0.32	0.63	0.63	0	0	0.32
132700	0.32	0.63	0.63	0	0	0.32
132800	0.32	0.63	0.63	0	0	0.32
132900	0.32	0.63	0.63	0	0	0.32
133000	0.32	0.63	0.63	0	0	0.32
133100	0.32	0.63	0.63	0	0	0.32
133200	0.32	0.63	0.63	0	0	0.32
133300	0.32	0.64	0.64	0	0	0.32
133400	0.32	0.64	0.64	0	0	0.32
133500	0.32	0.64	0.64	0	0	0.32
133600	0.32	0.65	0.65	0	0	0.32
133700	0.32	0.65	0.65	0	0	0.32
133800	0.32	0.65	0.65	0	0	0.32
133900	0.32	0.64	0.64	0	0	0.32
134000	0.32	0.64	0.64	0	0	0.32
134100	0.32	0.64	0.64	0	0	0.32
134200	0.32	0.64	0.64	0	0	0.32
134300	0.32	0.64	0.64	0	0	0.32
134400	0.32	0.64	0.64	0	0	0.32
134500	0.32	0.64	0.64	0	0	0.32
134600	0.32	0.64	0.64	0	0	0.32
134700	0.32	0.64	0.64	0	0	0.32
134800	0.32	0.64	0.64	0	0	0.32
134900	0.32	0.64	0.64	0	0	0.32
135000	0.32	0.64	0.64	0	0	0.32
135100	0.32	0.64	0.64	0	0	0.32
135200	0.32	0.64	0.64	0	0	0.32
135300	0.32	0.65	0.65	0	0	0.32
135400	0.32	0.65	0.65	0	0	0.32
135500	0.32	0.65	0.65	0	0	0.32
135600	0.32	0.65	0.65	0	0	0.32
135700	0.32	0.65	0.65	0	0	0.32
135800	0.32	0.65	0.65	0	0	0.32
135900	0.32	0.65	0.65	0	0	0.32
136000	0.32	0.65	0.65	0	0	0.32
136100	0.31	0.65	0.65	0	0	0.31
136200	0.31	0.65	0.65	0	0	0.31
136300	0.32	0.65	0.65	0	0	0.32
136400	0.32	0.65	0.65	0	0	0.32
136500	0.31	0.65	0.65	0	0	0.31
136600	0.31	0.65	0.65	0	0	0.31
136700	0.31	0.65	0.65	0	0	0.31
136800	0.31	0.65	0.65	0	0	0.31
136900	0.31	0.65	0.65	0	0	0.31
137000	0.31	0.65	0.65	0	0	0.31
137100	0.31	0.65	0.65	0	0	0.31
137200	0.31	0.65	0.65	0	0	0.31
137300	0.31	0.65	0.65	0	0	0.31
137400	0.31	0.65	0.65	0	0	0.31
137500	0.31	0.65	0.65	0	0	0.31
137600	0.31	0.64	0.64	0	0	0.31
137700	0.31	0.64	0.64	0	0	0.31
137800	0.32	0.64	0.64	0	0	0.32
137900	0.32	0.64	0.64	0	0	0.32
138000	0.31	0.64	0.64	0	0	0.31
138100	0.32	0.64	0.64	0	0	0.32
138200	0.32	0.64	0.64	0	0	0.32
138300	0.32	0.64	0.64	0	0	0.32
138400	0.32	0.64	0.64	0	0	0.32
138500	0.32	0.64	0.64	0	0	0.32
138600	0.32	0.64	0.64	0	0	0.32
138700	0.31	0.64	0.64	0	0	0.31
138800	0.31	0.64	0.64	0	0	0.31
138900	0.31	0.64	0.64	0	0	0.31
139000	0.31	0.64	0.64	0	0	0.31
139100	0.31	0.64	0.64	0	0	0.31
139200	0.31	0.64	0.64	0	0	0.31
139300	0.31	0.64	0.64	0	0	0.31
139400	0.31	0.64	0.64	0	0	0.31
139500	0.31	0.64	0.64	0	0	0.31
139600	0.31	0.64	0.64	0	0	0.31
139700	0.3	0.64	0.64	0	0	0.3
139800	0.3	0.64	0.64	0	0	0.3
139900	0.3	0.65	0.65	0	0	0.3
140000	0.3	0.65	0.65	0	0	0.3
140100	0.3	0.65	0.65	0	0	0.3
140200	0.3	0.65	0.65	0	0	0.3
140300	0.3	0.65	0.65	0	0	0.3
140400	0.3	0.65	0.65	0	0	0.3
140500	0.3	0.65	0.65	0	0	0.3
140600	0.3	0.65	0.65	0	0	0.3
140700	0.3	0.65	0.65	0	0	0.3
140800	0.3	0.66	0.66	0	0	0.3
140900	0.3	0.66	0.66	0	0	0.3
141000	0.3	0.66	0.66	0	0	0.3
141100	0.3	0.66	0.66	0	0	0.3
141200	0.3	0.66	0.66	0	0	0.3
141300	0.3	0.66	0.66	0	0	0.3
141400	0.3	0.66	0.66	0	0	0.3
141500	0.3	0.66	0.66	0	0	0.3
141600	0.3	0.66	0.66	0	0	0.3
141700	0.3	0.66	0.66	0	0	0.3
141800	0.3	0.66	0.66	0	0	0.3
141900	0.3	0.66	0.66	0	0	0.3
142000	0.31	0.66	0.66	0	0	0.31
142100	0.31	0.66	0.66	0	0	0.31
142200	0.31	0.66	0.66	0	0	0.31
142300	0.31	0.66	0.66	0	0	0.31
142400	0.31	0.66	0.66	0	0	0.31
142500	0.31	0.66	0.66	0	0	0.31
142600	0.31	0.66	0.66	0	0	0.31
142700	0.31	0.66	0.66	0	0	0.31
142800	0.31	0.66	0.66	0	0	0.31
142900	0.3	0.66	0.66	0	0	0.3
143000	0.3	0.66	0.66	0	0	0.3
143100	0.3	0.66	0.66	0	0	0.3
143200	0.3	0.66	0.66	0	0	0.3
143300	0.3	0.66	0.66	0	0	0.3
143400	0.31	0.66	0.66	0	0	0.31
143500	0.31	0.66	0.66	0	0	0.31
143600	0.31	0.66	0.66	0	0	0.31
143700	0.31	0.66	0.66	0	0	0.31
143800	0.31	0.66	0.66	0	0	0.31
143900	0.31	0.66	0.66	0	0	0.31
144000	0.31	0.66	0.66	0	0	0.31
144100	0.31	0.66	0.66	0	0	0.31
144200	0.31	0.66	0.66	0	0	0.31
144300	0.31	0.66	0.66	0	0	0.31
144400	0.31	0.65	0.65	0	0	0.31
144500	0.31	0.65	0.65	0	0	0.31
144600	0.31	0.65	0.65	0	0	0.31
144700	0.31	0.65	0.65	0	0	0.31
144800	0.31	0.65	0.65	0	0	0.31
144900	0.31	0.65	0.65	0	0	0.31
145000	0.31	0.65	0.65	0	0	0.31
145100	0.31	0.65	0.65	0	0	0.31
145200	0.31	0.65	0.65	0	0	0.31
145300	0.31	0.65	0.65	0	0	0.31
145400	0.31	0.65	0.65	0	0	0.31
145500	0.31	0.65	0.65	0	0	0.31
145600	0.31	0.65	0.65	0	0	0.31
145700	0.31	0.65	0.65	0	0	0.31
145800	0.31	0.65	0.65	0	0	0.31
145900	0.31	0.65	0.65	0	0	0.31
146000	0.31	0.65	0.65	0	0	0.31
146100	0.31	0.65	0.65	0	0	0.31
146200	0.31	0.65	0.65	0	0	0.31
146300	0.31	0.65	0.65	0	0	0.31
146400	0.31	0.65	0.65	0	0	0.31
146500	0.31	0.66	0.66	0	0	0.31
146600	0.31	0.66	0.66	0	0	0.31
146700	0.31	0.66	0.66	0	0	0.31
146800	0.31	0.66	0.66	0	0	0.31
146900	0.31	0.66	0.66	0	0	0.31
147000	0.31	0.66	0.66	0	0	0.31
147100	0.31	0.66	0.66	0	0	0.31
147200	0.31	0.66	0.66	0	0	0.31
147300	0.31	0.66	0.66	0	0	0.31
147400	0.31	0.66	0.66	0	0	0.31
147500	0.31	0.66	0.66	0	0	0.31
147600	0.31	0.66	0.66	0	0	0.31
147700	0.31	0.66	0.66	0	0	0.31
147800	0.31	0.66	0.66	0	0	0.31
147900	0.31	0.66	0.66	0	0	0.31
148000	0.31	0.66	0.66	0	0	0.31
148100	0.31	0.66	0.66	0	0	0.31
148200	0.31	0.66	0.66	0	0	0.31
148300	0.31	0.66	0.66	0	0	0.31
148400	0.31	0.66	0.66	0	0	0.31
148500	0.31	0.66	0.66	0	0	0.31
148600	0.31	0.66	0.66	0	0	0.31
148700	0.31	0.66	0.66	0	0	0.31
148800	0.31	0.66	0.66	0	0	0.31
148900	0.31	0.66	0.66	0	0	0.31
149000	0.31	0.66	0.66	0	0	0.31
149100	0.32	0.66	0.66	0	0	0.32
149200	0.32	0.66	0.66	0	0	0.32
149300	0.32	0.66	0.66	0	0	0.32
149400	0.32	0.66	0.66	0	0	0.32
149500	0.32	0.66	0.66	0	0	0.32
149600	0.32	0.66	0.66	0	0	0.32
149700	0.32	0.66	0.66	0	0	0.32
149800	0.32	0.66	0.66	0	0	0.32
149900	0.32	0.66	0.66	0	0	0.32
150000	0.32	0.66	0.66	0	0	0.32
150100	0.32	0.66	0.66	0	0	0.32
150200	0.33	0.66	0.66	0	0	0.33
150300	0.33	0.66	0.66	0	0	0.33
150400	0.33	0.66	0.66	0	0	0.33
150500	0.33	0.66	0.66	0	0	0.33
150600	0.33	0.66	0.66	0	0	0.33
150700	0.33	0.66	0.66	0	0	0.33
150800	0.33	0.66	0.66	0	0	0.33
150900	0.33	0.66	0.66	0	0	0.33
151000	0.32	0.66	0.66	0	0	0.32
151100	0.32	0.66	0.66	0	0	0.32
151200	0.32	0.66	0.66	0	0	0.32
151300	0.32	0.66	0.66	0	0	0.32
151400	0.32	0.66	0.66	0	0	0.32
151500	0.32	0.66	0.66	0	0	0.32
151600	0.32	0.66	0.66	0	0	0.32
151700	0.32	0.66	0.66	0	0	0.32
151800	0.32	0.66	0.66	0	0	0.32
151900	0.32	0.66	0.66	0	0	0.32
152000	0.32	0.66	0.66	0	0	0.32
152100	0.32	0.66	0.66	0	0	0.32
152200	0.32	0.66	0.66	0	0	0.32
152300	0.32	0.66	0.66	0	0	0.32
152400	0.32	0.66	0.66	0	0	0.32
152500	0.32	0.66	0.66	0	0	0.32
152600	0.32	0.66	0.66	0	0	0.32
152700	0.32	0.66	0.66	0	0	0.32
152800	0.32	0.66	0.66	0	0	0.32
152900	0.32	0.66	0.66	0	0	0.32
153000	0.32	0.66	0.66	0	0	0.32
153100	0.32	0.66	0.66	0	0	0.32
153200	0.32	0.66	0.66	0	0	0.32
153300	0.32	0.66	0.66	0	0	0.32
153400	0.32	0.66	0.66	0	0	0.32
153500	0.32	0.66	0.66	0	0	0.32
153600	0.32	0.66	0.66	0	0	0.32
153700	0.33	0.66	0.66	0	0	0.33
153800	0.32	0.66	0.66	0	0	0.32
153900	0.32	0.66	0.66	0	0	0.32
154000	0.32	0.66	0.66	0	0	0.32
154100	0.32	0.66	0.66	0	0	0.32
154200	0.32	0.66	0.66	0	0	0.32
154300	0.32	0.66	0.66	0	0	0.32
154400	0.32	0.66	0.66	0	0	0.32
154500	0.32	0.66	0.66	0	0	0.32
154600	0.32	0.66	0.66	0	0	0.32
154700	0.32	0.66	0.66	0	0	0.32
154800	0.32	0.66	0.66	0	0	0.32
154900	0.32	0.66	0.66	0	0	0.32
155000	0.32	0.66	0.66	0	0	0.32
155100	0.32	0.66	0.66	0	0	0.32
155200	0.32	0.66	0.66	0	0	0.32
155300	0.32	0.66	0.66	0	0	0.32
155400	0.32	0.66	0.66	0	0	0.32
155500	0.32	0.66	0.66	0	0	0.32
155600	0.32	0.66	0.66	0	0	0.32
155700	0.32	0.66	0.66	0	0	0.32
155800	0.32	0.66	0.66	0	0	0.32
155900	0.32	0.66	0.66	0	0	0.32
156000	0.32	0.66	0.66	0	0	0.32
156100	0.32	0.66	0.66	0	0	0.32
156200	0.32	0.66	0.66	0	0	0.32
156300	0.32	0.66	0.66	0	0	0.32
156400	0.32	0.66	0.66	0	0	0.32
156500	0.33	0.66	0.66	0	0	0.33
156600	0.33	0.66	0.66	0	0	0.33
156700	0.33	0.66	0.66	0	0	0.33
156800	0.33	0.66	0.66	0	0	0.33
156900	0.33	0.66	0.66	0	0	0.33
157000	0.34	0.66	0.66	0	0	0.34
157100	0.33	0.66	0.66	0	0	0.33
157200	0.33	0.66	0.66	0	0	0.33
157300	0.33	0.66	0.66	0	0	0.33
157400	0.33	0.66	0.66	0	0	0.33
157500	0.33	0.66	0.66	0	0	0.33
157600	0.33	0.66	0.66	0	0	0.33
157700	0.33	0.66	0.66	0	0	0.33
157800	0.33	0.66	0.66	0	0	0.33
157900	0.33	0.66	0.66	0	0	0.33
158000	0.33	0.66	0.66	0	0	0.33
158100	0.33	0.66	0.66	0	0	0.33
158200	0.33	0.66	0.66	0	0	0.33
158300	0.33	0.66	0.66	0	0	0.33
158400	0.33	0.66	0.66	0	0	0.33
158500	0.33	0.66	0.66	0	0	0.33
158600	0.33	0.66	0.66	0	0	0.33
158700	0.33	0.66	0.66	0	0	0.33
158800	0.33	0.66	0.66	0	0	0.33
158900	0.33	0.66	0.66	0	0	0.33
159000	0.33	0.66	0.66	0	0	0.33
159100	0.33	0.66	0.66	0	0	0.33
159200	0.33	0.66	0.66	0	0	0.33
159300	0.33	0.66	0.66	0	0	0.33
159400	0.33	0.66	0.66	0	0	0.33
159500	0.33	0.66	0.66	0	0	0.33
159600	0.33	0.66	0.66	0	0	0.33
159700	0.34	0.66	0.66	0	0	0.34
159800	0.34	0.66	0.66	0	0	0.34
159900	0.34	0.66	0.66	0	0	0.34
160000	0.34	0.66	0.66	0	0	0.34
160100	0.34	0.66	0.66	0	0	0.34
160200	0.34	0.66	0.66	0	0	0.34
160300	0.34	0.66	0.66	0	0	0.34
160400	0.34	0.66	0.66	0	0	0.34
160500	0.34	0.66	0.66	0	0	0.34
160600	0.34	0.66	0.66	0	0	0.34
160700	0.34	0.66	0.66	0	0	0.34
160800	0.34	0.66	0.66	0	0	0.34
160900	0.34	0.66	0.66	0	0	0.34
161000	0.34	0.66	0.66	0	0	0.34
161100	0.34	0.66	0.66	0	0	0.34
161200	0.33	0.66	0.66	0	0	0.33
161300	0.33	0.66	0.66	0	0	0.33
161400	0.33	0.66	0.66	0	0	0.33
161500	0.33	0.66	0.66	0	0	0.33
161600	0.33	0.66	0.66	0	0	0.33
161700	0.33	0.66	0.66	0	0	0.33
161800	0.32	0.66	0.66	0	0	0.32
161900	0.32	0.66	0.66	0	0	0.32
162000	0.3	0.66	0.66	0	0	0.3
162100	0.3	0.66	0.66	0	0	0.3
162200	0.3	0.66	0.66	0	0	0.3
162300	0.31	0.66	0.66	0	0	0.31
162400	0.3	0.66	0.66	0	0	0.3
162500	0.3	0.66	0.66	0	0	0.3
162600	0.29	0.66	0.66	0	0	0.29
162700	0.29	0.66	0.66	0	0	0.29
162800	0.29	0.66	0.66	0	0	0.29
162900	0.29	0.66	0.66	0	0	0.29
163000	0.29	0.66	0.66	0	0	0.29
163100	0.29	0.66	0.66	0	0	0.29
163200	0.29	0.66	0.66	0	0	0.29
163300	0.29	0.66	0.66	0	0	0.29
163400	0.29	0.66	0.66	0	0	0.29
163500	0.29	0.66	0.66	0	0	0.29
163600	0.29	0.66	0.66	0	0	0.29
163700	0.29	0.66	0.66	0	0	0.29
163800	0.29	0.66	0.66	0	0	0.29
163900	0.3	0.66	0.66	0	0	0.3
164000	0.3	0.66	0.66	0	0	0.3
164100	0.3	0.66	0.66	0	0	0.3
164200	0.3	0.66	0.66	0	0	0.3
164300	0.3	0.66	0.66	0	0	0.3
164400	0.3	0.66	0.66	0	0	0.3
164500	0.3	0.66	0.66	0	0	0.3
164600	0.3	0.66	0.66	0	0	0.3
164700	0.3	0.66	0.66	0	0	0.3
164800	0.3	0.66	0.66	0	0	0.3
164900	0.3	0.66	0.66	0	0	0.3
165000	0.3	0.66	0.66	0	0	0.3
165100	0.3	0.65	0.65	0	0	0.3
165200	0.3	0.65	0.65	0	0	0.3
165300	0.29	0.65	0.65	0	0	0.29
165400	0.29	0.65	0.65	0	0	0.29
165500	0.29	0.65	0.65	0	0	0.29
165600	0.29	0.65	0.65	0	0	0.29
165700	0.29	0.65	0.65	0	0	0.29
165800	0.29	0.65	0.65	0	0	0.29
165900	0.29	0.65	0.65	0	0	0.29
166000	0.29	0.65	0.65	0	0	0.29
166100	0.29	0.66	0.66	0	0	0.29
166200	0.29	0.66	0.66	0	0	0.29
166300	0.29	0.66	0.66	0	0	0.29
166400	0.29	0.65	0.65	0	0	0.29
166500	0.29	0.65	0.65	0	0	0.29
166600	0.29	0.65	0.65	0	0	0.29
166700	0.29	0.66	0.66	0	0	0.29
166800	0.28	0.66	0.66	0	0	0.28
166900	0.28	0.66	0.66	0	0	0.28
167000	0.28	0.66	0.66	0	0	0.28
167100	0.28	0.66	0.66	0	0	0.28
167200	0.28	0.66	0.66	0	0	0.28
167300	0.28	0.66	0.66	0	0	0.28
167400	0.28	0.66	0.66	0	0	0.28
167500	0.28	0.66	0.66	0	0	0.28
167600	0.29	0.66	0.66	0	0	0.29
167700	0.29	0.66	0.66	0	0	0.29
167800	0.29	0.66	0.66	0	0	0.29
167900	0.29	0.66	0.66	0	0	0.29
168000	0.29	0.66	0.66	0	0	0.29
168100	0.29	0.66	0.66	0	0	0.29
168200	0.29	0.66	0.66	0	0	0.29
168300	0.29	0.66	0.66	0	0	0.29
168400	0.29	0.66	0.66	0	0	0.29
168500	0.29	0.66	0.66	0	0	0.29
168600	0.28	0.66	0.66	0	0	0.28
168700	0.28	0.66	0.66	0	0	0.28
168800	0.28	0.66	0.66	0	0	0.28
168900	0.28	0.66	0.66	0	0	0.28
169000	0.28	0.66	0.66	0	0	0.28
169100	0.28	0.66	0.66	0	0	0.28
169200	0.28	0.66	0.66	0	0	0.28
169300	0.28	0.66	0.66	0	0	0.28
169400	0.28	0.67	0.67	0	0	0.28
169500	0.28	0.67	0.67	0	0	0.28
169600	0.28	0.67	0.67	0	0	0.28
169700	0.28	0.67	0.67	0	0	0.28
169800	0.28	0.67	0.67	0	0	0.28
169900	0.28	0.67	0.67	0	0	0.28
170000	0.28	0.67	0.67	0	0	0.28
170100	0.28	0.67	0.67	0	0	0.28
170200	0.28	0.67	0.67	0	0	0.28
170300	0.28	0.67	0.67	0	0	0.28
170400	0.28	0.67	0.67	0	0	0.28
170500	0.28	0.67	0.67	0	0	0.28
170600	0.28	0.67	0.67	0	0	0.28
170700	0.28	0.67	0.67	0	0	0.28
170800	0.28	0.67	0.67	0	0	0.28
170900	0.28	0.67	0.67	0	0	0.28
171000	0.28	0.67	0.67	0	0	0.28
171100	0.29	0.67	0.67	0	0	0.29
171200	0.29	0.67	0.67	0	0	0.29
171300	0.29	0.67	0.67	0	0	0.29
171400	0.29	0.67	0.67	0	0	0.29
171500	0.29	0.67	0.67	0	0	0.29
171600	0.29	0.67	0.67	0	0	0.29
171700	0.29	0.67	0.67	0	0	0.29
171800	0.29	0.67	0.67	0	0	0.29
171900	0.29	0.67	0.67	0	0	0.29
172000	0.29	0.67	0.67	0	0	0.29
172100	0.29	0.67	0.67	0	0	0.29
172200	0.29	0.67	0.67	0	0	0.29
172300	0.29	0.67	0.67	0	0	0.29
172400	0.29	0.67	0.67	0	0	0.29
172500	0.29	0.67	0.67	0	0	0.29
172600	0.29	0.67	0.67	0	0	0.29
172700	0.29	0.67	0.67	0	0	0.29
172800	0.29	0.67	0.67	0	0	0.29
172900	0.29	0.67	0.67	0	0	0.29
173000	0.29	0.67	0.67	0	0	0.29
173100	0.29	0.67	0.67	0	0	0.29
173200	0.29	0.67	0.67	0	0	0.29
173300	0.29	0.67	0.67	0	0	0.29
173400	0.29	0.67	0.67	0	0	0.29
173500	0.3	0.67	0.67	0	0	0.3
173600	0.3	0.67	0.67	0	0	0.3
173700	0.3	0.67	0.67	0	0	0.3
173800	0.3	0.67	0.67	0	0	0.3
173900	0.3	0.67	0.67	0	0	0.3
174000	0.3	0.67	0.67	0	0	0.3
174100	0.3	0.67	0.67	0	0	0.3
174200	0.3	0.67	0.67	0	0	0.3
174300	0.3	0.67	0.67	0	0	0.3
174400	0.3	0.67	0.67	0	0	0.3
174500	0.3	0.67	0.67	0	0	0.3
174600	0.3	0.67	0.67	0	0	0.3
174700	0.3	0.67	0.67	0	0	0.3
174800	0.29	0.67	0.67	0	0	0.29
174900	0.29	0.67	0.67	0	0	0.29
175000	0.29	0.67	0.67	0	0	0.29
175100	0.29	0.67	0.67	0	0	0.29
175200	0.29	0.67	0.67	0	0	0.29
175300	0.29	0.67	0.67	0	0	0.29
175400	0.29	0.67	0.67	0	0	0.29
175500	0.29	0.67	0.67	0	0	0.29
175600	0.29	0.67	0.67	0	0	0.29
175700	0.29	0.67	0.67	0	0	0.29
175800	0.29	0.67	0.67	0	0	0.29
175900	0.29	0.67	0.67	0	0	0.29
176000	0.29	0.67	0.67	0	0	0.29
176100	0.3	0.67	0.67	0	0	0.3
176200	0.3	0.67	0.67	0	0	0.3
176300	0.3	0.67	0.67	0	0	0.3
176400	0.3	0.67	0.67	0	0	0.3
176500	0.3	0.67	0.67	0	0	0.3
176600	0.3	0.67	0.67	0	0	0.3
176700	0.31	0.67	0.67	0	0	0.31
176800	0.31	0.68	0.68	0	0	0.31
176900	0.31	0.67	0.67	0	0	0.31
177000	0.31	0.67	0.67	0	0	0.31
177100	0.31	0.67	0.67	0	0	0.31
177200	0.31	0.67	0.67	0	0	0.31
177300	0.31	0.67	0.67	0	0	0.31
177400	0.31	0.67	0.67	0	0	0.31
177500	0.31	0.67	0.67	0	0	0.31
177600	0.31	0.67	0.67	0	0	0.31
177700	0.31	0.67	0.67	0	0	0.31
177800	0.31	0.67	0.67	0	0	0.31
177900	0.31	0.67	0.67	0	0	0.31
178000	0.3	0.67	0.67	0	0	0.3
178100	0.3	0.67	0.67	0	0	0.3
178200	0.3	0.67	0.67	0	0	0.3
178300	0.3	0.67	0.67	0	0	0.3
178400	0.3	0.67	0.67	0	0	0.3
178500	0.3	0.67	0.67	0	0	0.3
178600	0.3	0.67	0.67	0	0	0.3
178700	0.3	0.67	0.67	0	0	0.3
178800	0.3	0.67	0.67	0	0	0.3
178900	0.3	0.67	0.67	0	0	0.3
179000	0.3	0.67	0.67	0	0	0.3
179100	0.3	0.67	0.67	0	0	0.3
179200	0.3	0.67	0.67	0	0	0.3
179300	0.3	0.67	0.67	0	0	0.3
179400	0.3	0.67	0.67	0	0	0.3
179500	0.3	0.67	0.67	0	0	0.3
179600	0.3	0.67	0.67	0	0	0.3
179700	0.3	0.67	0.67	0	0	0.3
179800	0.3	0.67	0.67	0	0	0.3
179900	0.3	0.67	0.67	0	0	0.3
180000	0.3	0.67	0.67	0	0	0.3
180100	0.3	0.67	0.67	0	0	0.3
180200	0.3	0.67	0.67	0	0	0.3
180300	0.3	0.67	0.67	0	0	0.3
180400	0.3	0.68	0.68	0	0	0.3
180500	0.3	0.68	0.68	0	0	0.3
180600	0.3	0.68	0.68	0	0	0.3
180700	0.3	0.68	0.68	0	0	0.3
180800	0.3	0.68	0.68	0	0	0.3
180900	0.3	0.68	0.68	0	0	0.3
181000	0.3	0.68	0.68	0	0	0.3
181100	0.3	0.68	0.68	0	0	0.3
181200	0.3	0.68	0.68	0	0	0.3
181300	0.3	0.68	0.68	0	0	0.3
181400	0.3	0.68	0.68	0	0	0.3
181500	0.3	0.68	0.68	0	0	0.3
181600	0.3	0.68	0.68	0	0	0.3
181700	0.3	0.68	0.68	0	0	0.3
181800	0.3	0.68	0.68	0	0	0.3
181900	0.3	0.68	0.68	0	0	0.3
182000	0.3	0.68	0.68	0	0	0.3
182100	0.3	0.68	0.68	0	0	0.3
182200	0.3	0.68	0.68	0	0	0.3
182300	0.3	0.68	0.68	0	0	0.3
182400	0.3	0.68	0.68	0	0	0.3
182500	0.3	0.68	0.68	0	0	0.3
182600	0.3	0.68	0.68	0	0	0.3
182700	0.3	0.68	0.68	0	0	0.3
182800	0.3	0.68	0.68	0	0	0.3
182900	0.3	0.68	0.68	0	0	0.3
183000	0.3	0.68	0.68	0	0	0.3
183100	0.3	0.68	0.68	0	0	0.3
183200	0.3	0.68	0.68	0	0	0.3
183300	0.31	0.68	0.68	0	0	0.31
183400	0.3	0.68	0.68	0	0	0.3
183500	0.3	0.68	0.68	0	0	0.3
183600	0.3	0.68	0.68	0	0	0.3
183700	0.3	0.68	0.68	0	0	0.3
183800	0.3	0.68	0.68	0	0	0.3
183900	0.3	0.68	0.68	0	0	0.3
184000	0.3	0.68	0.68	0	0	0.3
184100	0.3	0.68	0.68	0	0	0.3
184200	0.3	0.68	0.68	0	0	0.3
184300	0.3	0.68	0.68	0	0	0.3
184400	0.3	0.68	0.68	0	0	0.3
184500	0.3	0.68	0.68	0	0	0.3
184600	0.3	0.68	0.68	0	0	0.3
184700	0.3	0.68	0.68	0	0	0.3
184800	0.3	0.67	0.67	0	0	0.3
184900	0.3	0.67	0.67	0	0	0.3
185000	0.3	0.67	0.67	0	0	0.3
185100	0.3	0.66	0.66	0	0	0.3
185200	0.3	0.65	0.65	0	0	0.3
185300	0.3	0.65	0.65	0	0	0.3
185400	0.3	0.65	0.65	0	0	0.3
185500	0.3	0.65	0.65	0	0	0.3
185600	0.3	0.65	0.65	0	0	0.3
185700	0.3	0.65	0.65	0	0	0.3
185800	0.3	0.65	0.65	0	0	0.3
185900	0.3	0.65	0.65	0	0	0.3
186000	0.3	0.65	0.65	0	0	0.3
186100	0.3	0.65	0.65	0	0	0.3
186200	0.3	0.65	0.65	0	0	0.3
186300	0.3	0.65	0.65	0	0	0.3
186400	0.3	0.65	0.65	0	0	0.3
186500	0.3	0.65	0.65	0	0	0.3
186600	0.3	0.65	0.65	0	0	0.3
186700	0.3	0.65	0.65	0	0	0.3
186800	0.3	0.65	0.65	0	0	0.3
186900	0.3	0.65	0.65	0	0	0.3
187000	0.3	0.65	0.65	0	0	0.3
187100	0.3	0.65	0.65	0	0	0.3
187200	0.3	0.65	0.65	0	0	0.3
187300	0.3	0.66	0.66	0	0	0.3
187400	0.3	0.66	0.66	0	0	0.3
187500	0.3	0.66	0.66	0	0	0.3
187600	0.3	0.66	0.66	0	0	0.3
187700	0.3	0.66	0.66	0	0	0.3
187800	0.3	0.66	0.66	0	0	0.3
187900	0.3	0.67	0.67	0	0	0.3
188000	0.3	0.68	0.68	0	0	0.3
188100	0.3	0.67	0.67	0	0	0.3
188200	0.3	0.67	0.67	0	0	0.3
188300	0.3	0.67	0.67	0	0	0.3
188400	0.3	0.67	0.67	0	0	0.3
188500	0.3	0.66	0.66	0	0	0.3
188600	0.3	0.67	0.67	0	0	0.3
188700	0.3	0.67	0.67	0	0	0.3
188800	0.3	0.66	0.66	0	0	0.3
188900	0.3	0.66	0.66	0	0	0.3
189000	0.3	0.66	0.66	0	0	0.3
189100	0.3	0.66	0.66	0	0	0.3
189200	0.3	0.66	0.66	0	0	0.3
189300	0.3	0.66	0.66	0	0	0.3
189400	0.3	0.66	0.66	0	0	0.3
189500	0.31	0.66	0.66	0	0	0.31
189600	0.31	0.66	0.66	0	0	0.31
189700	0.31	0.66	0.66	0	0	0.31
189800	0.31	0.66	0.66	0	0	0.31
189900	0.31	0.66	0.66	0	0	0.31
190000	0.31	0.66	0.66	0	0	0.31
190100	0.31	0.66	0.66	0	0	0.31
190200	0.31	0.66	0.66	0	0	0.31
190300	0.31	0.66	0.66	0	0	0.31
190400	0.31	0.66	0.66	0	0	0.31
190500	0.31	0.66	0.66	0	0	0.31
190600	0.31	0.66	0.66	0	0	0.31
190700	0.31	0.66	0.66	0	0	0.31
190800	0.31	0.66	0.66	0	0	0.31
190900	0.31	0.66	0.66	0	0	0.31
191000	0.31	0.66	0.66	0	0	0.31
191100	0.31	0.66	0.66	0	0	0.31
191200	0.31	0.66	0.66	0	0	0.31
191300	0.31	0.66	0.66	0	0	0.31
191400	0.31	0.66	0.66	0	0	0.31
191500	0.31	0.66	0.66	0	0	0.31
191600	0.31	0.66	0.66	0	0	0.31
191700	0.31	0.66	0.66	0	0	0.31
191800	0.31	0.66	0.66	0	0	0.31
191900	0.31	0.66	0.66	0	0	0.31
192000	0.31	0.66	0.66	0	0	0.31
192100	0.31	0.66	0.66	0	0	0.31
192200	0.31	0.66	0.66	0	0	0.31
192300	0.31	0.66	0.66	0	0	0.31
192400	0.31	0.66	0.66	0	0	0.31
192500	0.31	0.66	0.66	0	0	0.31
192600	0.31	0.66	0.66	0	0	0.31
192700	0.31	0.66	0.66	0	0	0.31
192800	0.31	0.66	0.66	0	0	0.31
192900	0.31	0.66	0.66	0	0	0.31
193000	0.31	0.66	0.66	0	0	0.31
193100	0.31	0.66	0.66	0	0	0.31
193200	0.31	0.66	0.66	0	0	0.31
193300	0.31	0.66	0.66	0	0	0.31
193400	0.31	0.66	0.66	0	0	0.31
193500	0.31	0.66	0.66	0	0	0.31
193600	0.31	0.66	0.66	0	0	0.31
193700	0.31	0.66	0.66	0	0	0.31
193800	0.31	0.66	0.66	0	0	0.31
193900	0.31	0.66	0.66	0	0	0.31
194000	0.31	0.66	0.66	0	0	0.31
194100	0.31	0.66	0.66	0	0	0.31
194200	0.31	0.67	0.67	0	0	0.31
194300	0.31	0.67	0.67	0	0	0.31
194400	0.31	0.67	0.67	0	0	0.31
194500	0.31	0.67	0.67	0	0	0.31
194600	0.31	0.67	0.67	0	0	0.31
194700	0.31	0.67	0.67	0	0	0.31
194800	0.31	0.67	0.67	0	0	0.31
194900	0.31	0.67	0.67	0	0	0.31
195000	0.31	0.67	0.67	0	0	0.31
195100	0.31	0.67	0.67	0	0	0.31
195200	0.31	0.67	0.67	0	0	0.31
195300	0.31	0.67	0.67	0	0	0.31
195400	0.31	0.67	0.67	0	0	0.31
195500	0.31	0.67	0.67	0	0	0.31
195600	0.31	0.67	0.67	0	0	0.31
195700	0.31	0.67	0.67	0	0	0.31
195800	0.31	0.67	0.67	0	0	0.31
195900	0.31	0.67	0.67	0	0	0.31
196000	0.31	0.67	0.67	0	0	0.31
196100	0.31	0.67	0.67	0	0	0.31
196200	0.31	0.67	0.67	0	0	0.31
196300	0.31	0.67	0.67	0	0	0.31
196400	0.31	0.67	0.67	0	0	0.31
196500	0.31	0.67	0.67	0	0	0.31
196600	0.31	0.67	0.67	0	0	0.31
196700	0.31	0.67	0.67	0	0	0.31
196800	0.31	0.67	0.67	0	0	0.31
196900	0.31	0.67	0.67	0	0	0.31
197000	0.31	0.67	0.67	0	0	0.31
197100	0.31	0.67	0.67	0	0	0.31
197200	0.31	0.67	0.67	0	0	0.31
197300	0.31	0.67	0.67	0	0	0.31
197400	0.31	0.67	0.67	0	0	0.31
197500	0.31	0.67	0.67	0	0	0.31
197600	0.31	0.67	0.67	0	0	0.31
197700	0.31	0.67	0.67	0	0	0.31
197800	0.31	0.67	0.67	0	0	0.31
197900	0.31	0.67	0.67	0	0	0.31
198000	0.31	0.67	0.67	0	0	0.31
198100	0.31	0.67	0.67	0	0	0.31
198200	0.31	0.67	0.67	0	0	0.31
198300	0.31	0.67	0.67	0	0	0.31
198400	0.31	0.67	0.67	0	0	0.31
198500	0.31	0.67	0.67	0	0	0.31
198600	0.31	0.67	0.67	0	0	0.31
198700	0.31	0.67	0.67	0	0	0.31
198800	0.31	0.67	0.67	0	0	0.31
198900	0.31	0.67	0.67	0	0	0.31
199000	0.31	0.67	0.67	0	0	0.31
199100	0.31	0.67	0.67	0	0	0.31
199200	0.31	0.67	0.67	0	0	0.31
199300	0.31	0.67	0.67	0	0	0.31
199400	0.31	0.67	0.67	0	0	0.31
199500	0.31	0.67	0.67	0	0	0.31
199600	0.31	0.67	0.67	0	0	0.31
199700	0.31	0.67	0.67	0	0	0.31
199800	0.31	0.67	0.67	0	0	0.31
199900	0.31	0.67	0.67	0	0	0.31
200000	0.31	0.67	0.67	0	0	0.31
200100	0.31	0.67	0.67	0	0	0.31
200200	0.31	0.67	0.67	0	0	0.31
200300	0.31	0.67	0.67	0	0	0.31
200400	0.31	0.67	0.67	0	0	0.31
200500	0.31	0.67	0.67	0	0	0.31
200600	0.31	0.67	0.67	0	0	0.31
200700	0.31	0.67	0.67	0	0	0.31
200800	0.31	0.67	0.67	0	0	0.31
200900	0.31	0.67	0.67	0	0	0.31
201000	0.31	0.67	0.67	0	0	0.31
201100	0.31	0.67	0.67	0	0	0.31
201200	0.31	0.67	0.67	0	0	0.31
201300	0.31	0.67	0.67	0	0	0.31
201400	0.31	0.67	0.67	0	0	0.31
201500	0.31	0.67	0.67	0	0	0.31
201600	0.31	0.67	0.67	0	0	0.31
201700	0.31	0.67	0.67	0	0	0.31
201800	0.31	0.67	0.67	0	0	0.31
201900	0.31	0.67	0.67	0	0	0.31
202000	0.31	0.67	0.67	0	0	0.31
202100	0.31	0.67	0.67	0	0	0.31
202200	0.31	0.67	0.67	0	0	0.31
202300	0.31	0.67	0.67	0	0	0.31
202400	0.31	0.67	0.67	0	0	0.31
202500	0.31	0.67	0.67	0	0	0.31
202600	0.31	0.67	0.67	0	0	0.31
202700	0.31	0.66	0.66	0	0	0.31
202800	0.31	0.66	0.66	0	0	0.31
202900	0.31	0.66	0.66	0	0	0.31
203000	0.31	0.66	0.66	0	0	0.31
203100	0.31	0.66	0.66	0	0	0.31
203200	0.31	0.66	0.66	0	0	0.31
203300	0.31	0.66	0.66	0	0	0.31
203400	0.31	0.66	0.66	0	0	0.31
203500	0.31	0.66	0.66	0	0	0.31
203600	0.31	0.66	0.66	0	0	0.31
203700	0.31	0.66	0.66	0	0	0.31
203800	0.31	0.66	0.66	0	0	0.31
203900	0.31	0.66	0.66	0	0	0.31
204000	0.31	0.66	0.66	0	0	0.31
204100	0.31	0.66	0.66	0	0	0.31
204200	0.31	0.66	0.66	0	0	0.31
204300	0.31	0.66	0.66	0	0	0.31
204400	0.31	0.66	0.66	0	0	0.31
204500	0.31	0.66	0.66	0	0	0.31
204600	0.31	0.66	0.66	0	0	0.31
204700	0.31	0.66	0.66	0	0	0.31
204800	0.31	0.66	0.66	0	0	0.31
204900	0.31	0.67	0.67	0	0	0.31
205000	0.31	0.67	0.67	0	0	0.31
205100	0.31	0.67	0.67	0	0	0.31
205200	0.31	0.67	0.67	0	0	0.31
205300	0.31	0.67	0.67	0	0	0.31
205400	0.31	0.67	0.67	0	0	0.31
205500	0.31	0.67	0.67	0	0	0.31
205600	0.31	0.67	0.67	0	0	0.31
205700	0.31	0.67	0.67	0	0	0.31
205800	0.31	0.67	0.67	0	0	0.31
205900	0.31	0.67	0.67	0	0	0.31
206000	0.31	0.67	0.67	0	0	0.31
206100	0.31	0.67	0.67	0	0	0.31
206200	0.31	0.67	0.67	0	0	0.31
206300	0.31	0.67	0.67	0	0	0.31
206400	0.31	0.67	0.67	0	0	0.31
206500	0.31	0.67	0.67	0	0	0.31
206600	0.31	0.67	0.67	0	0	0.31
206700	0.31	0.67	0.67	0	0	0.31
206800	0.31	0.67	0.67	0	0	0.31
206900	0.31	0.67	0.67	0	0	0.31
207000	0.31	0.67	0.67	0	0	0.31
207100	0.31	0.67	0.67	0	0	0.31
207200	0.31	0.67	0.67	0	0	0.31
207300	0.31	0.67	0.67	0	0	0.31
207400	0.31	0.67	0.67	0	0	0.31
207500	0.31	0.67	0.67	0	0	0.31
207600	0.31	0.67	0.67	0	0	0.31
207700	0.31	0.67	0.67	0	0	0.31
207800	0.32	0.67	0.67	0	0	0.32
207900	0.32	0.66	0.66	0	0	0.32
208000	0.32	0.66	0.66	0	0	0.32
208100	0.32	0.66	0.66	0	0	0.32
208200	0.32	0.66	0.66	0	0	0.32
208300	0.32	0.66	0.66	0	0	0.32
208400	0.32	0.66	0.66	0	0	0.32
208500	0.32	0.66	0.66	0	0	0.32
208600	0.32	0.66	0.66	0	0	0.32
208700	0.32	0.66	0.66	0	0	0.32
208800	0.32	0.66	0.66	0	0	0.32
208900	0.32	0.66	0.66	0	0	0.32
209000	0.32	0.66	0.66	0	0	0.32
209100	0.32	0.66	0.66	0	0	0.32
209200	0.32	0.66	0.66	0	0	0.32
209300	0.32	0.66	0.66	0	0	0.32
209400	0.32	0.66	0.66	0	0	0.32
209500	0.32	0.66	0.66	0	0	0.32
209600	0.32	0.66	0.66	0	0	0.32
209700	0.32	0.66	0.66	0	0	0.32
209800	0.32	0.66	0.66	0	0	0.32
209900	0.32	0.66	0.66	0	0	0.32
210000	0.32	0.66	0.66	0	0	0.32
210100	0.32	0.66	0.66	0	0	0.32
210200	0.32	0.66	0.66	0	0	0.32
210300	0.32	0.66	0.66	0	0	0.32
210400	0.32	0.66	0.66	0	0	0.32
210500	0.32	0.66	0.66	0	0	0.32
210600	0.32	0.66	0.66	0	0	0.32
210700	0.32	0.66	0.66	0	0	0.32
210800	0.32	0.66	0.66	0	0	0.32
210900	0.32	0.66	0.66	0	0	0.32
211000	0.32	0.66	0.66	0	0	0.32
211100	0.32	0.66	0.66	0	0	0.32
211200	0.32	0.66	0.66	0	0	0.32
211300	0.32	0.66	0.66	0	0	0.32
211400	0.32	0.66	0.66	0	0	0.32
211500	0.32	0.66	0.66	0	0	0.32
211600	0.32	0.66	0.66	0	0	0.32
211700	0.32	0.66	0.66	0	0	0.32
211800	0.32	0.66	0.66	0	0	0.32
211900	0.32	0.66	0.66	0	0	0.32
212000	0.32	0.66	0.66	0	0	0.32
212100	0.32	0.66	0.66	0	0	0.32
212200	0.32	0.66	0.66	0	0	0.32
212300	0.32	0.67	0.67	0	0	0.32
212400	0.32	0.67	0.67	0	0	0.32
212500	0.32	0.67	0.67	0	0	0.32
212600	0.32	0.67	0.67	0	0	0.32
212700	0.32	0.67	0.67	0	0	0.32
212800	0.32	0.67	0.67	0	0	0.32
212900	0.32	0.67	0.67	0	0	0.32
213000	0.32	0.67	0.67	0	0	0.32
213100	0.32	0.67	0.67	0	0	0.32
213200	0.32	0.67	0.67	0	0	0.32
213300	0.32	0.67	0.67	0	0	0.32
213400	0.32	0.67	0.67	0	0	0.32
213500	0.32	0.67	0.67	0	0	0.32
213600	0.32	0.67	0.67	0	0	0.32
213700	0.32	0.67	0.67	0	0	0.32
213800	0.32	0.67	0.67	0	0	0.32
213900	0.32	0.67	0.67	0	0	0.32
214000	0.32	0.67	0.67	0	0	0.32
214100	0.32	0.67	0.67	0	0	0.32
214200	0.32	0.67	0.67	0	0	0.32
214300	0.32	0.67	0.67	0	0	0.32
214400	0.32	0.67	0.67	0	0	0.32
214500	0.32	0.67	0.67	0	0	0.32
214600	0.32	0.67	0.67	0	0	0.32
214700	0.32	0.67	0.67	0	0	0.32
214800	0.32	0.67	0.67	0	0	0.32
214900	0.32	0.67	0.67	0	0	0.32
215000	0.32	0.67	0.67	0	0	0.32
215100	0.32	0.67	0.67	0	0	0.32
215200	0.32	0.67	0.67	0	0	0.32
215300	0.32	0.67	0.67	0	0	0.32
215400	0.32	0.67	0.67	0	0	0.32
215500	0.32	0.67	0.67	0	0	0.32
215600	0.32	0.67	0.67	0	0	0.32
215700	0.32	0.67	0.67	0	0	0.32
215800	0.32	0.67	0.67	0	0	0.32
215900	0.32	0.67	0.67	0	0	0.32
216000	0.32	0.67	0.67	0	0	0.32
216100	0.32	0.67	0.67	0	0	0.32
216200	0.32	0.67	0.67	0	0	0.32
216300	0.32	0.67	0.67	0	0	0.32
216400	0.32	0.67	0.67	0	0	0.32
216500	0.32	0.67	0.67	0	0	0.32
216600	0.32	0.67	0.67	0	0	0.32
216700	0.32	0.67	0.67	0	0	0.32
216800	0.32	0.67	0.67	0	0	0.32
216900	0.32	0.67	0.67	0	0	0.32
217000	0.32	0.67	0.67	0	0	0.32
217100	0.32	0.67	0.67	0	0	0.32
217200	0.32	0.67	0.67	0	0	0.32
217300	0.32	0.67	0.67	0	0	0.32
217400	0.32	0.67	0.67	0	0	0.32
217500	0.32	0.67	0.67	0	0	0.32
217600	0.32	0.67	0.67	0	0	0.32
217700	0.32	0.67	0.67	0	0	0.32
217800	0.32	0.67	0.67	0	0	0.32
217900	0.32	0.67	0.67	0	0	0.32
218000	0.32	0.67	0.67	0	0	0.32
218100	0.32	0.67	0.67	0	0	0.32
218200	0.32	0.67	0.67	0	0	0.32
218300	0.32	0.67	0.67	0	0	0.32
218400	0.32	0.67	0.67	0	0	0.32
218500	0.32	0.67	0.67	0	0	0.32
218600	0.32	0.67	0.67	0	0	0.32
218700	0.32	0.67	0.67	0	0	0.32
218800	0.32	0.67	0.67	0	0	0.32
218900	0.33	0.67	0.67	0	0	0.33
219000	0.33	0.67	0.67	0	0	0.33
219100	0.33	0.67	0.67	0	0	0.33
219200	0.33	0.67	0.67	0	0	0.33
219300	0.33	0.67	0.67	0	0	0.33
219400	0.33	0.66	0.66	0	0	0.33
219500	0.33	0.66	0.66	0	0	0.33
219600	0.33	0.66	0.66	0	0	0.33
219700	0.33	0.66	0.66	0	0	0.33
219800	0.33	0.66	0.66	0	0	0.33
219900	0.33	0.66	0.66	0	0	0.33
220000	0.33	0.66	0.66	0	0	0.33
220100	0.33	0.66	0.66	0	0	0.33
220200	0.33	0.66	0.66	0	0	0.33
220300	0.33	0.66	0.66	0	0	0.33
220400	0.33	0.66	0.66	0	0	0.33
220500	0.33	0.66	0.66	0	0	0.33
220600	0.33	0.66	0.66	0	0	0.33
220700	0.33	0.66	0.66	0	0	0.33
220800	0.33	0.66	0.66	0	0	0.33
220900	0.33	0.66	0.66	0	0	0.33
221000	0.33	0.66	0.66	0	0	0.33
221100	0.33	0.66	0.66	0	0	0.33
221200	0.33	0.66	0.66	0	0	0.33
221300	0.33	0.66	0.66	0	0	0.33
221400	0.33	0.66	0.66	0	0	0.33
221500	0.33	0.66	0.66	0	0	0.33
221600	0.33	0.67	0.67	0	0	0.33
221700	0.33	0.67	0.67	0	0	0.33
221800	0.33	0.67	0.67	0	0	0.33
221900	0.33	0.67	0.67	0	0	0.33
222000	0.33	0.67	0.67	0	0	0.33
222100	0.33	0.67	0.67	0	0	0.33
222200	0.33	0.67	0.67	0	0	0.33
222300	0.33	0.67	0.67	0	0	0.33
222400	0.33	0.67	0.67	0	0	0.33
222500	0.33	0.67	0.67	0	0	0.33
222600	0.33	0.67	0.67	0	0	0.33
222700	0.33	0.67	0.67	0	0	0.33
222800	0.33	0.67	0.67	0	0	0.33
222900	0.33	0.67	0.67	0	0	0.33
223000	0.33	0.67	0.67	0	0	0.33
223100	0.33	0.67	0.67	0	0	0.33
223200	0.33	0.67	0.67	0	0	0.33
223300	0.33	0.67	0.67	0	0	0.33
223400	0.33	0.67	0.67	0	0	0.33
223500	0.33	0.67	0.67	0	0	0.33
223600	0.33	0.67	0.67	0	0	0.33
223700	0.33	0.67	0.67	0	0	0.33
223800	0.33	0.67	0.67	0	0	0.33
223900	0.33	0.67	0.67	0	0	0.33
224000	0.33	0.67	0.67	0	0	0.33
224100	0.33	0.67	0.67	0	0	0.33
224200	0.33	0.67	0.67	0	0	0.33
224300	0.33	0.67	0.67	0	0	0.33
224400	0.33	0.67	0.67	0	0	0.33
224500	0.33	0.67	0.67	0	0	0.33
224600	0.33	0.67	0.67	0	0	0.33
224700	0.33	0.67	0.67	0	0	0.33
224800	0.33	0.67	0.67	0	0	0.33
224900	0.33	0.67	0.67	0	0	0.33
225000	0.33	0.67	0.67	0	0	0.33
225100	0.33	0.67	0.67	0	0	0.33
225200	0.33	0.67	0.67	0	0	0.33
225300	0.33	0.67	0.67	0	0	0.33
225400	0.33	0.67	0.67	0	0	0.33
225500	0.33	0.67	0.67	0	0	0.33
225600	0.33	0.67	0.67	0	0	0.33
225700	0.33	0.67	0.67	0	0	0.33
225800	0.33	0.67	0.67	0	0	0.33
225900	0.33	0.67	0.67	0	0	0.33
226000	0.33	0.67	0.67	0	0	0.33
226100	0.32	0.67	0.67	0	0	0.32
226200	0.32	0.67	0.67	0	0	0.32
226300	0.32	0.67	0.67	0	0	0.32
226400	0.32	0.67	0.67	0	0	0.32
226500	0.32	0.67	0.67	0	0	0.32
226600	0.32	0.67	0.67	0	0	0.32
226700	0.32	0.67	0.67	0	0	0.32
226800	0.32	0.67	0.67	0	0	0.32
226900	0.32	0.67	0.67	0	0	0.32
227000	0.32	0.67	0.67	0	0	0.32
227100	0.32	0.67	0.67	0	0	0.32
227200	0.32	0.66	0.66	0	0	0.32
227300	0.32	0.66	0.66	0	0	0.32
227400	0.32	0.66	0.66	0	0	0.32
227500	0.32	0.66	0.66	0	0	0.32
227600	0.32	0.66	0.66	0	0	0.32
227700	0.32	0.66	0.66	0	0	0.32
227800	0.32	0.66	0.66	0	0	0.32
227900	0.32	0.66	0.66	0	0	0.32
228000	0.32	0.66	0.66	0	0	0.32
228100	0.32	0.66	0.66	0	0	0.32
228200	0.32	0.66	0.66	0	0	0.32
228300	0.32	0.66	0.66	0	0	0.32
228400	0.32	0.66	0.66	0	0	0.32
228500	0.32	0.66	0.66	0	0	0.32
228600	0.32	0.66	0.66	0	0	0.32
228700	0.32	0.66	0.66	0	0	0.32
228800	0.32	0.66	0.66	0	0	0.32
228900	0.32	0.66	0.66	0	0	0.32
229000	0.33	0.66	0.66	0	0	0.33
229100	0.33	0.66	0.66	0	0	0.33
229200	0.33	0.66	0.66	0	0	0.33
229300	0.33	0.66	0.66	0	0	0.33
229400	0.33	0.66	0.66	0	0	0.33
229500	0.33	0.66	0.66	0	0	0.33
229600	0.33	0.66	0.66	0	0	0.33
229700	0.33	0.66	0.66	0	0	0.33
229800	0.33	0.66	0.66	0	0	0.33
229900	0.33	0.66	0.66	0	0	0.33
230000	0.32	0.66	0.66	0	0	0.32
230100	0.32	0.66	0.66	0	0	0.32
230200	0.32	0.66	0.66	0	0	0.32
230300	0.32	0.66	0.66	0	0	0.32
230400	0.32	0.66	0.66	0	0	0.32
230500	0.32	0.66	0.66	0	0	0.32
230600	0.32	0.66	0.66	0	0	0.32
230700	0.32	0.66	0.66	0	0	0.32
230800	0.32	0.66	0.66	0	0	0.32
230900	0.32	0.66	0.66	0	0	0.32
231000	0.32	0.66	0.66	0	0	0.32
231100	0.32	0.66	0.66	0	0	0.32
231200	0.32	0.64	0.64	0	0	0.32
231300	0.32	0.64	0.64	0	0	0.32
231400	0.32	0.64	0.64	0	0	0.32
231500	0.32	0.64	0.64	0	0	0.32
231600	0.32	0.64	0.64	0	0	0.32
231700	0.32	0.64	0.64	0	0	0.32
231800	0.32	0.64	0.64	0	0	0.32
231900	0.33	0.64	0.64	0	0	0.33
232000	0.33	0.64	0.64	0	0	0.33
232100	0.33	0.64	0.64	0	0	0.33
232200	0.33	0.64	0.64	0	0	0.33
232300	0.33	0.64	0.64	0	0	0.33
232400	0.33	0.64	0.64	0	0	0.33
232500	0.33	0.64	0.64	0	0	0.33
232600	0.33	0.64	0.64	0	0	0.33
232700	0.33	0.63	0.63	0	0	0.33
232800	0.33	0.63	0.63	0	0	0.33
232900	0.33	0.63	0.63	0	0	0.33
233000	0.33	0.63	0.63	0	0	0.33
233100	0.33	0.63	0.63	0	0	0.33
233200	0.33	0.63	0.63	0	0	0.33
233300	0.33	0.63	0.63	0	0	0.33
233400	0.33	0.63	0.63	0	0	0.33
233500	0.33	0.63	0.63	0	0	0.33
233600	0.33	0.63	0.63	0	0	0.33
233700	0.33	0.63	0.63	0	0	0.33
233800	0.33	0.63	0.63	0	0	0.33
233900	0.33	0.63	0.63	0	0	0.33
234000	0.33	0.63	0.63	0	0	0.33
234100	0.33	0.63	0.63	0	0	0.33
234200	0.33	0.63	0.63	0	0	0.33
234300	0.33	0.63	0.63	0	0	0.33
234400	0.33	0.63	0.63	0	0	0.33
234500	0.33	0.63	0.63	0	0	0.33
234600	0.33	0.63	0.63	0	0	0.33
234700	0.33	0.63	0.63	0	0	0.33
234800	0.33	0.63	0.63	0	0	0.33
234900	0.34	0.63	0.63	0	0	0.34
235000	0.34	0.63	0.63	0	0	0.34
235100	0.34	0.63	0.63	0	0	0.34
235200	0.34	0.63	0.63	0	0	0.34
235300	0.34	0.63	0.63	0	0	0.34
235400	0.34	0.63	0.63	0	0	0.34
235500	0.34	0.63	0.63	0	0	0.34
235600	0.34	0.63	0.63	0	0	0.34
235700	0.34	0.63	0.63	0	0	0.34
235800	0.34	0.63	0.63	0	0	0.34
235900	0.33	0.63	0.63	0	0	0.33
236000	0.33	0.63	0.63	0	0	0.33
236100	0.33	0.62	0.62	0	0	0.33
236200	0.33	0.63	0.63	0	0	0.33
236300	0.33	0.63	0.63	0	0	0.33
236400	0.33	0.63	0.63	0	0	0.33
236500	0.33	0.63	0.63	0	0	0.33
236600	0.32	0.63	0.63	0	0	0.32
236700	0.32	0.63	0.63	0	0	0.32
236800	0.33	0.63	0.63	0	0	0.33
236900	0.33	0.63	0.63	0	0	0.33
237000	0.33	0.63	0.63	0	0	0.33
237100	0.33	0.64	0.64	0	0	0.33
237200	0.33	0.64	0.64	0	0	0.33
237300	0.33	0.64	0.64	0	0	0.33
237400	0.33	0.64	0.64	0	0	0.33
237500	0.33	0.64	0.64	0	0	0.33
237600	0.33	0.64	0.64	0	0	0.33
237700	0.33	0.64	0.64	0	0	0.33
237800	0.33	0.64	0.64	0	0	0.33
237900	0.32	0.65	0.65	0	0	0.32
238000	0.32	0.65	0.65	0	0	0.32
238100	0.32	0.65	0.65	0	0	0.32
238200	0.32	0.65	0.65	0	0	0.32
238300	0.32	0.63	0.63	0	0	0.32
238400	0.31	0.63	0.63	0	0	0.31
238500	0.31	0.63	0.63	0	0	0.31
238600	0.31	0.63	0.63	0	0	0.31
238700	0.31	0.63	0.63	0	0	0.31
238800	0.31	0.63	0.63	0	0	0.31
238900	0.31	0.63	0.63	0	0	0.31
239000	0.31	0.63	0.63	0	0	0.31
239100	0.31	0.63	0.63	0	0	0.31
239200	0.31	0.63	0.63	0	0	0.31
239300	0.31	0.63	0.63	0	0	0.31
239400	0.31	0.63	0.63	0	0	0.31
239500	0.31	0.63	0.63	0	0	0.31
239600	0.31	0.63	0.63	0	0	0.31
239700	0.31	0.63	0.63	0	0	0.31
239800	0.31	0.63	0.63	0	0	0.31
239900	0.31	0.63	0.63	0	0	0.31
240000	0.31	0.63	0.63	0	0	0.31
240100	0.31	0.63	0.63	0	0	0.31
240200	0.31	0.63	0.63	0	0	0.31
240300	0.31	0.63	0.63	0	0	0.31
240400	0.31	0.63	0.63	0	0	0.31
240500	0.31	0.63	0.63	0	0	0.31
240600	0.31	0.63	0.63	0	0	0.31
240700	0.31	0.63	0.63	0	0	0.31
240800	0.31	0.63	0.63	0	0	0.31
240900	0.31	0.64	0.64	0	0	0.31
241000	0.31	0.64	0.64	0	0	0.31
241100	0.31	0.64	0.64	0	0	0.31
241200	0.31	0.64	0.64	0	0	0.31
241300	0.31	0.64	0.64	0	0	0.31
241400	0.31	0.64	0.64	0	0	0.31
241500	0.31	0.64	0.64	0	0	0.31
241600	0.31	0.64	0.64	0	0	0.31
241700	0.31	0.64	0.64	0	0	0.31
241800	0.31	0.64	0.64	0	0	0.31
241900	0.31	0.64	0.64	0	0	0.31
242000	0.31	0.64	0.64	0	0	0.31
242100	0.31	0.64	0.64	0	0	0.31
242200	0.31	0.64	0.64	0	0	0.31
242300	0.31	0.64	0.64	0	0	0.31
242400	0.31	0.64	0.64	0	0	0.31
242500	0.31	0.64	0.64	0	0	0.31
242600	0.31	0.64	0.64	0	0	0.31
242700	0.31	0.64	0.64	0	0	0.31
242800	0.31	0.64	0.64	0	0	0.31
242900	0.31	0.64	0.64	0	0	0.31
243000	0.31	0.64	0.64	0	0	0.31
243100	0.31	0.64	0.64	0	0	0.31
243200	0.31	0.64	0.64	0	0	0.31
243300	0.31	0.64	0.64	0	0	0.31
243400	0.31	0.64	0.64	0	0	0.31
243500	0.31	0.64	0.64	0	0	0.31
243600	0.31	0.64	0.64	0	0	0.31
243700	0.31	0.64	0.64	0	0	0.31
243800	0.31	0.64	0.64	0	0	0.31
243900	0.31	0.64	0.64	0	0	0.31
244000	0.31	0.64	0.64	0	0	0.31
244100	0.31	0.64	0.64	0	0	0.31
244200	0.31	0.64	0.64	0	0	0.31
244300	0.31	0.64	0.64	0	0	0.31
244400	0.31	0.64	0.64	0	0	0.31
244500	0.31	0.64	0.64	0	0	0.31
244600	0.31	0.64	0.64	0	0	0.31
244700	0.31	0.64	0.64	0	0	0.31
244800	0.31	0.64	0.64	0	0	0.31
244900	0.31	0.64	0.64	0	0	0.31
245000	0.31	0.64	0.64	0	0	0.31
245100	0.31	0.64	0.64	0	0	0.31
245200	0.31	0.64	0.64	0	0	0.31
245300	0.31	0.65	0.65	0	0	0.31
245400	0.31	0.65	0.65	0	0	0.31
245500	0.31	0.65	0.65	0	0	0.31
245600	0.31	0.65	0.65	0	0	0.31
245700	0.31	0.65	0.65	0	0	0.31
245800	0.31	0.65	0.65	0	0	0.31
245900	0.31	0.65	0.65	0	0	0.31
246000	0.31	0.65	0.65	0	0	0.31
246100	0.31	0.65	0.65	0	0	0.31
246200	0.31	0.65	0.65	0	0	0.31
246300	0.31	0.65	0.65	0	0	0.31
246400	0.31	0.65	0.65	0	0	0.31
246500	0.31	0.65	0.65	0	0	0.31
246600	0.31	0.65	0.65	0	0	0.31
246700	0.31	0.65	0.65	0	0	0.31
246800	0.31	0.65	0.65	0	0	0.31
246900	0.31	0.65	0.65	0	0	0.31
247000	0.31	0.65	0.65	0	0	0.31
247100	0.31	0.65	0.65	0	0	0.31
247200	0.31	0.65	0.65	0	0	0.31
247300	0.31	0.65	0.65	0	0	0.31
247400	0.31	0.65	0.65	0	0	0.31
247500	0.31	0.66	0.66	0	0	0.31
247600	0.31	0.66	0.66	0	0	0.31
247700	0.31	0.66	0.66	0	0	0.31
247800	0.31	0.66	0.66	0	0	0.31
247900	0.31	0.66	0.66	0	0	0.31
248000	0.31	0.66	0.66	0	0	0.31
248100	0.31	0.66	0.66	0	0	0.31
248200	0.31	0.66	0.66	0	0	0.31
248300	0.32	0.66	0.66	0	0	0.32
248400	0.32	0.66	0.66	0	0	0.32
248500	0.32	0.66	0.66	0	0	0.32
248600	0.32	0.66	0.66	0	0	0.32
248700	0.31	0.66	0.66	0	0	0.31
248800	0.31	0.66	0.66	0	0	0.31
248900	0.31	0.66	0.66	0	0	0.31
249000	0.31	0.66	0.66	0	0	0.31
249100	0.31	0.66	0.66	0	0	0.31
249200	0.31	0.66	0.66	0	0	0.31
249300	0.31	0.66	0.66	0	0	0.31
249400	0.31	0.66	0.66	0	0	0.31
249500	0.31	0.66	0.66	0	0	0.31
249600	0.31	0.66	0.66	0	0	0.31
249700	0.31	0.66	0.66	0	0	0.31
249800	0.31	0.66	0.66	0	0	0.31
249900	0.31	0.66	0.66	0	0	0.31
250000	0.31	0.65	0.65	0	0	0.31
250100	0.31	0.65	0.65	0	0	0.31
250200	0.31	0.65	0.65	0	0	0.31
250300	0.31	0.65	0.65	0	0	0.31
250400	0.31	0.65	0.65	0	0	0.31
250500	0.31	0.65	0.65	0	0	0.31
250600	0.31	0.65	0.65	0	0	0.31
250700	0.31	0.65	0.65	0	0	0.31
250800	0.31	0.65	0.65	0	0	0.31
250900	0.31	0.65	0.65	0	0	0.31
251000	0.31	0.65	0.65	0	0	0.31
251100	0.31	0.65	0.65	0	0	0.31
251200	0.31	0.65	0.65	0	0	0.31
251300	0.31	0.65	0.65	0	0	0.31
251400	0.31	0.65	0.65	0	0	0.31
251500	0.31	0.65	0.65	0	0	0.31
251600	0.31	0.65	0.65	0	0	0.31
251700	0.31	0.65	0.65	0	0	0.31
251800	0.31	0.65	0.65	0	0	0.31
251900	0.31	0.65	0.65	0	0	0.31
252000	0.31	0.65	0.65	0	0	0.31
252100	0.31	0.65	0.65	0	0	0.31
252200	0.31	0.65	0.65	0	0	0.31
252300	0.31	0.65	0.65	0	0	0.31
252400	0.31	0.65	0.65	0	0	0.31
252500	0.31	0.65	0.65	0	0	0.31
252600	0.31	0.65	0.65	0	0	0.31
252700	0.31	0.65	0.65	0	0	0.31
252800	0.31	0.65	0.65	0	0	0.31
252900	0.31	0.65	0.65	0	0	0.31
253000	0.31	0.65	0.65	0	0	0.31
253100	0.31	0.66	0.66	0	0	0.31
253200	0.31	0.66	0.66	0	0	0.31
253300	0.31	0.66	0.66	0	0	0.31
253400	0.31	0.66	0.66	0	0	0.31
253500	0.31	0.66	0.66	0	0	0.31
253600	0.31	0.66	0.66	0	0	0.31
253700	0.31	0.66	0.66	0	0	0.31
253800	0.31	0.66	0.66	0	0	0.31
253900	0.31	0.66	0.66	0	0	0.31
254000	0.31	0.66	0.66	0	0	0.31
254100	0.31	0.66	0.66	0	0	0.31
254200	0.32	0.67	0.67	0	0	0.32
254300	0.32	0.67	0.67	0	0	0.32
