100	0.01	0.12	0.12	0	0	0.01
200	0.03	0.14	0.14	0	0	0.03
300	0.03	0.15	0.15	0	0	0.03
400	0.04	0.14	0.14	0	0	0.04
500	0.05	0.12	0.12	0	0	0.05
600	0.04	0.1	0.1	0	0	0.04
700	0.05	0.09	0.09	0	0	0.05
800	0.04	0.1	0.1	0	0	0.04
900	0.05	0.11	0.11	0	0	0.05
1000	0.05	0.11	0.11	0	0	0.05
1100	0.05	0.11	0.11	0	0	0.05
1200	0.06	0.12	0.12	0	0	0.06
1300	0.06	0.12	0.12	0	0	0.06
1400	0.07	0.14	0.14	0	0	0.07
1500	0.06	0.13	0.13	0	0	0.06
1600	0.07	0.14	0.14	0	0	0.07
1700	0.07	0.14	0.14	0	0	0.07
1800	0.07	0.13	0.13	0	0	0.07
1900	0.08	0.14	0.14	0	0	0.08
2000	0.09	0.13	0.13	0	0	0.09
2100	0.09	0.13	0.13	0	0	0.09
2200	0.1	0.14	0.14	0	0	0.1
2300	0.1	0.13	0.13	0	0	0.1
2400	0.1	0.13	0.13	0	0	0.1
2500	0.1	0.14	0.14	0	0	0.1
2600	0.1	0.16	0.16	0	0	0.1
2700	0.1	0.16	0.16	0	0	0.1
2800	0.09	0.16	0.16	0	0	0.09
2900	0.08	0.17	0.17	0	0	0.08
3000	0.07	0.17	0.17	0	0	0.07
3100	0.06	0.16	0.16	0	0	0.06
3200	0.06	0.15	0.15	0	0	0.06
3300	0.07	0.15	0.15	0	0	0.07
3400	0.07	0.16	0.16	0	0	0.07
3500	0.07	0.16	0.16	0	0	0.07
3600	0.07	0.15	0.15	0	0	0.07
3700	0.08	0.15	0.15	0	0	0.08
3800	0.08	0.17	0.17	0	0	0.08
3900	0.1	0.2	0.2	0	0	0.1
4000	0.1	0.2	0.2	0	0	0.1
4100	0.08	0.2	0.2	0	0	0.08
4200	0.09	0.19	0.19	0	0	0.09
4300	0.09	0.16	0.16	0	0	0.09
4400	0.09	0.17	0.17	0	0	0.09
4500	0.06	0.16	0.16	0	0	0.06
4600	0.06	0.16	0.16	0	0	0.06
4700	0.06	0.17	0.17	0	0	0.06
4800	0.06	0.16	0.16	0	0	0.06
4900	0.06	0.16	0.16	0	0	0.06
5000	0.07	0.18	0.18	0	0	0.07
5100	0.07	0.2	0.2	0	0	0.07
5200	0.08	0.21	0.21	0	0	0.08
5300	0.08	0.2	0.2	0	0	0.08
5400	0.09	0.22	0.22	0	0	0.09
5500	0.09	0.21	0.21	0	0	0.09
5600	0.1	0.2	0.2	0	0	0.1
5700	0.1	0.21	0.21	0	0	0.1
5800	0.1	0.21	0.21	0	0	0.1
5900	0.1	0.23	0.23	0	0	0.1
6000	0.11	0.2	0.2	0	0	0.11
6100	0.12	0.19	0.19	0	0	0.12
6200	0.13	0.2	0.2	0	0	0.13
6300	0.12	0.22	0.22	0	0	0.12
6400	0.12	0.22	0.22	0	0	0.12
6500	0.13	0.21	0.21	0	0	0.13
6600	0.14	0.21	0.21	0	0	0.14
6700	0.15	0.22	0.22	0	0	0.15
6800	0.14	0.21	0.21	0	0	0.14
6900	0.15	0.21	0.21	0	0	0.15
7000	0.14	0.2	0.2	0	0	0.14
7100	0.13	0.18	0.18	0	0	0.13
7200	0.13	0.21	0.21	0	0	0.13
7300	0.13	0.21	0.21	0	0	0.13
7400	0.11	0.21	0.21	0	0	0.11
7500	0.12	0.23	0.23	0	0	0.12
7600	0.12	0.24	0.24	0	0	0.12
7700	0.11	0.25	0.25	0	0	0.11
7800	0.11	0.27	0.27	0	0	0.11
7900	0.13	0.26	0.26	0	0	0.13
8000	0.14	0.24	0.24	0	0	0.14
8100	0.14	0.23	0.23	0	0	0.14
8200	0.12	0.24	0.24	0	0	0.12
8300	0.12	0.24	0.24	0	0	0.12
8400	0.12	0.24	0.24	0	0	0.12
8500	0.11	0.24	0.24	0	0	0.11
8600	0.11	0.24	0.24	0	0	0.11
8700	0.11	0.24	0.24	0	0	0.11
8800	0.14	0.24	0.24	0	0	0.14
8900	0.14	0.24	0.24	0	0	0.14
9000	0.13	0.24	0.24	0	0	0.13
9100	0.13	0.23	0.23	0	0	0.13
9200	0.12	0.24	0.24	0	0	0.12
9300	0.14	0.26	0.26	0	0	0.14
9400	0.15	0.26	0.26	0	0	0.15
9500	0.15	0.27	0.27	0	0	0.15
9600	0.15	0.27	0.27	0	0	0.15
9700	0.14	0.27	0.27	0	0	0.14
9800	0.13	0.26	0.26	0	0	0.13
9900	0.13	0.26	0.26	0	0	0.13
10000	0.14	0.26	0.26	0	0	0.14
10100	0.14	0.27	0.27	0	0	0.14
10200	0.14	0.27	0.27	0	0	0.14
10300	0.13	0.27	0.27	0	0	0.13
10400	0.13	0.28	0.28	0	0	0.13
10500	0.16	0.28	0.28	0	0	0.16
10600	0.15	0.28	0.28	0	0	0.15
10700	0.15	0.27	0.27	0	0	0.15
10800	0.15	0.27	0.27	0	0	0.15
10900	0.13	0.29	0.29	0	0	0.13
11000	0.13	0.28	0.28	0	0	0.13
11100	0.13	0.28	0.28	0	0	0.13
11200	0.12	0.28	0.28	0	0	0.12
11300	0.12	0.3	0.3	0	0	0.12
11400	0.12	0.28	0.28	0	0	0.12
11500	0.13	0.3	0.3	0	0	0.13
11600	0.14	0.29	0.29	0	0	0.14
11700	0.14	0.27	0.27	0	0	0.14
11800	0.14	0.28	0.28	0	0	0.14
11900	0.14	0.3	0.3	0	0	0.14
12000	0.14	0.31	0.31	0	0	0.14
12100	0.15	0.32	0.32	0	0	0.15
12200	0.15	0.29	0.29	0	0	0.15
12300	0.15	0.29	0.29	0	0	0.15
12400	0.15	0.28	0.28	0	0	0.15
12500	0.15	0.28	0.28	0	0	0.15
12600	0.15	0.27	0.27	0	0	0.15
12700	0.16	0.27	0.27	0	0	0.16
12800	0.14	0.27	0.27	0	0	0.14
12900	0.14	0.27	0.27	0	0	0.14
13000	0.14	0.27	0.27	0	0	0.14
13100	0.14	0.28	0.28	0	0	0.14
13200	0.14	0.25	0.25	0	0	0.14
13300	0.14	0.24	0.24	0	0	0.14
13400	0.15	0.24	0.24	0	0	0.15
13500	0.15	0.24	0.24	0	0	0.15
13600	0.15	0.24	0.24	0	0	0.15
13700	0.16	0.24	0.24	0	0	0.16
13800	0.17	0.26	0.26	0	0	0.17
13900	0.18	0.26	0.26	0	0	0.18
14000	0.18	0.26	0.26	0	0	0.18
14100	0.18	0.26	0.26	0	0	0.18
14200	0.19	0.28	0.28	0	0	0.19
14300	0.19	0.28	0.28	0	0	0.19
14400	0.18	0.28	0.28	0	0	0.18
14500	0.18	0.29	0.29	0	0	0.18
14600	0.19	0.32	0.32	0	0	0.19
14700	0.18	0.31	0.31	0	0	0.18
14800	0.18	0.3	0.3	0	0	0.18
14900	0.19	0.3	0.3	0	0	0.19
15000	0.19	0.3	0.3	0	0	0.19
15100	0.2	0.29	0.29	0	0	0.2
15200	0.2	0.28	0.28	0	0	0.2
15300	0.19	0.29	0.29	0	0	0.19
15400	0.19	0.3	0.3	0	0	0.19
15500	0.19	0.3	0.3	0	0	0.19
15600	0.18	0.32	0.32	0	0	0.18
15700	0.15	0.32	0.32	0	0	0.15
15800	0.16	0.32	0.32	0	0	0.16
15900	0.17	0.32	0.32	0	0	0.17
16000	0.17	0.32	0.32	0	0	0.17
16100	0.17	0.32	0.32	0	0	0.17
16200	0.17	0.32	0.32	0	0	0.17
16300	0.19	0.32	0.32	0	0	0.19
16400	0.19	0.32	0.32	0	0	0.19
16500	0.19	0.3	0.3	0	0	0.19
16600	0.19	0.3	0.3	0	0	0.19
16700	0.19	0.31	0.31	0	0	0.19
16800	0.2	0.31	0.31	0	0	0.2
16900	0.2	0.31	0.31	0	0	0.2
17000	0.2	0.31	0.31	0	0	0.2
17100	0.22	0.33	0.33	0	0	0.22
17200	0.21	0.32	0.32	0	0	0.21
17300	0.19	0.32	0.32	0	0	0.19
17400	0.19	0.33	0.33	0	0	0.19
17500	0.19	0.34	0.34	0	0	0.19
17600	0.19	0.33	0.33	0	0	0.19
17700	0.19	0.33	0.33	0	0	0.19
17800	0.19	0.35	0.35	0	0	0.19
17900	0.19	0.35	0.35	0	0	0.19
18000	0.19	0.35	0.35	0	0	0.19
18100	0.19	0.36	0.36	0	0	0.19
18200	0.19	0.35	0.35	0	0	0.19
18300	0.19	0.35	0.35	0	0	0.19
18400	0.19	0.35	0.35	0	0	0.19
18500	0.2	0.35	0.35	0	0	0.2
18600	0.2	0.36	0.36	0	0	0.2
18700	0.2	0.37	0.37	0	0	0.2
18800	0.21	0.37	0.37	0	0	0.21
18900	0.2	0.37	0.37	0	0	0.2
19000	0.2	0.37	0.37	0	0	0.2
19100	0.2	0.37	0.37	0	0	0.2
19200	0.2	0.37	0.37	0	0	0.2
19300	0.2	0.36	0.36	0	0	0.2
19400	0.2	0.36	0.36	0	0	0.2
19500	0.2	0.36	0.36	0	0	0.2
19600	0.2	0.35	0.35	0	0	0.2
19700	0.21	0.36	0.36	0	0	0.21
19800	0.21	0.36	0.36	0	0	0.21
19900	0.21	0.36	0.36	0	0	0.21
20000	0.21	0.37	0.37	0	0	0.21
20100	0.22	0.37	0.37	0	0	0.22
20200	0.21	0.37	0.37	0	0	0.21
20300	0.21	0.37	0.37	0	0	0.21
20400	0.21	0.36	0.36	0	0	0.21
20500	0.21	0.36	0.36	0	0	0.21
20600	0.2	0.36	0.36	0	0	0.2
20700	0.2	0.36	0.36	0	0	0.2
20800	0.21	0.36	0.36	0	0	0.21
20900	0.21	0.36	0.36	0	0	0.21
21000	0.21	0.36	0.36	0	0	0.21
21100	0.21	0.36	0.36	0	0	0.21
21200	0.21	0.36	0.36	0	0	0.21
21300	0.21	0.36	0.36	0	0	0.21
21400	0.21	0.37	0.37	0	0	0.21
21500	0.21	0.37	0.37	0	0	0.21
21600	0.21	0.37	0.37	0	0	0.21
21700	0.21	0.37	0.37	0	0	0.21
21800	0.21	0.36	0.36	0	0	0.21
21900	0.21	0.37	0.37	0	0	0.21
22000	0.21	0.37	0.37	0	0	0.21
22100	0.21	0.37	0.37	0	0	0.21
22200	0.21	0.37	0.37	0	0	0.21
22300	0.2	0.36	0.36	0	0	0.2
22400	0.2	0.36	0.36	0	0	0.2
22500	0.2	0.36	0.36	0	0	0.2
22600	0.2	0.38	0.38	0	0	0.2
22700	0.2	0.37	0.37	0	0	0.2
22800	0.2	0.37	0.37	0	0	0.2
22900	0.2	0.38	0.38	0	0	0.2
23000	0.2	0.37	0.37	0	0	0.2
23100	0.21	0.37	0.37	0	0	0.21
23200	0.22	0.36	0.36	0	0	0.22
23300	0.22	0.37	0.37	0	0	0.22
23400	0.21	0.37	0.37	0	0	0.21
23500	0.21	0.38	0.38	0	0	0.21
23600	0.21	0.38	0.38	0	0	0.21
23700	0.21	0.38	0.38	0	0	0.21
23800	0.21	0.38	0.38	0	0	0.21
23900	0.21	0.37	0.37	0	0	0.21
24000	0.21	0.37	0.37	0	0	0.21
24100	0.21	0.36	0.36	0	0	0.21
24200	0.21	0.36	0.36	0	0	0.21
24300	0.21	0.36	0.36	0	0	0.21
24400	0.22	0.36	0.36	0	0	0.22
24500	0.21	0.37	0.37	0	0	0.21
24600	0.21	0.37	0.37	0	0	0.21
24700	0.21	0.37	0.37	0	0	0.21
24800	0.21	0.38	0.38	0	0	0.21
24900	0.21	0.39	0.39	0	0	0.21
25000	0.21	0.4	0.4	0	0	0.21
25100	0.22	0.4	0.4	0	0	0.22
25200	0.23	0.39	0.39	0	0	0.23
25300	0.23	0.38	0.38	0	0	0.23
25400	0.23	0.38	0.38	0	0	0.23
25500	0.23	0.38	0.38	0	0	0.23
25600	0.24	0.37	0.37	0	0	0.24
25700	0.24	0.36	0.36	0	0	0.24
25800	0.24	0.37	0.37	0	0	0.24
25900	0.24	0.38	0.38	0	0	0.24
26000	0.24	0.38	0.38	0	0	0.24
26100	0.24	0.38	0.38	0	0	0.24
26200	0.24	0.37	0.37	0	0	0.24
26300	0.24	0.41	0.41	0	0	0.24
26400	0.24	0.4	0.4	0	0	0.24
26500	0.24	0.4	0.4	0	0	0.24
26600	0.24	0.39	0.39	0	0	0.24
26700	0.25	0.39	0.39	0	0	0.25
26800	0.25	0.39	0.39	0	0	0.25
26900	0.24	0.39	0.39	0	0	0.24
27000	0.24	0.39	0.39	0	0	0.24
27100	0.24	0.4	0.4	0	0	0.24
27200	0.26	0.41	0.41	0	0	0.26
27300	0.26	0.41	0.41	0	0	0.26
27400	0.27	0.42	0.42	0	0	0.27
27500	0.26	0.42	0.42	0	0	0.26
27600	0.24	0.43	0.43	0	0	0.24
27700	0.22	0.42	0.42	0	0	0.22
27800	0.22	0.42	0.42	0	0	0.22
27900	0.22	0.42	0.42	0	0	0.22
28000	0.23	0.42	0.42	0	0	0.23
28100	0.22	0.43	0.43	0	0	0.22
28200	0.21	0.43	0.43	0	0	0.21
28300	0.22	0.44	0.44	0	0	0.22
28400	0.21	0.44	0.44	0	0	0.21
28500	0.21	0.44	0.44	0	0	0.21
28600	0.21	0.44	0.44	0	0	0.21
28700	0.21	0.45	0.45	0	0	0.21
28800	0.21	0.44	0.44	0	0	0.21
28900	0.21	0.45	0.45	0	0	0.21
29000	0.21	0.45	0.45	0	0	0.21
29100	0.22	0.46	0.46	0	0	0.22
29200	0.22	0.46	0.46	0	0	0.22
29300	0.22	0.46	0.46	0	0	0.22
29400	0.23	0.46	0.46	0	0	0.23
29500	0.23	0.46	0.46	0	0	0.23
29600	0.23	0.46	0.46	0	0	0.23
29700	0.23	0.46	0.46	0	0	0.23
29800	0.24	0.46	0.46	0	0	0.24
29900	0.24	0.47	0.47	0	0	0.24
30000	0.24	0.48	0.48	0	0	0.24
30100	0.23	0.48	0.48	0	0	0.23
30200	0.23	0.48	0.48	0	0	0.23
30300	0.23	0.48	0.48	0	0	0.23
30400	0.23	0.48	0.48	0	0	0.23
30500	0.22	0.48	0.48	0	0	0.22
30600	0.22	0.48	0.48	0	0	0.22
30700	0.23	0.47	0.47	0	0	0.23
30800	0.23	0.48	0.48	0	0	0.23
30900	0.23	0.49	0.49	0	0	0.23
31000	0.23	0.49	0.49	0	0	0.23
31100	0.23	0.49	0.49	0	0	0.23
31200	0.23	0.49	0.49	0	0	0.23
31300	0.23	0.47	0.47	0	0	0.23
31400	0.23	0.47	0.47	0	0	0.23
31500	0.23	0.48	0.48	0	0	0.23
31600	0.23	0.49	0.49	0	0	0.23
31700	0.22	0.49	0.49	0	0	0.22
31800	0.22	0.49	0.49	0	0	0.22
31900	0.22	0.49	0.49	0	0	0.22
32000	0.22	0.5	0.5	0	0	0.22
32100	0.22	0.5	0.5	0	0	0.22
32200	0.22	0.49	0.49	0	0	0.22
32300	0.23	0.5	0.5	0	0	0.23
32400	0.23	0.48	0.48	0	0	0.23
32500	0.23	0.48	0.48	0	0	0.23
32600	0.22	0.49	0.49	0	0	0.22
32700	0.22	0.49	0.49	0	0	0.22
32800	0.23	0.49	0.49	0	0	0.23
32900	0.24	0.48	0.48	0	0	0.24
33000	0.24	0.48	0.48	0	0	0.24
33100	0.23	0.48	0.48	0	0	0.23
33200	0.23	0.48	0.48	0	0	0.23
33300	0.23	0.48	0.48	0	0	0.23
33400	0.23	0.48	0.48	0	0	0.23
33500	0.23	0.48	0.48	0	0	0.23
33600	0.23	0.48	0.48	0	0	0.23
33700	0.23	0.48	0.48	0	0	0.23
33800	0.23	0.48	0.48	0	0	0.23
33900	0.23	0.49	0.49	0	0	0.23
34000	0.23	0.49	0.49	0	0	0.23
34100	0.23	0.49	0.49	0	0	0.23
34200	0.23	0.48	0.48	0	0	0.23
34300	0.23	0.49	0.49	0	0	0.23
34400	0.23	0.48	0.48	0	0	0.23
34500	0.23	0.47	0.47	0	0	0.23
34600	0.25	0.46	0.46	0	0	0.25
34700	0.25	0.47	0.47	0	0	0.25
34800	0.25	0.48	0.48	0	0	0.25
34900	0.25	0.48	0.48	0	0	0.25
35000	0.25	0.48	0.48	0	0	0.25
35100	0.25	0.48	0.48	0	0	0.25
35200	0.25	0.48	0.48	0	0	0.25
35300	0.25	0.48	0.48	0	0	0.25
35400	0.25	0.48	0.48	0	0	0.25
35500	0.25	0.48	0.48	0	0	0.25
35600	0.25	0.48	0.48	0	0	0.25
35700	0.26	0.49	0.49	0	0	0.26
35800	0.27	0.49	0.49	0	0	0.27
35900	0.26	0.49	0.49	0	0	0.26
36000	0.26	0.49	0.49	0	0	0.26
36100	0.26	0.49	0.49	0	0	0.26
36200	0.26	0.49	0.49	0	0	0.26
36300	0.26	0.49	0.49	0	0	0.26
36400	0.26	0.49	0.49	0	0	0.26
36500	0.25	0.49	0.49	0	0	0.25
36600	0.25	0.49	0.49	0	0	0.25
36700	0.25	0.49	0.49	0	0	0.25
36800	0.25	0.48	0.48	0	0	0.25
36900	0.25	0.48	0.48	0	0	0.25
37000	0.25	0.48	0.48	0	0	0.25
37100	0.26	0.48	0.48	0	0	0.26
37200	0.26	0.48	0.48	0	0	0.26
37300	0.27	0.48	0.48	0	0	0.27
37400	0.27	0.48	0.48	0	0	0.27
37500	0.27	0.48	0.48	0	0	0.27
37600	0.28	0.48	0.48	0	0	0.28
37700	0.28	0.48	0.48	0	0	0.28
37800	0.28	0.5	0.5	0	0	0.28
37900	0.28	0.49	0.49	0	0	0.28
38000	0.29	0.49	0.49	0	0	0.29
38100	0.29	0.5	0.5	0	0	0.29
38200	0.29	0.51	0.51	0	0	0.29
38300	0.28	0.51	0.51	0	0	0.28
38400	0.27	0.51	0.51	0	0	0.27
38500	0.29	0.5	0.5	0	0	0.29
38600	0.29	0.5	0.5	0	0	0.29
38700	0.29	0.5	0.5	0	0	0.29
38800	0.29	0.51	0.51	0	0	0.29
38900	0.29	0.51	0.51	0	0	0.29
39000	0.29	0.51	0.51	0	0	0.29
39100	0.28	0.51	0.51	0	0	0.28
39200	0.27	0.51	0.51	0	0	0.27
39300	0.27	0.52	0.52	0	0	0.27
39400	0.26	0.52	0.52	0	0	0.26
39500	0.27	0.52	0.52	0	0	0.27
39600	0.27	0.53	0.53	0	0	0.27
39700	0.27	0.54	0.54	0	0	0.27
39800	0.26	0.54	0.54	0	0	0.26
39900	0.26	0.54	0.54	0	0	0.26
40000	0.27	0.54	0.54	0	0	0.27
40100	0.27	0.54	0.54	0	0	0.27
40200	0.27	0.54	0.54	0	0	0.27
40300	0.27	0.54	0.54	0	0	0.27
40400	0.27	0.54	0.54	0	0	0.27
40500	0.27	0.54	0.54	0	0	0.27
40600	0.27	0.55	0.55	0	0	0.27
40700	0.27	0.55	0.55	0	0	0.27
40800	0.27	0.55	0.55	0	0	0.27
40900	0.27	0.55	0.55	0	0	0.27
41000	0.27	0.55	0.55	0	0	0.27
41100	0.27	0.55	0.55	0	0	0.27
41200	0.27	0.55	0.55	0	0	0.27
41300	0.27	0.55	0.55	0	0	0.27
41400	0.27	0.56	0.56	0	0	0.27
41500	0.26	0.55	0.55	0	0	0.26
41600	0.26	0.55	0.55	0	0	0.26
41700	0.26	0.55	0.55	0	0	0.26
41800	0.26	0.55	0.55	0	0	0.26
41900	0.26	0.55	0.55	0	0	0.26
42000	0.26	0.55	0.55	0	0	0.26
42100	0.26	0.55	0.55	0	0	0.26
42200	0.26	0.55	0.55	0	0	0.26
42300	0.26	0.55	0.55	0	0	0.26
42400	0.27	0.55	0.55	0	0	0.27
42500	0.27	0.55	0.55	0	0	0.27
42600	0.26	0.55	0.55	0	0	0.26
42700	0.26	0.56	0.56	0	0	0.26
42800	0.26	0.56	0.56	0	0	0.26
42900	0.26	0.56	0.56	0	0	0.26
43000	0.26	0.56	0.56	0	0	0.26
43100	0.26	0.56	0.56	0	0	0.26
43200	0.26	0.56	0.56	0	0	0.26
43300	0.26	0.57	0.57	0	0	0.26
43400	0.26	0.57	0.57	0	0	0.26
43500	0.26	0.57	0.57	0	0	0.26
43600	0.26	0.57	0.57	0	0	0.26
43700	0.27	0.57	0.57	0	0	0.27
43800	0.27	0.57	0.57	0	0	0.27
43900	0.26	0.57	0.57	0	0	0.26
44000	0.27	0.57	0.57	0	0	0.27
44100	0.27	0.57	0.57	0	0	0.27
44200	0.27	0.57	0.57	0	0	0.27
44300	0.27	0.57	0.57	0	0	0.27
44400	0.27	0.57	0.57	0	0	0.27
44500	0.27	0.58	0.58	0	0	0.27
44600	0.27	0.57	0.57	0	0	0.27
44700	0.27	0.57	0.57	0	0	0.27
44800	0.27	0.57	0.57	0	0	0.27
44900	0.27	0.56	0.56	0	0	0.27
45000	0.27	0.56	0.56	0	0	0.27
45100	0.27	0.56	0.56	0	0	0.27
45200	0.28	0.56	0.56	0	0	0.28
45300	0.28	0.56	0.56	0	0	0.28
45400	0.28	0.56	0.56	0	0	0.28
45500	0.28	0.56	0.56	0	0	0.28
45600	0.28	0.56	0.56	0	0	0.28
45700	0.28	0.57	0.57	0	0	0.28
45800	0.3	0.57	0.57	0	0	0.3
45900	0.3	0.58	0.58	0	0	0.3
46000	0.3	0.58	0.58	0	0	0.3
46100	0.29	0.58	0.58	0	0	0.29
46200	0.27	0.57	0.57	0	0	0.27
46300	0.27	0.57	0.57	0	0	0.27
46400	0.27	0.57	0.57	0	0	0.27
46500	0.27	0.57	0.57	0	0	0.27
46600	0.27	0.57	0.57	0	0	0.27
46700	0.27	0.57	0.57	0	0	0.27
46800	0.27	0.57	0.57	0	0	0.27
46900	0.27	0.57	0.57	0	0	0.27
47000	0.27	0.58	0.58	0	0	0.27
47100	0.27	0.58	0.58	0	0	0.27
47200	0.27	0.58	0.58	0	0	0.27
47300	0.27	0.58	0.58	0	0	0.27
47400	0.27	0.58	0.58	0	0	0.27
47500	0.27	0.58	0.58	0	0	0.27
47600	0.27	0.58	0.58	0	0	0.27
47700	0.27	0.58	0.58	0	0	0.27
47800	0.27	0.58	0.58	0	0	0.27
47900	0.27	0.59	0.59	0	0	0.27
48000	0.26	0.6	0.6	0	0	0.26
48100	0.26	0.6	0.6	0	0	0.26
48200	0.26	0.61	0.61	0	0	0.26
48300	0.26	0.61	0.61	0	0	0.26
48400	0.26	0.61	0.61	0	0	0.26
48500	0.26	0.61	0.61	0	0	0.26
48600	0.26	0.61	0.61	0	0	0.26
48700	0.26	0.61	0.61	0	0	0.26
48800	0.27	0.61	0.61	0	0	0.27
48900	0.27	0.61	0.61	0	0	0.27
49000	0.28	0.61	0.61	0	0	0.28
49100	0.28	0.61	0.61	0	0	0.28
49200	0.27	0.61	0.61	0	0	0.27
49300	0.27	0.6	0.6	0	0	0.27
49400	0.27	0.6	0.6	0	0	0.27
49500	0.27	0.59	0.59	0	0	0.27
49600	0.27	0.59	0.59	0	0	0.27
49700	0.27	0.59	0.59	0	0	0.27
49800	0.27	0.59	0.59	0	0	0.27
49900	0.27	0.59	0.59	0	0	0.27
50000	0.27	0.59	0.59	0	0	0.27
50100	0.27	0.59	0.59	0	0	0.27
50200	0.27	0.61	0.61	0	0	0.27
50300	0.28	0.61	0.61	0	0	0.28
50400	0.28	0.61	0.61	0	0	0.28
50500	0.28	0.61	0.61	0	0	0.28
50600	0.28	0.61	0.61	0	0	0.28
50700	0.28	0.61	0.61	0	0	0.28
50800	0.28	0.61	0.61	0	0	0.28
50900	0.28	0.61	0.61	0	0	0.28
51000	0.28	0.61	0.61	0	0	0.28
51100	0.28	0.61	0.61	0	0	0.28
51200	0.28	0.61	0.61	0	0	0.28
51300	0.28	0.61	0.61	0	0	0.28
51400	0.28	0.61	0.61	0	0	0.28
51500	0.28	0.61	0.61	0	0	0.28
51600	0.28	0.61	0.61	0	0	0.28
51700	0.27	0.61	0.61	0	0	0.27
51800	0.27	0.61	0.61	0	0	0.27
51900	0.27	0.61	0.61	0	0	0.27
52000	0.27	0.61	0.61	0	0	0.27
52100	0.27	0.61	0.61	0	0	0.27
52200	0.27	0.61	0.61	0	0	0.27
52300	0.27	0.61	0.61	0	0	0.27
52400	0.27	0.61	0.61	0	0	0.27
52500	0.27	0.62	0.62	0	0	0.27
52600	0.28	0.62	0.62	0	0	0.28
52700	0.28	0.62	0.62	0	0	0.28
52800	0.28	0.62	0.62	0	0	0.28
52900	0.28	0.63	0.63	0	0	0.28
53000	0.28	0.63	0.63	0	0	0.28
53100	0.28	0.63	0.63	0	0	0.28
53200	0.28	0.63	0.63	0	0	0.28
53300	0.28	0.63	0.63	0	0	0.28
53400	0.28	0.63	0.63	0	0	0.28
53500	0.28	0.62	0.62	0	0	0.28
53600	0.28	0.62	0.62	0	0	0.28
53700	0.28	0.62	0.62	0	0	0.28
53800	0.28	0.62	0.62	0	0	0.28
53900	0.28	0.62	0.62	0	0	0.28
54000	0.28	0.62	0.62	0	0	0.28
54100	0.28	0.61	0.61	0	0	0.28
54200	0.28	0.61	0.61	0	0	0.28
54300	0.28	0.61	0.61	0	0	0.28
54400	0.28	0.61	0.61	0	0	0.28
54500	0.28	0.62	0.62	0	0	0.28
54600	0.28	0.62	0.62	0	0	0.28
54700	0.28	0.62	0.62	0	0	0.28
54800	0.28	0.61	0.61	0	0	0.28
54900	0.29	0.61	0.61	0	0	0.29
55000	0.29	0.61	0.61	0	0	0.29
55100	0.29	0.6	0.6	0	0	0.29
55200	0.29	0.61	0.61	0	0	0.29
55300	0.29	0.6	0.6	0	0	0.29
55400	0.29	0.6	0.6	0	0	0.29
55500	0.29	0.6	0.6	0	0	0.29
55600	0.3	0.6	0.6	0	0	0.3
55700	0.3	0.61	0.61	0	0	0.3
55800	0.3	0.61	0.61	0	0	0.3
55900	0.3	0.6	0.6	0	0	0.3
56000	0.3	0.6	0.6	0	0	0.3
56100	0.3	0.6	0.6	0	0	0.3
56200	0.3	0.6	0.6	0	0	0.3
56300	0.3	0.6	0.6	0	0	0.3
56400	0.3	0.6	0.6	0	0	0.3
56500	0.3	0.6	0.6	0	0	0.3
56600	0.3	0.6	0.6	0	0	0.3
56700	0.3	0.6	0.6	0	0	0.3
56800	0.3	0.6	0.6	0	0	0.3
56900	0.3	0.6	0.6	0	0	0.3
57000	0.3	0.6	0.6	0	0	0.3
57100	0.3	0.6	0.6	0	0	0.3
57200	0.3	0.6	0.6	0	0	0.3
57300	0.3	0.6	0.6	0	0	0.3
57400	0.3	0.6	0.6	0	0	0.3
57500	0.3	0.6	0.6	0	0	0.3
57600	0.3	0.6	0.6	0	0	0.3
57700	0.3	0.6	0.6	0	0	0.3
57800	0.3	0.6	0.6	0	0	0.3
57900	0.3	0.6	0.6	0	0	0.3
58000	0.3	0.61	0.61	0	0	0.3
58100	0.3	0.61	0.61	0	0	0.3
58200	0.3	0.61	0.61	0	0	0.3
58300	0.3	0.61	0.61	0	0	0.3
58400	0.3	0.61	0.61	0	0	0.3
58500	0.3	0.61	0.61	0	0	0.3
58600	0.31	0.61	0.61	0	0	0.31
58700	0.31	0.61	0.61	0	0	0.31
58800	0.31	0.61	0.61	0	0	0.31
58900	0.32	0.61	0.61	0	0	0.32
59000	0.32	0.61	0.61	0	0	0.32
59100	0.32	0.61	0.61	0	0	0.32
59200	0.32	0.61	0.61	0	0	0.32
59300	0.32	0.61	0.61	0	0	0.32
59400	0.32	0.61	0.61	0	0	0.32
59500	0.32	0.61	0.61	0	0	0.32
59600	0.32	0.61	0.61	0	0	0.32
59700	0.32	0.61	0.61	0	0	0.32
59800	0.32	0.61	0.61	0	0	0.32
59900	0.32	0.61	0.61	0	0	0.32
60000	0.32	0.61	0.61	0	0	0.32
60100	0.32	0.61	0.61	0	0	0.32
60200	0.32	0.61	0.61	0	0	0.32
60300	0.32	0.61	0.61	0	0	0.32
60400	0.32	0.61	0.61	0	0	0.32
60500	0.32	0.61	0.61	0	0	0.32
60600	0.32	0.61	0.61	0	0	0.32
60700	0.32	0.61	0.61	0	0	0.32
60800	0.32	0.61	0.61	0	0	0.32
60900	0.32	0.61	0.61	0	0	0.32
61000	0.32	0.61	0.61	0	0	0.32
61100	0.31	0.61	0.61	0	0	0.31
61200	0.31	0.61	0.61	0	0	0.31
61300	0.31	0.61	0.61	0	0	0.31
61400	0.31	0.61	0.61	0	0	0.31
61500	0.31	0.61	0.61	0	0	0.31
61600	0.31	0.61	0.61	0	0	0.31
61700	0.31	0.61	0.61	0	0	0.31
61800	0.31	0.61	0.61	0	0	0.31
61900	0.31	0.61	0.61	0	0	0.31
62000	0.31	0.61	0.61	0	0	0.31
62100	0.31	0.61	0.61	0	0	0.31
62200	0.31	0.61	0.61	0	0	0.31
62300	0.31	0.61	0.61	0	0	0.31
62400	0.31	0.61	0.61	0	0	0.31
62500	0.31	0.61	0.61	0	0	0.31
62600	0.31	0.61	0.61	0	0	0.31
62700	0.32	0.61	0.61	0	0	0.32
62800	0.31	0.61	0.61	0	0	0.31
62900	0.31	0.61	0.61	0	0	0.31
63000	0.31	0.61	0.61	0	0	0.31
63100	0.31	0.61	0.61	0	0	0.31
63200	0.31	0.61	0.61	0	0	0.31
63300	0.31	0.61	0.61	0	0	0.31
63400	0.31	0.61	0.61	0	0	0.31
63500	0.31	0.61	0.61	0	0	0.31
63600	0.31	0.61	0.61	0	0	0.31
63700	0.31	0.61	0.61	0	0	0.31
63800	0.31	0.61	0.61	0	0	0.31
63900	0.31	0.61	0.61	0	0	0.31
64000	0.32	0.61	0.61	0	0	0.32
64100	0.32	0.61	0.61	0	0	0.32
64200	0.32	0.61	0.61	0	0	0.32
64300	0.32	0.61	0.61	0	0	0.32
64400	0.32	0.61	0.61	0	0	0.32
64500	0.33	0.61	0.61	0	0	0.33
64600	0.33	0.61	0.61	0	0	0.33
64700	0.33	0.61	0.61	0	0	0.33
64800	0.32	0.61	0.61	0	0	0.32
64900	0.32	0.61	0.61	0	0	0.32
65000	0.32	0.61	0.61	0	0	0.32
65100	0.32	0.61	0.61	0	0	0.32
65200	0.32	0.61	0.61	0	0	0.32
65300	0.32	0.61	0.61	0	0	0.32
65400	0.32	0.61	0.61	0	0	0.32
65500	0.32	0.61	0.61	0	0	0.32
65600	0.32	0.61	0.61	0	0	0.32
65700	0.32	0.61	0.61	0	0	0.32
65800	0.32	0.61	0.61	0	0	0.32
65900	0.32	0.61	0.61	0	0	0.32
66000	0.32	0.61	0.61	0	0	0.32
66100	0.32	0.61	0.61	0	0	0.32
66200	0.32	0.61	0.61	0	0	0.32
66300	0.32	0.61	0.61	0	0	0.32
66400	0.32	0.61	0.61	0	0	0.32
66500	0.32	0.61	0.61	0	0	0.32
66600	0.32	0.61	0.61	0	0	0.32
66700	0.32	0.61	0.61	0	0	0.32
66800	0.32	0.6	0.6	0	0	0.32
66900	0.32	0.6	0.6	0	0	0.32
67000	0.32	0.61	0.61	0	0	0.32
67100	0.32	0.61	0.61	0	0	0.32
67200	0.32	0.61	0.61	0	0	0.32
67300	0.32	0.61	0.61	0	0	0.32
67400	0.31	0.61	0.61	0	0	0.31
67500	0.31	0.61	0.61	0	0	0.31
67600	0.31	0.61	0.61	0	0	0.31
67700	0.31	0.61	0.61	0	0	0.31
67800	0.31	0.61	0.61	0	0	0.31
67900	0.31	0.61	0.61	0	0	0.31
68000	0.31	0.61	0.61	0	0	0.31
68100	0.31	0.61	0.61	0	0	0.31
68200	0.31	0.61	0.61	0	0	0.31
68300	0.31	0.61	0.61	0	0	0.31
68400	0.31	0.61	0.61	0	0	0.31
68500	0.31	0.61	0.61	0	0	0.31
68600	0.31	0.61	0.61	0	0	0.31
68700	0.31	0.61	0.61	0	0	0.31
68800	0.31	0.61	0.61	0	0	0.31
68900	0.31	0.61	0.61	0	0	0.31
69000	0.31	0.61	0.61	0	0	0.31
69100	0.31	0.61	0.61	0	0	0.31
69200	0.31	0.61	0.61	0	0	0.31
69300	0.31	0.61	0.61	0	0	0.31
69400	0.31	0.6	0.6	0	0	0.31
69500	0.31	0.6	0.6	0	0	0.31
69600	0.31	0.58	0.58	0	0	0.31
69700	0.31	0.58	0.58	0	0	0.31
69800	0.31	0.58	0.58	0	0	0.31
69900	0.31	0.58	0.58	0	0	0.31
70000	0.31	0.58	0.58	0	0	0.31
70100	0.31	0.58	0.58	0	0	0.31
70200	0.31	0.58	0.58	0	0	0.31
70300	0.31	0.58	0.58	0	0	0.31
70400	0.31	0.59	0.59	0	0	0.31
70500	0.31	0.59	0.59	0	0	0.31
70600	0.31	0.59	0.59	0	0	0.31
70700	0.31	0.59	0.59	0	0	0.31
70800	0.31	0.59	0.59	0	0	0.31
70900	0.31	0.59	0.59	0	0	0.31
71000	0.31	0.59	0.59	0	0	0.31
71100	0.31	0.59	0.59	0	0	0.31
71200	0.32	0.59	0.59	0	0	0.32
71300	0.32	0.59	0.59	0	0	0.32
71400	0.32	0.59	0.59	0	0	0.32
71500	0.32	0.59	0.59	0	0	0.32
71600	0.33	0.59	0.59	0	0	0.33
71700	0.33	0.59	0.59	0	0	0.33
71800	0.33	0.59	0.59	0	0	0.33
71900	0.33	0.59	0.59	0	0	0.33
72000	0.33	0.59	0.59	0	0	0.33
72100	0.33	0.59	0.59	0	0	0.33
72200	0.33	0.59	0.59	0	0	0.33
72300	0.34	0.59	0.59	0	0	0.34
72400	0.34	0.59	0.59	0	0	0.34
72500	0.33	0.59	0.59	0	0	0.33
72600	0.32	0.59	0.59	0	0	0.32
72700	0.32	0.59	0.59	0	0	0.32
72800	0.32	0.59	0.59	0	0	0.32
72900	0.31	0.59	0.59	0	0	0.31
73000	0.31	0.59	0.59	0	0	0.31
73100	0.31	0.59	0.59	0	0	0.31
73200	0.31	0.59	0.59	0	0	0.31
73300	0.31	0.59	0.59	0	0	0.31
73400	0.31	0.59	0.59	0	0	0.31
73500	0.31	0.6	0.6	0	0	0.31
73600	0.31	0.6	0.6	0	0	0.31
73700	0.31	0.6	0.6	0	0	0.31
73800	0.31	0.61	0.61	0	0	0.31
73900	0.31	0.61	0.61	0	0	0.31
74000	0.32	0.61	0.61	0	0	0.32
74100	0.32	0.6	0.6	0	0	0.32
74200	0.32	0.6	0.6	0	0	0.32
74300	0.31	0.6	0.6	0	0	0.31
74400	0.31	0.6	0.6	0	0	0.31
74500	0.31	0.6	0.6	0	0	0.31
74600	0.31	0.6	0.6	0	0	0.31
74700	0.31	0.6	0.6	0	0	0.31
74800	0.31	0.6	0.6	0	0	0.31
74900	0.31	0.6	0.6	0	0	0.31
75000	0.3	0.61	0.61	0	0	0.3
75100	0.3	0.6	0.6	0	0	0.3
75200	0.3	0.59	0.59	0	0	0.3
75300	0.3	0.59	0.59	0	0	0.3
75400	0.3	0.59	0.59	0	0	0.3
75500	0.3	0.59	0.59	0	0	0.3
75600	0.3	0.59	0.59	0	0	0.3
75700	0.3	0.59	0.59	0	0	0.3
75800	0.3	0.59	0.59	0	0	0.3
75900	0.3	0.59	0.59	0	0	0.3
76000	0.3	0.59	0.59	0	0	0.3
76100	0.31	0.59	0.59	0	0	0.31
76200	0.31	0.59	0.59	0	0	0.31
76300	0.31	0.59	0.59	0	0	0.31
76400	0.31	0.59	0.59	0	0	0.31
76500	0.31	0.59	0.59	0	0	0.31
76600	0.31	0.59	0.59	0	0	0.31
76700	0.31	0.58	0.58	0	0	0.31
76800	0.31	0.58	0.58	0	0	0.31
76900	0.31	0.58	0.58	0	0	0.31
77000	0.3	0.58	0.58	0	0	0.3
77100	0.31	0.58	0.58	0	0	0.31
77200	0.31	0.58	0.58	0	0	0.31
77300	0.31	0.58	0.58	0	0	0.31
77400	0.31	0.58	0.58	0	0	0.31
77500	0.31	0.58	0.58	0	0	0.31
77600	0.31	0.58	0.58	0	0	0.31
77700	0.31	0.58	0.58	0	0	0.31
77800	0.31	0.58	0.58	0	0	0.31
77900	0.31	0.58	0.58	0	0	0.31
78000	0.31	0.59	0.59	0	0	0.31
78100	0.31	0.58	0.58	0	0	0.31
78200	0.31	0.58	0.58	0	0	0.31
78300	0.31	0.58	0.58	0	0	0.31
78400	0.31	0.59	0.59	0	0	0.31
78500	0.31	0.59	0.59	0	0	0.31
78600	0.31	0.59	0.59	0	0	0.31
78700	0.31	0.59	0.59	0	0	0.31
78800	0.31	0.59	0.59	0	0	0.31
78900	0.31	0.59	0.59	0	0	0.31
79000	0.31	0.59	0.59	0	0	0.31
79100	0.31	0.58	0.58	0	0	0.31
79200	0.31	0.58	0.58	0	0	0.31
79300	0.31	0.58	0.58	0	0	0.31
79400	0.3	0.58	0.58	0	0	0.3
79500	0.3	0.58	0.58	0	0	0.3
79600	0.3	0.59	0.59	0	0	0.3
79700	0.3	0.59	0.59	0	0	0.3
79800	0.3	0.58	0.58	0	0	0.3
79900	0.3	0.58	0.58	0	0	0.3
80000	0.3	0.58	0.58	0	0	0.3
80100	0.31	0.58	0.58	0	0	0.31
80200	0.31	0.58	0.58	0	0	0.31
80300	0.31	0.59	0.59	0	0	0.31
80400	0.31	0.59	0.59	0	0	0.31
80500	0.31	0.59	0.59	0	0	0.31
80600	0.31	0.59	0.59	0	0	0.31
80700	0.31	0.59	0.59	0	0	0.31
80800	0.31	0.59	0.59	0	0	0.31
80900	0.31	0.59	0.59	0	0	0.31
81000	0.31	0.59	0.59	0	0	0.31
81100	0.31	0.59	0.59	0	0	0.31
81200	0.31	0.59	0.59	0	0	0.31
81300	0.31	0.59	0.59	0	0	0.31
81400	0.31	0.59	0.59	0	0	0.31
81500	0.31	0.59	0.59	0	0	0.31
81600	0.31	0.59	0.59	0	0	0.31
81700	0.32	0.59	0.59	0	0	0.32
81800	0.32	0.59	0.59	0	0	0.32
81900	0.31	0.59	0.59	0	0	0.31
82000	0.31	0.59	0.59	0	0	0.31
82100	0.31	0.59	0.59	0	0	0.31
82200	0.31	0.59	0.59	0	0	0.31
82300	0.31	0.59	0.59	0	0	0.31
82400	0.31	0.59	0.59	0	0	0.31
82500	0.31	0.59	0.59	0	0	0.31
82600	0.31	0.59	0.59	0	0	0.31
82700	0.32	0.59	0.59	0	0	0.32
82800	0.31	0.59	0.59	0	0	0.31
82900	0.31	0.59	0.59	0	0	0.31
83000	0.31	0.59	0.59	0	0	0.31
83100	0.31	0.59	0.59	0	0	0.31
83200	0.31	0.59	0.59	0	0	0.31
83300	0.31	0.59	0.59	0	0	0.31
83400	0.31	0.58	0.58	0	0	0.31
83500	0.31	0.58	0.58	0	0	0.31
83600	0.31	0.58	0.58	0	0	0.31
83700	0.31	0.58	0.58	0	0	0.31
83800	0.31	0.58	0.58	0	0	0.31
83900	0.31	0.58	0.58	0	0	0.31
84000	0.31	0.59	0.59	0	0	0.31
84100	0.31	0.59	0.59	0	0	0.31
84200	0.31	0.59	0.59	0	0	0.31
84300	0.31	0.59	0.59	0	0	0.31
84400	0.31	0.59	0.59	0	0	0.31
84500	0.31	0.58	0.58	0	0	0.31
84600	0.31	0.58	0.58	0	0	0.31
84700	0.31	0.58	0.58	0	0	0.31
84800	0.31	0.58	0.58	0	0	0.31
84900	0.31	0.58	0.58	0	0	0.31
85000	0.32	0.58	0.58	0	0	0.32
85100	0.32	0.59	0.59	0	0	0.32
85200	0.32	0.59	0.59	0	0	0.32
85300	0.32	0.59	0.59	0	0	0.32
85400	0.32	0.59	0.59	0	0	0.32
85500	0.32	0.59	0.59	0	0	0.32
85600	0.32	0.59	0.59	0	0	0.32
85700	0.32	0.6	0.6	0	0	0.32
85800	0.32	0.6	0.6	0	0	0.32
85900	0.32	0.6	0.6	0	0	0.32
86000	0.32	0.6	0.6	0	0	0.32
86100	0.32	0.6	0.6	0	0	0.32
86200	0.32	0.6	0.6	0	0	0.32
86300	0.32	0.6	0.6	0	0	0.32
86400	0.32	0.6	0.6	0	0	0.32
86500	0.32	0.6	0.6	0	0	0.32
86600	0.32	0.6	0.6	0	0	0.32
86700	0.32	0.6	0.6	0	0	0.32
86800	0.32	0.6	0.6	0	0	0.32
86900	0.32	0.61	0.61	0	0	0.32
87000	0.32	0.61	0.61	0	0	0.32
87100	0.32	0.61	0.61	0	0	0.32
87200	0.32	0.61	0.61	0	0	0.32
87300	0.32	0.61	0.61	0	0	0.32
87400	0.32	0.61	0.61	0	0	0.32
87500	0.32	0.61	0.61	0	0	0.32
87600	0.32	0.61	0.61	0	0	0.32
87700	0.32	0.61	0.61	0	0	0.32
87800	0.32	0.61	0.61	0	0	0.32
87900	0.32	0.61	0.61	0	0	0.32
88000	0.32	0.61	0.61	0	0	0.32
88100	0.32	0.61	0.61	0	0	0.32
88200	0.32	0.61	0.61	0	0	0.32
88300	0.32	0.61	0.61	0	0	0.32
88400	0.32	0.61	0.61	0	0	0.32
88500	0.32	0.61	0.61	0	0	0.32
88600	0.32	0.61	0.61	0	0	0.32
88700	0.32	0.61	0.61	0	0	0.32
88800	0.32	0.61	0.61	0	0	0.32
88900	0.32	0.61	0.61	0	0	0.32
89000	0.32	0.61	0.61	0	0	0.32
89100	0.32	0.61	0.61	0	0	0.32
89200	0.32	0.61	0.61	0	0	0.32
89300	0.32	0.61	0.61	0	0	0.32
89400	0.32	0.61	0.61	0	0	0.32
89500	0.32	0.61	0.61	0	0	0.32
89600	0.32	0.61	0.61	0	0	0.32
89700	0.32	0.61	0.61	0	0	0.32
89800	0.32	0.61	0.61	0	0	0.32
89900	0.32	0.61	0.61	0	0	0.32
90000	0.32	0.61	0.61	0	0	0.32
90100	0.32	0.61	0.61	0	0	0.32
90200	0.31	0.61	0.61	0	0	0.31
90300	0.31	0.61	0.61	0	0	0.31
90400	0.31	0.61	0.61	0	0	0.31
90500	0.31	0.61	0.61	0	0	0.31
90600	0.31	0.61	0.61	0	0	0.31
90700	0.31	0.61	0.61	0	0	0.31
90800	0.31	0.61	0.61	0	0	0.31
90900	0.31	0.61	0.61	0	0	0.31
91000	0.31	0.61	0.61	0	0	0.31
91100	0.31	0.61	0.61	0	0	0.31
91200	0.31	0.62	0.62	0	0	0.31
91300	0.31	0.62	0.62	0	0	0.31
91400	0.31	0.63	0.63	0	0	0.31
91500	0.31	0.63	0.63	0	0	0.31
91600	0.31	0.63	0.63	0	0	0.31
91700	0.31	0.63	0.63	0	0	0.31
91800	0.31	0.63	0.63	0	0	0.31
91900	0.31	0.63	0.63	0	0	0.31
92000	0.31	0.63	0.63	0	0	0.31
92100	0.31	0.63	0.63	0	0	0.31
92200	0.31	0.63	0.63	0	0	0.31
92300	0.31	0.63	0.63	0	0	0.31
92400	0.31	0.63	0.63	0	0	0.31
92500	0.31	0.63	0.63	0	0	0.31
92600	0.31	0.63	0.63	0	0	0.31
92700	0.31	0.63	0.63	0	0	0.31
92800	0.31	0.63	0.63	0	0	0.31
92900	0.31	0.63	0.63	0	0	0.31
93000	0.31	0.62	0.62	0	0	0.31
93100	0.31	0.62	0.62	0	0	0.31
93200	0.31	0.62	0.62	0	0	0.31
93300	0.31	0.62	0.62	0	0	0.31
93400	0.31	0.62	0.62	0	0	0.31
93500	0.31	0.62	0.62	0	0	0.31
